-3.425347087075412844e+01
-2.022579323445455657e+00
-7.048411227795050138e+00
2.376845913600230631e+01
-1.176970474175031711e+01
-9.088262424069398548e+00
-2.374404556662801724e+01
-4.967142478605246936e+01
-2.120854651646320832e+01
-2.233228584155313001e+01
-2.078608659609781739e+01
4.237658192864486750e+00
1.985774402868429434e+00
-1.074382108888897847e+00
1.699639695144156804e+00
2.619864492490808061e+01
-1.004766353257704736e+01
-7.104557743135586634e+00
1.162244974071796833e+01
-6.117487452110744073e+01
3.068628118334642352e+01
-1.319248448455090283e+01
-2.357436555287931057e+00
-5.523959711502342884e+00
-9.775265084414286321e-01
-2.098498282097423839e+00
4.741643370101118649e+01
-1.492873090040583861e+01
-3.939995130455599792e+00
-3.002753618395720991e+01
3.875918209627673150e+01
-4.276556912259238175e+00
-2.108810897256785211e+01
1.109045057301042192e+01
-2.039641187732769367e+00
1.287340452622686371e+01
-5.346422569547826242e-01
2.702673315217126060e+00
1.871996199750574164e+01
-5.394680755360505486e+01
3.006065347564648960e+01
8.052231435595587072e+00
-6.225076678947004893e+00
-1.726402556448472581e+01
6.824815871149837676e+00
-1.083822045520290089e+01
2.457959171433338952e+01
1.965949863725211344e+01
-1.266295953129599638e+01
-1.620392745228400599e+01
-1.711386175296331658e+01
-2.055807412636526266e+01
1.042858488332674938e+01
-2.672182456442396870e+01
8.194049872052914907e+00
3.420862502786930293e+01
3.943799371974257184e+01
1.835730652139571362e+01
8.171018741431709032e+00
1.713451559096876053e+01
5.029988443076058502e+01
8.468119223544988472e+00
-2.946216667812075229e+01
-5.938584572888117918e+00
-1.388112949979282007e+01
3.284086689362585787e+01
-3.885869520061852711e+01
-3.393632918604174620e+01
-1.728171536631549543e+01
-9.707671973436106327e+00
-2.212381899408063646e+01
1.553022065294391041e+01
5.116287083867860019e+00
7.751977876827851333e+00
-2.140847961351812501e+01
-1.873424870815190957e+01
-3.236070072722358049e+01
1.779285056468654602e+01
-1.855838700344528291e+01
1.673770272169478801e+01
-5.367777292250589305e+00
-1.468084269271531639e+01
-2.832952573751813929e+01
-8.431610933632669003e+00
-6.019255259291014681e+00
-6.768981279337722867e+00
2.208943185875348547e+01
4.143125263219258159e+01
-2.437336522065336197e+01
-4.242084994446595658e+01
-1.064801729639903272e+01
5.874295460272827540e+01
-3.208048375850835754e+01
1.772395370759858224e+01
-6.460135457970920925e+00
-3.296882164512619795e+01
1.361539981350045991e+01
1.934597620066722357e+01
-9.583692848407167730e+00
1.816576662279652510e+01
-1.326420305991246096e+01
-3.092584785383269264e+01
5.194181031431799056e+01
2.476780521170906013e+01
1.399789540601261706e+01
7.815215106745966978e+00
1.486633375179252425e+01
4.468391897847794780e+01
-1.457783863520365841e+01
3.325324930449021110e+00
-7.482316017806357422e+01
8.654600014356816473e+00
-3.666676375377637953e+01
7.687774347184642920e+00
1.208144767221419613e+01
-1.976089678166391650e+01
-2.801763913568987618e+01
1.205330973112324955e+00
-1.668739132794277680e+01
2.112180294501831668e+01
-2.752353262860567895e+01
-3.068272665021027024e+00
-1.991327917167552641e+01
-1.939114754682492503e+00
1.093306058853883656e+00
1.235441702631044336e+01
4.557658213025206351e-01
-2.841937634646512834e+00
3.523337235626350150e+01
4.988736990501442392e+01
2.695455245491100982e+01
3.893392770568752326e+01
-6.378196284037450425e+00
5.525959463669664729e+00
2.909921765734611654e+01
-5.041922054861771585e-01
-4.166085683313727372e+01
-2.231144722545840509e+01
-2.780344444690858552e+01
-1.516256010162219070e+01
1.573020448078881373e+01
-6.514375420263587557e+01
-9.213891184889007491e+00
2.431947537089956768e+01
-2.053011674144374865e+01
-1.712339455545577493e+01
3.274689736788280925e+01
2.440981060838751660e+01
-1.818058318737008960e+01
1.528474660959918197e+01
-1.390460630922498808e+01
1.869403366989968163e+01
1.802393052611478197e+00
7.256069937733073516e+00
-4.680442179107544831e+01
-2.595118716935523651e+01
-4.709383527346119536e+00
-8.854062689600743496e-01
-2.239052861822074192e+01
5.968149807689735553e+01
-9.579974317555070229e+00
-1.771295038216106832e+01
1.946985665989006975e+01
-2.520064673888371942e+01
-2.008889202608480673e+01
1.797063477951803634e+01
7.037974999973819479e+00
8.449131759702709132e+00
8.658554314900726467e+00
-6.055937264600117942e+00
8.772618602691863998e+00
3.198278692804949941e+01
-1.448251243141692157e+01
1.054758949973944482e+01
4.992032678169542947e+01
1.795479880212404566e+01
-4.161851721672917392e+00
-1.126288571971750230e+01
8.546337353509480295e+01
-1.171388530686012075e+01
2.057822038566573042e+01
1.419745790852570622e+01
1.614439318468626539e+01
4.848295324336396561e+01
2.630201160333746202e+01
-1.462208764393132299e+00
1.330848517975010736e+01
2.693999408550570251e+01
1.972263470129644247e+01
-3.191233470844360909e+01
5.174124745392975910e+01
-4.599677891490678405e+01
-6.730881236279046220e+00
3.020207769272070664e+01
8.257804356664571799e+00
4.181286869155201202e+00
1.550584036175781932e+01
1.232524299314326299e+01
1.887729073103278665e+01
-3.434912938706804653e+01
2.214303827412152259e+00
-1.460084843450056269e+01
-3.682097166653072406e+00
-2.504240069770730770e+00
-5.890318835433243194e+00
-3.157795915641884221e+00
4.593681393923722567e+01
-4.679710012222031423e+00
-1.422292690637954138e+01
-1.414823167564581041e+00
7.127310460062489028e+00
-3.270381342146532688e+01
-2.809716638483570250e+01
-1.992279001248641634e+01
-3.392018076738688137e+01
-8.772593616474701150e+00
-2.289803223496386764e+01
1.000569069456054194e+01
7.194597474094877043e-01
-6.850748186202196166e+00
-4.518278108061196008e+00
3.141429622500368168e+00
-8.003257020122305221e+00
3.738578195027244533e+01
-4.744038031458157434e+01
-8.337527688046531438e+00
-7.391031777784441203e+00
8.735269528198017497e+00
1.240784834536776771e+01
-2.578426938474001417e+01
-8.347514105447345401e+00
2.351561351112902543e+01
-1.097313613156638468e+01
8.726533270159364974e+00
1.866281347186462369e+01
-1.630423236219485261e+00
6.109386784031505613e+01
-7.654185541714582541e+00
-1.731580471911689756e+01
1.755919110116224147e+00
-1.343678310048841240e+01
2.995898457293364459e+01
-2.320571041508727461e+01
6.664522489889918688e+00
3.110152098126968667e+01
-6.906277635803775183e+00
6.478277336363311179e+01
7.013449231603505041e+01
-3.632934259676051170e+01
3.230649553791917583e+01
1.192561082103657100e+01
-3.050611104356454462e+01
9.057995065677381774e+00
2.302200743365337132e+01
2.351766821850262090e+01
1.265962657824388771e+00
9.295296699955542863e+00
4.074934545379448991e+01
-1.285896629306836303e+01
7.834916000961513305e+00
3.931334230153288445e+01
-2.025793997863873130e+01
-1.089945574766340997e+01
3.063013774602509898e+01
1.569700778670795671e+01
4.142218988766785515e+01
1.650445485892470288e+01
5.926726987373911015e+00
1.459162437432340198e+01
2.212858372560107512e+01
-2.935020351311996478e+01
3.749907083723769574e+00
1.357621417835735045e+01
6.370173105352989751e+00
1.295054300452321172e+01
-3.349141376950392157e+01
1.749527067030231819e+01
-2.337461585870221370e+01
-1.821977642843412326e+01
1.170826710569109963e+01
-6.366224823560330037e+00
3.165621371187177147e+01
-9.112741549405029673e+00
1.646483258986717146e+01
1.774443150957318949e+01
4.247661670063996553e+01
2.982704697675963956e+01
2.664318375147171025e+01
-1.767069824989164317e+00
-4.593530937918956170e+00
-1.746982833907031818e+01
4.368104749707089240e+01
4.342994168233744290e+01
2.135607590058954486e+01
-1.375148831518171733e+01
2.722402442744188988e+01
-2.791473775191207096e+00
9.727323363459596806e+00
3.613385717460602109e+01
-6.464177889658060394e-01
-4.298135894067854679e+00
-1.097831987775737161e+01
-3.198926051064347575e+01
5.223023830827398228e+01
2.767928671701901067e+01
-3.263328312190427027e+01
-8.984331206208651111e+00
1.440633726970497008e+01
-5.424442822726916802e+00
3.470541169140989268e+01
6.836202888044567771e+00
4.374521428072051776e+01
1.904416973756804765e+01
-1.242202064176348131e+01
1.095671103258294465e+01
-3.424360722906016008e+00
-1.503792860452259106e+01
8.601644627792865094e+00
8.179921970707539458e+00
5.141080539860493559e+01
4.319350368778273719e+01
3.034266117875401392e+01
3.649922778669679246e+01
4.750419004715126903e+00
-1.419209407537982770e+01
7.848532746683019923e+00
-1.827378866124682233e+01
-2.938579000335077751e+01
-3.045560818442902473e+01
-1.710298106893532122e+01
-5.958492450682825847e+01
-1.912595574615073701e+01
-4.748165959946472015e+01
1.289638500679752120e+01
-2.537489344298925786e+01
2.551594965039237195e+01
-5.426418352228916575e+01
-1.631881431185247777e+01
2.345235507925903562e+01
1.148803893721864711e+01
-4.869160435857004643e+01
3.104187697627526177e+01
-1.413864393464768909e+01
2.949976493987915660e+01
-1.266276759491256598e+01
-4.296336210932352628e+01
7.846898775221163191e+00
-3.568973159566269260e+01
-4.071411949667577801e+00
-1.670042323439138165e+00
2.238643792050680759e+01
6.910141147188340938e+01
-2.363634367191968977e+01
-1.914012166036637552e+01
-2.293381463521001251e+00
-6.250751104361654598e+00
-4.427853650626664006e+01
-3.050854875302519531e+01
2.619064322943327738e+01
-1.162148309839739113e+01
1.112333492722041228e+01
-2.692577789909347530e+01
-9.023686118250424215e+00
-2.272975725312900863e+01
2.829373741926695374e+01
5.170431118394446912e+00
-1.222164642898820830e+01
-9.351446413562939597e+00
6.538292978362875374e+00
-4.480031432617494147e+00
2.364176237670454839e+01
-1.412620590283978572e+01
5.470027056907667884e+00
1.946814979209459295e+01
7.517861672997526057e+00
-1.165455701872591021e+01
8.431393769964495277e+01
3.225953222155946065e+01
2.306976260582551674e+00
5.638716426337623489e+00
-3.434663014935478031e+01
1.846539348101546807e+01
-4.193336007988261827e+01
-1.592479139842507152e+01
-3.015940857468598324e+01
-1.086883849992628370e+01
3.113009585397787760e+01
-3.108599047065401066e+01
1.315629598322341565e+01
-2.098696257057156345e+00
1.144464717737491810e+00
-1.967288828847782156e+01
-2.434795938029253648e+01
-3.103777541976683096e+00
-1.957967522262168814e+01
-1.080583553040750644e+01
-2.267851064389557791e+01
-5.103986011060204220e+00
-1.905260162322683470e+01
-2.752993820591575513e+01
1.142234092885691155e+01
-7.853946740331906540e+00
1.347264909532231059e+01
4.631688304298343439e+00
-4.178383992619799159e+01
-2.878055564739860017e+01
-2.503431815522361603e+01
1.773282224345609848e+01
-1.337203578292118777e+00
-3.398773412309985531e+01
3.233693297481552520e+01
-2.142841644169013193e+01
3.136081224561929304e+01
-1.735523122194866730e+01
-2.650999329364211121e+01
1.297171998483781863e+01
-3.724661086697201284e+01
-1.887493776759657749e+01
3.397635642202448025e+01
1.032269131370918558e+01
-2.413185313882388527e+01
2.977283920230505743e+01
-9.955169619946559578e+00
-2.086988606242539390e+01
-1.668121971145279758e+01
-2.747563779586124610e+01
1.523832512753637758e+01
-4.933775986724452878e+01
-4.345215834066559069e+01
-5.589630226335202678e+00
-1.653203156768336157e+01
-3.243252259017545214e+01
4.033693538353315944e+01
7.362800504150682457e+01
-1.507282807407902681e+01
-1.999069925787182456e+00
-3.321988659389883480e+01
3.600267165941528447e+01
1.117480257183984804e+01
-1.318104645179607814e+01
-1.997181340929243731e+01
8.092642795440468717e+00
-3.182501863022972088e+01
-9.724051218687378650e+00
-4.770036290424613412e+01
2.002409725982346345e+01
6.010880758150705105e+00
-9.523337034102041798e-01
-5.711382425961915033e+00
-2.198139632938625709e+01
-6.023255760330840758e+00
7.198799607146243318e+01
-1.010004333565763091e+01
-2.638231038462186007e+01
-3.839925610216974405e+01
7.660173472157850938e+00
-2.060612401842801589e+01
6.004282217620378503e+00
1.664386575995548156e+01
4.216263241170139509e+00
1.714509245972023876e+01
8.287919269840600123e+00
3.215599280711910524e+01
1.443590776199931724e+01
-1.922303725543296338e+01
2.635062843042403813e+01
1.915978416096390902e+01
6.794829724751494382e+00
2.327993773653999199e+01
-1.561185343029866601e+01
4.053940408876229640e+01
1.296521859736516191e+01
-1.742600568728101962e+01
-3.200132197462233208e+00
-9.910940664808435940e+00
1.124363357933839325e+01
-1.277933395048134457e+01
-4.350394726959379454e+00
-7.036065402947997427e+00
4.449558894811502796e+01
3.034125666339980398e+01
-3.563440158098648425e+01
-4.475975984752210479e+00
-2.900237120833676840e+01
-7.996772561513466826e+00
-1.295007341211523766e+01
4.711490138101567027e+00
-5.411698776134468147e-01
-1.580034715962989367e+01
9.383075643010982958e+00
-4.550632094045049314e+00
-5.137811020435961495e+00
4.734961134619652512e+01
7.895572067480237877e+00
-4.535010204951632318e+01
-2.177350679731574701e+01
5.265034405763634595e+01
1.499124761829267527e+01
-5.244128064909432396e+00
5.863844691385597230e+01
-8.845833488964899516e+00
-5.021969282199506779e+00
-4.425019626514881566e+00
8.497455673984603663e+00
1.713967139765786385e+01
2.415821940272600443e+00
1.591957881771710959e+01
-7.022542554291689498e+00
-1.931237138567261979e+01
-2.290065748159580750e+01
-2.632164363405416907e+01
2.260848805950135443e+01
7.103991688325187681e+00
2.093688170238121415e+01
7.627974804174726842e+00
4.903451399905688390e+01
1.027053695663583710e+01
-4.432793363297395217e+01
-1.884064313464888940e+01
3.348578801800243809e+00
-1.601025150422073295e+01
3.469741487490253462e+01
-7.617390059372610267e+00
9.247368486203292548e+00
2.894961309468374111e+01
-4.097642709662267180e+01
8.216135986567107352e+01
1.138847645883514303e+01
1.309379994893629373e+01
1.984122301276548228e+01
4.071714698581587299e+00
-2.321466190845171695e-01
1.927485761991158597e+01
-2.034472134912172692e+01
4.557613631230719875e+01
4.029363930476567646e+01
-2.289697401945271338e+01
8.774386785213039275e+00
3.840978701974916021e+01
-1.127801882525510280e+01
9.593383633044453518e+00
2.070202753515101790e+01
2.224319184531512406e+01
-4.190812702940189638e+01
-5.643280154806120663e+00
-1.681220498908071193e+01
-1.650425534629675894e+00
-4.358052104659979165e+00
9.331242839564310998e-01
-6.819488306124696919e+00
-1.744022712181538282e+01
7.237420070266310290e+00
3.751557696432371358e+00
2.910375689753454864e+01
-2.404712727693669194e+01
2.394453597366180020e+01
2.593173840710230138e+01
-6.842875010174395811e+00
4.473398028469934218e+01
-3.737883761289896256e+01
-5.660149386646290992e+01
-4.782592699514090384e+00
-4.375764549585824170e+00
-7.054720517501777977e-01
4.391194777864103571e+01
-2.679682369634335259e+00
2.350919726948126254e+01
2.949420058433065606e+01
2.051214569800458776e+01
-6.398340324388414047e+00
3.271524581738833604e+01
-8.729271157635963618e+00
-1.944334725423254895e+01
-2.243022892984208738e+01
5.972451808247804195e+00
1.937676320235667049e+01
-7.095797563427339583e-01
1.910501270655942108e+01
2.879962703657668044e-01
3.326981808242230443e+01
9.494995104597322211e+00
4.968156870796285318e+00
-2.069740902552382522e+00
1.768313711205124861e+01
2.057948705026682035e+01
9.434862678450059548e+00
-9.779346215981945534e-01
-3.018255728291399365e+01
1.597456680017851482e+01
1.042708923242190622e+01
1.947850132025789094e+01
1.541254633352488668e+01
1.983476442573408605e+01
-4.784834511647119371e+00
1.707738317707358533e+01
-1.470605277925255905e+01
-3.521194854682789810e-01
-2.972465732245575509e+01
-1.682968799249832159e+01
2.204442481946669830e+01
-4.939906411538511577e+01
1.454443259690788182e+01
8.698706201419099671e+00
4.549838525745381901e+01
-1.035786610340448988e+01
1.828258298048515584e+01
-5.435657312958710463e+00
-2.655658214850694421e+01
-3.725260886963508256e+01
-6.421416398744213438e+00
-4.843121172419847653e+01
6.436279407599101887e+00
-1.084315995269948196e+01
1.689260002234190949e+01
1.293249537796936011e+01
-1.566107055305670315e+01
-1.600498830229281566e+01
2.244587002104924522e+01
-3.376847043178855756e+01
-6.674476134019869278e+00
-1.037890568157251892e+01
1.503474462953121815e+01
5.311969637024276381e-01
1.472268508059556780e+00
-1.036081010566987004e+01
3.004863351415733064e+01
-3.041370755144635041e+01
3.672757297968757939e+00
3.299974168634048510e+01
-2.018023548844506365e+01
1.691027419077229865e+00
-1.211674175455073055e-01
-3.563717075694533065e+01
-2.189378875101073163e+01
-2.728730823122910820e+00
1.548645368107305842e+01
1.810795484734703109e+01
3.332857999298425966e+00
-5.330652917597774376e+00
9.769648180932279047e+00
-2.332735139027732885e+01
-1.083807257572061644e+00
-2.840973284762509365e+01
-1.530332816864319057e+01
2.661334637237263223e+01
-1.562747536221684186e+01
3.718146217361938000e+01
-1.318684753713995406e+01
1.791346946004954077e+01
1.384321059491712447e+01
-3.475453080178368026e+01
-1.373383822598569282e+01
4.804295011031470608e+00
-2.292603422716130979e+01
-2.063926166033149201e+01
-4.789468752462130396e+01
-2.958890536973723329e+01
-2.797107435306116940e+01
-2.407923733758482854e+01
4.556958326682689631e-01
9.977541161616287013e+00
3.721192330546131188e+00
1.336898422625547767e+01
-3.110207365467903173e+01
8.362093153796195111e+00
1.477373026894484553e+01
-3.689215185660763296e+01
-3.406147725713250907e+01
-2.316799562587362971e+01
-1.489521377133753788e+01
8.876943363569409939e+00
-7.340891043489250478e-01
-2.307536715259885440e+01
1.637781131190334349e+01
-1.311690722109504748e+01
2.748437685997180324e+01
-4.875468583814819112e+01
3.467212426375525069e+01
-4.969923368492302984e+00
-2.191970739185116201e+01
-1.373302568739938323e+01
1.032048964654897816e+00
2.450868261892859223e+01
-4.037641112928899645e+01
-6.477367871238797647e+00
-1.110291615168129908e+01
2.448061364564719611e+01
4.577627336022468540e+01
-5.441180491513387096e+01
5.091165905925913648e+01
2.276127206577486106e+01
-4.084911500029154752e+01
-1.745637630976987964e+01
4.339831342096193367e+01
3.254603247855254722e+01
-1.137546210172303063e+01
-3.202130915691157043e+00
7.847602822340654427e+00
4.087598752509221356e+01
-3.106681104732049903e+01
6.918818020095571342e+00
-4.601207907170831390e+00
1.490908168659456123e+01
-3.972543854808454000e+01
-1.797593278701548059e+00
-1.663342988656884458e+01
2.614317491417273231e+01
2.305973303880041669e+01
-4.777325266183714803e+01
-2.612745126495707382e+01
-1.180755111280018355e+01
-2.333760126092975895e+01
-6.363147649255950000e+00
-1.112423295593929140e+01
2.462896642437632977e+01
2.300557732717382464e+01
-1.138189334093425487e+00
-2.518296799891908222e+01
-4.654602059575736916e+01
2.604216168332311554e+01
-2.687876249250415128e+01
-1.992214233705090010e+01
3.237094476085324857e+00
-1.965683141922627897e+01
-2.137700914743854241e+01
-1.564992882781845651e+01
-2.619489454558740249e+01
-1.419464800380641734e+01
-2.845893936415120606e+01
3.060466267119004868e+01
3.358389047401345096e+01
-3.624065508390913237e+00
-1.197917829270608081e+01
-2.347796408522526690e-01
2.489067286806704260e+01
-4.701321302232776134e+01
-1.084468098788687485e+01
2.691668882650765227e+01
3.880220911189802280e+01
-9.194852206522455162e+00
5.386275303443142093e+00
3.003997786613444987e+01
9.077811253511725909e+00
-5.437921559552592043e-01
-2.437193019435198948e+01
1.103004226886071137e+01
-1.896045810228497430e+01
-5.705516229548322826e+00
-1.065731446348792133e+01
-8.998954445266832636e+00
1.242178550021623096e+01
4.326053334190186916e+01
-1.277281828017436283e+00
1.881068526967482057e+00
-4.981152156131403785e+01
-1.034295510624991721e+01
-1.968197504881578652e+01
-1.070789749626612775e-01
-2.576722862001545877e+01
4.673207028148402742e+01
4.437899192498309731e+01
7.650943695242808928e+00
-1.080249315564117296e+01
9.109847825567186419e+00
1.124617069441821116e+01
-2.613445980194541818e+01
-4.612443867373428930e+00
1.038950230228533655e+01
7.278247029199832241e+00
3.016681140203318989e+01
2.210714418792176161e+01
-1.158456052557343696e+01
1.423037679756215823e+01
-5.427479491331570927e+01
-6.511024604875004229e-01
4.775306928258953576e+01
6.496175401141897510e+00
-1.149898724503032099e+00
1.672197388157655951e+01
-1.572216662503615581e+01
4.917944141987486262e+01
-9.107830066221580978e+00
4.401928504416116539e+01
2.147993841206264420e+01
-2.213566428705837552e+01
1.773171513376168207e+01
-1.679404320468327683e+01
-3.962888218048345834e+01
-3.521394960224910164e+00
-3.050142039282019368e+01
-2.877028085691210890e+01
-2.740395034976685906e+00
1.979283577258848936e+01
-5.332247212596882946e+00
-1.713928229716123042e+01
4.918713371766187947e+00
-3.794354730820825239e+01
-3.874653093523868108e+00
-4.543764763826584385e+01
2.669744331040882912e+01
-6.472117706488944577e-01
-2.734833194056427885e+01
-9.021623261896138501e+00
1.014072940843863080e+01
-1.938669916522981396e+01
-2.502795612805549297e+01
5.172511373862138839e+01
-1.324613066774128356e+01
-2.208148231864481659e+01
1.494129641762653904e+01
-9.683602012195656528e+00
3.000689956335431674e+01
-2.527721351437833164e+00
3.865642825192196597e+00
5.932177650572958783e+01
-6.799744583683974497e+00
-2.010158131537173176e+01
-2.360507947486985358e+01
-2.790113597240502941e+01
-1.875007226039599573e+01
1.485400164519506916e+01
1.490556746457309600e+01
1.218370947306504348e+01
4.034130004422991078e+01
1.847417883332241217e+00
1.147122625326696266e+01
-3.490477647704042852e+01
1.475981088138354380e+00
-1.016323488912331641e+01
-1.461037194709484766e+01
-1.914873928290660388e+00
1.848614948129355184e+01
2.097846519858399006e+01
-3.666613858505680668e-01
6.748370012004954788e+00
1.510023356339736011e+01
1.913218512635462787e+01
-1.348400540181421547e+01
-6.980927992690453721e+00
3.763760738290358177e-01
-1.267247099094254281e+01
-2.751355432910543186e+00
-1.974975196818127188e+01
4.364427672912103162e+01
3.533735973872546765e+01
-8.940647083944213591e+00
8.796462775112701138e+00
-2.539088209188330225e+00
-1.650436515650623903e+01
1.960166879607900725e+01
-5.259464831121704265e+00
2.201820448555790222e+01
-2.880284110578954682e+01
9.879554171971335563e+00
-5.463900996021720857e+00
-2.963694502073934700e+01
-1.344705276582203624e+01
1.470868882152097967e+01
-5.017633358902901364e+01
2.368200133704056043e+01
2.561870844123916413e+01
-5.516796725286546632e+00
-3.291548101387462566e+00
-1.755738844392965348e+00
1.374287751709334771e+01
-1.797638005231112857e+01
1.986300090798707885e+01
1.676895029455951658e+01
-5.407907923145370432e+01
-1.948650821289476198e+01
1.307807332959141888e+01
-4.650121825038439738e+00
2.386959960065712494e+01
-3.506177120832177252e+01
-2.966022859002350742e+00
-2.304720122389043624e+01
-7.078628709119513474e+01
4.231821093565389447e+01
-3.207857430453816505e+01
-3.365227614521583632e+01
4.905460828993362554e+00
7.135238148180810924e+01
6.230961208560614750e-01
-1.546390094534331183e+01
-1.735685216838703582e+00
-3.046969602143050793e+00
-4.712324341117571436e+01
-3.372476989648588130e+01
4.507415333321942796e+01
-5.628094212437645183e+00
-2.073611891368074822e+01
2.714046823367016259e+01
-1.977844902201003663e+01
2.030049320521675327e+01
2.931373731780526271e+01
-3.142640803054082710e+01
-1.544460692285261416e+01
-1.914217053665379353e+01
-9.904584308938922277e+00
-9.660788199150388778e+00
-5.704877286564396854e+00
7.869843941403416920e+00
-1.877785845621744443e+01
1.560062438382298922e+01
3.185684077585287355e+01
-4.933432496386778610e+00
-1.121986002125950677e+01
8.034183157703239431e+00
3.082832335143464775e+01
2.872230052744156126e+01
5.423825256292360564e+00
-3.040201184819778746e+00
-4.806496456480061852e+00
-2.791346042777401237e+01
2.113513838231780539e+01
-1.225229576388083785e+01
1.091077915364752471e+01
-7.693171363752583147e+00
1.486575941772287024e+01
1.007293335050556493e+01
-4.430901394005149996e+01
-1.466960047833964609e+01
-4.324750567095414056e+01
-1.963539092722226087e+01
2.909651640195953348e+00
-9.461797044028941173e+00
1.798822323276495183e+01
-1.652729248103393900e+01
2.047459655515538657e+00
5.922553765094789924e+00
3.892184223616487770e+01
1.969497457682282970e+01
-1.666073040520621618e+01
-6.722264918681730705e-01
6.656603814641101735e+00
2.108454139320095777e+01
1.988331854867908532e-01
3.004901048188830259e+01
1.230366029538964057e+01
4.986569466357587999e+01
1.029077435017654807e+00
3.600169057372495729e+01
-1.490335212106401741e+01
-2.073152712988122914e+01
2.422819343666617442e+00
5.145474394848577049e+00
1.474682788132611222e+01
-7.779061992826882488e+00
-7.528596581324364934e+00
1.429263883675001523e+01
-2.664844330234529934e+01
-3.033003951456615255e+01
4.362196751895277202e+01
-3.278453041208081231e+00
-2.147321057167956582e+01
-2.226011750127241839e+00
-7.436983706047158194e+00
2.342913997686848404e+01
1.818698448636604326e+01
-1.109679226541925345e+01
4.534961704406867966e-01
-1.452620008533158114e+01
-1.942714811324907487e+01
-1.471174223201262521e+01
-5.318695419377341693e+01
2.953512898186261282e-02
-3.535735818776180395e+01
-3.062943755347627928e+01
-2.047276615170443392e+01
1.055736484970697120e+01
-2.003278648589935074e+01
1.271436985882196780e+01
-3.368064522073571254e+01
5.679764042133115254e-01
-2.278630914834142729e+01
4.739263991504572004e+00
6.212217559757711172e+00
1.832406599950908799e+01
-1.154359194528890953e+01
-8.726048031534418215e+00
1.625295563859220493e+01
3.252997019521438915e+01
1.805851167052267670e+01
4.608010068871408293e+00
-3.944655114288961784e+01
-9.384383404566619902e+00
-1.741727694605702936e+01
-3.320181289366240662e+01
2.221694555745216348e+01
-1.996681463315354677e+01
-1.779589020502072572e+00
-1.542592923776786051e+01
-5.482255284748109148e+01
2.839908115796481525e+01
-9.669979348431979815e+00
2.228596905246428150e+01
-3.924051492872143854e+01
3.707336924513433019e+01
2.000146135268181524e+00
-1.580617623312293674e+01
4.778314414714088798e+00
-1.145563793957359167e+01
-3.599291185571840401e+01
7.922144284397589331e+00
1.960757213660727416e+01
9.727210249766358174e-01
-1.991728905380722381e+01
-9.010496014744120430e+00
9.605617433369019409e+00
1.755889708050128206e+01
3.464079864338156511e+01
1.301282466507007030e+01
-1.278315369678011848e+01
5.250102042698944160e+01
1.317825580028151577e+01
2.332347959189650766e+01
-1.006830441620036254e+01
1.538093989616783119e+01
1.076733737383960943e+01
-3.405899108284782528e+01
-1.135322044989699464e+01
-2.250287091972555942e+01
-2.029537115048682949e+01
-6.638579496273109726e+00
-7.642659425730812472e+00
-2.319505768244178512e+01
-6.088110756064216389e+01
-1.586634353831870392e+01
6.847798420199296743e+00
5.027822396426131490e+00
7.645987693387723994e+00
2.554637065572666188e+01
7.713771965866417446e+00
1.787359043170735617e+01
-2.286359701108008835e+01
2.515404463972362237e+01
-2.502086884306547176e+01
-3.957194821603673063e+01
1.211423812064538197e+01
-2.376874713178170850e+01
-2.156213643415586034e+01
-8.715560203813311091e+01
-6.360418297406724264e+00
4.484785087681910909e+01
2.326990194516431387e+01
-5.621530651579689675e+00
-7.642653514074112309e+00
2.078566550446927863e+01
3.658450247387104071e+01
-2.287337456370052280e+01
-5.922069039011489622e+00
-1.871628427742686540e+01
-1.933174767984564824e+01
-1.685527998070615041e+01
6.963801088343458900e+00
3.891794939133583853e+01
-3.582119001959173943e+01
-3.085577295759884464e+01
1.806410344120877198e+00
-5.861978299943160664e+00
-7.274467638535348613e+00
-4.960222652648383246e+01
3.461617891665956392e+01
1.319806243773228971e+01
5.193048297417760750e+00
2.660066228628942042e+01
-1.804734756877127921e+01
1.700393996811575548e+01
1.527929821862869630e+01
1.980189076465308062e+00
-3.339367749455444567e+00
4.811376527358870447e+00
-8.679825057467944305e+00
2.794288151305678980e+01
-2.202045564664967969e+01
2.369745533943984128e+01
5.281410783084339755e+00
7.939019727153691974e+00
1.253796729056273307e+01
-4.784964933104328111e+01
4.655086368474684377e+00
-3.683512714085310336e+01
-2.692050644374385371e+01
-2.695139980287677872e+01
-2.748434305973407277e+01
2.757700453215647940e-01
9.222025975397471598e+00
2.741511940638426381e+01
4.753612672999388167e+00
7.898830675893115938e+00
-3.861421063318715596e+01
-1.403551850216310015e+01
1.869285723346590089e+01
-1.153102163043392636e+00
-1.542117157643474457e-02
-4.850459514192550614e+00
1.927165676363932789e+01
-5.018493178133132915e+01
6.206882351499100281e+00
1.111676273288992434e+01
2.377351462589371422e+01
2.033261717866151486e+01
-3.112418472513175516e+01
6.151914363951107134e+00
3.213367196427498129e+00
2.568480525311088059e+00
3.295162134758470529e+00
-1.030994288504294332e+01
-1.937799997108940886e+01
1.042467750486579803e+01
3.306659942356867532e+01
-2.724809961665926039e+00
6.342705468366830246e+00
9.363537359678332450e+00
-1.406449008323839678e+01
-1.493411052254049309e+01
-6.560025856838549885e+01
-2.024569021212204234e+01
-2.999907346655899687e+01
-3.657061904960499987e+00
-3.712196912094168511e+01
4.127087804594160048e+01
-1.720315853226185254e+01
-2.947735697400332811e+01
-8.500533504552925024e+01
3.649247359180853323e+01
7.319691595145428664e+00
3.386978537892304075e+00
-3.444468557965006994e+01
4.836662141931640235e+00
-1.099913497460404699e+01
-1.800837443126887649e+01
6.495512838304135173e+00
1.856624710871616912e+01
4.012599483209200457e+00
-1.169893060784573890e+01
-1.459619605372495244e-01
1.521661664283129767e+00
8.677555314508424544e+00
-3.487755837683985050e+01
3.965492088763622291e+01
-2.359262893775748893e+01
-1.647405621641263451e+01
-2.692634496472430783e+01
-5.714493033774363795e+01
4.978061668926478944e+00
-2.876827148854499683e+01
-1.044881241063505684e+01
1.792850016350860187e+01
-1.421664816278897092e+01
-1.880941938504236077e+00
-6.460611938666886545e+00
-1.098210630333545623e+01
1.781638441924020100e+00
2.981714845391353208e+01
-2.759091534661212819e+01
5.468350741657161507e+01
-1.241752527980665377e+01
1.835001658028392058e+01
-7.587883148755693696e+00
6.249415233269008496e+00
-5.995181886028092322e+00
2.405368735689415871e+01
3.365829293287299606e+01
1.050602668147423202e+01
2.522817530510607043e+01
-1.956333605765307482e+01
-3.655170912933236593e+00
-1.224391809380563245e+01
3.774556310521859359e+01
3.165622496835595712e+01
2.393764907839050693e+01
-8.406956104335222335e+00
-1.527844727839385541e+01
1.365369070083658443e+01
-1.544179800418332604e+01
-6.797786426814411698e+00
-3.154560556059045950e+00
-1.618072727858590554e+01
2.727429703931510119e+01
-4.515100581853474182e+00
2.087138148509367852e+01
1.077459450718780332e+01
9.489835920765123944e+00
-1.816696358106536024e+01
1.452587743430717637e+01
-1.009992569053110856e+01
-6.486768664874375645e+00
-1.723799884394765058e+00
-2.638949992515324539e+01
4.091035764002020869e+01
-1.460894957594101662e+01
-1.763180711675460088e+00
1.222056484766462603e+01
1.054533932608410396e+01
4.068242552913083188e+01
-9.404690832634486242e+00
4.137102630912009715e+01
3.709591950759747192e+01
-5.138725124751937301e+01
2.771565039807342146e+00
-1.020372611389535678e+01
8.637157325765031146e+00
3.244853310845286387e+00
1.092760474745193733e+01
3.422517921648690731e+01
5.362298784986279543e+01
-4.120737552776031976e+01
4.151634613651867767e+01
-5.378273481501246067e+01
-4.457702209977976793e+01
-7.940991169316390597e+00
2.050232053954914591e-02
3.994128782644000353e+01
1.963136132055825556e+01
-6.563880926401225224e+00
-4.897073710563844884e+01
3.876349011987105797e+01
-2.286399327563407269e+01
9.746834314229886331e-01
-3.926584396535162114e+00
6.907300670268878662e+01
-1.389652369001075272e+01
-5.862777371405502436e+01
1.718843447177130201e+01
-8.931259463032805002e+01
6.295965319747296007e+00
-2.001697755605141538e+01
-1.011519046180242754e+01
-1.492405575742373003e+01
-3.210438355783267639e+01
2.102274296090492101e+01
-2.088625649211870439e+01
-6.463090213193424916e+00
-4.330774085652367944e+01
-2.396411346740421777e+00
-2.871280735402605444e+01
-4.095986552506087719e+01
-6.233102565815556773e+01
5.005498365075396805e+00
-1.954885472846144978e+01
3.464411785370486996e+00
-7.757403025894006987e+00
-4.459506709081517783e+01
-3.569132480137969310e+01
-2.992195012549461808e+01
-3.113374762336792401e+01
2.923060006863759241e+01
2.758500532695080665e+00
-2.738590747517081070e+01
-1.192793503181781034e+01
-1.348315083540228443e+01
2.211239750525059478e+01
-1.706319544137219424e+01
-4.186169554148875704e+00
-1.541045084448248303e+01
-1.959922056003381385e+01
-2.223281431405656861e+01
2.025177360270731697e+01
-8.566966289671682944e+00
-5.087185846207458439e+01
4.233685948671501365e+01
2.414494274323664058e+01
1.445619474338201371e+00
-4.289331000536702732e+01
-4.111392593272307749e+01
3.731037030304833024e+00
3.718692413578992273e-01
-1.731585811330853630e+01
-2.513566028019409870e+01
1.719731781361065259e+01
-3.019213432264280073e+00
1.442150049230374975e+01
2.694351187705876782e+01
1.741124278452856800e+01
1.756825034945183006e+01
1.312411648883069049e+01
-1.146751373289387743e+01
-8.192638065031047745e+00
-1.195580375110509408e+01
-2.016907581195584953e+01
-2.345900717277362446e+01
-3.499371875306749757e+01
-2.046368696199259318e+01
-5.639093284272078677e+00
-4.222930347330520817e+01
-7.871473413273065489e+00
2.006695538652632749e+01
-4.338358195383324301e+01
1.634541196500801163e+01
1.476278722072538585e+01
-3.958257684056042081e+01
-3.117822573589518242e+01
-9.428345541383748696e+00
9.670524666283171200e+00
-2.165574108645699880e+01
3.973619937386480672e+01
3.527814970840836395e+01
-4.249240906006161822e+01
2.457125999922129722e+01
1.914014321712897981e+01
4.799481202957508685e+00
1.195010821458235739e+01
-2.354346124946333418e+01
-7.140835137414114797e+00
4.583040553846160492e+00
1.059247141703235684e+01
2.325774654890078352e+01
-2.817929315061243045e+01
-3.257682112584632250e+00
8.211811171515932983e+00
2.995682603596378613e+00
-1.638149431930617084e+01
1.202388779134634689e+01
-1.406784800652761191e+01
-1.130583427245716166e+01
6.365839218058226834e-01
-3.349245616390940938e+01
1.674594426478662967e+00
-9.286702596439397439e+00
-7.628391524481600072e+00
4.623628825442807511e+00
-2.991079031399334553e+01
3.269570218826171981e+01
-1.388496656765535420e+01
-7.345561142223627371e+01
-4.700363654554759307e+01
2.038313648396695044e+01
-2.233170227599742930e+01
-1.036195825483258659e+01
-1.445425981562797801e+01
-1.010387287228184050e+01
-5.549062307751128742e+01
-3.495086236824477055e+00
-3.433436126397145927e+01
-1.900293697334680587e+01
1.170996562621999715e+01
4.338052920530500955e+01
1.563956918640620586e+00
-5.708995101817890827e-01
3.283509020633456998e+01
-3.055078568262096894e+01
1.760275728089478520e+01
4.213342623476535209e+00
-2.630479873165813842e+01
-1.406720840278106266e+01
1.227060680648668267e+01
3.429967834634766177e-01
6.674593386966243713e+00
5.688538121974417550e+00
-1.303927564977658449e+01
-1.795619585926874606e+01
-2.758216169379130633e+01
2.713926915554785069e+01
-3.555510309964830640e+01
-2.638520634194460968e+01
6.866673500985115197e+00
-4.795211364675775201e+01
1.242607279402920994e+01
3.541607936543675805e+01
-3.963652375395049887e+00
6.414330132361911296e+00
-1.589745452201660214e+01
-1.215730781966561835e+01
5.738433220934723522e+00
2.095869722165223692e+01
-2.142537709103583055e+01
1.492161398728956101e+01
-5.833866689572801079e+00
1.721975882980956385e+00
1.275220471237689424e+01
8.210612767737444528e+00
-7.129859514497098871e+00
1.433221201669141465e-01
1.059948982214905300e+01
1.576653910622511034e+01
-3.963220121212349056e+01
1.844844809416144926e+00
2.840186550083532779e+01
-5.094231262278213990e+01
1.672714250786269474e+01
-6.433336523322400069e+01
-5.946033095475055319e+00
-8.171278164528700927e+00
-2.863429952394312750e+00
-6.730168338350949853e+00
-1.385283297072399478e+01
-5.282342815483048071e+00
6.587570161848823602e+00
-1.470452625857528872e+01
6.623127682617152345e+00
4.830527015489536780e+01
-3.342370480520744991e+01
-1.455919391461685564e+01
2.199127420585088544e+01
1.330000628723286127e+01
2.413073362549705081e+01
1.167231469825902224e+01
1.160478637435669214e+01
-8.876333277211358563e+00
-2.705566313504947118e+01
-2.494895530079739387e+01
-1.489975932246001378e+01
2.561734529787827341e+00
-2.331954091583725130e+01
-7.728193353282971856e+00
4.033852183890175525e+00
1.311982118576838729e+01
-5.647605766456017307e+00
3.288419878499435356e+01
-3.186374145825877235e+01
-2.152438381318575011e+00
-1.661735644207309903e+00
1.513616489913139418e+01
-2.158465803937044569e+01
-1.368925030249505426e+01
1.031781078697156850e+01
2.471642029227682258e+01
4.115462871476702134e+01
1.756730988078129485e+01
2.300896378421469990e+01
-1.538157750206646668e+01
3.469129633097213627e+01
3.636140904206783375e+01
-1.407066826087373101e+00
1.882100307806584283e+01
2.074861250959469317e+01
-1.297850397179566073e+01
4.695945731218216679e+00
3.338021876394577703e+01
-1.327111193563771963e+01
-5.028318386198520784e+00
-3.309665876376617177e+01
1.308292044519490105e+01
-7.092471234142692538e+00
1.081085789797998586e+01
3.226547779554550743e+00
-2.186604351602729679e+01
2.501824865059307967e+01
2.206553401337509968e+01
-1.480155514722656562e+01
1.052104834596755722e+01
-3.360227510976778831e+01
-2.917058772639907716e+01
1.360059780973057286e+01
-3.742562819404426477e+01
-1.691370646137520595e+01
2.840009684643007404e+00
4.538082867701186274e+01
-1.401810228792845692e+01
-6.737996059937060522e+00
-9.900846179478151043e+00
6.152904561284333340e+01
7.616932403342431712e+00
-2.367084399989390420e+01
3.890077770182472250e+01
3.443543492250127258e+01
1.724089255124982856e+01
4.123771998031014618e+01
4.722910410146842253e+01
-4.103618294064226291e+00
-1.520098253136983146e+01
-1.590378536653025776e+01
1.588023645658996941e+01
2.063724071742211663e+01
-3.779205792111611117e+00
-1.269960489220125055e+01
-3.353277997887287398e+01
-1.385400274739863846e+01
-2.480607734961984079e+01
1.654618344792264395e+01
9.401119556044534420e+00
3.499869007137397148e+01
4.048168628828022975e+00
-1.290248842998124701e+01
-4.659010110915845715e+00
2.163599848677870341e+01
6.857505995217934469e+00
2.984920271478256382e+01
3.056728375132155406e+01
-6.636250630553092833e+00
-5.958442544052346079e+00
-5.509787935635415579e+01
2.776106178109412070e+01
-6.337812705622241083e-01
2.969241383184152028e+01
-1.185322669764404679e+01
-3.422072959146198912e+01
1.160134779796835147e+01
3.997794089823233321e+01
-1.436901145796591095e+01
3.623650624206158000e+01
-3.991369260306086630e+01
-1.260537416515079201e+01
-4.454235235341838006e+01
1.044831513976015458e+01
4.395476734616522663e+00
2.974656017575711076e+00
-3.408602973406351566e+01
4.965295234050705631e+01
2.970972592783823529e+01
4.859633240472817306e+00
-2.828150190157943200e+01
1.185813318353245904e+01
-1.275979089367091035e+01
-6.800654493915999410e+00
-1.314695323189209830e+01
1.001183863742488711e+01
-7.942920810707562396e+00
-1.103595443522621622e+01
1.138890623987896333e+01
1.416849149531303453e+01
-4.681116546788791766e+01
1.088612949683681563e+01
3.692483156423817547e+01
2.195947903528107759e+01
-5.678559904847096718e+00
8.279438412472046593e-01
-1.915913105581714149e+01
3.168982966109882682e+01
8.518379420437042882e+00
-2.269695880091234130e+00
-4.115384765168812464e+00
5.838070153400448703e+01
-1.748096393966221740e+00
1.328165276371692016e+01
4.078528240787068171e+01
5.248554683908481877e+01
3.397343475159721038e+01
2.211685058747670496e+01
-3.631286297625212001e+01
-2.473700935623620012e+01
1.880349761036458744e+01
3.830922044310682395e+00
1.724833858867276604e+01
8.696499198541062015e+00
3.350664824454261748e+01
-4.218369471030053575e+01
-2.657240190168135996e+01
-6.307949816101711349e+00
-4.660805022556696997e+01
1.042368588249748029e+01
2.399321365249883797e+01
3.709866555180838077e+00
-1.208345388537426857e+01
1.264319426982399364e+01
7.526271264077058731e+01
1.682820649955993986e+01
8.560828645446179053e+00
-2.556507849922485320e+01
-3.258981335942553414e+01
-7.944265996858717926e+00
1.801682231163061942e+01
-3.236284597965720877e+00
1.290692140391253417e+01
1.899789568876684598e+01
-3.100439830956594278e+01
1.418541055490771896e+01
2.407230027084057156e+01
3.068912345297121647e+01
-3.574121685063005316e+00
2.595130619221208690e+00
-5.493438524224359298e+00
-2.631173011985805488e+01
-3.770027305305055165e+01
4.320115509992726999e+01
-4.194195555530370711e+00
-3.000646116504488248e+01
2.972723304769772312e+00
-1.406561724807566094e+01
4.935170078692775064e+01
-1.270893826139388239e+01
-1.946447863684477397e+01
1.888270166152636875e+01
-8.929071428613625017e+00
2.419701764924937493e+01
7.133457924612969236e-01
5.281362032101142745e+01
2.869267680585560498e+01
2.171388240044699103e+00
-2.022917065813258830e+01
1.491860562527395473e+01
-2.925632766068027024e+01
-4.761749536748538958e+00
3.326220714392479749e+01
-1.519158446433797849e+01
-2.441025187540526531e+01
-1.320318366088366702e+01
2.716029471183975375e+01
6.892068836691649381e+00
-4.500901354330835602e+01
1.804001818439587623e+01
5.012458659956166684e+00
4.994227015216992527e+00
-2.736769605855738519e+01
1.544589404853724091e+00
1.835699052121600516e+01
2.600229471843063322e+01
3.581753231393464176e+01
1.565830819665216289e+01
2.129936818049912972e+00
-2.938998197263308043e+01
-2.541990314830113107e+01
-3.749957707323899569e+01
-7.153898308469649692e+00
1.719791039777263109e+01
-1.328256224359883220e+00
2.785758349500497388e+01
-1.776108318777204431e+01
8.922752897089708313e+00
-9.439525395342982961e+00
-1.624982831910052283e+01
3.326906964023614677e+01
3.870579252488766997e+00
3.418391977172547058e+01
2.574330967454443453e+00
1.207704232074286033e+01
-9.794243480665613788e+00
3.302245628195747429e+01
-9.065806995788321387e+00
3.551411615625692519e-01
-4.243778874759027531e+01
-5.214245788856729291e+00
3.888375307375784473e+01
3.469949545929713963e+01
1.467116619698709457e+01
-9.065024540591934965e+00
3.051679639751597506e+00
-1.141083166377268299e+01
-7.579880866839033615e+00
5.030337318405052116e+01
2.747141065157450157e+00
-1.426294890606328636e+01
-5.892658529967741998e+01
-2.581702060477784499e+01
-2.090513793501366990e+01
-3.487780907694425991e+01
-3.157158519526177543e+01
-3.760225056859306392e+01
-2.496690651260497873e+01
-1.729831232038918643e+01
-2.695827585007972971e+01
2.553388456804055906e+01
-1.131083891997820956e+01
-4.804679640907016847e+01
2.182848295955736262e+01
-1.655677050829405061e+01
-4.425269912704297326e+01
5.285062024136107084e+01
-1.417815242586244295e+01
9.346569542901050909e+00
2.180842416322101940e+01
4.906894734700927074e+00
1.453066732798089333e+01
1.798578967332687739e+00
1.040786491624938748e-01
-8.099429660780842255e+00
-4.110886790004335012e+01
6.472923382695341843e+00
-6.793679248880232535e+01
3.872044736991740876e+01
-2.321162772804584051e+01
-9.662377210051090515e+00
-9.975091044757391501e+00
8.140898409808194458e+00
-9.296406208498694923e+00
1.469604257568093431e+01
-3.013494066672117810e+01
1.951924207240088549e+01
2.355407684499074250e+01
5.672595165432724684e+00
6.262267885145007540e+00
1.180046622589725303e+01
4.965499368340744013e+00
1.502581972780077990e+01
-4.349160690550434083e+00
-3.838912101629031781e+01
5.230864507255859053e+00
-1.350731853555524253e+01
-2.988399203421067796e+00
3.020136725823144275e+01
-4.387222973738672493e+01
7.560266548752849758e-01
1.165813681115480449e+00
5.006099759893317014e+00
1.713230915142926847e+01
-6.642053017425546102e+00
4.543669877853881189e+01
2.412160010343735905e+01
-8.397653396088692546e+00
-4.104797135230711547e+00
2.056082359925611058e+00
4.210171077889202707e+01
-2.900088582092075740e+01
-5.637792422926122526e+01
1.688763517650119184e+01
-6.710893541244317362e+00
-9.158483084499621896e+00
9.059876249612514698e+00
4.160698910298822284e+01
2.429461712963299647e+01
-8.790808801715684240e+00
-2.880222247569236060e+01
-4.656448684485972933e+00
1.546352403931295783e+01
-8.377678057296037650e+00
-4.092584307485856243e+01
-3.321915717476102259e+00
-5.235187523160666956e+01
-2.788682443940294320e+01
4.506526545243485771e+01
-2.865014021776600828e+01
-3.750971655352424250e+01
-2.829456387344469448e+01
-2.029652135823489800e+01
1.992591193676844341e+01
4.636960789407294214e+01
-3.628404791232185289e+00
1.421556921494365611e+01
-1.173651870491397631e+01
-3.829880622181224226e+01
2.579228255468663278e+01
-2.598075147392898998e+01
1.434105339226832143e+01
1.760685766627368309e+01
-5.818608589945796439e+00
2.078511744722698040e+01
2.271558207565967535e+01
6.261546930787619658e+01
-6.553711878068440910e+00
-2.856152513695190009e+01
-3.469059703400864692e+01
-9.490218393239693739e+00
-1.848101898537512611e+01
5.212663821946807730e+01
-2.416844493881367839e+01
6.412883654937413525e+00
2.707882552759883765e+00
-1.215688360783325095e+01
-4.691557144612335151e+01
-3.440912230121966786e+00
5.446306579099872636e+01
9.600418090180760089e+00
4.142814308800581102e+00
-3.198113081661490753e+01
-3.183702798188380712e+01
-7.801130520611764041e+00
2.541135973119332903e+01
-1.404471014779608140e+01
5.684785161763977612e+01
-2.679863938809160118e+01
1.042710763324194545e+01
-7.529976745405065230e+00
-3.586808673852641505e+01
2.372028980359516481e+00
-2.829814242537565860e+01
-4.087372600381075927e+01
6.169869819594396176e+00
1.065330760030704482e+00
2.895879727027914896e+01
1.305379198017237030e+01
-1.855997418080987416e+01
1.185490998661339290e+01
-4.842590334724060597e+01
-2.646386278748383347e+01
4.929453811914956418e+01
4.590427521773804642e+00
-5.880976437692368108e+00
-1.649092834861326651e+01
-2.468732533043805688e+00
-5.512529339602338041e+00
4.923859207680092709e+01
2.301413608842278435e+01
-6.565526825408483091e+00
-1.916604605953864393e+00
-2.174856961955428858e+01
-8.670235506309694529e+00
-3.484394821882372639e+01
2.729240788378752569e+01
3.880240413265184429e+00
5.706741654899929017e+00
9.948855785807424468e+00
-4.426792029463673117e+00
-1.137776296095715090e+01
3.047765789759466770e+00
-5.988630086235480121e+01
-8.552185108615447007e+00
-5.696114403074830079e+00
-4.282874456094496907e+00
2.660155866065593955e+01
3.597160227043340797e+01
9.600722446091481288e+00
-5.267633567095310809e+01
3.439393877187359294e+01
-1.180736831311412516e+01
-2.071127029302914480e+01
-4.821906055066735064e+01
-1.661218258933774905e+01
3.440545483393288606e+01
1.685902720523677090e+01
5.493706437591214353e+00
1.863174158559064608e+01
-3.233231931046299223e+01
-2.574002334878808540e+01
3.114762682617836731e+01
2.149249696187862924e+01
2.655087429335301863e+01
2.740069374451877593e+00
4.634318231134358257e+00
3.017536702897626810e+01
5.334699946164025164e+01
-1.152335685071142990e+01
2.128080238238032962e+01
-1.438813262873020449e+01
-2.424426942380551253e+01
-1.915413285561766088e+01
-1.931061297773985075e+01
-8.040815943295456236e+00
-2.628245868270127517e+01
-1.081327896510953224e+01
-7.506117061305346283e+01
1.875538106521875648e+01
1.220774238655750921e+01
-2.654765268994061955e+00
-2.147197528995218363e+01
-1.020994742084735663e+01
-3.035421606200466726e+01
5.421548247228798800e+00
4.454486182479308809e+01
-1.226606142971343161e+01
-9.305644012560776446e+00
1.159712269571480192e+01
-2.824684676392930527e+01
4.672493629933597958e+01
8.094376343757637926e+00
7.749459096334476271e+00
2.732463809827430623e+01
-1.354170555716876834e+00
3.091790016217774451e+01
1.047092637298389661e+01
-2.143257803638462633e+00
4.500386890759159542e+00
-3.474413725767618644e+00
3.652603825669541493e+01
4.727529729620016496e+00
1.003546270557654907e+01
-6.433296265684219861e+00
7.804477771276097542e+00
-5.094633215081762501e+01
-1.941072205975467568e+01
-2.696590255140642967e+01
2.613062515363225202e+01
-1.764862313190050713e+01
-3.314516001404524559e+01
3.192991861826516242e+01
-6.708509901405335540e+00
2.231802758113380492e+01
-4.970914701582086082e+01
1.019135075769414023e+01
2.863426214480384147e+00
3.401626757428857672e+00
-6.443087898468320418e+00
-3.999933029013959640e+00
2.803364679556745642e+01
1.002891789386353594e+00
-2.802844067838248066e+01
-1.031288087285024346e+01
1.213006699462738425e+01
-6.338294845229596319e+01
-4.847842836389852295e+01
7.036981539548889941e-01
7.744118133806715321e+00
-2.591466757893877570e+01
-1.054867144095197773e+00
5.796376473263751450e+01
1.537410679830747995e+01
-2.965684630578095948e+01
5.172562091649098193e+00
-5.119593776104906624e+00
6.884914520008955208e+00
-1.962273157339996033e+01
1.213193953950468540e+01
1.451010008396076501e+01
-3.832959977627893977e+00
6.147035656707562623e+01
-4.346695586337403938e+00
-1.739028876724125894e+01
1.309598449872220272e+01
2.362139196737729208e+01
-1.857741932624458059e+01
-1.017776607488169560e+00
5.388271807759603860e+01
-1.564355008775066835e+00
3.239385144446958975e+01
8.022062028455763993e+00
-3.839268347073414134e+00
-1.254407839303672745e+01
2.873382216866922079e+01
-3.073268003227454415e+01
-5.501758130436371630e-01
-1.001083961177022275e+01
-2.181652889323016353e+01
8.274588381155398409e+00
1.465041717429606116e+01
2.377837583326538606e+00
-1.844237788349687435e-01
-2.189893745670349290e+01
8.902920571401708116e+00
-1.825181197634989871e+00
-1.248053750671645901e+01
-1.107733150457820415e+01
9.064491538009406213e+00
-2.020888365855284974e+00
-2.080607256378664260e+01
-5.997797705335463547e+01
5.807969250698434394e+00
1.058834763815599445e+01
-2.674227898483040633e+01
-1.315159862888134512e+01
4.548627127826324568e+01
6.191720776922338132e+00
2.168083202981125623e+01
4.764373373277351220e+00
2.196703635133951593e+01
3.169251943077398437e+00
-2.140538413822167740e+01
-6.027374454895934264e+00
2.972097999769886201e+00
1.734093001660906452e+01
4.146122556846626139e+01
2.708345019777448215e+01
1.684904099166175229e+00
9.422482285139494707e+00
3.331996918823423925e+01
1.454125916583859279e+01
-3.809413443350595685e+01
-1.518005417263623258e+01
6.091117822292545725e+00
4.703823781886143252e+00
1.354839636166194339e+01
-2.848571071893411499e+01
3.896811791474519282e+00
2.383561938361576438e+01
2.629991433862068106e+01
-2.366305014202509938e+01
3.043600294455472977e-02
-1.203734228075660440e+00
-9.352342055965209511e+00
-1.562592921160553061e+01
-8.503928207539672712e+00
-4.868570943330325917e+00
5.574422989968269349e+00
2.328255187065701648e+01
-1.701205429622162058e+01
4.452761929322366541e+01
1.803319951679810629e+01
1.478127602444362765e+01
1.946618562103640571e+01
1.489010712184081342e+01
2.003163785570518485e+01
3.012022930076449256e+01
-2.504975598476635668e+01
3.426925626915529222e+01
-6.279250994537758856e+01
1.743898990614066236e+01
-5.887032248688578306e+01
4.598483770860087816e+01
4.147357494974225744e+01
-5.180598806939826773e+00
-2.652597976473956010e+01
-2.336347343284950284e+01
-3.024671082564924518e+01
-3.485364473207738456e+01
3.117472286275852866e+01
2.315270287064060994e+01
1.317546693221677856e+01
1.555473539417977236e+01
2.465014752583846303e+01
-2.157562903791614417e+01
-9.791651081295441372e+00
3.034106916802489451e+01
-7.187520923515890559e+00
2.941561568352337019e+01
4.100082480713244593e+01
-3.198593093094855178e+00
-4.031484880807454374e+01
2.760419277475591571e+00
-1.479057148051794002e+00
-5.621791386436768789e+00
5.441418004076581383e-02
-3.590140930126005969e+01
-6.932284235818187312e+00
4.833973456568921634e+00
7.338199103963063408e+00
2.688627900160480522e+01
-2.353244818782567904e+01
3.064786319065251519e+01
-2.195564583668559067e+01
1.411479036278137755e+01
2.224174687982296916e+01
