-3.541308471900791233e+01
-2.040547411328560656e+00
-7.307611939536698742e+00
2.456050600404594775e+01
-1.217379521339961457e+01
-9.409892849568024076e+00
-2.461379597177563028e+01
-5.142318782891315720e+01
-2.194649785512515905e+01
-2.307290057086675006e+01
-2.137213683884901627e+01
4.317806602672057181e+00
2.030159529869322910e+00
-1.095007397835729535e+00
1.782748595399610281e+00
2.705491043463001688e+01
-1.046149299221919193e+01
-7.362624293053841029e+00
1.195055841753554660e+01
-6.324132200784072211e+01
3.167173249198198448e+01
-1.354742447833439201e+01
-2.477497399949905699e+00
-5.729665854698410499e+00
-9.414256321565517283e-01
-2.223064414320219839e+00
4.907167348112994887e+01
-1.528368845534971854e+01
-4.144920585120644319e+00
-3.099472591456559201e+01
4.007610409822370912e+01
-4.439339501374874430e+00
-2.182137139476213861e+01
1.146231382671297183e+01
-2.092487314620740335e+00
1.327855595204704287e+01
-5.512496268960660473e-01
2.771058179925461218e+00
1.929785172793505410e+01
-5.584599603504673837e+01
3.112453631731369796e+01
8.284615260802752346e+00
-6.395017594074886347e+00
-1.785703305993095569e+01
7.043471953485720860e+00
-1.116197994314995867e+01
2.543934477187497123e+01
2.030390554054901031e+01
-1.308181539071330235e+01
-1.671244408218603894e+01
-1.761075116237810789e+01
-2.124582786729703088e+01
1.078498168067496010e+01
-2.769263852389752856e+01
8.492048004687433149e+00
3.533826164562881900e+01
4.072797278612470961e+01
1.898053220972303734e+01
8.535986280971798124e+00
1.772640743980366551e+01
5.198301248549944376e+01
8.801758103430245228e+00
-3.049485504710421679e+01
-6.169156775900376033e+00
-1.440605666533076601e+01
3.397805188762350781e+01
-4.029387491612693850e+01
-3.501256418238466495e+01
-1.785061224748507414e+01
-1.000627515248686450e+01
-2.289058363880945990e+01
1.603982925416156036e+01
5.326413258052241417e+00
7.990470099102282120e+00
-2.211543819686410117e+01
-1.938706478587425863e+01
-3.339937231646591442e+01
1.841315180610530433e+01
-1.914637892197817592e+01
1.729064913672428361e+01
-5.492517661278088603e+00
-1.522539150145996700e+01
-2.930817008308764571e+01
-8.668774180293752352e+00
-6.249712646248440251e+00
-7.060188625270725993e+00
2.285458187512086425e+01
4.277541097075777543e+01
-2.516601417500209692e+01
-4.391433648671548440e+01
-1.099942362769203896e+01
6.077900212430355964e+01
-3.312178521165283485e+01
1.827948417524291358e+01
-6.652944557953219373e+00
-3.412377823773526586e+01
1.414324211946298249e+01
1.997901366241450205e+01
-9.825112267220660556e+00
1.869740652285946680e+01
-1.371157473426353590e+01
-3.197431567542633957e+01
5.367963888781110882e+01
2.557239111865118275e+01
1.449815271470075118e+01
8.012651354496796330e+00
1.522491784372506629e+01
4.620240985840038661e+01
-1.510256789287010015e+01
3.398563285508508613e+00
-7.738244886543134271e+01
9.053353138360336061e+00
-3.788899638929885327e+01
7.942014621158449472e+00
1.249088807288880787e+01
-2.040328935666224197e+01
-2.897108536775408538e+01
1.215025703446428906e+00
-1.721125395725670160e+01
2.185911828100398679e+01
-2.836719526701698157e+01
-3.138116084636010328e+00
-2.059539900383179400e+01
-2.001884243938690133e+00
1.125276362831328925e+00
1.272136371882643857e+01
4.162697253522082974e-01
-2.980768666823792046e+00
3.642351802982517484e+01
5.156486074917323492e+01
2.782794613206399958e+01
4.025709421005240074e+01
-6.656564488724995954e+00
5.654779029124995304e+00
3.011935556367683375e+01
-5.095002318297474631e-01
-4.309131527457387278e+01
-2.310410778305352864e+01
-2.869864801657169551e+01
-1.570178435209605539e+01
1.620006096199156786e+01
-6.731367430471794933e+01
-9.432784593188472400e+00
2.511410537656394126e+01
-2.126451023036963761e+01
-1.763335754351624018e+01
3.374947137131971431e+01
2.526123494984113904e+01
-1.874684739641490694e+01
1.575989626762250850e+01
-1.439280780566977569e+01
1.939488152866376680e+01
1.950284153617161564e+00
7.514509854430869495e+00
-4.836254281727486415e+01
-2.683910061002997693e+01
-4.942741628802025389e+00
-9.358918522293908637e-01
-2.318892738260774422e+01
6.162018075781475090e+01
-9.875209314909625391e+00
-1.827151138721097823e+01
2.023378857002194309e+01
-2.605803673785934649e+01
-2.075143340469573161e+01
1.849271094939382465e+01
7.220752944587218281e+00
8.673502241249991584e+00
8.882642543899294196e+00
-6.253328226547978375e+00
9.017438801596796338e+00
3.308061773084825319e+01
-1.504045560393726078e+01
1.089373796500549929e+01
5.158621660920982066e+01
1.851697250004767170e+01
-4.286917817630410354e+00
-1.157937230878286528e+01
8.829964464502216970e+01
-1.211271104799229192e+01
2.125595332925584557e+01
1.471016170861943806e+01
1.670105124780280192e+01
5.018409785315986937e+01
2.715074735249731930e+01
-1.563683684220649184e+00
1.372390102777865195e+01
2.783160480442421658e+01
2.044645337132428153e+01
-3.306237745532820327e+01
5.343488352671477060e+01
-4.763206041845663208e+01
-6.980083410023887325e+00
3.123293041676626558e+01
8.459567496595806091e+00
4.199494443342246086e+00
1.609837129224142416e+01
1.264200968128352542e+01
1.952500067047279231e+01
-3.546720901594540010e+01
2.244503574857390049e+00
-1.505351379954595359e+01
-3.779954810507319962e+00
-2.474478832106001391e+00
-6.084379316696592710e+00
-3.265980915877747748e+00
4.752897814417613631e+01
-4.777510813522525268e+00
-1.476747383525891166e+01
-1.457331103376660053e+00
7.367016441799037807e+00
-3.381348121684993657e+01
-2.898382648227652680e+01
-2.053383122042654918e+01
-3.503989092964633301e+01
-9.074979242998164608e+00
-2.365798006522580721e+01
1.037833497369524594e+01
7.246778565611720069e-01
-7.118570600775626644e+00
-4.695755729383222388e+00
3.256139757694654691e+00
-8.348559690792072274e+00
3.855508976969822754e+01
-4.903977138715421802e+01
-8.569291802802432301e+00
-7.674674654704151777e+00
9.039135542748141461e+00
1.271972910704400306e+01
-2.663097684763022244e+01
-8.587537602184170282e+00
2.436216586868115286e+01
-1.140316954972739438e+01
8.977243348029276149e+00
1.933313765501438297e+01
-1.619818205719155912e+00
6.318276852514259190e+01
-7.902005400414111591e+00
-1.796725783134735366e+01
1.812693834203628285e+00
-1.392802174670308091e+01
3.092490461416315384e+01
-2.399652295982593131e+01
6.860039408581712905e+00
3.210842721578893588e+01
-7.215401737678121208e+00
6.692958960753560405e+01
7.249765482594295918e+01
-3.760001516389741028e+01
3.334258038779657340e+01
1.228455076076909336e+01
-3.151478286028478237e+01
9.427826016420503663e+00
2.377644053265835566e+01
2.433639421176590645e+01
1.329235057618063820e+00
9.559017033290615473e+00
4.211232517219673355e+01
-1.326206699288218260e+01
8.016758625962467022e+00
4.061672585523552925e+01
-2.092864853853824059e+01
-1.127900638146422807e+01
3.166631659200088933e+01
1.625189563337600163e+01
4.280826763623969100e+01
1.704602971898029296e+01
6.163310930524204423e+00
1.507309053660172538e+01
2.288633958761897702e+01
-3.025008585217184987e+01
3.862243940012461962e+00
1.395390076959622405e+01
6.543753466809732799e+00
1.336608515206174275e+01
-3.461870719008274477e+01
1.806697811550145616e+01
-2.413589282096199895e+01
-1.881606582650655923e+01
1.203282889848758686e+01
-6.581797513550498024e+00
3.267423624787366521e+01
-9.457991280821289592e+00
1.698401061808709755e+01
1.825048484338009303e+01
4.391123057713855360e+01
3.081153279114285226e+01
2.760755069090657798e+01
-1.926979818211663087e+00
-4.709285556249710680e+00
-1.807817421349903952e+01
4.511361836894585053e+01
4.491127526537064796e+01
2.206345043053602240e+01
-1.422522420786629027e+01
2.811674380995057732e+01
-2.914101024695867181e+00
1.011985575616564859e+01
3.735549563245933768e+01
-7.200531838446124766e-01
-4.514671497007839207e+00
-1.138786002965622401e+01
-3.304776491262973082e+01
5.397655422320630692e+01
2.857035900703971265e+01
-3.376808685447107194e+01
-9.313847447456609530e+00
1.487966200139950601e+01
-5.678695712133730922e+00
3.584582692974723983e+01
7.128521715245454970e+00
4.514301378313194846e+01
1.955248027933324906e+01
-1.285807365088368215e+01
1.131072100348724518e+01
-3.547443751437953097e+00
-1.551511009360919502e+01
8.881528956893959048e+00
8.493090122600904124e+00
5.303159826078233152e+01
4.458258301145784230e+01
3.136933789202039691e+01
3.772622349144057807e+01
4.891047346284167929e+00
-1.467654012667208008e+01
8.059032813447345234e+00
-1.892758642636103872e+01
-3.037363416783560410e+01
-3.154014196086302491e+01
-1.768927595820937881e+01
-6.156317266810401634e+01
-1.974287155080338607e+01
-4.907813265883480369e+01
1.324464676725332346e+01
-2.624329951330798849e+01
2.636320083111544932e+01
-5.601215046980789936e+01
-1.683965221742654705e+01
2.426888245930604171e+01
1.185263711547956689e+01
-5.027231225556502636e+01
3.201453237269737429e+01
-1.468972317479219214e+01
3.049981018258475984e+01
-1.320283667596160626e+01
-4.441547901248401331e+01
8.155224772705224723e+00
-3.689025525896045110e+01
-4.232129330805349809e+00
-1.670469301309369214e+00
2.318380011972078591e+01
7.137738833293514062e+01
-2.444449472177805660e+01
-1.981645108271874278e+01
-2.377796651452626975e+00
-6.474383853104683340e+00
-4.573421007761537993e+01
-3.159620466254315829e+01
2.712929827599681687e+01
-1.203958554068591980e+01
1.143454968808700301e+01
-2.780814918912162170e+01
-9.275624163816843293e+00
-2.349983540716235098e+01
2.917573904061234913e+01
5.409554871335672033e+00
-1.264029530551982816e+01
-9.623468261377240651e+00
6.727454490820157673e+00
-4.660616913970272890e+00
2.440498859225957062e+01
-1.459859005145489164e+01
5.639976294951338787e+00
2.008275044123233499e+01
7.755050954720388745e+00
-1.205029943053958164e+01
8.712998262601962551e+01
3.330773043386763277e+01
2.447807098301893802e+00
5.724285835833484271e+00
-3.549138134351593976e+01
1.903052984622425470e+01
-4.328827597677168626e+01
-1.649624886920656763e+01
-3.120012299759179086e+01
-1.119143648311720085e+01
3.218406841038745370e+01
-3.213845972194685885e+01
1.357860517551839052e+01
-2.162974182378036403e+00
1.172066115648320306e+00
-2.029866446349194575e+01
-2.510579405709688672e+01
-3.152065094093529751e+00
-2.027706101058708299e+01
-1.125741906538598869e+01
-2.339904863289029890e+01
-5.245549964695200629e+00
-1.965354316351317721e+01
-2.846888904630456807e+01
1.189900060042970864e+01
-8.158324546985937786e+00
1.384998922235030250e+01
4.850148686714078394e+00
-4.316272430021668072e+01
-2.975766732701215744e+01
-2.589402300269308910e+01
1.841971061552362698e+01
-1.386228856021674005e+00
-3.516931346970520167e+01
3.338322824251483212e+01
-2.221512366532365945e+01
3.236360779300886747e+01
-1.793189684445580667e+01
-2.739438161961115270e+01
1.343375192542964669e+01
-3.854327599261387149e+01
-1.952792898244791786e+01
3.513977800471965907e+01
1.069700708857646987e+01
-2.486676504193559367e+01
3.078319133462263579e+01
-1.031181020643458623e+01
-2.155078749410841965e+01
-1.726680519794828683e+01
-2.840973345594755983e+01
1.569804437834327615e+01
-5.096219857991096092e+01
-4.491783409474413702e+01
-5.752776181947126588e+00
-1.704755117975847156e+01
-3.353632447256982374e+01
4.167174166880766961e+01
7.608570117795615317e+01
-1.559483886052095158e+01
-2.010511431321049258e+00
-3.440024246428181698e+01
3.714353130255744873e+01
1.159200129105983024e+01
-1.357802871209668183e+01
-2.067218858585756891e+01
8.359403136056201333e+00
-3.293904991590526521e+01
-9.994695922177328384e+00
-4.936095058503485689e+01
2.067553747732591773e+01
6.293595733255955338e+00
-1.026842465554864248e+00
-5.851426013743832755e+00
-2.271995564192650363e+01
-6.206125802824885795e+00
7.445443660321149082e+01
-1.036865980261529785e+01
-2.727027797372818441e+01
-3.962815237879033248e+01
7.915469808596924395e+00
-2.126398342637567751e+01
6.154206362757406623e+00
1.722914523292537581e+01
4.319206424989175730e+00
1.779361828413834701e+01
8.590915341822110918e+00
3.322511434806938269e+01
1.495654473946392216e+01
-1.985330735423359272e+01
2.722910111054616777e+01
1.981257980481481695e+01
7.029074534351863690e+00
2.404777164580713134e+01
-1.608712185374614734e+01
4.184383016513442044e+01
1.334879244203833792e+01
-1.801618541954497488e+01
-3.351899858886199013e+00
-1.022850160934012820e+01
1.157784146068584619e+01
-1.327182245122199333e+01
-4.477594037148477923e+00
-7.302143687779164338e+00
4.593285560867315098e+01
3.138726253378814590e+01
-3.690145287026394527e+01
-4.596206106763816024e+00
-2.997097986208709131e+01
-8.215155061305324580e+00
-1.340673812206976834e+01
4.883066846543727024e+00
-6.058355543466618087e-01
-1.630808816925973304e+01
9.608389694418036697e+00
-4.689194515392287599e+00
-5.345049646608075022e+00
4.890264776998446905e+01
8.210952890011174787e+00
-4.684103964220917504e+01
-2.252503780543247558e+01
5.437128501759178789e+01
1.545715191766046814e+01
-5.386364354532759080e+00
6.068932965833123205e+01
-9.184104422984688654e+00
-5.167694419548553242e+00
-4.594562643246320022e+00
8.799082052755238692e+00
1.768430803299722953e+01
2.475052201457813794e+00
1.645568042123591113e+01
-7.248508403575158354e+00
-1.996825271880832986e+01
-2.361521199361494183e+01
-2.726257265336687396e+01
2.337583560087082901e+01
7.373022736311263259e+00
2.165548061460190610e+01
7.918370797708121245e+00
5.065259332670399317e+01
1.058104866419046175e+01
-4.570471509618010941e+01
-1.944033158399093253e+01
3.493576320149998082e+00
-1.651680056777894379e+01
3.582923251334460701e+01
-7.952929893671011996e+00
9.543920064854503948e+00
2.992115959203100317e+01
-4.240420536941508090e+01
8.488645174409566607e+01
1.176364946330176053e+01
1.350601931912660802e+01
2.053060174150925832e+01
4.257538808653237083e+00
-2.700747487802459545e-01
1.987435431656047058e+01
-2.101363064379953016e+01
4.708308491485863101e+01
4.164749478796048265e+01
-2.362672790041239068e+01
9.163165149473854854e+00
3.973091819870992936e+01
-1.167834246937553644e+01
9.879012698182037866e+00
2.138650350522836163e+01
2.303654204603924427e+01
-4.333512900674315915e+01
-5.833458029485939278e+00
-1.740083348064637647e+01
-1.796959568205664937e+00
-4.508247605377473377e+00
1.011430666792989541e+00
-7.128552144486775433e+00
-1.802883742560220526e+01
7.497543225302464975e+00
3.914913445302090622e+00
3.011263531246663661e+01
-2.484412347811823452e+01
2.473629561026729107e+01
2.682158511545563329e+01
-7.094809723425413495e+00
4.620399526220181485e+01
-3.860809402607202401e+01
-5.848475564450622954e+01
-4.864934245116177891e+00
-4.527887686313135873e+00
-6.536733067574118650e-01
4.532109507261701964e+01
-2.778354756871792119e+00
2.429359268224575885e+01
3.051239143602515469e+01
2.119241282411758220e+01
-6.448753385396230442e+00
3.382292174371167448e+01
-9.036794927142096867e+00
-2.013529048227405838e+01
-2.324243142075337687e+01
6.116261914538078770e+00
2.009437412938328293e+01
-7.661782453936325510e-01
1.974803700253664829e+01
3.323927455200248460e-01
3.435456093617673901e+01
9.851298319762335609e+00
5.092309896665511815e+00
-2.123952335280250736e+00
1.826638179823699204e+01
2.129877869439417282e+01
9.762245339754684892e+00
-1.021396788722896076e+00
-3.115693037692584966e+01
1.650404069735036217e+01
1.078420637317569231e+01
2.015689124827732570e+01
1.599359759692509897e+01
2.046558273264470529e+01
-4.908254012431385149e+00
1.765067347378985119e+01
-1.520837191995428839e+01
-4.196733800546326165e-01
-3.071419475149895106e+01
-1.742686925341354254e+01
2.281063108445989229e+01
-5.107455014393714521e+01
1.505842685470491915e+01
8.960357764012655934e+00
4.705697372960617031e+01
-1.073964437268575978e+01
1.888046438518534131e+01
-5.646747956424462700e+00
-2.743119735600480880e+01
-3.851848167737819040e+01
-6.639276294723799765e+00
-5.012233733928066215e+01
6.658421018725164231e+00
-1.127785771040214868e+01
1.747402927947548079e+01
1.330228798746139773e+01
-1.618174260976007872e+01
-1.657727336511584326e+01
2.322940758417058049e+01
-3.478293319380121318e+01
-6.915977765842853842e+00
-1.069900758476691749e+01
1.546121493369632205e+01
5.234541831386536614e-01
1.528585481166146565e+00
-1.068919248472980144e+01
3.102173903658589893e+01
-3.137324362531774113e+01
3.901100033139016432e+00
3.411597102501207246e+01
-2.081775883157907003e+01
1.742743121240380333e+00
-1.661199722213382302e-01
-3.692454427821408558e+01
-2.269146076865987993e+01
-2.825859957218884944e+00
1.598506627622667509e+01
1.865897434733048499e+01
3.481907233340166385e+00
-5.438388851283320946e+00
1.010599176524567611e+01
-2.409976487676186707e+01
-1.117562685764710295e+00
-2.937411815794553149e+01
-1.577299205291586759e+01
2.754158271720848461e+01
-1.616093891969643437e+01
3.843576372431130039e+01
-1.360363053556358182e+01
1.858406930220600373e+01
1.432341107645208922e+01
-3.589779146570919011e+01
-1.425074158465081098e+01
4.893735490687134870e+00
-2.360156193984715856e+01
-2.137850158464191708e+01
-4.940160287166452235e+01
-3.064712277614322034e+01
-2.894072057966866396e+01
-2.489319678957144788e+01
4.936164702911725044e-01
1.034437543260246173e+01
3.869060061602482392e+00
1.377460978947926584e+01
-3.215086836973765116e+01
8.627307435512932443e+00
1.525105117316681458e+01
-3.814823387355421858e+01
-3.518076303651383796e+01
-2.385153765496050937e+01
-1.539829562135108176e+01
9.230590328952501977e+00
-7.562172315959401203e-01
-2.386198814992398098e+01
1.697050751721099004e+01
-1.347669729084593371e+01
2.843660813219887018e+01
-5.032753636585900381e+01
3.578806673944117733e+01
-5.087774544241014496e+00
-2.273174750232897878e+01
-1.420619598590134558e+01
1.038020370820703420e+00
2.533366511505225560e+01
-4.170968208401464494e+01
-6.683624834317498653e+00
-1.144040627862965209e+01
2.530126127806275349e+01
4.723786057126142168e+01
-5.622044294786400087e+01
5.260403232588640776e+01
2.352017204634027792e+01
-4.222818008517648281e+01
-1.808063766027729002e+01
4.480232564709390886e+01
3.359168857524230134e+01
-1.180080271727467789e+01
-3.334249936838858730e+00
8.121914785451423313e+00
4.222401297137970744e+01
-3.213110938651962556e+01
7.200922344509862683e+00
-4.707769796878011448e+00
1.546110546454684709e+01
-4.104894374876458585e+01
-1.862345201024965036e+00
-1.721563747358605312e+01
2.700911245402106431e+01
2.378860599978064272e+01
-4.936739325824873958e+01
-2.703168394319177992e+01
-1.220550219346529275e+01
-2.404813511248085689e+01
-6.606145059371968387e+00
-1.152286262867748690e+01
2.544263968261043374e+01
2.378838701249108567e+01
-1.246029318243586204e+00
-2.591663025848477275e+01
-4.807641388034898000e+01
2.686548118451628397e+01
-2.777573517305965822e+01
-2.055460078808874869e+01
3.365414478814557242e+00
-2.029890262697914949e+01
-2.209952149689118528e+01
-1.621200202709249538e+01
-2.710669844467111034e+01
-1.465473030164092449e+01
-2.938902230404056581e+01
3.167514491579424885e+01
3.475368900161753061e+01
-3.720941481663373906e+00
-1.242085875599087785e+01
-2.308162070970070090e-01
2.573435228772541450e+01
-4.863768593904383408e+01
-1.128621087403999468e+01
2.783716959629799703e+01
4.006259238387484345e+01
-9.472525889175216207e+00
5.642741599089163174e+00
3.101313437532627404e+01
9.386840180220673346e+00
-5.612072137943187045e-01
-2.513794744723998065e+01
1.140257210461891191e+01
-1.962632265638879403e+01
-5.999484617138875819e+00
-1.096063559856787606e+01
-9.305781613286626452e+00
1.279694991932609582e+01
4.473540801468406869e+01
-1.393535564936343008e+00
1.935198706757432774e+00
-5.151422469034275764e+01
-1.074949388769249481e+01
-2.035860092484162465e+01
-7.898717230037277659e-02
-2.649377033536811155e+01
4.825656237644605540e+01
4.592888574508208421e+01
7.969412208856880397e+00
-1.117657496093747227e+01
9.368339972634501578e+00
1.169386462120020553e+01
-2.696081937486402325e+01
-4.732781908764820855e+00
1.070638325630784493e+01
7.545300063984043959e+00
3.115457924635788345e+01
2.289686667481092286e+01
-1.200035565208952448e+01
1.474207162190113252e+01
-5.612066935092041575e+01
-7.317688939525126557e-01
4.937043496583353885e+01
6.775444451029386528e+00
-1.169139410786385724e+00
1.728309203897470070e+01
-1.616435914824916509e+01
5.088799071665457063e+01
-9.409906143188166538e+00
4.551611905829264515e+01
2.214493966594010033e+01
-2.292616882462112926e+01
1.831230095753645060e+01
-1.729541488408816008e+01
-4.091752029791615541e+01
-3.649918419230942845e+00
-3.153554896827732534e+01
-2.975300076071391686e+01
-2.783135228788339077e+00
2.045324576695327323e+01
-5.481499648912432576e+00
-1.773797798600099895e+01
5.073680533910732038e+00
-3.917080543869539611e+01
-3.974490454079489865e+00
-4.697503896741420704e+01
2.772285101059028989e+01
-6.991764098609536404e-01
-2.826954067023831385e+01
-9.456971344040880467e+00
1.047399921197845174e+01
-2.000747651010046013e+01
-2.583895658608585677e+01
5.337571291864901468e+01
-1.373147170320856958e+01
-2.284056428009239426e+01
1.547137233561656444e+01
-1.000328091413160081e+01
3.095247351963096705e+01
-2.564773730265471841e+00
3.927450239022462597e+00
6.121641328667334392e+01
-7.066008102943271751e+00
-2.077812800842343677e+01
-2.444111970818585178e+01
-2.887334350470138133e+01
-1.937736904604713573e+01
1.539807146673575744e+01
1.537367932745860344e+01
1.267968561437950825e+01
4.164846094917163555e+01
1.853126929464195882e+00
1.185084402752623589e+01
-3.606527286607494887e+01
1.507329261719291935e+00
-1.059305479715504816e+01
-1.509965252631133126e+01
-1.959335120571779498e+00
1.913196158208515385e+01
2.166816528531796848e+01
-3.956562034086914537e-01
6.864339868819911317e+00
1.566122047333030309e+01
1.981610399382702781e+01
-1.383420592108635105e+01
-7.137391491903258611e+00
3.938082443672925592e-01
-1.310985642833952625e+01
-2.900710423377660163e+00
-2.035906791962585771e+01
4.500530397188650511e+01
3.645007151019734692e+01
-9.222751397424644892e+00
9.077077141928612036e+00
-2.629342287559275348e+00
-1.701312303004098681e+01
2.026098292853716742e+01
-5.397517879569022625e+00
2.266351937675810291e+01
-2.973002846543244715e+01
1.017835481002470033e+01
-5.605547701774639791e+00
-3.057828829760882172e+01
-1.381661478986495695e+01
1.515029657027654508e+01
-5.192295958384674748e+01
2.441492752859221582e+01
2.649187876360466021e+01
-5.672530448217090182e+00
-3.388017125855299128e+00
-1.766535221123376687e+00
1.421689414308082178e+01
-1.854739133079829116e+01
2.050053429735989852e+01
1.735783067876110408e+01
-5.590184458700872483e+01
-2.012089253735533134e+01
1.350338272144750107e+01
-4.865600818598011301e+00
2.466958783015176948e+01
-3.622061403333725593e+01
-2.995412533851379067e+00
-2.378906172002217900e+01
-7.312006063727896787e+01
4.371927918836165361e+01
-3.322168871026832448e+01
-3.479844288858519974e+01
5.072365097079384100e+00
7.374977934034896521e+01
6.556394942631840195e-01
-1.598942760655950224e+01
-1.762482092324091809e+00
-3.106383915864306289e+00
-4.875144624661935211e+01
-3.484322941170827903e+01
4.660669163295678175e+01
-5.826994294360872573e+00
-2.142963651268431136e+01
2.808565025915004298e+01
-2.040153812173557313e+01
2.100848788982659698e+01
3.025475304115030895e+01
-3.248868164151649296e+01
-1.599431850790438148e+01
-1.975874878653331734e+01
-1.015486663227372333e+01
-1.005566396129671602e+01
-5.915129672119348925e+00
8.127901277271405434e+00
-1.941734992957002248e+01
1.614733900105768782e+01
3.296698096302551306e+01
-5.136746513539726777e+00
-1.155426373072128854e+01
8.271044756337261106e+00
3.182871100104551942e+01
2.968519154309672103e+01
5.523468879291726807e+00
-3.168097334439039514e+00
-4.959694315679755050e+00
-2.888777855945565420e+01
2.187768713808705456e+01
-1.273149272884218419e+01
1.130882188967910906e+01
-7.934467875915515833e+00
1.534602216715893519e+01
1.040759834864857680e+01
-4.582075891836345249e+01
-1.515773615102392569e+01
-4.468637692705181053e+01
-2.031938626194812514e+01
3.040690683533220806e+00
-9.780130796931899795e+00
1.856614553322143024e+01
-1.704067904815269685e+01
2.087017217521179191e+00
6.098707987000921094e+00
4.027226532704185047e+01
2.041828495648447017e+01
-1.717777261430092040e+01
-6.881027478192152103e-01
6.934250251886226124e+00
2.177612778721175246e+01
2.357012932964153151e-01
3.105231002150861741e+01
1.282393948781206205e+01
5.146272759655164464e+01
1.111255084301973284e+00
3.724374308181620563e+01
-1.533631678062636183e+01
-2.145322581681615759e+01
2.530978053601529609e+00
5.330404353892163272e+00
1.524113114853474826e+01
-8.050747758558429723e+00
-7.778107177328855926e+00
1.472135216050407536e+01
-2.756031107435961758e+01
-3.131572715883136482e+01
4.500239110563791201e+01
-3.371329754639532439e+00
-2.223713354969088840e+01
-2.306038266599600206e+00
-7.637204444692542893e+00
2.412806833819763597e+01
1.881794336199376971e+01
-1.144582892537636098e+01
4.517765001418609927e-01
-1.505214825042634175e+01
-2.005196096434093533e+01
-1.523006752995729585e+01
-5.491930914115759776e+01
2.219718095014400205e-02
-3.661600804414075583e+01
-3.163715682423645603e+01
-2.118782220704815700e+01
1.087461665594037186e+01
-2.073206783244376084e+01
1.312272844043689446e+01
-3.478296605538817943e+01
5.957118800283751625e-01
-2.354153645505355286e+01
4.832267669354521900e+00
6.389368682913271869e+00
1.895417207984144170e+01
-1.191706133501108411e+01
-9.111703884432643008e+00
1.677381220496528869e+01
3.368211043091383772e+01
1.865608980791944305e+01
4.704822858254487983e+00
-4.075503619043099235e+01
-9.632344433951175233e+00
-1.791646534025369419e+01
-3.435293984983462678e+01
2.296251680964059005e+01
-2.059477153801293525e+01
-1.878663833685493501e+00
-1.593790936556671056e+01
-5.666914095651765138e+01
2.942161834685413169e+01
-9.987987212313100827e+00
2.300880775447802762e+01
-4.058514198829466579e+01
3.828480371677525795e+01
2.086279175862983948e+00
-1.636334025296606853e+01
4.856313190375914246e+00
-1.183192748916204096e+01
-3.725834684299297805e+01
8.253780107873325278e+00
2.021626825982342268e+01
1.001463228741386047e+00
-2.059529930937475228e+01
-9.285172173768017956e+00
9.981323192663154487e+00
1.814487968709494226e+01
3.582053366157289531e+01
1.342968164971307488e+01
-1.320970613277529537e+01
5.418817799983067118e+01
1.363456318904291464e+01
2.411806252006534379e+01
-1.033935212791686808e+01
1.593259664921585284e+01
1.111429279624552180e+01
-3.523081767224527994e+01
-1.171904233597480527e+01
-2.322452687893420986e+01
-2.093940229269799147e+01
-6.847805837850557964e+00
-7.854985423136099598e+00
-2.394672736182690187e+01
-6.298486005715493263e+01
-1.640182190025604569e+01
7.119752604695406717e+00
5.165168708866303859e+00
7.882953846798272934e+00
2.634784962620773285e+01
7.995343483553440933e+00
1.845305338594243949e+01
-2.370767913837080698e+01
2.595871324319250562e+01
-2.583445064555419890e+01
-4.083462044543011871e+01
1.246400159002666896e+01
-2.449791903603878040e+01
-2.231718830442468970e+01
-9.008530930082633859e+01
-6.568581593992902867e+00
4.632760579512944332e+01
2.408927211060169071e+01
-5.803746395469090658e+00
-7.832579157958832639e+00
2.142523304330617862e+01
3.777836265522626036e+01
-2.364926478091273765e+01
-6.150494686487036233e+00
-1.931500638061123709e+01
-1.993414700728862954e+01
-1.749009610576575113e+01
7.219595369256708750e+00
4.020872034084158031e+01
-3.707034935999899972e+01
-3.188970131019860332e+01
1.864302883991115323e+00
-6.040586941056204751e+00
-7.639877812400825974e+00
-5.123448550526649115e+01
3.569114156430623552e+01
1.360541740838755231e+01
5.289969066465495473e+00
2.753579972828480038e+01
-1.862136508099255039e+01
1.760776797619612211e+01
1.582105344076674669e+01
2.111720229679633576e+00
-3.480962771003433431e+00
5.024864157717871649e+00
-8.969406598486827420e+00
2.878273123419552348e+01
-2.278014879564571515e+01
2.446870193189317888e+01
5.494323721074124478e+00
8.198219318932359556e+00
1.288968747157866801e+01
-4.937984109720687798e+01
4.750953598563427249e+00
-3.807133072779271288e+01
-2.784454009853859446e+01
-2.785218115677960782e+01
-2.835689991776891361e+01
3.078108006317847867e-01
9.508729193161144622e+00
2.829157342653509488e+01
4.923238637005084684e+00
8.160278355028783182e+00
-3.988509428960071546e+01
-1.452117194313672144e+01
1.935442038286345223e+01
-1.122015828162567175e+00
-3.585818828804576697e-02
-5.074976651264137217e+00
1.990018994220366721e+01
-5.187203567301867224e+01
6.423242005530660492e+00
1.154357008690143971e+01
2.455853793169947252e+01
2.102793916830113119e+01
-3.215455134989122143e+01
6.417420676377219024e+00
3.325894316444262699e+00
2.723538582282913012e+00
3.347341817945562070e+00
-1.072662272970612207e+01
-2.007576530628131195e+01
1.075164901052906430e+01
3.414511663783844142e+01
-2.821515907942966805e+00
6.602741689971651340e+00
9.618477707203453519e+00
-1.460565209338037107e+01
-1.543335543080007710e+01
-6.782523912327340554e+01
-2.101375560818323152e+01
-3.101862242393585234e+01
-3.823245801111056608e+00
-3.835190452421753093e+01
4.266102228563613608e+01
-1.779233217048721372e+01
-3.042986791893184773e+01
-8.787529085107689752e+01
3.777846656047347551e+01
7.570976277047577696e+00
3.410213060363503246e+00
-3.558023230719095409e+01
5.006994107311356856e+00
-1.127382243663589634e+01
-1.859882839063205040e+01
6.601409125986357651e+00
1.916234883687326374e+01
4.164941463899694440e+00
-1.206547789929231840e+01
-1.215643706850073613e-01
1.584143777752757387e+00
8.904731488887307478e+00
-3.612528418129035401e+01
4.095641361945844494e+01
-2.433404267569783741e+01
-1.698688793445293399e+01
-2.780274115283418723e+01
-5.905681584239402326e+01
5.113959100830811622e+00
-2.971862456032584987e+01
-1.083933873502314071e+01
1.852465567201414842e+01
-1.469277400082140161e+01
-2.009473791661889663e+00
-6.678871996577086634e+00
-1.143127229499009445e+01
1.801678107014538455e+00
3.080202165024792293e+01
-2.858786685496030344e+01
5.652233565398233850e+01
-1.284271097128899441e+01
1.900194587087771936e+01
-7.812211529788498865e+00
6.478377393608045764e+00
-6.166058704039727445e+00
2.491327752946511964e+01
3.482692548182012615e+01
1.087094398824552144e+01
2.620230345619927448e+01
-2.019224202128928880e+01
-3.725723274231111048e+00
-1.269929849130915045e+01
3.890959646880301648e+01
3.267972933298176486e+01
2.467582182683185010e+01
-8.768065808632854896e+00
-1.579496134601097879e+01
1.410885768054433953e+01
-1.591421218565656659e+01
-7.039990848603224549e+00
-3.294032659606912716e+00
-1.677001683791540643e+01
2.821702593141958459e+01
-4.682754803099136609e+00
2.152311009198716363e+01
1.106772815394845821e+01
9.811907660572501300e+00
-1.877178752307229104e+01
1.505209183952814556e+01
-1.034470660240322104e+01
-6.654850522172267802e+00
-1.771233158652279371e+00
-2.731887815588032709e+01
4.230854589048902881e+01
-1.513862028786402192e+01
-1.765265307113963900e+00
1.262162513485088056e+01
1.089588433167824633e+01
4.205609684343340149e+01
-9.838180657499378867e+00
4.275663829786807923e+01
3.837813514342654742e+01
-5.317835107813294826e+01
2.884593209623183441e+00
-1.051131049051096511e+01
8.843912722443008079e+00
3.328749195607073830e+00
1.127668641615957767e+01
3.537048398223389967e+01
5.535483094071502563e+01
-4.263161903091267391e+01
4.290607900980876366e+01
-5.554068618637563759e+01
-4.606667503869411462e+01
-8.197610275852241557e+00
7.450316779537047296e-02
4.136234555014007697e+01
2.028592013407131844e+01
-6.832983073642111549e+00
-5.060987551115130145e+01
4.003092546739945590e+01
-2.371777077659027100e+01
1.047073376975447445e+00
-4.014369459750383839e+00
7.148627431102613627e+01
-1.438482055991946140e+01
-6.054754863532286890e+01
1.779393942347314805e+01
-9.229897826385067106e+01
6.552666625321322158e+00
-2.071294656938651713e+01
-1.042477227688638308e+01
-1.540233677618880392e+01
-3.316193765257716564e+01
2.169588993625038142e+01
-2.152908183724951030e+01
-6.651024072996904124e+00
-4.475083430275282126e+01
-2.486407326261655726e+00
-2.965848927302688764e+01
-4.229407249788118861e+01
-6.446366757318787677e+01
5.208600101138955552e+00
-2.016724606606953785e+01
3.513832427251372792e+00
-7.970235996244298349e+00
-4.609168031030333168e+01
-3.685045260933802069e+01
-3.094383194755414479e+01
-3.212238469160550380e+01
3.022023945898337871e+01
2.934124126502709373e+00
-2.824875294567819140e+01
-1.230109901094840552e+01
-1.394058446069615798e+01
2.281124797275522553e+01
-1.765567940832383087e+01
-4.354508314696644788e+00
-1.588902278585175054e+01
-2.031374325379242407e+01
-2.293176587233136843e+01
2.097670342085987727e+01
-8.773663077028999169e+00
-5.247195663589866399e+01
4.376664476917534330e+01
2.498433775323666595e+01
1.498158681466350117e+00
-4.428388134199309434e+01
-4.249962375302646933e+01
3.953072685811207521e+00
4.245804329759437223e-01
-1.800485802290404536e+01
-2.601331623868664167e+01
1.784220842895911119e+01
-3.150050564995382274e+00
1.495027927776010301e+01
2.776825179957643286e+01
1.805367855552992751e+01
1.810747641664937646e+01
1.355202802726929967e+01
-1.188189134949817571e+01
-8.457002937319316516e+00
-1.228937444250370348e+01
-2.083616913239831092e+01
-2.430087542833439329e+01
-3.616979183675950082e+01
-2.113430549192692354e+01
-5.783787076326333931e+00
-4.363129142929562931e+01
-8.115370348255964927e+00
2.067578016922060158e+01
-4.482660429282259429e+01
1.691173356625802171e+01
1.524123312967540755e+01
-4.079295974406034020e+01
-3.220795344122950610e+01
-9.747301520428678145e+00
9.965095145450206360e+00
-2.235948329677449919e+01
4.109512127838577555e+01
3.648086880659070630e+01
-4.389205750916744364e+01
2.541059210761295617e+01
1.975547775987507748e+01
4.991080647402554860e+00
1.229665585378189974e+01
-2.431806314793529111e+01
-7.441137998971740330e+00
4.719461640975566752e+00
1.092921207621112956e+01
2.405214814882351959e+01
-2.919255055871516191e+01
-3.421245224409119601e+00
8.511377503734919969e+00
3.009011569273980058e+00
-1.698113003280010957e+01
1.241594787489029272e+01
-1.453780589594751405e+01
-1.165079376403973299e+01
6.464701571820512527e-01
-3.460734697011392313e+01
1.677796036638149246e+00
-9.585096286306509228e+00
-7.882745394001801742e+00
4.801772779820737469e+00
-3.088938398171140420e+01
3.373922140099892886e+01
-1.434030477074770715e+01
-7.590324837845273009e+01
-4.860543968115524649e+01
2.106520955595846090e+01
-2.301280339270590503e+01
-1.074813108123089478e+01
-1.497722833532242248e+01
-1.042805733348201613e+01
-5.741055865145273174e+01
-3.586490626063607579e+00
-3.545136569252400704e+01
-1.958724791818406175e+01
1.211032196183987253e+01
4.477815147301896559e+01
1.595302071978203173e+00
-5.377381368810034701e-01
3.392534639725441536e+01
-3.153113987057525947e+01
1.817711524299831183e+01
4.324601793803807936e+00
-2.713885943106163268e+01
-1.451869267882426584e+01
1.269304506447178937e+01
3.474872991204662753e-01
6.925105847098485867e+00
5.898092876759307046e+00
-1.349585489967128638e+01
-1.842515365182225651e+01
-2.842695643896166757e+01
2.807268697715474559e+01
-3.676312373316245186e+01
-2.728678627224775255e+01
7.128126041875930241e+00
-4.957872125801607410e+01
1.281280641103055018e+01
3.649072648921844575e+01
-4.152840974713377875e+00
6.624265400740839027e+00
-1.639175013393656855e+01
-1.252328453007007170e+01
5.954599789054725534e+00
2.166951260450951011e+01
-2.211469337203469721e+01
1.537195269309319201e+01
-6.043220891934367955e+00
1.739240144867636673e+00
1.320752911685691799e+01
8.518438717529903670e+00
-7.320958591855870168e+00
1.599045661351112813e-01
1.095039660687103833e+01
1.626654061034301435e+01
-4.089928063994962315e+01
1.821244037820974881e+00
2.938694548402829199e+01
-5.262980549963742760e+01
1.731954283835283093e+01
-6.647547733486688060e+01
-6.132869927194946058e+00
-8.449740431736017854e+00
-2.930103311799143739e+00
-6.918139879716875384e+00
-1.436370423757534809e+01
-5.422837679988731452e+00
6.853690624089708194e+00
-1.514961205019863044e+01
6.871963302917492911e+00
4.992175890166936369e+01
-3.453297939112104586e+01
-1.506998430901100505e+01
2.266162400477307415e+01
1.366534882264383555e+01
2.490294565920137870e+01
1.199029747022753156e+01
1.203993546871209475e+01
-9.142306629859660916e+00
-2.796797631579083543e+01
-2.574955573043558843e+01
-1.538091003152549519e+01
2.654883604564730604e+00
-2.401847547981304842e+01
-7.944914681466457296e+00
4.162987889694818477e+00
1.356399094509430370e+01
-5.805643764058448397e+00
3.396165684048105504e+01
-3.293935532085950513e+01
-2.224654008316633735e+00
-1.786473394489721755e+00
1.567828638765602989e+01
-2.238109950330733966e+01
-1.416778309029419347e+01
1.069608561264885438e+01
2.560850776246756766e+01
4.249432406313970034e+01
1.819102900221750474e+01
2.379594292328263805e+01
-1.589839130821514956e+01
3.580832095692420580e+01
3.758197282810334627e+01
-1.448042262423427928e+00
1.943250131638947664e+01
2.146543849292446282e+01
-1.335646321720504659e+01
4.814272661781046736e+00
3.450258390682432719e+01
-1.371356131715913307e+01
-5.196119130189686075e+00
-3.428363657606566761e+01
1.350661555301397243e+01
-7.277373984457724987e+00
1.121981632513308114e+01
3.342969232770414578e+00
-2.262981538317698238e+01
2.589385067721110545e+01
2.278037333929296437e+01
-1.526016947890074960e+01
1.080046096741408945e+01
-3.464687683188986966e+01
-3.017087824909697247e+01
1.407635084275040072e+01
-3.870566165696421024e+01
-1.747438467999445422e+01
2.951124335064037041e+00
4.694597387735284855e+01
-1.442624091709538448e+01
-6.949535311153880457e+00
-1.022411030054846037e+01
6.362950708305656633e+01
7.967413077070652605e+00
-2.442748435402151586e+01
4.018029308276999245e+01
3.557798007517922656e+01
1.785111745042866005e+01
4.263716223472493994e+01
4.873646059294064514e+01
-4.256676434526646347e+00
-1.572903397525153935e+01
-1.645902567623897994e+01
1.635631403799756356e+01
2.127210479896712059e+01
-3.892234713322352491e+00
-1.312478410727089795e+01
-3.462546175355760170e+01
-1.432830260565832248e+01
-2.561605456331119512e+01
1.708206726231364314e+01
9.677262034629279697e+00
3.612711341870493698e+01
4.206332429614320745e+00
-1.335262673155136781e+01
-4.809877105310617296e+00
2.240002097116640556e+01
7.082767400685327175e+00
3.087917822165545090e+01
3.159813629725198325e+01
-6.849780469804159111e+00
-6.090719223464148513e+00
-5.693147458116749249e+01
2.868393986942459861e+01
-6.818166186818643837e-01
3.068670414161746862e+01
-1.228911026980080123e+01
-3.539536830463386963e+01
1.193049903557468738e+01
4.129791190850190219e+01
-1.485066633612318299e+01
3.744218514874620496e+01
-4.122021779432195387e+01
-1.304804238193312926e+01
-4.602002836600934188e+01
1.082193378692880970e+01
4.591602829108808237e+00
3.067312180210194583e+00
-3.517867549193749710e+01
5.122308417989046347e+01
3.067282598472712607e+01
4.967275822669535046e+00
-2.915593208353249111e+01
1.223978615917746993e+01
-1.319403707017382033e+01
-6.998066043067467490e+00
-1.352439782104482902e+01
1.036959837870291778e+01
-8.147875108201560579e+00
-1.138668890153113011e+01
1.176798358734356498e+01
1.464263792343758297e+01
-4.845358946260341781e+01
1.120903740525773173e+01
3.812946823312007893e+01
2.270757752678377983e+01
-5.938338890903226641e+00
8.742987195145204282e-01
-1.983482226294808015e+01
3.279480741842411362e+01
8.773750675353426232e+00
-2.345709028126350404e+00
-4.184335083446342196e+00
6.037402955241987002e+01
-1.811270534522606113e+00
1.382906820354588717e+01
4.211639967108501992e+01
5.430902190763450932e+01
3.505258134966771877e+01
2.288560933367119787e+01
-3.743360517886281968e+01
-2.556044851222864622e+01
1.943402391620358571e+01
3.898434082303595005e+00
1.783195077730047728e+01
8.931735057044136283e+00
3.464198814234174506e+01
-4.364266127434374454e+01
-2.748231194939450006e+01
-6.485147883374793309e+00
-4.816917414423436838e+01
1.073660817439824200e+01
2.478104351351542789e+01
3.835453376244231549e+00
-1.247627143153960105e+01
1.304444149373034634e+01
7.772626394113433435e+01
1.739790271609825822e+01
8.883999697682213537e+00
-2.645029175130753174e+01
-3.371021917456783967e+01
-8.246155715186610280e+00
1.857276162730812530e+01
-3.375869775985506749e+00
1.334535513803935913e+01
1.960562213264637421e+01
-3.215236424358235467e+01
1.471598937816548869e+01
2.483051342283465601e+01
3.174776976226553415e+01
-3.711668411099424247e+00
2.616314925168580885e+00
-5.628122960459037927e+00
-2.716700416275062935e+01
-3.903280295082925022e+01
4.466006045566248162e+01
-4.366110878143842911e+00
-3.106982018929528522e+01
3.032376640092408593e+00
-1.456434048625926891e+01
5.096618666545182919e+01
-1.305198188064167653e+01
-2.011841374217277689e+01
1.951712797279054712e+01
-9.225588279884732401e+00
2.503299392226114151e+01
7.185918388569518811e-01
5.457540924451117803e+01
2.957611592987279181e+01
2.232509337199516608e+00
-2.089995477215114761e+01
1.544097051113897123e+01
-3.026902986490068059e+01
-4.878782639042427149e+00
3.441117555999187516e+01
-1.568908125132327314e+01
-2.519035284083966530e+01
-1.357593754822377718e+01
2.807224089008389001e+01
7.104519511028044576e+00
-4.655485729656292904e+01
1.870302805774454669e+01
5.264792011064429289e+00
5.193073350243452069e+00
-2.822674849295691502e+01
1.644133062963561542e+00
1.897474421051521176e+01
2.692596440312995298e+01
3.696073120449680260e+01
1.624006622912439823e+01
2.233784865947697540e+00
-3.033318135786507241e+01
-2.621188606828937395e+01
-3.877526068244469570e+01
-7.372688140867580842e+00
1.781252053005090374e+01
-1.404474354136105774e+00
2.878906833465714499e+01
-1.837530151278508583e+01
9.200454990880189143e+00
-9.771219483282763463e+00
-1.675710557317452043e+01
3.433083968396520902e+01
3.960492725714118478e+00
3.531891354652935888e+01
2.720463503065445821e+00
1.251138692191883273e+01
-1.001484284731856178e+01
3.410867469101147265e+01
-9.321292126188382099e+00
3.284805019197447606e-01
-4.385297442287341596e+01
-5.387459117377972007e+00
4.016030736179831706e+01
3.595549386824609428e+01
1.507196744122178700e+01
-9.291742209152715759e+00
3.070764649469552410e+00
-1.175546853146030912e+01
-7.769346551344099794e+00
5.190887644510385712e+01
2.777170590891330448e+00
-1.475373893899745781e+01
-6.093982349670068999e+01
-2.672849916593927588e+01
-2.158042785651859674e+01
-3.607429987076511679e+01
-3.268694187784183214e+01
-3.891380040116698069e+01
-2.580975321061925598e+01
-1.786552058875054172e+01
-2.777060885750704244e+01
2.637472215037666601e+01
-1.170378745783477825e+01
-4.978724129076169902e+01
2.265784989789588622e+01
-1.716077791189698232e+01
-4.567019317292148628e+01
5.466718033773005914e+01
-1.463186751774197703e+01
9.658263773618045889e+00
2.257895528532833396e+01
5.061786264849786221e+00
1.492978624818724143e+01
1.813963846031356297e+00
1.106408647129359935e-01
-8.343238956993019428e+00
-4.247835038913598282e+01
6.709173420776380681e+00
-7.020267091640050694e+01
3.994569983731672380e+01
-2.397770768686731913e+01
-9.925859247218710379e+00
-1.023671558681667193e+01
8.476669898819331195e+00
-9.637964882054745885e+00
1.525509574323349682e+01
-3.115233801482703768e+01
2.022690729025575251e+01
2.433396411491844802e+01
5.930736379070637554e+00
6.442317909545664634e+00
1.220000975589688608e+01
5.111376140422549952e+00
1.561327969683219408e+01
-4.514043096738618033e+00
-3.961789986903613681e+01
5.429004524403097776e+00
-1.404952905345862746e+01
-3.055966442628573532e+00
3.116990746954905944e+01
-4.538818660452099607e+01
8.041173387125013505e-01
1.171000838674615352e+00
5.156172604388018499e+00
1.771386114290031344e+01
-6.893479460260209635e+00
4.693645000851216764e+01
2.490518888759807226e+01
-8.688911290956340849e+00
-4.291936830493028765e+00
2.128475374210580640e+00
4.353511653235142376e+01
-2.990943856749311180e+01
-5.824932458009755010e+01
1.742663999026464694e+01
-6.879460286670749269e+00
-9.463384900437745273e+00
9.375387747838601626e+00
4.305115614514801337e+01
2.511151963205620063e+01
-9.092050252603826266e+00
-2.976797022118054770e+01
-4.829196822742673589e+00
1.600606100797432774e+01
-8.669891278599209272e+00
-4.225166607960306919e+01
-3.440321406752602229e+00
-5.406676356167633912e+01
-2.874731303189113873e+01
4.659537945930215130e+01
-2.956965690493582599e+01
-3.881082083209190614e+01
-2.930612949934492661e+01
-2.097852132738390196e+01
2.055454037184532012e+01
4.790459705651346667e+01
-3.735403884025686239e+00
1.471237866423452090e+01
-1.205962324997778978e+01
-3.952137469752877053e+01
2.676998260702453436e+01
-2.687140039335565689e+01
1.488475474750657668e+01
1.819036603976203992e+01
-6.068479012978173159e+00
2.156461825789548925e+01
2.346441779592246490e+01
6.468438824026623024e+01
-6.800477738889810553e+00
-2.947739777620563473e+01
-3.587050934097919708e+01
-9.743764477065674612e+00
-1.913305048727156077e+01
5.394794445035398667e+01
-2.503871897033809546e+01
6.558725691660512780e+00
2.789641898280649457e+00
-1.254932962977051147e+01
-4.846275527196030453e+01
-3.585877061195276383e+00
5.628613249389293571e+01
9.902651577977913178e+00
4.295141249188020538e+00
-3.295263314341455896e+01
-3.278109602972358516e+01
-8.016222026036842863e+00
2.624287937160397632e+01
-1.454684143331371615e+01
5.871900030062519704e+01
-2.762616734920166550e+01
1.074156820693352188e+01
-7.847143904150300386e+00
-3.700413623875303415e+01
2.487038822180437592e+00
-2.928977095178015588e+01
-4.219840525746252524e+01
6.329526149349931075e+00
1.083786622256923238e+00
2.984823118130395869e+01
1.350866504900037768e+01
-1.919616193377877877e+01
1.233730470858296258e+01
-4.997451368655657689e+01
-2.733793048004974935e+01
5.101004919160383366e+01
4.714719789484760781e+00
-6.047450675966445033e+00
-1.701114247504665400e+01
-2.492183153673636298e+00
-5.630285041605532115e+00
5.089973119796988499e+01
2.379406654278134425e+01
-6.756376274657327485e+00
-2.018809043791577551e+00
-2.248076781266184909e+01
-8.977416419790699820e+00
-3.598863022085188845e+01
2.825304454601955939e+01
3.998938120299555976e+00
5.882960821977064825e+00
1.021646798384722388e+01
-4.589676709515622122e+00
-1.174875497654213774e+01
3.049161489042361950e+00
-6.182481494500552799e+01
-8.854907524198665669e+00
-5.851867713835360973e+00
-4.406931896991068243e+00
2.755449292955010776e+01
3.714035935941604549e+01
9.863928773293594077e+00
-5.439212892058979065e+01
3.555498155536736249e+01
-1.227115569169927767e+01
-2.139570027318387702e+01
-4.984276111641386819e+01
-1.723623986403097774e+01
3.546391163262566693e+01
1.747789536907413321e+01
5.821780096779207270e+00
1.925408458102535292e+01
-3.331691127021809962e+01
-2.658474337254148168e+01
3.226497258989880379e+01
2.225023066273470818e+01
2.745328059798939080e+01
2.773117320452314516e+00
4.850583861238362715e+00
3.114136300133327495e+01
5.519401995020561458e+01
-1.193664414294582343e+01
2.201602288763842807e+01
-1.475149802904456919e+01
-2.506873348921366329e+01
-1.980127781795599162e+01
-1.989095801776275607e+01
-8.249185793354172347e+00
-2.715651661279778750e+01
-1.120335899496942034e+01
-7.753324215510131978e+01
1.937319393772295939e+01
1.267044495223861844e+01
-2.691328994858814383e+00
-2.219134728847654969e+01
-1.058308651268910694e+01
-3.134435062280164175e+01
5.632043579895167795e+00
4.602702056468422143e+01
-1.257784221381200496e+01
-9.653898318009154877e+00
1.195995285254804230e+01
-2.916682058415748102e+01
4.836941619801122982e+01
8.409154336588059664e+00
7.911284083817292867e+00
2.828296292051783212e+01
-1.432442408186346938e+00
3.196127974695616558e+01
1.079365001013590586e+01
-2.252152656611784209e+00
4.693717630890432702e+00
-3.641527433631637223e+00
3.782366037467380693e+01
4.911031390331032753e+00
1.037726321934030693e+01
-6.636462495979458254e+00
8.013603966946277524e+00
-5.263829751227279985e+01
-2.013039979919835787e+01
-2.781417683538569463e+01
2.709733223457445206e+01
-1.826991708554726301e+01
-3.424741190914784283e+01
3.302037759957437402e+01
-6.965711752419764480e+00
2.312046276910223241e+01
-5.141056975564004006e+01
1.062418591056526473e+01
2.959038771552101821e+00
3.451810705732441420e+00
-6.611556969197067701e+00
-4.141177489718870675e+00
2.894070169924963665e+01
1.059650275394631080e+00
-2.890578821725392800e+01
-1.069376174674641788e+01
1.256086606455465926e+01
-6.557198252182350018e+01
-5.016327836042051302e+01
7.385004958273952980e-01
7.984545780764818801e+00
-2.677816001276897850e+01
-1.095834325030750733e+00
5.990381583098587726e+01
1.598610629909813952e+01
-3.065496777916246174e+01
5.322054452436930205e+00
-5.276253156765257302e+00
7.128484778467040428e+00
-2.024686880391976729e+01
1.251811443544258751e+01
1.496233765151350781e+01
-3.949977915189606392e+00
6.347736542566154583e+01
-4.503435810140160811e+00
-1.799563202879636492e+01
1.358230181822807481e+01
2.442312113628190673e+01
-1.925404024136460635e+01
-1.030424677960244395e+00
5.568429033476365930e+01
-1.589940843172144014e+00
3.336130113451895340e+01
8.331961508481327883e+00
-3.986982962283683207e+00
-1.287255501094432475e+01
2.968127356156843177e+01
-3.179229916671592093e+01
-6.207232397648283495e-01
-1.034892331373964680e+01
-2.258971966731856185e+01
8.501770485049675585e+00
1.509247336775529647e+01
2.454772873823117152e+00
-2.498660756576782660e-01
-2.260147387555576870e+01
9.206769860913865955e+00
-1.877795150703633453e+00
-1.287755431639011050e+01
-1.146354218642250089e+01
9.426552778422887968e+00
-2.144624747829652733e+00
-2.150058675802600305e+01
-6.196254556170433148e+01
5.896132951096731745e+00
1.098750115194521015e+01
-2.753818601161850665e+01
-1.355272214125227492e+01
4.699738734448081345e+01
6.359632302505744406e+00
2.243856390534102729e+01
4.894139768000641766e+00
2.264233736730906799e+01
3.250578186149823523e+00
-2.215412673702998347e+01
-6.145853509321156594e+00
3.087896161349704016e+00
1.787790405357358736e+01
4.289934906673320825e+01
2.795221313622579373e+01
1.718808025780816706e+00
9.672868210714170800e+00
3.444032594719855922e+01
1.501622348776650995e+01
-3.944060865112791703e+01
-1.568549902663730222e+01
6.393806199238241561e+00
4.843573640079569032e+00
1.400951012519645644e+01
-2.946517768283948158e+01
3.983951079719936672e+00
2.457585261331254856e+01
2.718958832162545036e+01
-2.443371872905501618e+01
1.120138211828702879e-02
-1.274032830933492733e+00
-9.709502959853011816e+00
-1.613925396994259387e+01
-8.785861189898497514e+00
-4.970476435800541992e+00
5.746888499913382020e+00
2.405115676693552018e+01
-1.755285290826211053e+01
4.602417375912352782e+01
1.866583750091112393e+01
1.527127947287152665e+01
2.015556637499459569e+01
1.543439050982847505e+01
2.063708750868718766e+01
3.112696562396409661e+01
-2.592124551634093166e+01
3.540785217531276885e+01
-6.489256890782715459e+01
1.802037984460168829e+01
-6.079835456446420494e+01
4.743868786971319196e+01
4.291057409346655049e+01
-5.330215686216035920e+00
-2.740443784107102942e+01
-2.412626864325207521e+01
-3.130927550691581018e+01
-3.604217504130261318e+01
3.217330863345046055e+01
2.393224014578281356e+01
1.360252216060524688e+01
1.613011278560782102e+01
2.536879458601478632e+01
-2.228272319740960938e+01
-1.005774765786077296e+01
3.137869600741940701e+01
-7.435350585910867949e+00
3.034607909109975310e+01
4.236192650868891008e+01
-3.265165936675389347e+00
-4.165251179299349360e+01
2.837317126136156276e+00
-1.425907055402067414e+00
-5.806633136711752741e+00
5.454261932243298361e-02
-3.708929346552019979e+01
-7.166412039162466385e+00
5.061677295194112247e+00
7.557114479801214202e+00
2.778583091166123609e+01
-2.426931093179061349e+01
3.173032496364868393e+01
-2.270657209266153131e+01
1.460071709793791683e+01
2.298802937280604652e+01
