-3.541009446988704212e+01
-2.032984803642520433e+00
-7.312847549025455862e+00
2.455746627776409241e+01
-1.217656560596198290e+01
-9.418759648585961486e+00
-2.460810867980563899e+01
-5.142706655118270476e+01
-2.196009570920359977e+01
-2.307529399259112779e+01
-2.135784218585315841e+01
4.298607841396778539e+00
2.029960093562891643e+00
-1.072213873524120231e+00
1.779948098845892446e+00
2.704193644431455823e+01
-1.048135759124659216e+01
-7.388695136084493242e+00
1.194547662795622500e+01
-6.324284301211865511e+01
3.165103189276470630e+01
-1.354157355972392907e+01
-2.479973937490663971e+00
-5.724986645714238875e+00
-9.501825672200538975e-01
-2.229013973410204130e+00
4.908374116541895660e+01
-1.523500666740920906e+01
-4.158898243410874329e+00
-3.098554914833565022e+01
4.009812173827765491e+01
-4.461043587899524709e+00
-2.181761107114300557e+01
1.147109475895072705e+01
-2.089501779089573574e+00
1.326238363378911345e+01
-5.565207176219360008e-01
2.793866554191652085e+00
1.929088203265362722e+01
-5.586069384640325097e+01
3.112793367193421545e+01
8.276170644760028949e+00
-6.370067479621411621e+00
-1.785900110777481231e+01
7.038097685548308391e+00
-1.113905886640225162e+01
2.542838737506031066e+01
2.030138598393085658e+01
-1.308276267491658018e+01
-1.669592020112946784e+01
-1.760458710061169540e+01
-2.123891299330971449e+01
1.077346821416045941e+01
-2.771137198618521325e+01
8.491602802820011675e+00
3.533948111728413721e+01
4.070218425648297966e+01
1.899137658673058127e+01
8.549097304121119123e+00
1.771524786435941223e+01
5.196597913499607557e+01
8.821182384225494388e+00
-3.050830704962930184e+01
-6.183321160180923926e+00
-1.441591865588441124e+01
3.399215684890977229e+01
-4.032520936293350644e+01
-3.501872005001473553e+01
-1.784015724989764351e+01
-9.978044925938320375e+00
-2.290353113152113451e+01
1.603745524266876998e+01
5.326698142623001786e+00
7.971191757276784529e+00
-2.211607354237758116e+01
-1.938312839155059919e+01
-3.337664559909242712e+01
1.841936183755933598e+01
-1.912636168435267336e+01
1.728072046945236195e+01
-5.482489991614161617e+00
-1.524525715171958495e+01
-2.931950482378130118e+01
-8.667726479006290674e+00
-6.252530533236949850e+00
-7.068628167298001586e+00
2.285463199603167439e+01
4.275860424162807760e+01
-2.514710732850529240e+01
-4.392322635069051984e+01
-1.101047962535488978e+01
6.079607928831040908e+01
-3.311871624400556868e+01
1.828220200795928463e+01
-6.643494864196441085e+00
-3.414337590044100068e+01
1.415651033281140769e+01
1.997742923160512873e+01
-9.815860281511604057e+00
1.869906375686412048e+01
-1.372919070003172237e+01
-3.195665794178421493e+01
5.365649558646879314e+01
2.555274190913274879e+01
1.450779045508650711e+01
8.011021965987339399e+00
1.518232119085931231e+01
4.621023391558813387e+01
-1.510570222989885636e+01
3.396372618251554343e+00
-7.740393638552620814e+01
9.068953976478468348e+00
-3.790315190234497322e+01
7.941110083293210664e+00
1.247643272240624412e+01
-2.040631924764005589e+01
-2.897054349073926005e+01
1.223997922769115121e+00
-1.721108239827842112e+01
2.184523525550417844e+01
-2.835562609479651286e+01
-3.120826945861551849e+00
-2.059825839563170291e+01
-1.996332449880696913e+00
1.124891532518120130e+00
1.270244460150388477e+01
4.045538237210735133e-01
-2.986112665381142506e+00
3.640827982332601209e+01
5.155859797663410404e+01
2.782358747896504525e+01
4.027199815737863275e+01
-6.664357065906820310e+00
5.655286716809115433e+00
3.011845503967072091e+01
-5.183774500047775291e-01
-4.308568512452177401e+01
-2.310149080365619767e+01
-2.869021006544835473e+01
-1.571148126980998683e+01
1.619296237626019774e+01
-6.730469406617453387e+01
-9.417948889123607614e+00
2.510496890945272241e+01
-2.127845756261763199e+01
-1.763173347535513358e+01
3.373057725342255253e+01
2.526150259459856784e+01
-1.872607945842500499e+01
1.572499099056173577e+01
-1.440414375259967983e+01
1.940538991672704583e+01
1.971497183652246576e+00
7.537465067516365025e+00
-4.836599834835009659e+01
-2.684796071190276834e+01
-4.960162625030307026e+00
-9.349981109158624903e-01
-2.318875918290399341e+01
6.161084031616633183e+01
-9.873511576926432554e+00
-1.828648468828954776e+01
2.027121151026994994e+01
-2.606190849572721646e+01
-2.074826083807036525e+01
1.848724111734975395e+01
7.220222428284976957e+00
8.667612144007762254e+00
8.869917713759193134e+00
-6.254329096387408526e+00
9.020654255667750476e+00
3.309043242974897225e+01
-1.506621794975552575e+01
1.088674543223848445e+01
5.159311705928784875e+01
1.850633186609653080e+01
-4.282577984401484628e+00
-1.157353845508536949e+01
8.827661346794732822e+01
-1.209700360402331398e+01
2.125610485576794417e+01
1.470948678888385075e+01
1.672518705000884864e+01
5.019857589766286310e+01
2.715409753475779553e+01
-1.567852414502132419e+00
1.372564576621800825e+01
2.783451328488092713e+01
2.044851350367991927e+01
-3.305993693639072717e+01
5.342300696647509994e+01
-4.763511739247830690e+01
-6.998226499920718879e+00
3.124881725735843929e+01
8.433717987634878455e+00
4.179029726384555943e+00
1.611939104299457171e+01
1.264250491522491870e+01
1.952948713063551622e+01
-3.546209622319702248e+01
2.240218998472641942e+00
-1.504523055248165520e+01
-3.779970846877432678e+00
-2.452336901451928952e+00
-6.071203913987078593e+00
-3.260079788121430511e+00
4.754309882792085773e+01
-4.778664475290710811e+00
-1.477894642033476202e+01
-1.468537833402741910e+00
7.370199410487671798e+00
-3.381033155436317372e+01
-2.895653974508201145e+01
-2.052954627337663851e+01
-3.503250684511991153e+01
-9.081605609855401440e+00
-2.366047115874236084e+01
1.036209661245626990e+01
7.163290178100965022e-01
-7.111295385874939257e+00
-4.699454919882597892e+00
3.259903458933393949e+00
-8.383267470729464321e+00
3.854766770230243367e+01
-4.902793260104462547e+01
-8.552435449535884970e+00
-7.691789755203757295e+00
9.043518961146816082e+00
1.270318531002534712e+01
-2.663059191084630584e+01
-8.581793326346797812e+00
2.437215803986189044e+01
-1.143168193860616455e+01
8.975612834632187287e+00
1.934734948465634830e+01
-1.600344678442581881e+00
6.318195397583247086e+01
-7.910176446217462853e+00
-1.798177915106577984e+01
1.811713283827998566e+00
-1.393170420950406196e+01
3.090685369150639872e+01
-2.399443455613868537e+01
6.861672925422169556e+00
3.210428241777111680e+01
-7.228323519956489918e+00
6.691464559734720297e+01
7.248700141471726965e+01
-3.760268435093621520e+01
3.333576439544700065e+01
1.227119381164376932e+01
-3.150150568641046789e+01
9.452282403536159450e+00
2.375778397333914427e+01
2.432789069661615144e+01
1.334770224321616183e+00
9.560210731233269144e+00
4.210396602634955343e+01
-1.326427258289352551e+01
8.019080532449301302e+00
4.061758046541763179e+01
-2.092819323103414320e+01
-1.127264432029309660e+01
3.166052157705939862e+01
1.626726215488284311e+01
4.280951595606734372e+01
1.704029009785446647e+01
6.158502409363450170e+00
1.507765661247310618e+01
2.289254650961387938e+01
-3.022231641617028686e+01
3.850672835416617090e+00
1.392361601699622753e+01
6.536908874798484703e+00
1.335787472472772208e+01
-3.460962946148137576e+01
1.807714691842647881e+01
-2.414086752956364990e+01
-1.881051530583280851e+01
1.201755512298004192e+01
-6.603981520792487458e+00
3.266672657199598007e+01
-9.476486244605723641e+00
1.697309735052172641e+01
1.824996015971441921e+01
4.392396429805105385e+01
3.082060210517285981e+01
2.761213147179319094e+01
-1.955540584026238093e+00
-4.696050016158551443e+00
-1.808320260754203446e+01
4.510619521748586180e+01
4.491996352223654299e+01
2.205497481981636554e+01
-1.421261505788106660e+01
2.811224695261876150e+01
-2.940491871909216570e+00
1.013389782106408177e+01
3.735056095564576140e+01
-7.212157076859568861e-01
-4.540397058928419938e+00
-1.141438838200593864e+01
-3.303734823878019711e+01
5.396566404063335654e+01
2.855323679654412672e+01
-3.377725645646619768e+01
-9.309582275336339308e+00
1.488152851008569044e+01
-5.692100213167393008e+00
3.584700599223280904e+01
7.140772057679896534e+00
4.514143050745008168e+01
1.951174607692127339e+01
-1.285950572618929755e+01
1.131630525210422888e+01
-3.542390677463487236e+00
-1.551251866296337312e+01
8.879384869211975229e+00
8.507968133387521448e+00
5.301310105842263454e+01
4.457677259784759372e+01
3.137479804730662636e+01
3.773588011676133647e+01
4.888497149159078958e+00
-1.467060964544651824e+01
8.055472248597425278e+00
-1.894398985418267856e+01
-3.036369532224364320e+01
-3.155305408875875628e+01
-1.768104855369961115e+01
-6.156780447468202055e+01
-1.973114798811222670e+01
-4.906099868889519655e+01
1.322603667870025745e+01
-2.624371792401740677e+01
2.635539357801840765e+01
-5.598932344726657817e+01
-1.684716790694267274e+01
2.428937837506671826e+01
1.184891971967689983e+01
-5.025653630905973301e+01
3.201656046296375280e+01
-1.470065678672099807e+01
3.049278299255721691e+01
-1.322720973068237527e+01
-4.440397745249583750e+01
8.162674222209219010e+00
-3.688385404751807073e+01
-4.259649401863583762e+00
-1.663536560715299650e+00
2.318802399856316754e+01
7.136809521716384097e+01
-2.445194061640404470e+01
-1.982195224515677978e+01
-2.387966061044380695e+00
-6.476194271637552902e+00
-4.572584294056903786e+01
-3.161822016706796035e+01
2.715069219740666995e+01
-1.205364366529539666e+01
1.142488961303453721e+01
-2.780503398592631470e+01
-9.268363898528889422e+00
-2.350895095820970937e+01
2.917925726762991445e+01
5.429620513397310333e+00
-1.264117337824143306e+01
-9.610281364544078997e+00
6.709957655008416566e+00
-4.651753159000577398e+00
2.440053194580838181e+01
-1.459905900503196108e+01
5.626673477646761512e+00
2.006334102974587097e+01
7.761240138550135725e+00
-1.204757196940161634e+01
8.712926477671624070e+01
3.329719941428720631e+01
2.448712804456214087e+00
5.724905188988941518e+00
-3.548473475881752393e+01
1.902369464986659864e+01
-4.326889905861182228e+01
-1.649944906737312067e+01
-3.120743721989774144e+01
-1.118673023504564412e+01
3.218641304491518440e+01
-3.212745567475620589e+01
1.355693318032675165e+01
-2.158951708976701411e+00
1.181370889960177806e+00
-2.030701519193547711e+01
-2.510890824141702637e+01
-3.152207677494516247e+00
-2.029454389968826433e+01
-1.127256174546798206e+01
-2.339623271670470217e+01
-5.238465990103289727e+00
-1.964935295861965869e+01
-2.846698403779350883e+01
1.190271880066961785e+01
-8.176841334832488428e+00
1.382852437938677781e+01
4.853096586730529793e+00
-4.314875344139947089e+01
-2.976264206323415351e+01
-2.588887821307513093e+01
1.844144809737349533e+01
-1.376962614411866070e+00
-3.517987765506114783e+01
3.336815680017723906e+01
-2.223564059741707410e+01
3.235034270851866722e+01
-1.792202612466248013e+01
-2.738447932408445240e+01
1.345259069812476582e+01
-3.854703925230965922e+01
-1.953115311005529975e+01
3.515298827938508452e+01
1.071182876051909716e+01
-2.484270717558655406e+01
3.078220691809741538e+01
-1.030418332469668030e+01
-2.153003677329428456e+01
-1.727150452759622112e+01
-2.841356532123529632e+01
1.568080985632177260e+01
-5.095838307909934883e+01
-4.492434445022610134e+01
-5.734085221819441358e+00
-1.704016421739979137e+01
-3.353895178092349028e+01
4.166951352347831516e+01
7.608869018671651929e+01
-1.560819087336258804e+01
-1.995202501050982846e+00
-3.441284004827101484e+01
3.713036040087740730e+01
1.158957061709131153e+01
-1.355425747898033251e+01
-2.068369859056899429e+01
8.350100519518122155e+00
-3.295067066384207521e+01
-9.981022303701564624e+00
-4.937551965969888101e+01
2.066380712966611100e+01
6.318099648726530404e+00
-1.034500298473062685e+00
-5.833326748768456582e+00
-2.270892005878636155e+01
-6.203058774160496114e+00
7.445615225435000184e+01
-1.035467095545641314e+01
-2.725449665062876647e+01
-3.961326934278910983e+01
7.912677880764590554e+00
-2.124931351757455289e+01
6.131073705778362637e+00
1.722629278267854858e+01
4.315593180424173170e+00
1.780222064957241557e+01
8.586076020546869358e+00
3.323304905335186277e+01
1.497279785635937799e+01
-1.985079559902281687e+01
2.720124743325075656e+01
1.982683104916353045e+01
7.030448296478226666e+00
2.406073472869044849e+01
-1.607527320116263070e+01
4.184933783781352190e+01
1.333944805122996691e+01
-1.801031675708021140e+01
-3.365558645994038756e+00
-1.022894912716387239e+01
1.157739051789604900e+01
-1.327707739279249211e+01
-4.464033588992492696e+00
-7.295262736516292534e+00
4.592214482690724253e+01
3.138273781483445646e+01
-3.692088735815267597e+01
-4.584930611234426578e+00
-2.997996782000393523e+01
-8.212559624772552525e+00
-1.341675496894390562e+01
4.883997087757791178e+00
-6.106843579089193952e-01
-1.630453706925760571e+01
9.573591616646993430e+00
-4.687952958852115160e+00
-5.355137130461422146e+00
4.889677019502093458e+01
8.227088675394409023e+00
-4.682298070526211120e+01
-2.254060648914963849e+01
5.436581239202507732e+01
1.544475651655147885e+01
-5.380355219096031760e+00
6.068930702014991141e+01
-9.197949534218309964e+00
-5.168598734362717551e+00
-4.597302830411763352e+00
8.796038142412470506e+00
1.767040692573721472e+01
2.481886329735345953e+00
1.646238749897995035e+01
-7.262290729866123229e+00
-1.996644766458385334e+01
-2.360252097721325271e+01
-2.727236460220541403e+01
2.339897293375747722e+01
7.380803903727333193e+00
2.166003963224712692e+01
7.926716750194515271e+00
5.063406346327292340e+01
1.057496709423052295e+01
-4.569594283527584366e+01
-1.944143238093167270e+01
3.506924040899015438e+00
-1.652548871706723332e+01
3.582651235183470817e+01
-7.945925146883951129e+00
9.525687569567423907e+00
2.991869335301304034e+01
-4.240559862427176085e+01
8.487708072496505451e+01
1.176353697508716323e+01
1.351513060828887092e+01
2.053314526556980013e+01
4.261264309503758341e+00
-2.770165357433427289e-01
1.987068195468185650e+01
-2.101295238162114742e+01
4.707241765621937191e+01
4.164776149480090339e+01
-2.361977826335586883e+01
9.179085982986691761e+00
3.973070016080774280e+01
-1.168841237898961083e+01
9.883647423429721357e+00
2.139655577323356539e+01
2.304349147103343398e+01
-4.333965567686428244e+01
-5.843781189364449347e+00
-1.741067411833018497e+01
-1.807799285439415371e+00
-4.509265772746662293e+00
1.004456989728055305e+00
-7.147612320146834008e+00
-1.801861571344375079e+01
7.480990762220727675e+00
3.934260986554221518e+00
3.011515976348195522e+01
-2.483511889437509979e+01
2.472341468527628194e+01
2.682759369102018354e+01
-7.117159298477901075e+00
4.619283287839814989e+01
-3.860475003947075834e+01
-5.848246460440886096e+01
-4.847051862651539977e+00
-4.508361011446481825e+00
-6.346972487887114767e-01
4.530551857566739216e+01
-2.783803177581987143e+00
2.428435195213225484e+01
3.049950755925586066e+01
2.118969290371609304e+01
-6.416581947741576641e+00
3.383483916307875461e+01
-9.029118364514317818e+00
-2.012920907850667618e+01
-2.326408182799079327e+01
6.096686740424367201e+00
2.010989108748097465e+01
-7.828552033326872106e-01
1.975725843263609249e+01
3.414448042737774358e-01
3.435109449564353667e+01
9.850148659569043730e+00
5.089359319057820130e+00
-2.140060037152920813e+00
1.825986919513141515e+01
2.129973364897278998e+01
9.768866694824424712e+00
-1.021872199358028865e+00
-3.115258445559863532e+01
1.648755615480993697e+01
1.077291857389712959e+01
2.016836745320610902e+01
1.599310715433702512e+01
2.046979874172118485e+01
-4.893219331546973194e+00
1.764775723522572548e+01
-1.522012749769862694e+01
-4.402485870902523857e-01
-3.071780192829717748e+01
-1.743714778126090437e+01
2.281969675634297090e+01
-5.108265782686021339e+01
1.506096820903778166e+01
8.960288184668286249e+00
4.706507440596899983e+01
-1.076315178893344182e+01
1.888072913358075411e+01
-5.662003522963061641e+00
-2.742995089630205285e+01
-3.852980603445956831e+01
-6.623355196159295133e+00
-5.012867818048615476e+01
6.671942539901976943e+00
-1.130131276667524354e+01
1.748011139423955740e+01
1.329874910808729283e+01
-1.617052459386010810e+01
-1.658156197239355834e+01
2.323403305254851503e+01
-3.475551603482416851e+01
-6.920669312785832972e+00
-1.069222652270993734e+01
1.544392781785659707e+01
5.004472321295736492e-01
1.524090596887958782e+00
-1.068759706984371860e+01
3.101528565059359721e+01
-3.134492372494361234e+01
3.912271721971592342e+00
3.410804677401719687e+01
-2.079923125581709087e+01
1.748180542185593822e+00
-1.890609953262014642e-01
-3.693602060535931031e+01
-2.271966747474209569e+01
-2.828000249238552755e+00
1.598159314918488150e+01
1.864524023179512824e+01
3.493809502684143808e+00
-5.408058815944400521e+00
1.009592427833547390e+01
-2.409748555607680487e+01
-1.119975150561941746e+00
-2.938399721912617224e+01
-1.577143759297383951e+01
2.754325159222713637e+01
-1.616427743244324233e+01
3.842747154380850816e+01
-1.359540100671512164e+01
1.859717646593543350e+01
1.432163466706644783e+01
-3.589121226706365775e+01
-1.426735204428379689e+01
4.898962877632925483e+00
-2.357774272640199342e+01
-2.138657673394674674e+01
-4.938146003943711548e+01
-3.064750807522770515e+01
-2.893527903272928370e+01
-2.488313868764151948e+01
4.810833502715325949e-01
1.033578993513209809e+01
3.868964684716928559e+00
1.374545131896045191e+01
-3.215421317301785109e+01
8.619449902359122007e+00
1.525106582331267191e+01
-3.815148025488875305e+01
-3.519089597635397126e+01
-2.383531089489417809e+01
-1.537504036139556263e+01
9.233210858610107152e+00
-7.503936192953801765e-01
-2.386639403887787836e+01
1.698178411817232814e+01
-1.346602810742911061e+01
2.845249059365730204e+01
-5.031283375835403149e+01
3.577006915429743117e+01
-5.062308243504119787e+00
-2.274595486966224200e+01
-1.419884714538025605e+01
1.030575942303130432e+00
2.530917011223584367e+01
-4.169656045770964425e+01
-6.679610603474969821e+00
-1.142944989378037945e+01
2.531298517435996587e+01
4.723276901448056719e+01
-5.620188346614048669e+01
5.259807665348648698e+01
2.352019556438865777e+01
-4.223276606658711785e+01
-1.809298459126688385e+01
4.478969955081638687e+01
3.359242823541501366e+01
-1.180360903505749093e+01
-3.341208602074004830e+00
8.120140306819422449e+00
4.219940805237301618e+01
-3.212089585133833936e+01
7.210870476800906204e+00
-4.685801287066496457e+00
1.548031449809269589e+01
-4.104745280452372924e+01
-1.866577440005301014e+00
-1.722739710769063848e+01
2.700584925177159334e+01
2.379538840554606338e+01
-4.936130661138662390e+01
-2.702357285763346795e+01
-1.221551836902517607e+01
-2.401948063487445495e+01
-6.604972014643010425e+00
-1.153504785729100490e+01
2.543985353297915708e+01
2.378967399921830861e+01
-1.266372335386989789e+00
-2.588343139700868534e+01
-4.807660559974436865e+01
2.686265144256310577e+01
-2.778799021712639217e+01
-2.054363933194434821e+01
3.374830801818639259e+00
-2.028853223330792588e+01
-2.209978290440952264e+01
-1.620753702500149274e+01
-2.708782223237489006e+01
-1.465181353169902323e+01
-2.937476594730102875e+01
3.167390839253689450e+01
3.476705388379890138e+01
-3.712136854232085170e+00
-1.244186654271049974e+01
-2.420909121626095839e-01
2.573116457874289154e+01
-4.864697986184633294e+01
-1.127790132870686080e+01
2.785060053478895270e+01
4.004493239172182939e+01
-9.487183380559287116e+00
5.651251364479890071e+00
3.100560250155754716e+01
9.393999558669023031e+00
-5.735021827288164786e-01
-2.511819644858525180e+01
1.142083798194312294e+01
-1.962927054171109376e+01
-6.026235393152376218e+00
-1.094220735275868606e+01
-9.299653784876909413e+00
1.278002356542060625e+01
4.475440183758769308e+01
-1.397607646651294999e+00
1.939702621504238778e+00
-5.151623980540779257e+01
-1.075414576092322250e+01
-2.034789501797948219e+01
-6.595465687527735099e-02
-2.647016293169798473e+01
4.822450369590131913e+01
4.593308297618608549e+01
7.973672941522103486e+00
-1.117388942111529104e+01
9.359540831062091115e+00
1.171311404060239170e+01
-2.695683460137880871e+01
-4.726449537097437315e+00
1.070038797173583589e+01
7.545970518014485151e+00
3.114619091733655409e+01
2.290104829852705848e+01
-1.200501356103032435e+01
1.476076924873636642e+01
-5.610556428657640282e+01
-7.308945739530869901e-01
4.936937637067492801e+01
6.779669453393012191e+00
-1.154554957345226285e+00
1.728981142215820910e+01
-1.614371156192076739e+01
5.090983664772265627e+01
-9.398809167394162500e+00
4.553119013961830319e+01
2.214278066799864320e+01
-2.293378940813136069e+01
1.830637748441417045e+01
-1.729478248477450109e+01
-4.090311307938651453e+01
-3.654058443868933637e+00
-3.152543226710628232e+01
-2.977091221153057177e+01
-2.778109549182971705e+00
2.043726311137214680e+01
-5.472479675996424930e+00
-1.775492934813001966e+01
5.081547235922386108e+00
-3.917143606914225984e+01
-3.974500312155136328e+00
-4.698199113820550110e+01
2.773942177058697212e+01
-6.994274355983094438e-01
-2.826192547640484065e+01
-9.488084280753326993e+00
1.046703152549790161e+01
-1.999200800181732518e+01
-2.583004303754952957e+01
5.335415447333018335e+01
-1.373069215502883367e+01
-2.284169112833092186e+01
1.547744324997444920e+01
-9.985684383578728784e+00
3.092967167378544957e+01
-2.561090871829605931e+00
3.927617825188704614e+00
6.118977914627686232e+01
-7.085085453425392643e+00
-2.078284360687149501e+01
-2.442460015353219660e+01
-2.888715260697301801e+01
-1.937675391295300642e+01
1.538843945583937511e+01
1.534934155557539270e+01
1.268524456508789910e+01
4.164122459955632394e+01
1.832571927783050114e+00
1.184697584790180258e+01
-3.606638702845951627e+01
1.498922651754270419e+00
-1.061972702129793333e+01
-1.510884887411896216e+01
-1.928998354782379465e+00
1.912514694489163958e+01
2.165235456677032744e+01
-3.960058224985125719e-01
6.843963186675352972e+00
1.567845478292096040e+01
1.984211356340949806e+01
-1.381758971952777415e+01
-7.130729492266368652e+00
4.000052986747277828e-01
-1.310549625296067688e+01
-2.921297369754370266e+00
-2.032900110238460911e+01
4.498171438343929651e+01
3.644111517074816220e+01
-9.223406661152523611e+00
9.076061188332573693e+00
-2.624489056710567425e+00
-1.699081845077833464e+01
2.024438812594921444e+01
-5.399775921598006789e+00
2.263296492121932602e+01
-2.973342170256057315e+01
1.017997155295944367e+01
-5.610127115175259860e+00
-3.057865209454126898e+01
-1.382064657827550036e+01
1.515126578512334987e+01
-5.193293532667252066e+01
2.440056885165245149e+01
2.648434354013872394e+01
-5.665796461563667563e+00
-3.380840771450095872e+00
-1.766231637189150661e+00
1.420478694749880333e+01
-1.854312453584205400e+01
2.051304937235688897e+01
1.735226958003369191e+01
-5.592472779850868392e+01
-2.011006502961780029e+01
1.350828106388512495e+01
-4.868183626169241052e+00
2.465462589143714922e+01
-3.622145769337578258e+01
-2.983264739561491297e+00
-2.378662895374224462e+01
-7.310187640863036052e+01
4.372398904356593619e+01
-3.322491115776375636e+01
-3.480183690177754841e+01
5.081701210182615114e+00
7.374366937241254050e+01
6.565706146874958904e-01
-1.598991036258129839e+01
-1.759598731225253232e+00
-3.103313270392405343e+00
-4.875645965937406601e+01
-3.484322924810075506e+01
4.661958426095462471e+01
-5.835590954518153239e+00
-2.143799639823016889e+01
2.809420237836445722e+01
-2.039497733700394377e+01
2.100869834604048947e+01
3.026283072852734790e+01
-3.249530847835146119e+01
-1.598636119592566729e+01
-1.973996720860600362e+01
-1.013885060849446518e+01
-1.007054160696894485e+01
-5.905211573875249087e+00
8.115156214149294556e+00
-1.941117963548691705e+01
1.615003756528535916e+01
3.296999823280221165e+01
-5.144703427171133825e+00
-1.154237823982796840e+01
8.271022491930210663e+00
3.181622689067995680e+01
2.967345291991857437e+01
5.508803295443129855e+00
-3.170491587116401888e+00
-4.942767292460246153e+00
-2.888469207597736954e+01
2.188371394758642907e+01
-1.274238181799661618e+01
1.130408770844240962e+01
-7.938847991604632170e+00
1.535592335089438620e+01
1.039059144894365261e+01
-4.581753401666904324e+01
-1.515858829431959975e+01
-4.467749720836231120e+01
-2.030798639500790159e+01
3.030060431484180583e+00
-9.760835240054859696e+00
1.855853254513570505e+01
-1.703778651574486958e+01
2.078374055806428089e+00
6.093806640792024609e+00
4.027704654886395019e+01
2.044201912685113598e+01
-1.715963575577005074e+01
-6.928472410701971285e-01
6.940761195348613910e+00
2.176827669434153023e+01
2.349304620241241537e-01
3.104432514833575851e+01
1.284578800094388029e+01
5.144473513254405361e+01
1.133578388029732764e+00
3.726580121849822547e+01
-1.532596526979014584e+01
-2.145334996240833192e+01
2.540195433339647479e+00
5.316938247445079924e+00
1.524399493029281416e+01
-8.033071375359099875e+00
-7.781525772565430543e+00
1.470449176731055374e+01
-2.755635498363818670e+01
-3.130176343034707998e+01
4.497859908234534032e+01
-3.370445186767881296e+00
-2.225935870281286810e+01
-2.309133818209588185e+00
-7.643381007597781718e+00
2.410389450672293776e+01
1.881976264743821048e+01
-1.143834236444467933e+01
4.396856858285076441e-01
-1.505612483995302853e+01
-2.003934182045577472e+01
-1.523466726965506268e+01
-5.491201629917793525e+01
8.036275764141009859e-03
-3.664331404100184386e+01
-3.163270613330679737e+01
-2.121209143628925631e+01
1.084696073133738992e+01
-2.073602866895132024e+01
1.309979958350569973e+01
-3.478543189511869116e+01
6.048725136576820205e-01
-2.352639746829528278e+01
4.817831600408041481e+00
6.370896338328329023e+00
1.895196485634113515e+01
-1.191036013470474586e+01
-9.133372619340661913e+00
1.677382816018306144e+01
3.370202918709509277e+01
1.865025229057889078e+01
4.686195559184398007e+00
-4.074674941719264609e+01
-9.622195054332166819e+00
-1.791410720923823874e+01
-3.434904861445681945e+01
2.297577198833630518e+01
-2.059071371263951278e+01
-1.871010480161373835e+00
-1.593048179775905737e+01
-5.666685803761458828e+01
2.942992751810605512e+01
-9.986444176223699287e+00
2.301061742556095169e+01
-4.058900188700573608e+01
3.828827040391655601e+01
2.088672070238260403e+00
-1.637145071715214328e+01
4.840905156672306475e+00
-1.184275758543515167e+01
-3.728655964835618875e+01
8.259995751558534494e+00
2.019812949339723218e+01
1.010169997366404004e+00
-2.058712043330029928e+01
-9.274778831988072625e+00
9.988451964668172423e+00
1.812940196229681078e+01
3.581984935702170958e+01
1.343694508137247112e+01
-1.320283859123597381e+01
5.415704025679093547e+01
1.363776832012125340e+01
2.410595598758584401e+01
-1.032710909177905023e+01
1.592805360395152547e+01
1.110618341855399649e+01
-3.524246023084603507e+01
-1.171505178263035418e+01
-2.321239580073312680e+01
-2.092847424624989117e+01
-6.846116157472124542e+00
-7.860446121971222055e+00
-2.393581014752209057e+01
-6.300456206688582483e+01
-1.639886847312286733e+01
7.126691986335970341e+00
5.152629795510733857e+00
7.861470424535724533e+00
2.633338219523301404e+01
8.002272240117925151e+00
1.845122118405166134e+01
-2.371102626696030313e+01
2.595974026139668922e+01
-2.582740168283663706e+01
-4.083272888449306492e+01
1.244843850664591400e+01
-2.447568466406539756e+01
-2.232789215021379903e+01
-9.008637187007536795e+01
-6.571944853700742328e+00
4.630966948413066575e+01
2.410963615484222800e+01
-5.819295897008657903e+00
-7.818722521360541577e+00
2.140091728961729700e+01
3.776517190413758840e+01
-2.365828978679628847e+01
-6.145183193803404720e+00
-1.930885516590160478e+01
-1.993550497170872404e+01
-1.749794694555398422e+01
7.231058043255785606e+00
4.021699954648977382e+01
-3.708952699398932396e+01
-3.187865189051086645e+01
1.858953266996422826e+00
-6.034746123742735335e+00
-7.658554128835469044e+00
-5.122688747575142543e+01
3.567447784038743919e+01
1.361246069642896828e+01
5.271623584914159721e+00
2.753071306769017212e+01
-1.861090156555990660e+01
1.761058743163541607e+01
1.581895965587523278e+01
2.131673281508426498e+00
-3.491270364715209240e+00
5.049647011501313898e+00
-8.959326111747266452e+00
2.875551179206274810e+01
-2.278097210925068339e+01
2.444299278252668728e+01
5.504891272536838187e+00
8.198850649414509917e+00
1.289000054956812846e+01
-4.937866718144995559e+01
4.747894948135950699e+00
-3.807630147443293822e+01
-2.784944390704435335e+01
-2.785309294249373124e+01
-2.834028627478974727e+01
3.157299486778697428e-01
9.503536211113299714e+00
2.828288655513497929e+01
4.923540377860575745e+00
8.159598227853560815e+00
-3.988780384994345241e+01
-1.452490885240909790e+01
1.935639405317910189e+01
-1.102366855513736255e+00
-3.485417742740537506e-02
-5.075005156251393146e+00
1.990566293852231183e+01
-5.187670362846350258e+01
6.415461093694769801e+00
1.156693371911960355e+01
2.455276191091066096e+01
2.102577587775534340e+01
-3.215402313352350916e+01
6.424321800728677090e+00
3.321795786026825681e+00
2.740116430060425046e+00
3.334081889220954054e+00
-1.074274364281555449e+01
-2.006818410422323495e+01
1.073970874372923845e+01
3.413810877898913532e+01
-2.837095018802983759e+00
6.595848763001782800e+00
9.599654842781973230e+00
-1.460218838643291406e+01
-1.541836100217454941e+01
-6.780894671867972079e+01
-2.102541752523671903e+01
-3.100404029485895308e+01
-3.830425325698257666e+00
-3.834240427009305563e+01
4.266469114964701248e+01
-1.778494105370083389e+01
-3.043202634428772058e+01
-8.788696018516691311e+01
3.778775113917555473e+01
7.562097567589972869e+00
3.377629987031554037e+00
-3.557421407920489287e+01
5.009648846644665809e+00
-1.126995384838832592e+01
-1.860787383164145226e+01
6.577950902573050485e+00
1.915390938378774877e+01
4.170521092013828479e+00
-1.205122432119861742e+01
-1.212881944141486201e-01
1.580320118867717838e+00
8.911255043608946380e+00
-3.613216408405440916e+01
4.095725239715240207e+01
-2.432742042288542450e+01
-1.698064915694093813e+01
-2.778090611295954204e+01
-5.903742710029583662e+01
5.097178146227228979e+00
-2.970556690678608902e+01
-1.085652110235153600e+01
1.852523696492676208e+01
-1.467999355393632754e+01
-2.003205573914556226e+00
-6.677052123867781575e+00
-1.145916520386464299e+01
1.790624949609064487e+00
3.080233687313793212e+01
-2.860632610140415721e+01
5.650147808150600781e+01
-1.282907263377262552e+01
1.901648760747433187e+01
-7.770691852187695758e+00
6.486693918407031134e+00
-6.163460596914262624e+00
2.492776792184832857e+01
3.483579676068504227e+01
1.086021809353870538e+01
2.623352722364953138e+01
-2.019552763521399186e+01
-3.713901343118791942e+00
-1.270708748021644396e+01
3.890214246469821546e+01
3.267263528372984638e+01
2.467383704859605587e+01
-8.782174768542063248e+00
-1.579057296486129758e+01
1.410690047702254901e+01
-1.591651031916889281e+01
-7.039865251770152099e+00
-3.299392753349465579e+00
-1.677056331444961756e+01
2.821387812768195147e+01
-4.682168003150785296e+00
2.150514710259516704e+01
1.105742747446298679e+01
9.823501586171289546e+00
-1.877621929259904476e+01
1.506827033820232487e+01
-1.033049443076623675e+01
-6.659086972053586351e+00
-1.772370020603545981e+00
-2.733831235731810239e+01
4.233215987897233390e+01
-1.514153954020222592e+01
-1.754162254873506299e+00
1.262100846137579424e+01
1.090700198438344160e+01
4.206012806503746049e+01
-9.841570978147103688e+00
4.276378065277128826e+01
3.837893407847843719e+01
-5.318784781083422786e+01
2.890481072429700760e+00
-1.051520080952059288e+01
8.818804583090440019e+00
3.340654527585229516e+00
1.125079154863061603e+01
3.536940550083316026e+01
5.532173997137954302e+01
-4.263468357681242082e+01
4.291168626356738969e+01
-5.552003197859912120e+01
-4.604651971264429733e+01
-8.184912881504217808e+00
8.599850109303019963e-02
4.135963541513474695e+01
2.030031682311499708e+01
-6.853034777851746639e+00
-5.062000405127272984e+01
4.001957123329075472e+01
-2.374461272399167910e+01
1.045269269233529030e+00
-4.015850249448952525e+00
7.149168608037359718e+01
-1.438922939102005216e+01
-6.054672185939818974e+01
1.779207110728293628e+01
-9.228111416780316745e+01
6.559858627930950092e+00
-2.070623552623305841e+01
-1.041999829723951621e+01
-1.539003335098759351e+01
-3.314957763781544031e+01
2.169492185354921077e+01
-2.151396030119542502e+01
-6.643017673960059710e+00
-4.474912264550590635e+01
-2.486862357986154848e+00
-2.965341375368811327e+01
-4.228657372046819773e+01
-6.448823814824322653e+01
5.230013039512698469e+00
-2.015462229842447073e+01
3.487652411704402766e+00
-7.958614688097384260e+00
-4.609116368221521043e+01
-3.684299800146775539e+01
-3.095290395624346047e+01
-3.210250676877609521e+01
3.022326510724521142e+01
2.945944591798053125e+00
-2.823288617624353947e+01
-1.229965617840548475e+01
-1.393885252954137854e+01
2.280015778037279262e+01
-1.764956887771823446e+01
-4.370858837506780503e+00
-1.587136311855118720e+01
-2.032200413071680600e+01
-2.291648215288459767e+01
2.097862665782730573e+01
-8.772996111449316459e+00
-5.245004254968790747e+01
4.377136875474815270e+01
2.498777494839398727e+01
1.504722028207538642e+00
-4.427967857551811903e+01
-4.249358662572194589e+01
3.975873320190771665e+00
4.398155312639460135e-01
-1.801796321793358402e+01
-2.601609008465506889e+01
1.785647905248674761e+01
-3.157340347029304439e+00
1.495016154424973820e+01
2.775584907876719853e+01
1.806725081067713745e+01
1.809392368962454611e+01
1.354934818188498724e+01
-1.187486130843899446e+01
-8.448102385307848294e+00
-1.227876337892742598e+01
-2.082436295425969774e+01
-2.430808642603159342e+01
-3.617685957335824298e+01
-2.113405837817334998e+01
-5.777436266745212379e+00
-4.364454540070232724e+01
-8.096247169576258784e+00
2.066469703093726906e+01
-4.480257560727329746e+01
1.690392231451627936e+01
1.523842403642629506e+01
-4.076146959913506862e+01
-3.221080623431626577e+01
-9.742970150632828563e+00
9.971579610784885972e+00
-2.235398318962188569e+01
4.109578758213541505e+01
3.647304951161771669e+01
-4.390229081691359170e+01
2.541883877027856897e+01
1.976088681672752045e+01
5.004704100846964820e+00
1.229396562053329944e+01
-2.431841365148531509e+01
-7.440002849865265944e+00
4.702337079855169577e+00
1.092146102731356905e+01
2.405862594456532122e+01
-2.920678466973102871e+01
-3.422765304264203223e+00
8.524025682876910537e+00
2.981651213082500362e+00
-1.698215909656752132e+01
1.242520149040248612e+01
-1.454269194818749611e+01
-1.165537656817213019e+01
6.572678236884712533e-01
-3.460650296357714240e+01
1.663919917330773046e+00
-9.602744625683214963e+00
-7.872171189730323704e+00
4.794609995924872692e+00
-3.089101827244678589e+01
3.372415215660160470e+01
-1.434618801770199070e+01
-7.587671139550087673e+01
-4.861288100337552009e+01
2.106841774053070537e+01
-2.299266645382093088e+01
-1.074907971435300169e+01
-1.498226901127272725e+01
-1.042761751237135570e+01
-5.741420977808928683e+01
-3.597717297768099343e+00
-3.544345527814749630e+01
-1.956687217890385000e+01
1.211797800240674405e+01
4.476888346775132277e+01
1.591075334503116778e+00
-5.385248895735372798e-01
3.391979934870202840e+01
-3.150498252206551797e+01
1.818440653197374246e+01
4.323344970518419927e+00
-2.712636466488015685e+01
-1.450589854498008435e+01
1.269575145680249761e+01
3.466359448605658145e-01
6.926944325257469615e+00
5.906734900835417079e+00
-1.349692367042271712e+01
-1.839976261662911838e+01
-2.841493253114987283e+01
2.806127677714152924e+01
-3.676380275473201920e+01
-2.729111694082386919e+01
7.144356578517871981e+00
-4.957400425929958487e+01
1.279313336694940517e+01
3.647095339565237282e+01
-4.152291793447780321e+00
6.607814251830049557e+00
-1.637432857548543552e+01
-1.250713044557599574e+01
5.939404728013414569e+00
2.167242358330518570e+01
-2.211027659713799309e+01
1.537503431308374502e+01
-6.041760955854556414e+00
1.706216699848738472e+00
1.322451585319709011e+01
8.538141983753746445e+00
-7.301677604731345639e+00
1.521602485316861930e-01
1.094969904688116458e+01
1.626837977966974336e+01
-4.089318672001645893e+01
1.822833627538102519e+00
2.938848899721310914e+01
-5.262959868687966036e+01
1.732491250706546992e+01
-6.648089291948859625e+01
-6.119481440215434276e+00
-8.458312326440491802e+00
-2.939841215049341372e+00
-6.907913318016085213e+00
-1.436064480740736826e+01
-5.409361084463512270e+00
6.850798094961021434e+00
-1.513768817075015605e+01
6.873708411726624945e+00
4.991635099771602313e+01
-3.453932656782279764e+01
-1.507279798317827613e+01
2.264521767996131985e+01
1.366452741698333284e+01
2.488290778725106378e+01
1.196335628651856098e+01
1.206088974654367973e+01
-9.131734615441018832e+00
-2.796060916965194565e+01
-2.575145658476850485e+01
-1.535620847749977713e+01
2.648952610940540353e+00
-2.400678989832329080e+01
-7.934007021774043267e+00
4.158964426768989142e+00
1.355636632364553407e+01
-5.802471477468749583e+00
3.395029487999858020e+01
-3.292732230297400520e+01
-2.241532555272328864e+00
-1.795661230159161903e+00
1.567564402221301378e+01
-2.239528245504708792e+01
-1.416130875695466784e+01
1.071830356181187405e+01
2.563352293931150427e+01
4.247590807018794123e+01
1.821341319800131942e+01
2.379198750059383372e+01
-1.589266141214532624e+01
3.581185173591524062e+01
3.757515581695469109e+01
-1.455706335486581793e+00
1.943384648600715536e+01
2.146732378537930686e+01
-1.333171258605702292e+01
4.800133948806774242e+00
3.449759801770966305e+01
-1.371197511819670467e+01
-5.211644350836536432e+00
-3.430250790382015680e+01
1.350802338838207106e+01
-7.268661368448221083e+00
1.122414772735010047e+01
3.348076109000061251e+00
-2.262523821900582277e+01
2.590636223041627773e+01
2.277422272907375600e+01
-1.524332293031136487e+01
1.078724164876012281e+01
-3.462814967450663062e+01
-3.017531939159271559e+01
1.406940805638595293e+01
-3.869663415398275674e+01
-1.747546691717981915e+01
2.967715113513690994e+00
4.696016239335503428e+01
-1.440596095925823761e+01
-6.951629204045360666e+00
-1.020876725192385948e+01
6.363845059826230965e+01
7.983837041578404126e+00
-2.441523325685938062e+01
4.016098604738431277e+01
3.558403545031312376e+01
1.785215397320061470e+01
4.263405867834578089e+01
4.870300518936060996e+01
-4.275347045170086346e+00
-1.572515705686141985e+01
-1.647377768120429664e+01
1.634234097112563688e+01
2.125069452669686143e+01
-3.885655951814698028e+00
-1.313123783273104550e+01
-3.463151867733687084e+01
-1.432696507991350643e+01
-2.560492411245769517e+01
1.706106492881245629e+01
9.668777438760741916e+00
3.612464150685269715e+01
4.198413837692783090e+00
-1.335053049797585345e+01
-4.796345204181481137e+00
2.240168207981332671e+01
7.076763058853089206e+00
3.086514667150339619e+01
3.160204229615743543e+01
-6.862079564766190742e+00
-6.077738342957736961e+00
-5.692230773083861095e+01
2.868305707879942901e+01
-6.953758742590707698e-01
3.068813299106633963e+01
-1.228886635528961335e+01
-3.539110938401147877e+01
1.192420181739980478e+01
4.127993181875946505e+01
-1.484302414445057394e+01
3.744188273140815681e+01
-4.122136562399391835e+01
-1.303956535023435492e+01
-4.600268150934704181e+01
1.083059689486631783e+01
4.609975443844916754e+00
3.048899358221603961e+00
-3.516977206812077839e+01
5.119887326061325439e+01
3.065570685775173843e+01
4.966659592861617512e+00
-2.911663412285969343e+01
1.225244199291194036e+01
-1.320802832830112550e+01
-6.990710671273461685e+00
-1.349674371006210549e+01
1.038491420579363478e+01
-8.128288284157378030e+00
-1.139317026850733328e+01
1.176112710487291224e+01
1.463513835940040053e+01
-4.845981354051650669e+01
1.120498887171189040e+01
3.812140186419256338e+01
2.270598756546249319e+01
-5.951179153558905810e+00
8.882514721762788668e-01
-1.983881573163330359e+01
3.280199071421003509e+01
8.777283638436557567e+00
-2.361149383558682757e+00
-4.171733035780619048e+00
6.036877178972423508e+01
-1.800733656458618270e+00
1.385025932920495961e+01
4.210024800488392316e+01
5.431833297172258312e+01
3.503786859380625174e+01
2.289661995635299263e+01
-3.741260093508570606e+01
-2.555994024191886638e+01
1.942746614622336665e+01
3.871308513347372582e+00
1.782541947507095870e+01
8.937957275167974558e+00
3.464797021135018440e+01
-4.364443931597408266e+01
-2.747325068018261618e+01
-6.494864846780671996e+00
-4.815355907675669300e+01
1.072208530448679653e+01
2.476206429826183353e+01
3.852742752369806567e+00
-1.248334961222246875e+01
1.305541208013167420e+01
7.772413117142048122e+01
1.739046066530789858e+01
8.886355829536114470e+00
-2.644876089351942028e+01
-3.371432515618289472e+01
-8.262826245577038264e+00
1.856938686029883456e+01
-3.375019436366130776e+00
1.333538516674657615e+01
1.959730051973110676e+01
-3.217227199021652950e+01
1.470987528000051725e+01
2.484836392900069768e+01
3.174375167276986076e+01
-3.710671220186952723e+00
2.602960986209723160e+00
-5.622091753006372983e+00
-2.716362672723323612e+01
-3.903667862550366863e+01
4.464324395882566421e+01
-4.360721937023072314e+00
-3.107432371900772239e+01
3.020230818425673647e+00
-1.457135822321108520e+01
5.097252815249802893e+01
-1.303413305193618044e+01
-2.012090123232732708e+01
1.952231946509130012e+01
-9.215612330326734991e+00
2.502843741779946640e+01
7.090745347454401326e-01
5.458298942763582318e+01
2.955496875283511571e+01
2.219240431358191046e+00
-2.088875339606863690e+01
1.544270068943021101e+01
-3.026992495108855508e+01
-4.878606433027698586e+00
3.441864046809968158e+01
-1.569152465453336731e+01
-2.517999119173967415e+01
-1.355702170070597390e+01
2.808439828112778969e+01
7.104555343582838134e+00
-4.656471186647142702e+01
1.870836006662160855e+01
5.277778897744525466e+00
5.187420321041940952e+00
-2.821692958697661879e+01
1.645408908652171931e+00
1.897318957328789679e+01
2.694471079967414084e+01
3.694553522480749308e+01
1.624467694851100674e+01
2.222137422887925595e+00
-3.032412309135438022e+01
-2.620736543159898702e+01
-3.878857284896986357e+01
-7.351472717604792706e+00
1.781864466064700991e+01
-1.420504698082964978e+00
2.880165484860725655e+01
-1.837811734820832044e+01
9.195315904617814340e+00
-9.773239934198599599e+00
-1.674591187284325855e+01
3.432171150878346566e+01
3.955016077654306628e+00
3.530932763757141402e+01
2.730581508398529422e+00
1.252230895178498926e+01
-1.001276274887223394e+01
3.410197245524651066e+01
-9.307033011209639994e+00
3.236375167850278345e-01
-4.385838985781271049e+01
-5.390851828475859975e+00
4.016612554518684419e+01
3.597109848165359836e+01
1.505524302997636710e+01
-9.271287927385543526e+00
3.053810166136230464e+00
-1.174685519534256173e+01
-7.741084662338224121e+00
5.189437154126741092e+01
2.770530582062292524e+00
-1.473781218254117675e+01
-6.094316777255413342e+01
-2.674638990108950054e+01
-2.157703677644521179e+01
-3.607993718873595412e+01
-3.268813276344161523e+01
-3.892301832283138197e+01
-2.580686682380557784e+01
-1.787965628003041729e+01
-2.774287014424234599e+01
2.637162950802122197e+01
-1.172272765304262521e+01
-4.982745838218085055e+01
2.267699168350858940e+01
-1.715206158172157558e+01
-4.566012308860662472e+01
5.468137330801931739e+01
-1.462324593467280920e+01
9.671448750635192937e+00
2.260434709787136853e+01
5.040892850511028200e+00
1.492073049769444992e+01
1.811648896438612155e+00
1.170001209189628355e-01
-8.341156150266726854e+00
-4.246763944480682085e+01
6.722314229545297337e+00
-7.021197420169522729e+01
3.991447029106836908e+01
-2.397790726222555691e+01
-9.916549325230818113e+00
-1.022404924141829952e+01
8.473569636787249948e+00
-9.656166952028812034e+00
1.527003842334117678e+01
-3.114997968373096171e+01
2.024353015861498761e+01
2.431216162347579157e+01
5.949414263252393198e+00
6.441810377232741303e+00
1.219370167656552439e+01
5.102016720747855061e+00
1.563294915370531157e+01
-4.510493537282343368e+00
-3.959119391002585076e+01
5.433195448268492100e+00
-1.404451970588158360e+01
-3.035000972523818064e+00
3.115297279559555932e+01
-4.540415664862762668e+01
7.947980366073466030e-01
1.159921083696104915e+00
5.157025000852968333e+00
1.770777062015748982e+01
-6.893627057483683984e+00
4.693041301393247977e+01
2.490289891261558353e+01
-8.697661036790236722e+00
-4.303092912529962177e+00
2.138622908480357410e+00
4.353386789294211212e+01
-2.990731292203196290e+01
-5.825623490855923592e+01
1.743753476382948975e+01
-6.880889650946599545e+00
-9.455220775923606880e+00
9.361606481560130533e+00
4.305475775794801052e+01
2.511270309129534439e+01
-9.087712040644419176e+00
-2.975501595569997448e+01
-4.833891732166229360e+00
1.601121018697204335e+01
-8.674357272218230719e+00
-4.225189733918546153e+01
-3.442507748348248242e+00
-5.404482465428577598e+01
-2.872975723832999506e+01
4.658715050130761881e+01
-2.955411903606690771e+01
-3.880558858194842742e+01
-2.932291189552665145e+01
-2.097433181909889299e+01
2.055285205368539891e+01
4.790019216512344258e+01
-3.731365873685859924e+00
1.471670001787781246e+01
-1.205012558803281308e+01
-3.950439997917844437e+01
2.679453487900007858e+01
-2.686869580573340954e+01
1.491824835179841102e+01
1.819886456853311074e+01
-6.079840142637408462e+00
2.157222622541567603e+01
2.346981760918859550e+01
6.465116750774205912e+01
-6.811340603655594350e+00
-2.946022358655675077e+01
-3.586571820516496700e+01
-9.730102980602616469e+00
-1.912964388483139899e+01
5.396907966347282581e+01
-2.504550829656207611e+01
6.546639718382627038e+00
2.796935542345522663e+00
-1.256031017222966994e+01
-4.845337964081539894e+01
-3.591948397662122261e+00
5.628087606884272986e+01
9.891095110240591737e+00
4.307917923180184516e+00
-3.292837629616360573e+01
-3.275427868076076265e+01
-7.998675485467167334e+00
2.624346000260919709e+01
-1.454674415708166180e+01
5.872041834884504397e+01
-2.761029175916681311e+01
1.072250417100843833e+01
-7.868767903410287090e+00
-3.700915181434234569e+01
2.487444204085051069e+00
-2.928976965010804179e+01
-4.218845938055989109e+01
6.312229725687018345e+00
1.069173778146563336e+00
2.983723988508714342e+01
1.349817889892592149e+01
-1.919859409503141023e+01
1.235029268187088292e+01
-4.994729970168612709e+01
-2.734069750238398910e+01
5.102072759563939286e+01
4.713923588526377273e+00
-6.057625381084051241e+00
-1.701344780028924220e+01
-2.473604443400517994e+00
-5.618792302667316108e+00
5.088868857168415616e+01
2.379742537915396383e+01
-6.758358291080696745e+00
-2.035199403331375834e+00
-2.249535636380798209e+01
-8.990885926877922429e+00
-3.599296427756641492e+01
2.825580301239056524e+01
3.991029287927446489e+00
5.883418543218908781e+00
1.020805674025004350e+01
-4.580956331257535652e+00
-1.174136174055153248e+01
3.026048166931444072e+00
-6.179734397676401159e+01
-8.870126256307230506e+00
-5.842280265070399992e+00
-4.411836821121340790e+00
2.756820005812446084e+01
3.712950267662017012e+01
9.858465993586605691e+00
-5.439036998727510763e+01
3.556023409477950281e+01
-1.227391865191140141e+01
-2.139070116177458658e+01
-4.983164691775903776e+01
-1.725746824926818590e+01
3.544005381691167855e+01
1.747740757279132140e+01
5.843084554764118366e+00
1.924593051594803228e+01
-3.329485485990124971e+01
-2.657140690834297914e+01
3.226234613478769120e+01
2.225352295522421286e+01
2.745481076067861181e+01
2.758138396045879404e+00
4.851808452580598896e+00
3.113601515899188144e+01
5.519968724919144165e+01
-1.196363579925079534e+01
2.200327919748792738e+01
-1.471120049892130055e+01
-2.506090468649045988e+01
-1.978629467073091064e+01
-1.987078677391008341e+01
-8.241606273160272167e+00
-2.716144110247714138e+01
-1.120685677933133206e+01
-7.752010019815651276e+01
1.937647621705593792e+01
1.268789823586129373e+01
-2.674454046700894594e+00
-2.217839101713138916e+01
-1.058777158985171241e+01
-3.132526171566871653e+01
5.647508366683240411e+00
4.602077324318443630e+01
-1.256934920369332076e+01
-9.653511582955758286e+00
1.195351175397593124e+01
-2.916500611751527927e+01
4.838742875285198153e+01
8.423083889790845546e+00
7.920096837354719810e+00
2.827688423012571661e+01
-1.427383568606330755e+00
3.195752085649917262e+01
1.077222207431498191e+01
-2.275869288520510736e+00
4.701025584015084746e+00
-3.632456165963816375e+00
3.785148311000011745e+01
4.919329203578740817e+00
1.036986069006852063e+01
-6.637647791547635734e+00
7.996097650079704522e+00
-5.264173744074193451e+01
-2.012449931902813205e+01
-2.778923022521325947e+01
2.710870002493197717e+01
-1.827069186664442668e+01
-3.425249626303013883e+01
3.301094349445213538e+01
-6.982372185342001103e+00
2.313728542612639671e+01
-5.140650476822281689e+01
1.064228760488489556e+01
2.965215963385247733e+00
3.442159109062345124e+00
-6.603822188067709931e+00
-4.146766059705612406e+00
2.893592802317605717e+01
1.072133435727636197e+00
-2.888756003567945640e+01
-1.070258144409511658e+01
1.257450843787273698e+01
-6.559035374583817202e+01
-5.017038048400013395e+01
7.475626955024665676e-01
7.986326547202864390e+00
-2.676936569956743028e+01
-1.099732817739948132e+00
5.991627655763676330e+01
1.600535580151341719e+01
-3.065989218875614597e+01
5.312731244785410922e+00
-5.276058296600119490e+00
7.133271402257712168e+00
-2.023424739084686053e+01
1.251091355597754173e+01
1.494631146801253863e+01
-3.929524403670740185e+00
6.345702949193369591e+01
-4.516011338385354179e+00
-1.799407726576140476e+01
1.357230011276612913e+01
2.444063900623797281e+01
-1.926246585221304031e+01
-1.028901668566408745e+00
5.568295368972574977e+01
-1.592161024551103310e+00
3.334352026906626065e+01
8.335466836984267047e+00
-3.995589889734091571e+00
-1.286511900461988489e+01
2.967684775611324710e+01
-3.178571156966393119e+01
-6.386392412526618045e-01
-1.034803995453916059e+01
-2.259688299009270196e+01
8.498131609714235424e+00
1.506890508980981025e+01
2.463290350175611820e+00
-2.577766500286884366e-01
-2.258308641447962373e+01
9.216932406234704445e+00
-1.889652995389241141e+00
-1.287797601833388939e+01
-1.146942725698633581e+01
9.447964171345716977e+00
-2.148979218475233210e+00
-2.148872172156501392e+01
-6.195235955823423524e+01
5.875963758913158586e+00
1.100392108946645919e+01
-2.749737854612419596e+01
-1.354352204804354187e+01
4.699000233085826039e+01
6.349601626461378601e+00
2.242852363882155942e+01
4.883773870334920275e+00
2.260755007002821060e+01
3.252020801141981110e+00
-2.214898822629444908e+01
-6.126686283130112542e+00
3.098702249835810107e+00
1.786359020203386194e+01
4.291360086753914516e+01
2.795574954899217346e+01
1.714555583681601547e+00
9.650752296726949453e+00
3.444073774720023096e+01
1.500240316497536597e+01
-3.945683778860833968e+01
-1.568281904406498484e+01
6.419436141032605292e+00
4.830279470788838125e+00
1.401345966713194002e+01
-2.947175617088680610e+01
3.973448247426887292e+00
2.455318186495338750e+01
2.719897088741730329e+01
-2.442557266051360898e+01
3.453531200790393996e-03
-1.279583637678655350e+00
-9.713862403971234016e+00
-1.615249238453831282e+01
-8.800394515094069448e+00
-4.952988726376112538e+00
5.743278892154847881e+00
2.405456257705967005e+01
-1.754397583294617391e+01
4.602239471393204440e+01
1.865856749474298226e+01
1.524628976597105634e+01
2.015792993186557780e+01
1.545121918781066128e+01
2.062779419590129848e+01
3.113037732363090981e+01
-2.592324342206595844e+01
3.540999303770875173e+01
-6.488259788197390776e+01
1.802170297216964201e+01
-6.078447352694519168e+01
4.742468901989695951e+01
4.289601622153848837e+01
-5.325404090197139340e+00
-2.740803987476255088e+01
-2.413076046897228366e+01
-3.133407026975652343e+01
-3.604461087075947034e+01
3.215742351700612289e+01
2.393252454160526099e+01
1.360091809874734281e+01
1.614281054931018389e+01
2.534285066272389031e+01
-2.228028205506495851e+01
-1.004491689355944573e+01
3.138205369603863915e+01
-7.431220848933193679e+00
3.033562091406896855e+01
4.235243479147415258e+01
-3.257218558626373550e+00
-4.164540529743817387e+01
2.830741380465894963e+00
-1.415591886834295821e+00
-5.808428755488932893e+00
5.613217934987346780e-02
-3.708570095810068779e+01
-7.181176286743351511e+00
5.070363932434810650e+00
7.540172244492794107e+00
2.777777675111316569e+01
-2.425457773276205842e+01
3.175453227297913372e+01
-2.270473999832073275e+01
1.459101426682934743e+01
2.297799843125935126e+01
