---------------------
  #    meV     cm^-1
---------------------
  0    5.4      43.5
  1    7.4      59.7
  2   10.9      87.6
  3   14.2     114.2
  4   16.1     130.1
  5   17.4     140.0
  6   18.8     151.3
  7   19.6     157.9
  8   25.1     202.6
  9   32.1     259.1
 10   35.6     286.8
 11   59.8     482.3
 12   61.7     497.6
 13   71.2     574.3
 14   72.4     584.1
 15  103.5     835.1
 16  121.8     982.4
 17  129.8    1047.2
 18  138.3    1115.6
 19  141.9    1144.1
 20  152.5    1230.1
 21  161.4    1301.6
 22  177.2    1429.0
 23  181.9    1466.9
 24  183.8    1482.7
 25  188.0    1516.6
 26  197.8    1595.5
 27  203.4    1640.7
 28  361.2    2913.3
 29  373.9    3015.3
 30  380.0    3065.1
 31  407.5    3287.1
 32  422.1    3404.2
 33  425.0    3427.9
 34  455.6    3674.8
 35  472.5    3810.9
---------------------
Zero-point energy: 2.923 eV
