-3.444940031655563928e+01
-2.014838221266188611e+00
-7.093449314555314800e+00
2.390939659303862186e+01
-1.183373185786847159e+01
-9.151945204011155965e+00
-2.388409289420832238e+01
-4.996847429966713605e+01
-2.131486842994814879e+01
-2.245537427139856845e+01
-2.088440594883981305e+01
4.231899779921659999e+00
1.986920006362410618e+00
-1.056735287380391242e+00
1.708239139206511936e+00
2.633614323670684598e+01
-1.013282048531520729e+01
-7.158248400358004915e+00
1.169169523610833039e+01
-6.151163614644355704e+01
3.085183807313833881e+01
-1.324762060760207305e+01
-2.384140780090897138e+00
-5.549407441306669853e+00
-9.785764112085075794e-01
-2.101846853844449470e+00
4.769561306486193075e+01
-1.495151784248130866e+01
-3.971822589080090893e+00
-3.019172795705009094e+01
3.899661459741128056e+01
-4.305999300720046108e+00
-2.122320180922582722e+01
1.114410619950228920e+01
-2.039325733857850764e+00
1.295548099570206091e+01
-5.378290900827380483e-01
2.705980165595249787e+00
1.883853321335087116e+01
-5.427185958591141457e+01
3.023828348628080676e+01
8.078352059372548410e+00
-6.221970787353484411e+00
-1.735332708378287592e+01
6.855013140480167522e+00
-1.087313122060649562e+01
2.473898059171744990e+01
1.976081988587350224e+01
-1.273171915099214857e+01
-1.627634725648181302e+01
-1.721619057403705710e+01
-2.065764480896642041e+01
1.049477552612293607e+01
-2.689969774939919489e+01
8.236185754690723115e+00
3.438442162637505817e+01
3.965076137026665037e+01
1.846050442535367608e+01
8.226828549525450285e+00
1.722620148618722169e+01
5.057043166328952566e+01
8.540466043160961362e+00
-2.964922098598613331e+01
-5.985942626808252953e+00
-1.398915695073895904e+01
3.305238365596301264e+01
-3.910701879245281987e+01
-3.413571059977851974e+01
-1.738648328459574088e+01
-9.734399530877169582e+00
-2.224533371412971405e+01
1.560369114589462924e+01
5.166944374256672745e+00
7.777260998742008269e+00
-2.153499312260861487e+01
-1.884311648245244442e+01
-3.252466033765723807e+01
1.791182273384703194e+01
-1.865160286619831709e+01
1.684101303537094907e+01
-5.380851807951511745e+00
-1.479681825210923307e+01
-2.848606148257795212e+01
-8.478485002405562909e+00
-6.082297116037807427e+00
-6.815806737102519719e+00
2.221839564169712844e+01
4.166414011154786579e+01
-2.447623357085895179e+01
-4.267941069368920637e+01
-1.071339569374089251e+01
5.910086718548490126e+01
-3.226359242988465326e+01
1.782571012499019503e+01
-6.479947919526580336e+00
-3.315950274047398239e+01
1.369634065246151522e+01
1.942016691554317731e+01
-9.634634301084631147e+00
1.826200375135516651e+01
-1.336627541289124110e+01
-3.109038699077220258e+01
5.222640620493467623e+01
2.490276488252192166e+01
1.407715467118589459e+01
7.837936401211123894e+00
1.489357644012446258e+01
4.493554812557295008e+01
-1.465396922841943272e+01
3.331010197609877821e+00
-7.526817168450355666e+01
8.721574505554315238e+00
-3.688190740669226386e+01
7.725464155985321213e+00
1.213426097566072315e+01
-1.987373003513209824e+01
-2.817854175143085627e+01
1.229700936516678667e+00
-1.678908654063076256e+01
2.125149167511617065e+01
-2.765543271561152494e+01
-3.078490794870845093e+00
-2.002322870269932764e+01
-1.942827744422089609e+00
1.106945225154831292e+00
1.241050868251622319e+01
4.467070278896017044e-01
-2.857574112257339038e+00
3.542914117121443951e+01
5.017184621965921565e+01
2.710617542237650213e+01
3.915161582863811418e+01
-6.425356685889767050e+00
5.550772682158083171e+00
2.925505527923797899e+01
-5.042725074144414066e-01
-4.189540203001357099e+01
-2.245824530277021225e+01
-2.794120586225376712e+01
-1.526568072498846362e+01
1.580579386881808546e+01
-6.550089559595187438e+01
-9.244454603685085203e+00
2.444556996367992241e+01
-2.065577984842252590e+01
-1.722836176649195750e+01
3.289650139874578372e+01
2.454032825123152861e+01
-1.825425002484467996e+01
1.535049435026246556e+01
-1.400948707338686461e+01
1.882911547051511292e+01
1.829588609586267012e+00
7.300870613399339959e+00
-4.704426841093240341e+01
-2.609304215037077412e+01
-4.758569873045132681e+00
-9.030316121493742187e-01
-2.251176114614077051e+01
6.001735049090257235e+01
-9.626225583140524122e+00
-1.781524676688084696e+01
1.962817687140648104e+01
-2.534033550753392916e+01
-2.020702977587602334e+01
1.805513160851887733e+01
7.081139423919594833e+00
8.468919710191414651e+00
8.695253352182490403e+00
-6.107126982619377031e+00
8.801850521468765010e+00
3.216029965461438422e+01
-1.460019240326039380e+01
1.059803281940642705e+01
5.020222394035822333e+01
1.805802521531795435e+01
-4.161776792052478413e+00
-1.131834099504224866e+01
8.590871063305677069e+01
-1.178332293395862962e+01
2.069858847083585829e+01
1.428585219519013094e+01
1.625019838663030924e+01
4.879039930928206559e+01
2.646152858588459367e+01
-1.482373612302280819e+00
1.339129657057236500e+01
2.711706879242814239e+01
1.985699336569146567e+01
-3.209765682619945437e+01
5.201922044148523128e+01
-4.627404309749007894e+01
-6.790687334348973536e+00
3.038505050423970033e+01
8.280234522334655622e+00
4.181041496459556583e+00
1.561277039100652075e+01
1.237037217805232103e+01
1.898310822089607086e+01
-3.454031331037731434e+01
2.208989903003384825e+00
-1.467273635028249146e+01
-3.699898845579610906e+00
-2.481539733853935559e+00
-5.929367725484340212e+00
-3.172508818321347235e+00
4.619788784556925521e+01
-4.677375300712995454e+00
-1.432823705093235844e+01
-1.418835196435033197e+00
7.182532620987714722e+00
-3.289588510661987186e+01
-2.824076436822087999e+01
-2.001525293440576547e+01
-3.412022881707051170e+01
-8.843325310201375800e+00
-2.303527288725450006e+01
1.003713046700414679e+01
7.147742367210128123e-01
-6.884479094063749471e+00
-4.547862249150114167e+00
3.164386666172788409e+00
-8.071479175902638303e+00
3.757282295653359938e+01
-4.769373003225254593e+01
-8.367437754725170151e+00
-7.448106112388273914e+00
8.787362972778083758e+00
1.246369440013224050e+01
-2.593770056623850451e+01
-8.391136695158024850e+00
2.367474261230852761e+01
-1.107490698709712973e+01
8.777403250671881096e+00
1.878048031299290699e+01
-1.622230900056081282e+00
6.145611361697467601e+01
-7.706158280297074725e+00
-1.743588179907499125e+01
1.759669095115953041e+00
-1.353642883561801114e+01
3.010271206265565525e+01
-2.334874828544607794e+01
6.704247436300079244e+00
3.124941621760621047e+01
-6.951632185788184870e+00
6.515554193197544919e+01
7.051441650636644454e+01
-3.654990726317987537e+01
3.248073419681236373e+01
1.198800123886894653e+01
-3.066404037018283191e+01
9.136726022143641046e+00
2.313656675599226276e+01
2.364905163796973397e+01
1.269001157813264058e+00
9.361207331865443848e+00
4.097061998745851952e+01
-1.294088195929066387e+01
7.872312431352117557e+00
3.950120473785250397e+01
-2.035454625323356481e+01
-1.096530722522254564e+01
3.080918623013518243e+01
1.580605646437999212e+01
4.165449121515285924e+01
1.659512896615390787e+01
5.969290239179628088e+00
1.466932991527673380e+01
2.227138871868459091e+01
-2.949204097657272428e+01
3.768077269935531604e+00
1.362502522944985195e+01
6.406795562605793748e+00
1.302417433199450159e+01
-3.367397939858115308e+01
1.761018803674232913e+01
-2.351434427388022641e+01
-1.832143813169322044e+01
1.176242866946097365e+01
-6.411530997784510078e+00
3.184619289179411794e+01
-9.175137942549554282e+00
1.654874534309129785e+01
1.783302403911625333e+01
4.273886362272362049e+01
2.999359718778385542e+01
2.680922378049416466e+01
-1.795851489345523078e+00
-4.621127303490226268e+00
-1.756496649668184773e+01
4.392676274719667617e+01
4.368997707826386545e+01
2.147424426610026416e+01
-1.382678199839241984e+01
2.736704248264794614e+01
-2.811840948585825117e+00
9.788545883629844013e+00
3.633464775756829113e+01
-6.495159779286012736e-01
-4.355799405263297785e+00
-1.108608204931078944e+01
-3.217381353088163110e+01
5.253969597406293701e+01
2.782814170836803669e+01
-3.285057348153137724e+01
-9.050198499150496900e+00
1.446710936759209076e+01
-5.462469589647326984e+00
3.490374652839672365e+01
6.903287299041608094e+00
4.398666691712162446e+01
1.909591263365535241e+01
-1.249664190577300360e+01
1.102465780986304367e+01
-3.438171748081060741e+00
-1.510951996282622645e+01
8.649934385105041201e+00
8.254900327557152195e+00
5.167653224032112291e+01
4.341659638681973377e+01
3.053432263349026243e+01
3.671650840105337466e+01
4.777438419170607631e+00
-1.427580761477531723e+01
7.895919855490689088e+00
-1.838366503332996871e+01
-2.954988486153416716e+01
-3.063164832094054191e+01
-1.717633594830681432e+01
-5.991281808215705951e+01
-1.923195926139776191e+01
-4.772892519389978361e+01
1.294548215121141332e+01
-2.550770645847164531e+01
2.565636298738093046e+01
-5.455144969609217753e+01
-1.644119791694923549e+01
2.359828748767836260e+01
1.155051375080309128e+01
-4.895399161592953874e+01
3.119722687174055409e+01
-1.424508158014702985e+01
2.964799884873398383e+01
-1.275246918478055136e+01
-4.319182783388976077e+01
7.886581550140519425e+00
-3.586923327381009585e+01
-4.101605642613066038e+00
-1.661824054616494628e+00
2.250642814500855593e+01
6.948848899647498456e+01
-2.378189700017657060e+01
-1.926623071034832435e+01
-2.317153779512381107e+00
-6.268782196806682805e+00
-4.451936132567020366e+01
-3.070264695173221980e+01
2.635941688140603389e+01
-1.170512843530499936e+01
1.119056017125009816e+01
-2.706437155535459738e+01
-9.064377843533890200e+00
-2.286134398587039129e+01
2.845045813276334457e+01
5.238016057755487509e+00
-1.230636905231500577e+01
-9.384248058048626717e+00
6.549746845668373396e+00
-4.479392829096155992e+00
2.374455356701292885e+01
-1.420011316730398221e+01
5.502397935083592984e+00
1.956501940563143194e+01
7.560516136720593749e+00
-1.172562930416518157e+01
8.479350380815662902e+01
3.242643593164861215e+01
2.345679517787118584e+00
5.654279534280135522e+00
-3.452074762958591236e+01
1.854913234298723523e+01
-4.215726543900458978e+01
-1.603902436851979019e+01
-3.035197114326192036e+01
-1.092851151351945305e+01
3.133535429703027830e+01
-3.125236095646859269e+01
1.320562566533333637e+01
-2.125054060736403017e+00
1.150918523073841016e+00
-1.977434970270434178e+01
-2.447575930299535685e+01
-3.121183340623417735e+00
-1.969118872519158003e+01
-1.089659869876513199e+01
-2.279863394636984708e+01
-5.113142739943818071e+00
-1.915339975287486141e+01
-2.767635684114796391e+01
1.148255827608767277e+01
-7.905938900599252861e+00
1.351519031327492826e+01
4.671321936683636267e+00
-4.200038652317184784e+01
-2.893947612292955540e+01
-2.519007426245457282e+01
1.784439986572135695e+01
-1.359523888013157489e+00
-3.417414527383230904e+01
3.250173605308108193e+01
-2.158888856392031386e+01
3.153552195480612852e+01
-1.745209635722484975e+01
-2.663686726364281299e+01
1.306335526334902397e+01
-3.747203235404484190e+01
-1.897867092671873479e+01
3.416843377405669457e+01
1.041199804470875279e+01
-2.424324842133950142e+01
2.993066976142385727e+01
-9.995269253781827956e+00
-2.096770463356762093e+01
-1.676354520421861594e+01
-2.764518050217373002e+01
1.529907666718738568e+01
-4.961662296302600339e+01
-4.369362793885863994e+01
-5.606749146902814118e+00
-1.662330141585815113e+01
-3.261445448819000603e+01
4.056560025267833680e+01
7.405337295034314593e+01
-1.516239813262826885e+01
-2.007749811832979958e+00
-3.341946944594020152e+01
3.620447566773884773e+01
1.123588990515591490e+01
-1.320671255475383532e+01
-2.011045679209786385e+01
8.140251129096974125e+00
-3.202088121176847579e+01
-9.754845155937573509e+00
-4.796801263205179566e+01
2.010821638599139760e+01
6.074373025209183652e+00
-9.652160234638245129e-01
-5.742284605473741976e+00
-2.208888948923527096e+01
-6.068527944843708610e+00
7.241543634731905854e+01
-1.014124280465409811e+01
-2.652915374536257787e+01
-3.859053093696607561e+01
7.698926097939533975e+00
-2.072017496609960219e+01
6.008406469969443719e+00
1.673752499826051832e+01
4.233635403048211288e+00
1.726755775064867038e+01
8.339429415845899030e+00
3.235459355779818225e+01
1.453621112448198005e+01
-1.933854606733270032e+01
2.650176356164185165e+01
1.928080060669623208e+01
6.824339952955483568e+00
2.341195180343919446e+01
-1.570163407165632918e+01
4.075002740242194932e+01
1.302615731182030245e+01
-1.751428190331294132e+01
-3.235483002179000422e+00
-9.976161344754530091e+00
1.130265860673799239e+01
-1.285633397244180287e+01
-4.373018988698646581e+00
-7.056642806745401231e+00
4.474257682760679700e+01
3.050293456659994717e+01
-3.583442044871797805e+01
-4.488356066750171181e+00
-2.915192890035245910e+01
-8.027405018397388403e+00
-1.302909324788690526e+01
4.736118977926366824e+00
-5.492939282155173686e-01
-1.587565785630626181e+01
9.392781386855773462e+00
-4.554318400514283383e+00
-5.158631514841687249e+00
4.761450931547693699e+01
7.968773134102082878e+00
-4.561396809465960445e+01
-2.192945828410375952e+01
5.294934185667813153e+01
1.505517135563121656e+01
-5.264381584592285890e+00
5.898755929888471883e+01
-8.896404664727555200e+00
-5.057911856779242044e+00
-4.471678975760994490e+00
8.532510970520888804e+00
1.723222183064714841e+01
2.425143694808426176e+00
1.600524268008064155e+01
-7.072388988361865358e+00
-1.943623698467995098e+01
-2.302184131988260418e+01
-2.646441311580338152e+01
2.276185048912611819e+01
7.151000468508883046e+00
2.105702686530917944e+01
7.688952957156971024e+00
4.929998299163813158e+01
1.032123841786345508e+01
-4.456747003872055757e+01
-1.893963429299626000e+01
3.374798275834322681e+00
-1.608768248096606612e+01
3.489434876181013578e+01
-7.644797913942056766e+00
9.278881357863902224e+00
2.912269566173064561e+01
-4.122972968531405513e+01
8.260084523832588843e+01
1.145435078561216358e+01
1.318765690880508146e+01
1.996809985250919794e+01
4.090507101027583303e+00
-2.374953900062450884e-01
1.935490613651035119e+01
-2.045241522889278940e+01
4.583799439967521039e+01
4.053005003050196819e+01
-2.301484446490050573e+01
8.838853696510795999e+00
3.862498524691014268e+01
-1.135987838057445742e+01
9.666519478065737303e+00
2.081061876239950692e+01
2.238032495435180635e+01
-4.214971182509077607e+01
-5.674651070817276377e+00
-1.690961757153844758e+01
-1.673293845849684658e+00
-4.372713897685876816e+00
9.558362848791261968e-01
-6.880138943020853048e+00
-1.752938020435783528e+01
7.280860486910825102e+00
3.794296555381038161e+00
2.927904294063283075e+01
-2.417573552090431122e+01
2.408646133093594699e+01
2.607583596564464301e+01
-6.873756925067368684e+00
4.496711541562700631e+01
-3.758982876946163287e+01
-5.692350798435609960e+01
-4.790570759848810312e+00
-4.373844547433691332e+00
-6.788674068106956838e-01
4.415044238371812924e+01
-2.685629027898158938e+00
2.363663635430978616e+01
2.964879133137061729e+01
2.063625840584609250e+01
-6.383969132219135645e+00
3.290229420477044187e+01
-8.772458699453707709e+00
-1.955102849620044481e+01
-2.256784159047776939e+01
5.973940927045745752e+00
1.948384696464523813e+01
-7.415832079424689027e-01
1.921361636853464461e+01
2.856040208524177615e-01
3.344755235268158344e+01
9.536657297804723044e+00
4.993219704828035788e+00
-2.085812670268069269e+00
1.776392919796284531e+01
2.071959151253844311e+01
9.489614809887513047e+00
-9.839989909899742315e-01
-3.034980362660388664e+01
1.605831555164135693e+01
1.049057970823176333e+01
1.958019018877106276e+01
1.551864509640773804e+01
1.995449339347632645e+01
-4.785187311512373753e+00
1.718507340260509864e+01
-1.482786450161108860e+01
-3.725755342953789295e-01
-2.988715806874438385e+01
-1.695354211809501521e+01
2.217497808291402350e+01
-4.967804937986234393e+01
1.461580531786475490e+01
8.750138957218439373e+00
4.578945234235607131e+01
-1.042676591519504825e+01
1.837987820196255839e+01
-5.503556159033109907e+00
-2.671364322893485266e+01
-3.746770391363401131e+01
-6.453484956808097195e+00
-4.872724864673148204e+01
6.478449010236602135e+00
-1.094158532028417596e+01
1.701291227608746226e+01
1.301510691068847336e+01
-1.573710195979742821e+01
-1.610745403696955691e+01
2.256563620030040340e+01
-3.392337247655009236e+01
-6.729539161999809949e+00
-1.042862993428595786e+01
1.508577655034851617e+01
5.218760644928295278e-01
1.490649236588865278e+00
-1.040137355956176179e+01
3.021080568613237460e+01
-3.057298269109355715e+01
3.722916968758170242e+00
3.317986655268248342e+01
-2.027394330540158762e+01
1.709586422067758349e+00
-1.467793676606561348e-01
-3.585213070215502285e+01
-2.204174837773734907e+01
-2.733536290232160937e+00
1.556973343676694554e+01
1.821203184757274585e+01
3.363417811049487227e+00
-5.331912916644341749e+00
9.803760157311415924e+00
-2.343406764566918810e+01
-1.088796668359634623e+00
-2.858947204308117307e+01
-1.539977854216473929e+01
2.677812853195916887e+01
-1.572821639005434236e+01
3.739027952290521739e+01
-1.324688079392197437e+01
1.802916481459195097e+01
1.391561989886714912e+01
-3.493299659365607113e+01
-1.382920325791030791e+01
4.847298799580755713e+00
-2.304020621481880937e+01
-2.075404123397792233e+01
-4.816478134134126776e+01
-2.976848921081003141e+01
-2.812136593242655636e+01
-2.420278436518603371e+01
4.418964347615315091e-01
1.003489485044853780e+01
3.762484585831899153e+00
1.342497084460916845e+01
-3.128280636837460804e+01
8.398842068849546649e+00
1.487101998765953681e+01
-3.709912040727370197e+01
-3.426554725814111180e+01
-2.327809120987080860e+01
-1.497572665392906544e+01
8.931083664048969695e+00
-7.265265182953726253e-01
-2.319505530816480388e+01
1.648969942724414750e+01
-1.316609761614095930e+01
2.766246465665437881e+01
-4.902352447987351525e+01
3.486118144205535430e+01
-4.986313540636729158e+00
-2.206363032012373537e+01
-1.379224461945635483e+01
1.036237415383865823e+00
2.463345576131760595e+01
-4.058673981440897194e+01
-6.516386230772170052e+00
-1.114575376046880706e+01
2.462877629741495866e+01
4.602850188790767305e+01
-5.472046578472691181e+01
5.118913938070204495e+01
2.287925895883486760e+01
-4.108671940398927802e+01
-1.757768317230323873e+01
4.362109496632886874e+01
3.272112051118426734e+01
-1.144352994500712839e+01
-3.219913991258493979e+00
7.884237753787374459e+00
4.108085991352099597e+01
-3.123294470741318207e+01
6.971150364561907509e+00
-4.599699260963809877e+00
1.501437832007809448e+01
-3.994952287377040534e+01
-1.825180851277359295e+00
-1.672816933241657011e+01
2.628839756594332755e+01
2.317949788793370658e+01
-4.805895372705009549e+01
-2.627847428806543917e+01
-1.188577822472058187e+01
-2.343960187408358564e+01
-6.406727931690838318e+00
-1.117797213299394343e+01
2.475369523297317187e+01
2.312025503759795697e+01
-1.154357743373225276e+00
-2.528471210479624176e+01
-4.682997164011624136e+01
2.619635404664825273e+01
-2.702557424480633586e+01
-2.002756113778667668e+01
3.263368392838636112e+00
-1.976962580474486941e+01
-2.151097525971397317e+01
-1.574534289380650876e+01
-2.633435333850232496e+01
-1.426668183523043254e+01
-2.858198281215354086e+01
3.076389081074058396e+01
3.377014681218150116e+01
-3.648133527277138910e+00
-1.206379019396518970e+01
-2.434070693851708711e-01
2.500731989442948588e+01
-4.727369823837693730e+01
-1.090669382750101590e+01
2.708487679197054376e+01
3.902564335977906751e+01
-9.235454762501149162e+00
5.419615643735255617e+00
3.019442692822238428e+01
9.131026771867922776e+00
-5.572435095927232851e-01
-2.447955805687604425e+01
1.110850261758031365e+01
-1.906791729172215355e+01
-5.740162699800919199e+00
-1.070927335341514208e+01
-9.048919555079351085e+00
1.249471320535019458e+01
4.352609072287357606e+01
-1.300144163458867297e+00
1.889494414816866197e+00
-5.009171836327081451e+01
-1.039460393230564250e+01
-1.978624870833567684e+01
-1.118635445258746586e-01
-2.588299670752630277e+01
4.696358914616214975e+01
4.465329302274005840e+01
7.706351651160112226e+00
-1.086985379581349775e+01
9.170068981651340323e+00
1.133218427854744448e+01
-2.627525195284296444e+01
-4.651215734231072929e+00
1.043827034130833908e+01
7.321498775167782469e+00
3.032905884438069677e+01
2.223774550113333248e+01
-1.164345836837870252e+01
1.430957654006745372e+01
-5.456191410124328911e+01
-6.486440565214053322e-01
4.802355380095147552e+01
6.559547453855316235e+00
-1.148864719952200630e+00
1.681996986326709020e+01
-1.579077891413201584e+01
4.947830092355854958e+01
-9.157103065236015027e+00
4.428493335339908299e+01
2.158859954401497561e+01
-2.229229090968465243e+01
1.782389872814469811e+01
-1.687068779393067075e+01
-3.982295048266058757e+01
-3.552097758244741499e+00
-3.066228484876797467e+01
-2.894920505615795037e+01
-2.732040927625945415e+00
1.989256983992419237e+01
-5.366923481255398087e+00
-1.724466282999770783e+01
4.946840603241327017e+00
-3.815024169780383545e+01
-3.883848395541221521e+00
-4.572706377523127230e+01
2.686436146328180996e+01
-6.435357239842431909e-01
-2.750406720394460081e+01
-9.104192536685729920e+00
1.020114469962288695e+01
-1.949787385963458064e+01
-2.515986867495222157e+01
5.199326759060838299e+01
-1.333347237269521202e+01
-2.219110601836234764e+01
1.505821163246420724e+01
-9.741850022995507175e+00
3.017130430606701097e+01
-2.523066197618220485e+00
3.865971215717365794e+00
5.963054350986089958e+01
-6.854193340464348694e+00
-2.021887053567346015e+01
-2.371365335632310689e+01
-2.806650174491687721e+01
-1.887979579630501803e+01
1.493349736540858430e+01
1.497826608392767866e+01
1.227134630023049056e+01
4.057497845680427417e+01
1.843200533289319765e+00
1.153915367880715337e+01
-3.507885657969595172e+01
1.479395939078671063e+00
-1.024893445275165504e+01
-1.472340491227106440e+01
-1.906320384004118296e+00
1.858684319643492699e+01
2.109301324530349575e+01
-3.696000177064409087e-01
6.770244046696234363e+00
1.521441077817661025e+01
1.926077673597747264e+01
-1.354168392129011522e+01
-7.002414788405530999e+00
3.819473461446278861e-01
-1.275331643671103166e+01
-2.772500368077942312e+00
-1.981877636780177454e+01
4.386371275766306610e+01
3.554198911525594440e+01
-9.016804777181164354e+00
8.846589370499629013e+00
-2.557394582780757375e+00
-1.656951342195368682e+01
1.970175910613257741e+01
-5.291029311342128949e+00
2.210803134187798946e+01
-2.895107968677703880e+01
9.945052905957936673e+00
-5.506052867719802180e+00
-2.980346465760061392e+01
-1.353058405608601333e+01
1.479664511967335017e+01
-5.046897741244640656e+01
2.378694291853332743e+01
2.577456895867533149e+01
-5.525594351211291055e+00
-3.317598736279919081e+00
-1.775910182201783982e+00
1.380697065378006982e+01
-1.808846254267257336e+01
1.997504678657773525e+01
1.685218094599704841e+01
-5.439103364969435006e+01
-1.959050651661635811e+01
1.315293709882625706e+01
-4.686113725743581426e+00
2.400946822833654437e+01
-3.525332290839662619e+01
-2.995297660603853274e+00
-2.317179007511188971e+01
-7.116118620806474837e+01
4.256287424130090358e+01
-3.226631140165517309e+01
-3.385695444857870484e+01
4.934536339219043555e+00
7.173979296210751500e+01
6.476445589424741911e-01
-1.555037482367214352e+01
-1.738848301093980808e+00
-3.040568503345028262e+00
-4.739550143047412689e+01
-3.388570966845082211e+01
4.534052139435898710e+01
-5.672215906221481418e+00
-2.086274760850886878e+01
2.730609619887673034e+01
-1.985752951183003034e+01
2.040097163012910642e+01
2.948235796118904517e+01
-3.159331088186154091e+01
-1.551326198107310006e+01
-1.922531570623780794e+01
-9.937782849350298875e+00
-9.728978361359132521e+00
-5.755382670032702208e+00
7.922256887734192787e+00
-1.888914537246698444e+01
1.569565601867036264e+01
3.204486070002235465e+01
-4.980949358621597156e+00
-1.128323897984023461e+01
8.080828614592746817e+00
3.099340632794459793e+01
2.887185501359500961e+01
5.430946058681655586e+00
-3.066711550450520463e+00
-4.813097026035507042e+00
-2.808153467032731498e+01
2.127747570295382218e+01
-1.233557412397595243e+01
1.099224639615357546e+01
-7.750516052010254953e+00
1.495793504717909173e+01
1.011207668217996059e+01
-4.453969394715394969e+01
-1.474882264579559887e+01
-4.348498314000327980e+01
-1.973175647766964858e+01
2.913886593516480161e+00
-9.515367690882129637e+00
1.808007583356695136e+01
-1.661795980605745626e+01
2.053915220280735809e+00
5.939648126716292609e+00
3.914104841354890141e+01
1.983560734126587022e+01
-1.672655931729140733e+01
-6.833500692752778605e-01
6.702713442015777900e+00
2.121722446288787722e+01
1.822207351037832268e-01
3.020755360735751083e+01
1.241629949050997794e+01
5.011646035582964487e+01
1.050826663138749950e+00
3.622615178569999728e+01
-1.496499832543165098e+01
-2.084558273400242712e+01
2.433290547500831735e+00
5.158768806657803907e+00
1.482122052447672900e+01
-7.828726282888396781e+00
-7.561196503146099701e+00
1.435272748834299605e+01
-2.679006102046940896e+01
-3.050039664060570033e+01
4.383940984278842734e+01
-3.307678039546431137e+00
-2.160827770687567551e+01
-2.229360668811963819e+00
-7.472290013731537783e+00
2.353200332466515476e+01
1.829745109459977925e+01
-1.117167289318319945e+01
4.658695271711081887e-01
-1.461358038432571504e+01
-1.951556752023719810e+01
-1.477532179753410446e+01
-5.346519772930173531e+01
3.827106253150702742e-02
-3.558748544574262951e+01
-3.080229219329741852e+01
-2.060796071988534095e+01
1.060151445132589743e+01
-2.016185202943790955e+01
1.277352521263809848e+01
-3.387571434174724061e+01
5.811375679278114603e-01
-2.289800205478345063e+01
4.756775788025819907e+00
6.212235824690608865e+00
1.844355652563433523e+01
-1.160806199218089318e+01
-8.800053628744421985e+00
1.634898650807168252e+01
3.274997561255209177e+01
1.815474731222195715e+01
4.615310786779787122e+00
-3.966857631081163049e+01
-9.422631705511435030e+00
-1.749577876933801690e+01
-3.339488503971870159e+01
2.236767861818799474e+01
-2.007832888429089735e+01
-1.810222844488194482e+00
-1.550084355392378654e+01
-5.513057045310003446e+01
2.857754908822137452e+01
-9.727524508913177215e+00
2.241412850228039133e+01
-3.947039505124254788e+01
3.727475669332127950e+01
2.030453491520802345e+00
-1.590239509083310310e+01
4.794083616371864309e+00
-1.152451987545509837e+01
-3.622092870381285934e+01
7.979211600454902964e+00
1.971582196968385858e+01
9.677537473507982213e-01
-2.002280234509987622e+01
-9.051236819463156280e+00
9.685570403901266445e+00
1.765669896250611259e+01
3.483633277177078469e+01
1.310128587114286347e+01
-1.284265563974818747e+01
5.278642710560369267e+01
1.325056469586258601e+01
2.346668099170090471e+01
-1.011477089382998429e+01
1.545511083676561270e+01
1.084320684439744298e+01
-3.427286265892672645e+01
-1.141269812700581099e+01
-2.261582123213115381e+01
-2.041835643529064725e+01
-6.682881103061447448e+00
-7.673705136821411088e+00
-2.333404262420174291e+01
-6.125103414706170213e+01
-1.596348190249720211e+01
6.893387421280579019e+00
5.030655306452786135e+00
7.681467561106572361e+00
2.565407757342438799e+01
7.742507279028803424e+00
1.796767979243375635e+01
-2.299093953529840917e+01
2.528902657386555575e+01
-2.512900428083744941e+01
-3.978509223370298287e+01
1.214335313958844154e+01
-2.388008421600173392e+01
-2.169551439433632822e+01
-8.765465353449090458e+01
-6.393573405994587233e+00
4.509910634185285971e+01
2.343502655477019658e+01
-5.676699862340058189e+00
-7.638524595421216645e+00
2.089323831260307429e+01
3.677523916093254286e+01
-2.300911024985262543e+01
-5.940805121113100995e+00
-1.882423079693916179e+01
-1.943291340893557617e+01
-1.696982926945127446e+01
6.990975584907129559e+00
3.913015683663826394e+01
-3.603764818563513472e+01
-3.100472679787930019e+01
1.815308601130254829e+00
-5.900925031297674650e+00
-7.341855356059667770e+00
-4.988204087390920449e+01
3.479474943941042397e+01
1.326896881673900452e+01
5.211433368914850206e+00
2.676445205045925491e+01
-1.814285289834757720e+01
1.710670719576302190e+01
1.536359293931505476e+01
1.988836220631668539e+00
-3.358453583811687793e+00
4.873825432274120573e+00
-8.728625511488043998e+00
2.807633185831458889e+01
-2.214680367437804875e+01
2.382463640222761114e+01
5.319129407571267620e+00
7.987351001763016711e+00
1.259865502634193035e+01
-4.810603023895005492e+01
4.684009887803284755e+00
-3.704597539968534647e+01
-2.708114904398109957e+01
-2.708871409845181688e+01
-2.762251472598356372e+01
2.887268904486859356e-01
9.275393388260155803e+00
2.755683857467192865e+01
4.778788453630408384e+00
7.949972973011202981e+00
-3.883635009445356445e+01
-1.410414058273271820e+01
1.880434381799469179e+01
-1.132173577368263295e+00
-2.535246468468699277e-02
-4.883570052109632798e+00
1.938232917871125949e+01
-5.047405576798200855e+01
6.227072731748577894e+00
1.120854504254862150e+01
2.390428025059643602e+01
2.044241637732049810e+01
-3.129646696302286557e+01
6.213010340131404519e+00
3.225355807029927746e+00
2.598049750317869666e+00
3.302061168653978029e+00
-1.039923693281983219e+01
-1.949942564634085329e+01
1.046024917555979528e+01
3.325885922283976015e+01
-2.757038597439191108e+00
6.373751264244276626e+00
9.398077578809761690e+00
-1.416925677368496395e+01
-1.502767069598570515e+01
-6.596633930199189422e+01
-2.037318940640668075e+01
-3.017183959499580226e+01
-3.685836802615881425e+00
-3.731344568444728793e+01
4.150525339822263504e+01
-1.730418850563387423e+01
-2.965753926560290665e+01
-8.551628414733625050e+01
3.671032990391651651e+01
7.369506598281475362e+00
3.391032336796740765e+00
-3.463835322266962180e+01
4.868342472301890211e+00
-1.103989058300959414e+01
-1.811622991968032537e+01
6.491008288877910815e+00
1.865748481577654161e+01
4.034866754807794109e+00
-1.174258030945031805e+01
-1.340633398352792938e-01
1.517319356689739607e+00
8.711232054600941410e+00
-3.508991812359856510e+01
3.988760475319825360e+01
-2.370439152542054018e+01
-1.654440081858712119e+01
-2.705062648011590909e+01
-5.746651113427439839e+01
4.971039511011134948e+00
-2.894479434558829212e+01
-1.051853467645299389e+01
1.803066700982071779e+01
-1.428513447934983560e+01
-1.901218311680395345e+00
-6.494929323483830785e+00
-1.108195753333257016e+01
1.766231236178573027e+00
2.997797220338455304e+01
-2.776833252647067241e+01
5.496082240026356658e+01
-1.249430750434720494e+01
1.846182754443273666e+01
-7.591549566164481178e+00
6.289266581974420234e+00
-6.028556154319659299e+00
2.422025784613521182e+01
3.385522287136788577e+01
1.056661675035557835e+01
2.540257764329973611e+01
-1.966336054991572269e+01
-3.668935524517632274e+00
-1.231166989228700004e+01
3.793228145773599636e+01
3.182572656478157569e+01
2.406258796790183396e+01
-8.453314295618326923e+00
-1.535944253393392955e+01
1.374161844437026758e+01
-1.553634860780971394e+01
-6.862518544647173258e+00
-3.179316260342446299e+00
-1.628981104190771845e+01
2.742430212063379713e+01
-4.552910217735679055e+00
2.096290085064640607e+01
1.082465455231678320e+01
9.539034492800681164e+00
-1.827026251807755841e+01
1.462205473635285102e+01
-1.012429017974301360e+01
-6.517406569470381328e+00
-1.723332781566512040e+00
-2.655803462642035129e+01
4.118065458563978609e+01
-1.468840272572940897e+01
-1.772590187462810718e+00
1.228975330627829976e+01
1.062230269744677003e+01
4.092944709028108718e+01
-9.461379298384002823e+00
4.160482403426422593e+01
3.730598797453941984e+01
-5.169451600843336792e+01
2.803404583532909555e+00
-1.026432060240058775e+01
8.663426380134410465e+00
3.290119986997126489e+00
1.096602711259276930e+01
3.440821049588740266e+01
5.391153947072725572e+01
-4.145039756429255817e+01
4.175872856216005857e+01
-5.405506944597981089e+01
-4.483770225028456480e+01
-7.967963750397501599e+00
2.607197265538729880e-02
4.018254394860967693e+01
1.975843544020142417e+01
-6.648691969810755609e+00
-4.923766530856627810e+01
3.896330973327402347e+01
-2.302920853009612756e+01
9.711265156931290221e-01
-3.948559716453829083e+00
6.947757671124483636e+01
-1.397220984627185203e+01
-5.894502753837281261e+01
1.727121914610052045e+01
-8.979090824343165878e+01
6.342602635562840874e+00
-2.013242312339203011e+01
-1.016830192833026913e+01
-1.498105582525035118e+01
-3.227622772709960941e+01
2.113388625269574561e+01
-2.099058889241106485e+01
-6.484967544692722186e+00
-4.354037831214580478e+01
-2.408637928101853731e+00
-2.886481370431127402e+01
-4.120329828402736894e+01
-6.269874174781932652e+01
5.061108466409905304e+00
-1.965986456604649391e+01
3.466049158388329943e+00
-7.793752692466512144e+00
-4.485564581479883373e+01
-3.588528209796011481e+01
-3.010521332332945121e+01
-3.130620874205109772e+01
2.941189377486958989e+01
2.798497211274579399e+00
-2.751797625115599999e+01
-1.200192058449283650e+01
-1.356191841361329864e+01
2.222422628778868159e+01
-1.714187464923302429e+01
-4.224441301390765346e+00
-1.550221012601281245e+01
-1.971912739940501069e+01
-2.234595226078072017e+01
2.038370796074488567e+01
-8.608088233486569152e+00
-5.113911489507268016e+01
4.256140195112598690e+01
2.430289514566378628e+01
1.465813396715788031e+00
-4.313937236834669875e+01
-4.133784183479008334e+01
3.771517885237926748e+00
3.862413517069285263e-01
-1.743749285945045813e+01
-2.526775656956193927e+01
1.731432500949887299e+01
-3.045843615015655814e+00
1.451824555823463925e+01
2.708821044492566443e+01
1.753187961055513711e+01
1.763739976275587651e+01
1.319959503923963950e+01
-1.152156845725633616e+01
-8.231251530023953933e+00
-1.201279446293178310e+01
-2.028599075505070459e+01
-2.361128766535466639e+01
-3.518343850849259979e+01
-2.057563000507121131e+01
-5.656760885014705309e+00
-4.247141892472848212e+01
-7.890195722331327488e+00
2.018242212906056920e+01
-4.361449230556615930e+01
1.645704568148730118e+01
1.485223157922928294e+01
-3.977250560524583989e+01
-3.134960720643431387e+01
-9.495110226216283422e+00
9.716942525013934073e+00
-2.178030237931272950e+01
3.997392215568275731e+01
3.547723028161976799e+01
-4.274531623382154066e+01
2.471990106429825573e+01
1.924728552666181258e+01
4.840703918745418832e+00
1.200436097905793531e+01
-2.367752958974669752e+01
-7.203369499288896805e+00
4.586811436393134045e+00
1.064690157725932806e+01
2.339881747893027608e+01
-2.834614766611103676e+01
-3.304241603021182527e+00
8.283759222654765608e+00
3.001707008786070219e+00
-1.646553698957144007e+01
1.208796943670512292e+01
-1.414250026585260400e+01
-1.136904130452812467e+01
6.493972911846697116e-01
-3.368903613296285471e+01
1.649343546223519752e+00
-9.340114755485387832e+00
-7.657150348552420382e+00
4.658138037558529732e+00
-3.007442168503357038e+01
3.286411996381332301e+01
-1.396274101243618304e+01
-7.383707804718775947e+01
-4.726465288035781498e+01
2.049689847137253196e+01
-2.243267482803472035e+01
-1.040838697204640084e+01
-1.452234640597927751e+01
-1.017328591003082039e+01
-5.581182161838427191e+01
-3.513607215355705193e+00
-3.453072075712168498e+01
-1.910369496096936359e+01
1.176409918531231824e+01
4.362038783169609246e+01
1.574709557651630121e+00
-5.675320969581036934e-01
3.300781865993766928e+01
-3.072278821965775819e+01
1.770853413975248714e+01
4.225970247647111933e+00
-2.643882444175881119e+01
-1.413406301298755352e+01
1.233435844916903079e+01
3.630022415892568688e-01
6.734174868605947495e+00
5.727729487206318026e+00
-1.311508084230206350e+01
-1.803773773018679094e+01
-2.774558828522287968e+01
2.730421987923921279e+01
-3.576359559548647127e+01
-2.655874019006570563e+01
6.901296096313458861e+00
-4.820735333365306019e+01
1.249264213492048725e+01
3.557806439399644205e+01
-3.999068234449580928e+00
6.452994165576100727e+00
-1.599118218512541034e+01
-1.221459999570566879e+01
5.755831640243457059e+00
2.107767314697499117e+01
-2.153696512707181299e+01
1.500059987259018612e+01
-5.880251775423744220e+00
1.714175839928344658e+00
1.284208958870999595e+01
8.257023098857374066e+00
-7.146695662167310559e+00
1.192313907016284702e-01
1.062436975824073215e+01
1.587233914811594104e+01
-3.984497488145079558e+01
1.846450583121054478e+00
2.855822303699147113e+01
-5.121688558965553284e+01
1.684245860692134045e+01
-6.469336779590858555e+01
-5.968013431306015804e+00
-8.221240948392960490e+00
-2.903953680125141545e+00
-6.756043439521590699e+00
-1.393108144346280142e+01
-5.290890299566797239e+00
6.617396987409534859e+00
-1.479435463442965215e+01
6.673609609877843241e+00
4.858895061302374074e+01
-3.360433390523786557e+01
-1.464112309686021263e+01
2.210532145798447345e+01
1.334835245989941654e+01
2.425122903243046579e+01
1.171091184236730953e+01
1.167968361244203379e+01
-8.918777467480794030e+00
-2.718784278293784951e+01
-2.507416704206497116e+01
-1.497016609950140520e+01
2.568251626061837101e+00
-2.343548930869428659e+01
-7.756044695921701759e+00
4.036507329147852374e+00
1.318017878897734363e+01
-5.666859625056648753e+00
3.305143085361942212e+01
-3.205248256860028278e+01
-2.177239266517688066e+00
-1.689287744561598359e+00
1.523521317085766213e+01
-2.173150460759586622e+01
-1.376578591388090445e+01
1.039121323704030786e+01
2.487905822155947533e+01
4.136738706073001026e+01
1.767723117736269955e+01
2.315531980254077382e+01
-1.545336036755048426e+01
3.489304145411432501e+01
3.655574784515110309e+01
-1.419641021519908008e+00
1.891146594312169782e+01
2.085634296913828223e+01
-1.302077692338720283e+01
4.713664188799896237e+00
3.357276062573589570e+01
-1.334361646400699897e+01
-5.067867318554135636e+00
-3.330680363362591123e+01
1.315374861750254354e+01
-7.115834587774344300e+00
1.088106429679595522e+01
3.232733424223766860e+00
-2.199349594322731960e+01
2.517756157086614621e+01
2.217485250392454077e+01
-1.487945801163547799e+01
1.056034804915288561e+01
-3.376987421833160852e+01
-2.934061853534465669e+01
1.366198236286436440e+01
-3.763167389470343949e+01
-1.699909770906569406e+01
2.851670979253583482e+00
4.565989230585317671e+01
-1.407529932057926203e+01
-6.773715804289849984e+00
-9.943371784955303383e+00
6.190427156092394512e+01
7.686533878790342555e+00
-2.379831953940016831e+01
3.911933091720703715e+01
3.463911963781539782e+01
1.732951232038004719e+01
4.148633844119706282e+01
4.745992572847821833e+01
-4.124241888714969662e+00
-1.528923526022963131e+01
-1.600443815629756728e+01
1.595230187287964441e+01
2.074535851740807857e+01
-3.795614890457272850e+00
-1.276334238117107134e+01
-3.371496480667431683e+01
-1.392478350879864024e+01
-2.493276351833054605e+01
1.663329860154559015e+01
9.445987763508412627e+00
3.518434294082828728e+01
4.100719390472534087e+00
-1.299755986223044602e+01
-4.671259755281390369e+00
2.176322186819668758e+01
6.902989556130023630e+00
3.003791518417637008e+01
3.074778097662601795e+01
-6.662359661866219085e+00
-5.968288235989547275e+00
-5.541029628670895590e+01
2.792009774749982398e+01
-6.663242538060103470e-01
2.988834367726531127e+01
-1.193487778610899852e+01
-3.440641703363375825e+01
1.164965262915048960e+01
4.016717756562801611e+01
-1.442479863087223180e+01
3.643029234877849376e+01
-4.012795445955011076e+01
-1.269139127231548514e+01
-4.480501767380104639e+01
1.049376626541376822e+01
4.434175561040859748e+00
2.976506186721223912e+00
-3.426242977998805372e+01
4.992889798598605466e+01
2.984822421430055783e+01
4.872742026864045783e+00
-2.842383969408621169e+01
1.194287041212027134e+01
-1.282694577716740980e+01
-6.837423987411000326e+00
-1.320679877725848428e+01
1.008580750043346441e+01
-7.978951036252681206e+00
-1.109930024650071800e+01
1.146212604137502922e+01
1.424373584551852900e+01
-4.709724989072458357e+01
1.094449573788523367e+01
3.712716543652310008e+01
2.210145446758880894e+01
-5.738592872171237147e+00
8.314836695462162197e-01
-1.928326185731117448e+01
3.186740647669250848e+01
8.549799435935142355e+00
-2.303578276131077018e+00
-4.124760236954557513e+00
5.870634102827057177e+01
-1.752570878325855119e+00
1.336851196835354472e+01
4.100406630402801511e+01
5.278471731660462041e+01
3.413667470253031411e+01
2.225530524073121796e+01
-3.648995650383365330e+01
-2.486939587813552066e+01
1.889304433451945897e+01
3.823241553928141911e+00
1.734648927043167532e+01
8.744666816045253199e+00
3.371709580528681727e+01
-4.243310337456940573e+01
-2.672305193492496755e+01
-6.333377283994423124e+00
-4.686618435259681092e+01
1.047758270839491956e+01
2.412406349009236806e+01
3.732923645763833065e+00
-1.216086644948302364e+01
1.272071828043320352e+01
7.567808014097693103e+01
1.689410076779807923e+01
8.615958059977970152e+00
-2.570338570510156728e+01
-3.278826895151576082e+01
-8.016786084198159301e+00
1.810183933101734510e+01
-3.244685871130343457e+00
1.298935078478661609e+01
1.911269746582689777e+01
-3.121135650143483531e+01
1.425533308782434005e+01
2.419535133366974833e+01
3.084689498030883215e+01
-3.606037211146173149e+00
2.581744901679826398e+00
-5.497023109444512556e+00
-2.643399266742073905e+01
-3.793117013069442578e+01
4.341679132800614127e+01
-4.223647780348684933e+00
-3.018749642108184617e+01
2.987055479724361362e+00
-1.414872144073198967e+01
4.961737454907685674e+01
-1.277227287021395341e+01
-1.959389305950611515e+01
1.901371479466959613e+01
-8.970023687817885616e+00
2.432273227155607742e+01
7.201342095826817058e-01
5.310565154237204410e+01
2.884481034539212629e+01
2.189412848613031315e+00
-2.033746719488412680e+01
1.500025125355224986e+01
-2.943174760658693856e+01
-4.781895962355733332e+00
3.346716799717972890e+01
-1.527886128282813161e+01
-2.452664224289492267e+01
-1.325600597264465819e+01
2.733296736862229181e+01
6.905745231688463548e+00
-4.525947431607459492e+01
1.814607028696669033e+01
5.055422070311863081e+00
5.029460375125921701e+00
-2.751667923657936399e+01
1.579774411299524672e+00
1.845079942256271011e+01
2.614603298376074747e+01
3.601110688293005069e+01
1.576557684924453717e+01
2.132802084138319287e+00
-2.955185413944147399e+01
-2.555849830950276669e+01
-3.770710313637121658e+01
-7.178076907962804398e+00
1.731840040295458039e+01
-1.344114592185064794e+00
2.803548743999101589e+01
-1.785762111762954873e+01
8.976093168401291678e+00
-9.509082578336133906e+00
-1.633076339728745552e+01
3.343129917902291481e+01
3.871601551683511389e+00
3.437373075796989497e+01
2.592206508338790627e+00
1.215876728026056952e+01
-9.846308646565034906e+00
3.319300378911179905e+01
-9.097679202229045359e+00
3.541534232999223875e-01
-4.269070469682685598e+01
-5.243322214850309138e+00
3.908852180597730808e+01
3.491245066575021383e+01
1.473774055047869069e+01
-9.087947576680690531e+00
3.063922191636336834e+00
-1.147313885718166659e+01
-7.597108776203697289e+00
5.056344448734035524e+01
2.764049680779237406e+00
-1.433129732405805612e+01
-5.925190978888785054e+01
-2.596949059476551724e+01
-2.101775733575863114e+01
-3.506301769269381907e+01
-3.175638136510173126e+01
-3.783633026825765455e+01
-2.511206982326504544e+01
-1.741609539716029076e+01
-2.707777308332089206e+01
2.567653106129364460e+01
-1.139017278523994037e+01
-4.833575474775926750e+01
2.197563379470537370e+01
-1.665270775058766617e+01
-4.447208182634534523e+01
5.317429153136788500e+01
-1.425561548776134657e+01
9.399572400184638354e+00
2.194043593124894187e+01
4.919835942029152420e+00
1.461913115205030067e+01
1.784699590790012280e+00
1.097438497532330359e-01
-8.136987972343902698e+00
-4.132569087089933646e+01
6.517700892302769944e+00
-6.830786655602332758e+01
3.891553820899866878e+01
-2.335341278369634210e+01
-9.717158998073188059e+00
-1.002626691372483947e+01
8.206418732342942945e+00
-9.366391783836235163e+00
1.479795004890661403e+01
-3.031703812031207690e+01
1.963837590602980754e+01
2.366975180871218498e+01
5.724097055893835773e+00
6.288951293391278341e+00
1.185353337318807121e+01
5.000019269897421736e+00
1.514306014639475961e+01
-4.350223474727528128e+00
-3.860125677258858445e+01
5.252338724970201156e+00
-1.360640310690106958e+01
-2.975786979221510364e+00
3.036946058500893741e+01
-4.412565304177224590e+01
7.636314002297979187e-01
1.165245703383192222e+00
5.043798723928148320e+00
1.722076188464394875e+01
-6.683703196317864581e+00
4.569237649463826756e+01
2.420966432588987516e+01
-8.447998028888896727e+00
-4.141378433312127072e+00
2.084961305730701042e+00
4.233696255870688674e+01
-2.915126185069976827e+01
-5.669358152206808654e+01
1.696918163741992203e+01
-6.750980394131516960e+00
-9.201450602204332085e+00
9.101771376376859735e+00
4.183420655103773811e+01
2.443147213676601837e+01
-8.830523597619645670e+00
-2.896992140917237180e+01
-4.707442120711831990e+00
1.556025845453657652e+01
-8.434798568168531574e+00
-4.116750289651793082e+01
-3.360920997780382891e+00
-5.263192072629200879e+01
-2.803502340572666185e+01
4.533411694432739125e+01
-2.879202220049103289e+01
-3.772423851628906277e+01
-2.846758027343521746e+01
-2.041927101708417069e+01
2.001694529512866438e+01
4.661526960797617392e+01
-3.675168210091811716e+00
1.430917430436208804e+01
-1.177817211433665534e+01
-3.849748073780376956e+01
2.597863352974910356e+01
-2.612780929301226251e+01
1.444260845104517443e+01
1.770011478022242102e+01
-5.874310080774989729e+00
2.089051919100040777e+01
2.283669642753415019e+01
6.295149117261266269e+01
-6.587525855488081561e+00
-2.873658513065569764e+01
-3.488662238711992813e+01
-9.528235235381288248e+00
-1.859546483279221718e+01
5.245148919835736478e+01
-2.433282626194642262e+01
6.425487724208002405e+00
2.718071217728038391e+00
-1.223255546512864811e+01
-4.716980800251189976e+01
-3.473675127966288301e+00
5.475908178896995082e+01
9.650356305369122367e+00
4.166947546398318991e+00
-3.213887755324213913e+01
-3.198674144310689371e+01
-7.833579970568507633e+00
2.556019498739749451e+01
-1.411018311049721774e+01
5.716200829336727907e+01
-2.693512889867619720e+01
1.044701943488955465e+01
-7.606290230883644199e+00
-3.608467033994679696e+01
2.391035851958690728e+00
-2.850429987499148865e+01
-4.109532964722058068e+01
6.177039598885301075e+00
1.059390938918639335e+00
2.908271743440103307e+01
1.312263026737928584e+01
-1.868166512728519280e+01
1.193492772048142569e+01
-4.867134198718019888e+01
-2.662407319052954335e+01
4.959749086357900438e+01
4.595518817698014402e+00
-5.905852495527085466e+00
-1.656106718422472568e+01
-2.444197921167187815e+00
-5.528914262409045932e+00
4.951488447731529163e+01
2.315304988818868992e+01
-6.582012005503713681e+00
-1.939776532251357821e+00
-2.187198994628213455e+01
-8.717649181436570416e+00
-3.503703822294457382e+01
2.745053130423851329e+01
3.885485326651163973e+00
5.739177294587818778e+00
9.996360645576174875e+00
-4.449428744195945029e+00
-1.143861572439108087e+01
3.052354771575629400e+00
-6.020282539786214215e+01
-8.617546578276403579e+00
-5.717215366765969975e+00
-4.312651139503337561e+00
2.677695911168689236e+01
3.617221250935358512e+01
9.649576387633999275e+00
-5.296019778773568021e+01
3.460137361764765274e+01
-1.188475746432192182e+01
-2.082156794405673850e+01
-4.848102185112503548e+01
-1.671013150003483361e+01
3.458072441723079038e+01
1.696068157114461883e+01
5.546642092235970267e+00
1.872680424400417110e+01
-3.247894665817943860e+01
-2.588773246399036054e+01
3.134496800711443143e+01
2.162249172004784725e+01
2.670929793288871679e+01
2.763341766498513152e+00
4.676007449142531414e+00
3.033521923722327074e+01
5.366448048374650170e+01
-1.160277667946797919e+01
2.139993240228471905e+01
-1.443401982744205725e+01
-2.436280441311786404e+01
-1.926375566621952373e+01
-1.938446823904868666e+01
-8.080202153567910273e+00
-2.645102741746964625e+01
-1.088047941385468675e+01
-7.545934609815039096e+01
1.886358534565624723e+01
1.230965147046316588e+01
-2.651765275237181640e+00
-2.157267959701755444e+01
-1.026737105346481371e+01
-3.053349191979546617e+01
5.450652725781992558e+00
4.478438259092089879e+01
-1.230367795169314604e+01
-9.369567011230856224e+00
1.166647932975183721e+01
-2.839892642267444600e+01
4.701489620380546341e+01
8.152559861605389813e+00
7.781505012874561089e+00
2.747869435055065424e+01
-1.373946044471068717e+00
3.110073866656688324e+01
1.050787999293441999e+01
-2.179316248473099904e+00
4.550587459367747556e+00
-3.497022247748162727e+00
3.676176303289088310e+01
4.764675420089929503e+00
1.008305735739227771e+01
-6.448404063316843349e+00
7.810216743369849723e+00
-5.123827467319762263e+01
-1.950264556625171508e+01
-2.709519118399981608e+01
2.629944255866152503e+01
-1.775428501665027170e+01
-3.333135956782007270e+01
3.211005825706496353e+01
-6.753348721282762313e+00
2.247684444016252314e+01
-4.997465154817086841e+01
1.027071399969684684e+01
2.883308927552320711e+00
3.432310967033629368e+00
-6.483756000819141718e+00
-4.036123360376905111e+00
2.816553627309388474e+01
1.003324302857095063e+00
-2.818527792429165402e+01
-1.038937829865955109e+01
1.220478308122261524e+01
-6.377328350101058163e+01
-4.876770896239489872e+01
7.170493214181306030e-01
7.800302617574459418e+00
-2.605912458830245271e+01
-1.052915656097837882e+00
5.829944650635451353e+01
1.548115568994660407e+01
-2.983342052229608043e+01
5.186566068136585272e+00
-5.151656094169752009e+00
6.923232724842165453e+00
-1.973165664081150794e+01
1.219856219156989852e+01
1.458450599025150041e+01
-3.834669577989785694e+00
6.180740976872498038e+01
-4.376823627013550322e+00
-1.747152513489629655e+01
1.317235295839043374e+01
2.377388147868867918e+01
-1.867172211906992629e+01
-1.015889004642239968e+00
5.417619772560522051e+01
-1.563519611160700151e+00
3.253806096450853147e+01
8.075096342404066263e+00
-3.861525870521418824e+00
-1.258763920117053203e+01
2.887567769969663800e+01
-3.090813906123509014e+01
-5.688629297414706798e-01
-1.006715399986745751e+01
-2.194531468976987298e+01
8.321243985211854266e+00
1.470550443511920413e+01
2.390526471882196802e+00
-2.008226999712405814e-01
-2.202236619661891837e+01
8.963341940122262486e+00
-1.821427153188707848e+00
-1.253579385713746319e+01
-1.114222761447291532e+01
9.118640348248419514e+00
-2.033418411618526989e+00
-2.091010514746480453e+01
-6.029437302651416530e+01
5.815578999454032783e+00
1.064859587108045957e+01
-2.683638469353439859e+01
-1.322116783142234908e+01
4.573614689874932537e+01
6.219493560118252162e+00
2.181012503542496006e+01
4.788596097701713461e+00
2.203720858406140337e+01
3.169065468678240904e+00
-2.152818716795466969e+01
-6.041425184469687792e+00
3.011484927613309992e+00
1.741957287310955849e+01
4.169639442721739897e+01
2.723628691348849884e+01
1.681076615908949634e+00
9.449866098588188379e+00
3.350897134755524576e+01
1.461901703660932128e+01
-3.833021741323898368e+01
-1.526173593624963587e+01
6.148999630133801020e+00
4.720913422169104479e+00
1.364526126174216358e+01
-2.865094485273306191e+01
3.911318474322342809e+00
2.393621460034719917e+01
2.647522239068426586e+01
-2.379114563284400674e+01
2.161325184493989582e-02
-1.227310723414262839e+00
-9.402133649328135334e+00
-1.572769428721512242e+01
-8.566866073755534217e+00
-4.889739870263767330e+00
5.601928888839069032e+00
2.341395248887963021e+01
-1.710415577193938930e+01
4.478168207555557956e+01
1.814059456472739384e+01
1.483492046903822370e+01
1.958694620927423102e+01
1.498502576634516714e+01
2.013905437961779299e+01
3.028445645992322000e+01
-2.518760942346586518e+01
3.446872874352264660e+01
-6.314326914720177797e+01
1.752620556750432712e+01
-5.918397699832576109e+01
4.621540054145680188e+01
4.169132035998852359e+01
-5.214986820765091124e+00
-2.666465585143137673e+01
-2.350740684690259741e+01
-3.044755395166137646e+01
-3.507145658078667338e+01
3.132752878806320496e+01
2.328335180921735059e+01
1.323683838277669622e+01
1.565655254360058279e+01
2.476988861809118703e+01
-2.169768890635185699e+01
-9.832019543306756759e+00
3.052405455174297799e+01
-7.222055779763437044e+00
2.956603409055058762e+01
4.124335575504672136e+01
-3.205447557494021993e+00
-4.054352305835038806e+01
2.765829904382542281e+00
-1.462973483769230754e+00
-5.648316102718865750e+00
5.880558804773272641e-02
-3.609391849765995630e+01
-6.962122828138745945e+00
4.885209569318748279e+00
7.370750956999813752e+00
2.705006458765296884e+01
-2.365336431150987551e+01
3.082731594981066792e+01
-2.208025441064158656e+01
1.419697949318054953e+01
2.235441195705931960e+01
