---------------------
  #    meV     cm^-1
---------------------
  0    9.0      72.9
  1   10.8      87.1
  2   15.4     124.4
  3   19.0     152.9
  4   26.5     214.0
  5   29.9     241.1
  6   52.2     421.2
  7   68.7     554.3
  8   92.0     742.3
  9  101.3     817.0
 10  114.7     925.0
 11  134.0    1080.4
 12  147.9    1192.6
 13  166.8    1345.3
 14  180.5    1455.7
 15  200.0    1612.8
 16  207.2    1671.5
 17  376.0    3032.6
 18  396.7    3199.4
 19  415.6    3351.7
 20  429.2    3461.9
---------------------
Zero-point energy: 1.597 eV
