-3.527777121511719827e+01
-2.049125777155921924e+00
-7.284712668132527824e+00
2.448203071829523481e+01
-1.212703181350404691e+01
-9.386655355532212752e+00
-2.448154377254979863e+01
-5.120403794358723815e+01
-2.188176030392185112e+01
-2.303251093073362199e+01
-2.133677220799859242e+01
4.297716065441774091e+00
2.023880203869111938e+00
-1.062020918648755696e+00
1.767453047517790310e+00
2.696668352174521033e+01
-1.041915459392130572e+01
-7.371456101486685952e+00
1.193027001445011592e+01
-6.301614222317280678e+01
3.157940841478857408e+01
-1.354563152410781868e+01
-2.459500123779237768e+00
-5.707099393521332331e+00
-9.915020154074341008e-01
-2.205184234986390379e+00
4.888727025594403131e+01
-1.524277888734883390e+01
-4.115333344229043178e+00
-3.089883887484690206e+01
3.998603014594880278e+01
-4.453522992359083332e+00
-2.175032425760645083e+01
1.143977410959509911e+01
-2.088201492362316003e+00
1.322284925390488297e+01
-5.637291788193579123e-01
2.785111228313084553e+00
1.922431035378431119e+01
-5.565271297486646063e+01
3.099678560754284717e+01
8.260650275625266659e+00
-6.346506938071485138e+00
-1.780471813101205569e+01
7.020174177732997123e+00
-1.111254058597765493e+01
2.533596115586897213e+01
2.024456648062374597e+01
-1.306768456501231412e+01
-1.666284610839392144e+01
-1.758841188295667735e+01
-2.115526918190582606e+01
1.071479940878963077e+01
-2.758297736340028905e+01
8.441152414850193964e+00
3.521139471907304141e+01
4.057482978624630476e+01
1.891578152379700839e+01
8.480695634758774304e+00
1.763418028815942762e+01
5.179556900654120000e+01
8.790670270723580870e+00
-3.038786670109312382e+01
-6.152614263691305041e+00
-1.433605877156031738e+01
3.386885511406991611e+01
-4.013826489655652097e+01
-3.492966400345551392e+01
-1.777120137160339652e+01
-9.926277350105863206e+00
-2.283210204530607257e+01
1.598295835779586582e+01
5.299852880190655924e+00
7.955184481313210654e+00
-2.203862427592634532e+01
-1.931369562828086828e+01
-3.328608211541455830e+01
1.837851663322709328e+01
-1.908367626378894499e+01
1.721570911486178090e+01
-5.473460413691945803e+00
-1.517998616337317230e+01
-2.922434558463311305e+01
-8.667006542443346007e+00
-6.225493207204294777e+00
-7.026830775935167139e+00
2.276730585581328015e+01
4.261408062151777187e+01
-2.506264131049820421e+01
-4.375358654894338883e+01
-1.096838404619236940e+01
6.057494675453366995e+01
-3.301914969424921509e+01
1.824621434876644344e+01
-6.626834173348242985e+00
-3.400545657307782221e+01
1.406582063170849040e+01
1.992733198044601295e+01
-9.826189529452605598e+00
1.867900757596652284e+01
-1.369006506090136099e+01
-3.182490188118498509e+01
5.347182215146398221e+01
2.551125157876009553e+01
1.446228949636076777e+01
8.009417741518092271e+00
1.519316490867946357e+01
4.604301264218557321e+01
-1.502785986177674715e+01
3.397324713622317915e+00
-7.712592434700900412e+01
8.998296199164826703e+00
-3.777940024249259920e+01
7.912688440107586985e+00
1.243652916481183013e+01
-2.032777203758672613e+01
-2.888355078506603490e+01
1.247306043321884772e+00
-1.716303694866761020e+01
2.176332232748211482e+01
-2.830348458472283824e+01
-3.123801707006805373e+00
-2.051541286185974400e+01
-1.997753204313539754e+00
1.102153008533704792e+00
1.266248980719453243e+01
4.409263328158772310e-01
-2.957065063215225109e+00
3.627158617553973841e+01
5.138647321000067336e+01
2.774286316479525283e+01
4.015709645958972374e+01
-6.611443485357710870e+00
5.675757350380678190e+00
3.000190240975763345e+01
-5.519353765580490290e-01
-4.292211061325778587e+01
-2.299186404336710510e+01
-2.860519132461563174e+01
-1.564018690195034367e+01
1.616435997425912774e+01
-6.708382615877042099e+01
-9.440825221711520499e+00
2.502414552208085752e+01
-2.117250115551752288e+01
-1.762810105908641845e+01
3.363069994972647692e+01
2.515524222066031257e+01
-1.869778619429841626e+01
1.566737847440188602e+01
-1.434197863517729843e+01
1.930985970866625223e+01
1.919898908547480687e+00
7.503079000422857803e+00
-4.819999558696032693e+01
-2.674208068997890919e+01
-4.897318513573395649e+00
-9.127243537893257042e-01
-2.307357658650761323e+01
6.142548440893119732e+01
-9.869058596015179319e+00
-1.823411845522605290e+01
2.015360308675542456e+01
-2.597845743651316752e+01
-2.067516690815287461e+01
1.844675345586529147e+01
7.212438478197213954e+00
8.644051899976489040e+00
8.857333967380824902e+00
-6.246592167352247316e+00
9.017338892531029160e+00
3.296289873699482342e+01
-1.499102362966115720e+01
1.084968553137935032e+01
5.141787972885636293e+01
1.847510192359966652e+01
-4.276777621463679679e+00
-1.155293307701761307e+01
8.799443751791147861e+01
-1.205581283163533612e+01
2.117814969686833138e+01
1.462729709574855974e+01
1.667270964894719754e+01
5.000663423701956845e+01
2.709190065976486039e+01
-1.544223838175330599e+00
1.368550348879392686e+01
2.775024361515215787e+01
2.036770339156649356e+01
-3.290831932856355024e+01
5.326143249876747632e+01
-4.743446334012149634e+01
-6.983657831994989351e+00
3.113427038641599154e+01
8.417790523428283933e+00
4.234090251693601203e+00
1.604369639706267492e+01
1.264469587095510406e+01
1.945944812756292208e+01
-3.536869705304508216e+01
2.254691564741790444e+00
-1.501924719889194648e+01
-3.795878046561334429e+00
-2.493315207267869482e+00
-6.055015540171762467e+00
-3.249418443360468700e+00
4.734584930453584661e+01
-4.778718372989715135e+00
-1.470591491788364635e+01
-1.456232793819850713e+00
7.343086717590026069e+00
-3.369176222852550495e+01
-2.886441652955699055e+01
-2.048494380483811028e+01
-3.493737569227766926e+01
-9.051216102450702294e+00
-2.359179712268779383e+01
1.032641814781685241e+01
7.103624401245980380e-01
-7.070015474982881187e+00
-4.675964649580976129e+00
3.249621278364116961e+00
-8.329221365554190015e+00
3.844340124714436513e+01
-4.884563413463081361e+01
-8.554435766995286627e+00
-7.648355825195867652e+00
9.007733335105996275e+00
1.269423416790431247e+01
-2.654833691213605107e+01
-8.601563887688371324e+00
2.426192550492503130e+01
-1.136499454430143174e+01
8.963314395639201848e+00
1.926354596796794283e+01
-1.640135550083016369e+00
6.297385873858922878e+01
-7.922202009591671867e+00
-1.789592871054486523e+01
1.818783265339902755e+00
-1.386111569668466359e+01
3.082061242106001941e+01
-2.388253210222461576e+01
6.836474049015805576e+00
3.204301376429080506e+01
-7.160899493682336470e+00
6.672376425468496564e+01
7.224297798192702658e+01
-3.745181133863582090e+01
3.324705436009620030e+01
1.223817517412069833e+01
-3.139980533986475564e+01
9.396673142128484812e+00
2.366825967272947651e+01
2.421761699032308002e+01
1.316393861919337382e+00
9.532042542551323550e+00
4.194196916185745749e+01
-1.323359064650024663e+01
8.024453968649446267e+00
4.048795674967453806e+01
-2.085705417391112348e+01
-1.120593342970376227e+01
3.153711481185401766e+01
1.618520136511694574e+01
4.268024798469474490e+01
1.696294964197744548e+01
6.108982220922825945e+00
1.502516520801449929e+01
2.279860654652739527e+01
-3.013906628199882221e+01
3.835423089883107650e+00
1.388823169494710186e+01
6.536667260254716894e+00
1.331888100688266263e+01
-3.448148031912980827e+01
1.803527688110108329e+01
-2.407346060387828857e+01
-1.875611005989387792e+01
1.199800354918238554e+01
-6.577412118536344110e+00
3.257474402790285239e+01
-9.456306990947666691e+00
1.693484469090418543e+01
1.823182494431165424e+01
4.377863058937891338e+01
3.071934213322542462e+01
2.747645786463931472e+01
-1.923987998575626079e+00
-4.698391989502397337e+00
-1.800275085183062629e+01
4.495518800401447379e+01
4.475185123114007979e+01
2.198708688677521650e+01
-1.415391856223398293e+01
2.803124442408508799e+01
-2.923048566391145187e+00
1.008273619013630906e+01
3.720262063989184753e+01
-6.845868899011122721e-01
-4.476148048411829450e+00
-1.137720495130963627e+01
-3.290720819482379511e+01
5.380531832276795967e+01
2.845859419183250338e+01
-3.363412267851511217e+01
-9.264866683020457572e+00
1.483064511853241285e+01
-5.637366976618935155e+00
3.572339312742111872e+01
7.097049139624971303e+00
4.501652669409975260e+01
1.949969348458965257e+01
-1.283597443634846513e+01
1.130929583657695048e+01
-3.528702877096066004e+00
-1.549527149945814131e+01
8.865407902276785990e+00
8.483453174622127335e+00
5.287139776027314042e+01
4.445227407574512313e+01
3.125642831019722223e+01
3.762419158084810533e+01
4.877104240212531749e+00
-1.463163427740346378e+01
8.059639675426609529e+00
-1.885582673952080768e+01
-3.024504829526183158e+01
-3.141647232139843027e+01
-1.760163863949631491e+01
-6.135969908338950063e+01
-1.966930759863890898e+01
-4.889007680060373673e+01
1.322112102233831621e+01
-2.614225866802264164e+01
2.625034828976291124e+01
-5.582059540297323252e+01
-1.681499237937431701e+01
2.422183941400334106e+01
1.182498172098057410e+01
-5.010385968919170807e+01
3.195259117330920162e+01
-1.460738717919721807e+01
3.037716470585782247e+01
-1.312994821596868178e+01
-4.425268791746259467e+01
8.100071838586416106e+00
-3.674342491896999263e+01
-4.239310579988028849e+00
-1.665838228818938838e+00
2.309197012187038922e+01
7.114910757217273840e+01
-2.437350243280994277e+01
-1.974871662611225531e+01
-2.359590172022592469e+00
-6.448542244215246910e+00
-4.559328668980660382e+01
-3.147660994109588728e+01
2.703252509197403697e+01
-1.201596590933678499e+01
1.140515332634791434e+01
-2.771577885007101827e+01
-9.251193710808024662e+00
-2.342257920690951778e+01
2.911147639991224878e+01
5.407013711581214466e+00
-1.259739396716327064e+01
-9.578041416576184020e+00
6.694253721924035005e+00
-4.618492891784455878e+00
2.432893052895155961e+01
-1.454767973839727802e+01
5.593583967591996498e+00
2.002141049018663921e+01
7.753487135522334484e+00
-1.198476234678844321e+01
8.685010396843330227e+01
3.317373892699148286e+01
2.412781363327084705e+00
5.759339041820112470e+00
-3.535649199211215432e+01
1.897149419479416110e+01
-4.314964075136435895e+01
-1.642443384233931170e+01
-3.108212264201020503e+01
-1.116965202677297953e+01
3.207618051368484657e+01
-3.201927335949289954e+01
1.350450371571516683e+01
-2.157857995597566969e+00
1.178862760102447282e+00
-2.025484271705929018e+01
-2.505229490158788508e+01
-3.140400380190612850e+00
-2.022713917423622121e+01
-1.120719128047190338e+01
-2.332574096356215421e+01
-5.244897523050845223e+00
-1.960211751158786342e+01
-2.836969526763419935e+01
1.182557433204999597e+01
-8.134940477312255780e+00
1.380812485751647500e+01
4.821495120643039201e+00
-4.301359615317654317e+01
-2.966403547465400692e+01
-2.577175518317105229e+01
1.833554986440060475e+01
-1.371120653497882813e+00
-3.503746847250536689e+01
3.327194571003911960e+01
-2.212477774994585644e+01
3.225559272704562375e+01
-1.786162115776934911e+01
-2.729531834799408330e+01
1.340568497002988124e+01
-3.839576492364248850e+01
-1.946391802595047693e+01
3.502245453848135526e+01
1.065504898580030613e+01
-2.477239033285741243e+01
3.065009200138741363e+01
-1.025777639734377544e+01
-2.146759318175469389e+01
-1.719281035769293453e+01
-2.831017955601538461e+01
1.563956052492958548e+01
-5.080646537852905453e+01
-4.477338210730545143e+01
-5.737830576533895055e+00
-1.701115138862684262e+01
-3.340054603041729564e+01
4.153208588743137852e+01
7.582538246795979830e+01
-1.556778218024791727e+01
-2.020575541216174997e+00
-3.426676037828462995e+01
3.704934039555445224e+01
1.152191995189951967e+01
-1.350431922025734366e+01
-2.060997597189245312e+01
8.342939532313593531e+00
-3.281988550231326940e+01
-9.981345290531265846e+00
-4.917848707168226952e+01
2.059236910966421874e+01
6.264672120475864858e+00
-9.949892296223197263e-01
-5.833781659295539157e+00
-2.260320859612306776e+01
-6.186749616415625042e+00
7.416295574123481060e+01
-1.037021535839386388e+01
-2.715657498676176829e+01
-3.950017699891066059e+01
7.878862428224493897e+00
-2.119142375964244351e+01
6.127412123622804074e+00
1.714911117404918173e+01
4.317878211553107803e+00
1.769567895950836345e+01
8.535438971747623782e+00
3.312912132893103490e+01
1.492291631678493502e+01
-1.978361244262702456e+01
2.710400010420346462e+01
1.975067232519202776e+01
6.998847410237658551e+00
2.398011143286430524e+01
-1.602898201093090336e+01
4.171656534709390485e+01
1.329761060924528593e+01
-1.793867367374149069e+01
-3.324988384214794479e+00
-1.020642492360667575e+01
1.157888063136874734e+01
-1.321967000413175697e+01
-4.441120095318794370e+00
-7.248586996810672645e+00
4.580808704585234636e+01
3.125300559358041141e+01
-3.676998252261549283e+01
-4.568316504927921073e+00
-2.987793631764262159e+01
-8.219574188074261656e+00
-1.335176406254831249e+01
4.846816135457231667e+00
-5.915868725448891752e-01
-1.624178301950217929e+01
9.578386788163030019e+00
-4.660495645102876949e+00
-5.318750600507868853e+00
4.875305497496430007e+01
8.186726034393046803e+00
-4.668932617392798079e+01
-2.246799789960272165e+01
5.419245709720468085e+01
1.541281685566480064e+01
-5.379207937298929210e+00
6.044925594828785620e+01
-9.154819687790450189e+00
-5.176542595806665759e+00
-4.563147533156495683e+00
8.745239864998666235e+00
1.761515130760089320e+01
2.474406028405539359e+00
1.639546076788474238e+01
-7.251624344183056792e+00
-1.986932551165158145e+01
-2.355009145250667046e+01
-2.714037216240291173e+01
2.331406583072865146e+01
7.338404162312222923e+00
2.157057189173696088e+01
7.879220857586403781e+00
5.047823410430336821e+01
1.054435777933499452e+01
-4.559551169608818100e+01
-1.938279764755920809e+01
3.492446256020322437e+00
-1.646639287301294985e+01
3.571184409431583617e+01
-7.878042817979803658e+00
9.513580060849641029e+00
2.981187770683180815e+01
-4.223439830285758489e+01
8.460053260543489273e+01
1.172694516814509313e+01
1.348129891440743222e+01
2.044920618943027080e+01
4.227078936181555946e+00
-2.677377147850563688e-01
1.982196590533567360e+01
-2.093279230844217409e+01
4.691631467247651699e+01
4.149094508859408847e+01
-2.355366396444169652e+01
9.087916310988759960e+00
3.957180237349029994e+01
-1.164317583978157700e+01
9.854574631847469846e+00
2.134028839786978438e+01
2.295569597580029608e+01
-4.318156950372866731e+01
-5.827768387609296497e+00
-1.735296309483438648e+01
-1.750803000299555379e+00
-4.471965926900754340e+00
9.656475109807161061e-01
-7.103697564411305621e+00
-1.794410429975084753e+01
7.440669073376426468e+00
3.909211950768735733e+00
2.999916038999698742e+01
-2.474214632565852412e+01
2.462885545458578918e+01
2.670248328272894867e+01
-7.081688756119802974e+00
4.607794611117667216e+01
-3.848855049497288405e+01
-5.829543896351141541e+01
-4.863794753645736435e+00
-4.497673363661931489e+00
-6.607196103346382188e-01
4.518332924981700671e+01
-2.774329540478042588e+00
2.420608723428213693e+01
3.035602074949895268e+01
2.113465066658898195e+01
-6.473117223494227801e+00
3.372395410699749618e+01
-8.997964478462932902e+00
-2.003092497715255149e+01
-2.316626797852279651e+01
6.088504070322109385e+00
2.000898833828401280e+01
-7.713251074859357459e-01
1.969695240173405182e+01
3.010893125744757981e-01
3.427101337788108992e+01
9.817852898526510330e+00
5.095511117722494987e+00
-2.142698686894220828e+00
1.820898187533698120e+01
2.122759247690717643e+01
9.743531020537943732e+00
-1.011891850026557904e+00
-3.105544136125932653e+01
1.644556964233816387e+01
1.074605863949051354e+01
2.008703914736766905e+01
1.592325096041082588e+01
2.041153903846121409e+01
-4.892348559541815689e+00
1.756686324899791884e+01
-1.516529231545791845e+01
-3.967181323708928176e-01
-3.061914626802692396e+01
-1.737092472313526059e+01
2.271460976784235442e+01
-5.089808825570442252e+01
1.500539696973416426e+01
8.944829249578617691e+00
4.688833807832125444e+01
-1.073719736354870236e+01
1.880577322405017426e+01
-5.644077301703077865e+00
-2.734807429727131023e+01
-3.840917453681055349e+01
-6.591548424490355274e+00
-4.991890534600165807e+01
6.660668135272715062e+00
-1.122622307784299167e+01
1.741172389430225564e+01
1.327503009770708786e+01
-1.610685791328498340e+01
-1.648859401408213898e+01
2.313370265853660257e+01
-3.468395873740828250e+01
-6.884419226207000975e+00
-1.067657692871420494e+01
1.540448081307897610e+01
4.906045402220513552e-01
1.536301434198136917e+00
-1.066561265927799695e+01
3.093455360894625983e+01
-3.124456487467085708e+01
3.865838519668102435e+00
3.398142374320389081e+01
-2.073989843377898978e+01
1.735288013784284544e+00
-1.827033469875800620e-01
-3.678073719053564616e+01
-2.263167856890635221e+01
-2.826646227115046983e+00
1.592330517662652767e+01
1.861264920631742825e+01
3.456069220695212607e+00
-5.429672450135797135e+00
1.007085334739190330e+01
-2.402515146846980088e+01
-1.090213759663299697e+00
-2.926794081008213766e+01
-1.574594989730358918e+01
2.743426728449540519e+01
-1.610408967898237620e+01
3.828125579271355150e+01
-1.354269719038344988e+01
1.851140803470070750e+01
1.426198027314135430e+01
-3.577839454280919540e+01
-1.420163253556968641e+01
4.910153312926468061e+00
-2.353856275448114843e+01
-2.127758768626660668e+01
-4.926731523960756931e+01
-3.052534206308843068e+01
-2.883421788519424922e+01
-2.479285012407848399e+01
4.802449423100938475e-01
1.027652615467846431e+01
3.824457114564651761e+00
1.371444277473854712e+01
-3.203847809337953834e+01
8.594209294389713705e+00
1.518128014376131318e+01
-3.800394717035258907e+01
-3.509367091184429910e+01
-2.379579698183385972e+01
-1.530950653150188145e+01
9.194092091851047144e+00
-7.379464487694349373e-01
-2.378215093306922512e+01
1.692721779750661426e+01
-1.343924711814662487e+01
2.833576055210059508e+01
-5.018130142442248598e+01
3.566629657573915324e+01
-5.063352128835099109e+00
-2.261316455765525291e+01
-1.414932414226906587e+01
1.054008274972808579e+00
2.522417225864237267e+01
-4.157396451406503246e+01
-6.673596001354326290e+00
-1.141007900321034185e+01
2.523748300043754966e+01
4.710331911780473035e+01
-5.602273542804528006e+01
5.243598485450695534e+01
2.346038333992891012e+01
-4.208225212667647952e+01
-1.802643221147084773e+01
4.464754208366458954e+01
3.349979671757461119e+01
-1.172491100237738237e+01
-3.306248296441196999e+00
8.061380150103381936e+00
4.205399103703084052e+01
-3.198901414477319349e+01
7.173128126412407823e+00
-4.695243965639406269e+00
1.541342783748120837e+01
-4.091784132301781796e+01
-1.875531918408896104e+00
-1.716633963738605928e+01
2.691200080979723452e+01
2.372949549441641182e+01
-4.920122427361303608e+01
-2.693711109766923073e+01
-1.217859808484564610e+01
-2.395756900475525697e+01
-6.580965632707687973e+00
-1.148595257775103562e+01
2.534895163302743981e+01
2.369799396492788901e+01
-1.235425874723460993e+00
-2.584910635704811455e+01
-4.791947852470329394e+01
2.678025788519960315e+01
-2.769460009720299354e+01
-2.047237956055886343e+01
3.347214603458475324e+00
-2.022646559045701053e+01
-2.203164522948802073e+01
-1.612692725424773244e+01
-2.696221116763294390e+01
-1.462055014160937816e+01
-2.928182880990975434e+01
3.155321219570879521e+01
3.462705178381465743e+01
-3.700705496168950503e+00
-1.237504116497564155e+01
-2.470501001812976938e-01
2.562078228380659084e+01
-4.845500788666998915e+01
-1.120965929207963541e+01
2.775809009447954168e+01
3.991675840181221702e+01
-9.467640035824899769e+00
5.593270155245477326e+00
3.090428374994530714e+01
9.350649718382499032e+00
-5.982047478232459525e-01
-2.505989538963177665e+01
1.137981236814755448e+01
-1.955130466121124755e+01
-5.960806447896686677e+00
-1.093381107470722213e+01
-9.283833914799970444e+00
1.276097750082954008e+01
4.457590507010282010e+01
-1.353034721251134442e+00
1.939178800613191811e+00
-5.131476952177963824e+01
-1.067676740367289767e+01
-2.029227327786392721e+01
-7.262702285410682634e-02
-2.642785042872037593e+01
4.806058274045011558e+01
4.575426773150121562e+01
7.919972975025252993e+00
-1.110746783254555226e+01
9.348385802804941136e+00
1.165880358448893617e+01
-2.688021860969259080e+01
-4.729999687350129989e+00
1.064642538833913932e+01
7.521276823757261809e+00
3.106145612592712268e+01
2.281485600743857844e+01
-1.194439425835102497e+01
1.470149373469936904e+01
-5.590023832250872715e+01
-7.123486239268643772e-01
4.918914385041577475e+01
6.728543088833134789e+00
-1.157087642154579044e+00
1.722647710329169968e+01
-1.614510125926577544e+01
5.072102505159352859e+01
-9.355724621972143495e+00
4.538022071345957897e+01
2.207762262426113864e+01
-2.282571014141399246e+01
1.824677999567873599e+01
-1.726073253854967504e+01
-4.077434748154757926e+01
-3.634111254006853642e+00
-3.142522353106737398e+01
-2.965527300588570370e+01
-2.792864833511515599e+00
2.035229822958700652e+01
-5.453848106067724189e+00
-1.769034061521659851e+01
5.057720584404307829e+00
-3.906780781876921083e+01
-3.978511792442258610e+00
-4.681568493898396355e+01
2.759773909232495726e+01
-6.816040863487700108e-01
-2.816867378009661138e+01
-9.404191669250053565e+00
1.044991214609089525e+01
-1.993161219292892383e+01
-2.576454492063859902e+01
5.319571503843964422e+01
-1.366113855178022618e+01
-2.277910027279187943e+01
1.540636945799966639e+01
-9.941661670982945509e+00
3.084915430527063762e+01
-2.547592936190596902e+00
3.954203467064161259e+00
6.101487563275486536e+01
-7.058116015465117243e+00
-2.069310276570027440e+01
-2.428922978818263800e+01
-2.877802475216259381e+01
-1.931523741275395878e+01
1.532416864438272341e+01
1.530102749162830378e+01
1.260365994398240730e+01
4.153595772736798608e+01
1.860661537818401712e+00
1.179363493217221048e+01
-3.595480846460175428e+01
1.505224981839035081e+00
-1.055557675470424783e+01
-1.506334713730666408e+01
-1.921656934112832005e+00
1.905560324188684262e+01
2.160045240632342711e+01
-3.776116707239207670e-01
6.867686819589380320e+00
1.560681489898940200e+01
1.976136365769087888e+01
-1.382300388915271583e+01
-7.142857352081477984e+00
3.961194753653671796e-01
-1.306449716120141602e+01
-2.890903541069690164e+00
-2.025078702812885467e+01
4.486393428850617227e+01
3.635847530701272490e+01
-9.198144230895252349e+00
9.029763498760075890e+00
-2.613790480687113060e+00
-1.692527083731064863e+01
2.017256402351711131e+01
-5.396274329198661235e+00
2.260287411568359062e+01
-2.965134869960601094e+01
1.016771831735832166e+01
-5.617343008723139519e+00
-3.050658700047227967e+01
-1.381784542064849575e+01
1.512922784035410473e+01
-5.169907557452886238e+01
2.434093852593866814e+01
2.640952542391232782e+01
-5.646389111777343928e+00
-3.386060745263932859e+00
-1.785995174193175217e+00
1.415447541760511285e+01
-1.850218388562834093e+01
2.044879125126779940e+01
1.727342502187599393e+01
-5.575051444391891664e+01
-2.005453680383610049e+01
1.346007000364921780e+01
-4.823049087631176235e+00
2.455345408988238631e+01
-3.608641644922374780e+01
-2.997238844382536627e+00
-2.372794985216005870e+01
-7.285528303324640831e+01
4.357510954742110698e+01
-3.308459946653124462e+01
-3.465935477989358304e+01
5.054834444857576159e+00
7.347774684674016044e+01
6.478686618546731779e-01
-1.589655305898139659e+01
-1.759228939902868660e+00
-3.110174769644871162e+00
-4.858467002561357617e+01
-3.472672016732830969e+01
4.642642784967743097e+01
-5.791327961735248664e+00
-2.137868381162780906e+01
2.800231629095060271e+01
-2.033576089182307101e+01
2.092771693689309132e+01
3.018260808029281606e+01
-3.238994068950464111e+01
-1.590891410439746778e+01
-1.969323213655727045e+01
-1.012720821605893207e+01
-9.998688777460564836e+00
-5.862150906776207648e+00
8.102074947119831450e+00
-1.934308249062257090e+01
1.609297115672319478e+01
3.285721160355888060e+01
-5.146069767363229630e+00
-1.152164679036553707e+01
8.248650558492187201e+00
3.173924781290631358e+01
2.956498731388747103e+01
5.497184541422683424e+00
-3.126045657640617037e+00
-4.915003760562925095e+00
-2.877101922207342000e+01
2.179208112578645284e+01
-1.266685162853553948e+01
1.125026684850121228e+01
-7.933888344794183922e+00
1.531803954666997925e+01
1.036591146407624109e+01
-4.563424934010998868e+01
-1.511672945418342806e+01
-4.453198326254945982e+01
-2.021533896486585036e+01
3.019177767430477388e+00
-9.741145479409738073e+00
1.849778179903033504e+01
-1.699867229087479359e+01
2.081981767477969925e+00
6.082820175348558678e+00
4.013933873341795788e+01
2.033858091087608955e+01
-1.710040843248500408e+01
-6.791202062053542932e-01
6.879096630882258978e+00
2.171827169772172539e+01
2.162469308225354325e-01
3.093141687350896518e+01
1.275889355586696894e+01
5.130340492645996164e+01
1.102391353363401549e+00
3.712873748409737118e+01
-1.529892200852097517e+01
-2.137299489610618508e+01
2.527879307647964424e+00
5.277755271440412344e+00
1.520672421591174839e+01
-7.975327498035539975e+00
-7.762431281087735613e+00
1.468397652993765590e+01
-2.744427087860191250e+01
-3.120149813671032746e+01
4.485916667203696306e+01
-3.378832774386808069e+00
-2.216689048203858192e+01
-2.287122228131735824e+00
-7.629036213346978457e+00
2.403069490622706894e+01
1.875491055937033025e+01
-1.142305569903828655e+01
4.587602656899889553e-01
-1.499034358372426823e+01
-1.997556216816877850e+01
-1.517222148027275352e+01
-5.474123109485149996e+01
7.474299999472577838e-03
-3.648805939366570783e+01
-3.152821973804609001e+01
-2.113127396756294729e+01
1.083481426464339847e+01
-2.066462025901370225e+01
1.306749293144272173e+01
-3.465523020506164187e+01
5.878527876087389359e-01
-2.345613730907300010e+01
4.832761896614584884e+00
6.370530060386187188e+00
1.886604144218043189e+01
-1.187847049395384147e+01
-9.048562406301755345e+00
1.670959193275369969e+01
3.355920478925415296e+01
1.859000098328192507e+01
4.702234607228319874e+00
-4.060760175046281972e+01
-9.605504167904115320e+00
-1.788820340439099255e+01
-3.422824000899970542e+01
2.289510662069409364e+01
-2.053864904585043405e+01
-1.861951467297188856e+00
-1.586244207888366020e+01
-5.648282705175253682e+01
2.928925072795919959e+01
-9.949437378438858559e+00
2.294586012071499681e+01
-4.043603922352926361e+01
3.815548150348195122e+01
2.072183522774508901e+00
-1.631219972052157274e+01
4.849479695703593052e+00
-1.181619629045630404e+01
-3.714391931712808059e+01
8.201005510638381679e+00
2.012445196244861734e+01
1.005959426613799224e+00
-2.051404001879734551e+01
-9.246994819290023315e+00
9.921920672808852260e+00
1.807042698525862079e+01
3.569674279677622764e+01
1.340880358037259157e+01
-1.315719098286834310e+01
5.398491735072856557e+01
1.360849205476485935e+01
2.401361587266507058e+01
-1.032572641288390969e+01
1.585698151763892838e+01
1.106632104066714817e+01
-3.511058213122132088e+01
-1.167956016451572054e+01
-2.314852210893216977e+01
-2.085425122058913416e+01
-6.820943442945974766e+00
-7.860374005221558491e+00
-2.384687831333545205e+01
-6.276321681901616500e+01
-1.635044316867735503e+01
7.096549244878076479e+00
5.146565364641276119e+00
7.838441306769084349e+00
2.629512928997635868e+01
7.974114949787207252e+00
1.839633070337484355e+01
-2.359110491512906549e+01
2.588810122006179881e+01
-2.575956096643719206e+01
-4.073953213823608621e+01
1.240822198287224865e+01
-2.442031980187104523e+01
-2.224049084191202041e+01
-8.978162057181017985e+01
-6.556093986706606813e+00
4.617084853189584237e+01
2.402208715795399030e+01
-5.799224897027272618e+00
-7.801504535390733963e+00
2.132908092017098056e+01
3.765808090911932027e+01
-2.357080653845359564e+01
-6.108416872347390836e+00
-1.925182663118738446e+01
-1.989303463218749357e+01
-1.742560775493603131e+01
7.195741760928672903e+00
4.009036730969413043e+01
-3.692612218468002538e+01
-3.176339103588628632e+01
1.849970707880629561e+00
-6.014598040283686942e+00
-7.577937517937833434e+00
-5.108620247503415612e+01
3.556974815135644974e+01
1.358921778791301449e+01
5.287882191990846081e+00
2.743393361052655166e+01
-1.855894690533900970e+01
1.753561456861632450e+01
1.575337088565075305e+01
2.087412836674900518e+00
-3.450113972981430521e+00
5.015173956502174235e+00
-8.935604870081579776e+00
2.869527773754680311e+01
-2.271432008187477436e+01
2.438025291932291339e+01
5.457837017020608528e+00
8.153210183665748900e+00
1.288247778017586143e+01
-4.923483189885507727e+01
4.746232216678833993e+00
-3.793170065516790146e+01
-2.774878070325503288e+01
-2.775572082223347081e+01
-2.825284594398598870e+01
3.153167448011231500e-01
9.472614970264714884e+00
2.820175560363738043e+01
4.913809972580978069e+00
8.130211816370387368e+00
-3.976972218299272299e+01
-1.446046979243912034e+01
1.927606530092623416e+01
-1.112224299331899147e+00
-2.157663329356296344e-02
-5.028637714388651148e+00
1.984955669684838142e+01
-5.170356472040256790e+01
6.389087707389535353e+00
1.150761407935918612e+01
2.448942272149789900e+01
2.095295061707041384e+01
-3.205294780155605849e+01
6.361965610876893606e+00
3.300674622610159759e+00
2.682437313703587733e+00
3.334286479004987314e+00
-1.067558066887431778e+01
-1.996972060418920591e+01
1.070597966253266975e+01
3.406014659898841046e+01
-2.846301636836869875e+00
6.550581218093327607e+00
9.602007020307155472e+00
-1.452431203855654474e+01
-1.536481531482769469e+01
-6.756389337745042667e+01
-2.091630453424778580e+01
-3.087617345513297096e+01
-3.804438350818827530e+00
-3.820334712416266143e+01
4.252065625684917904e+01
-1.772290660761348136e+01
-3.034123229226463536e+01
-8.759530064778141423e+01
3.763016002425970896e+01
7.542826559146476484e+00
3.391878071959482099e+00
-3.547048650039195650e+01
4.990683946868955445e+00
-1.125421222802935972e+01
-1.854532613065450875e+01
6.608549668401614952e+00
1.909856612932208009e+01
4.150085709556705638e+00
-1.200422707443783565e+01
-1.505514380302201971e-01
1.563750397910496304e+00
8.925364054751696585e+00
-3.596336156312124643e+01
4.081434356350960968e+01
-2.426255704834988336e+01
-1.692945532701008204e+01
-2.766703926020738891e+01
-5.881386800754457056e+01
5.104541060796144336e+00
-2.960514163945239829e+01
-1.080913529124732975e+01
1.847373208573173997e+01
-1.462404785440159571e+01
-1.953121478034972824e+00
-6.645681874477361362e+00
-1.139976247725758185e+01
1.794315866899495404e+00
3.069488496032313662e+01
-2.848260621874227638e+01
5.627607463724831405e+01
-1.277905580974100985e+01
1.893868608750813110e+01
-7.748015812108178579e+00
6.454503539147371072e+00
-6.161671484763445505e+00
2.483149718772330061e+01
3.469998495293915397e+01
1.083322789828302035e+01
2.610409177298204497e+01
-2.015296617813261548e+01
-3.714683764538335708e+00
-1.264211999077349446e+01
3.881282594888097037e+01
3.258559539372481595e+01
2.462076900037374116e+01
-8.700451787134170445e+00
-1.574747180658442858e+01
1.407105605009989802e+01
-1.587169762523120653e+01
-7.026691115138078203e+00
-3.278599586343020178e+00
-1.667832301386563643e+01
2.812176164794001920e+01
-4.654189157396558585e+00
2.146811460687401052e+01
1.102434644561634158e+01
9.784285416942822167e+00
-1.871566920136295664e+01
1.501683293085123694e+01
-1.034619880838701533e+01
-6.655169121549135980e+00
-1.770986557262659744e+00
-2.723205277154971782e+01
4.218214021321477958e+01
-1.508030209399107235e+01
-1.787831486817424320e+00
1.256409055409773856e+01
1.085745296763940360e+01
4.190049503724019786e+01
-9.747901933368297023e+00
4.261753461006780697e+01
3.823516922089984860e+01
-5.299181849923161280e+01
2.882445627140739930e+00
-1.050533547878976037e+01
8.836016522658212580e+00
3.346433397964617029e+00
1.121832721944042532e+01
3.524389409071015677e+01
5.515590289486840447e+01
-4.248987911403634143e+01
4.277924291996475858e+01
-5.532980563496695936e+01
-4.588475957251984028e+01
-8.150942647597801738e+00
5.293526287809413589e-02
4.116771572686846525e+01
2.025299199820796048e+01
-6.836199074464474279e+00
-5.045625793282414406e+01
3.990454851061232233e+01
-2.362232413747238979e+01
1.006639369468189216e+00
-4.014326874016227009e+00
7.119694657431182350e+01
-1.434375602263824589e+01
-6.035656988563755476e+01
1.771264631277534818e+01
-9.197079572529304414e+01
6.514807424694012639e+00
-2.062910731421051480e+01
-1.039856384713755233e+01
-1.535899257324560097e+01
-3.305025398970826700e+01
2.164519499088135746e+01
-2.146709298172021363e+01
-6.614939227357922391e+00
-4.460248579229391908e+01
-2.477847817632266469e+00
-2.953895352743340652e+01
-4.217567568194772321e+01
-6.427720462936827062e+01
5.195263393077340197e+00
-2.009513445953815847e+01
3.481558732042742577e+00
-7.951073672858399277e+00
-4.593157204120353754e+01
-3.672571753150396745e+01
-3.083021674478010254e+01
-3.201649378436118809e+01
3.012483843034723208e+01
2.917091450723589219e+00
-2.816028948293043754e+01
-1.226220223654104302e+01
-1.388276512878505287e+01
2.272936121479029836e+01
-1.759284475406908399e+01
-4.361806666102783225e+00
-1.582962750394341356e+01
-2.022556974779807604e+01
-2.285300740255426888e+01
2.089779340777018035e+01
-8.787973488925530319e+00
-5.231938342707826450e+01
4.361552104555181586e+01
2.490789065377617462e+01
1.510990071583819372e+00
-4.413457796490496321e+01
-4.235351392057680187e+01
3.919830855408974912e+00
4.229128690508900945e-01
-1.789286419930749616e+01
-2.591870721854623838e+01
1.778447270375977496e+01
-3.139733624878886076e+00
1.488405464307101056e+01
2.771194569404946151e+01
1.797953108057947702e+01
1.807282819745147151e+01
1.351986559700757695e+01
-1.182659632459376553e+01
-8.419199733368856187e+00
-1.226645200149097903e+01
-2.076569243946192955e+01
-2.421255275007496266e+01
-3.605134753039462225e+01
-2.108035528634341915e+01
-5.772733616253475475e+00
-4.351877393945846961e+01
-8.052397723261606188e+00
2.061084419803255585e+01
-4.461968438185192554e+01
1.683106208855446084e+01
1.517007525479991159e+01
-4.067634176938480550e+01
-3.211251523975619193e+01
-9.698710628781896048e+00
9.961206661240254334e+00
-2.229618880254474789e+01
4.093565855010767507e+01
3.634177664322470491e+01
-4.375503616310481902e+01
2.535716209357309481e+01
1.969940711849736203e+01
4.960867327423329698e+00
1.229420973935390293e+01
-2.423728313769683496e+01
-7.394447421816494170e+00
4.685914634245648358e+00
1.088785926500976586e+01
2.398040955003197183e+01
-2.906519969712764961e+01
-3.379450647492205917e+00
8.496239150243354743e+00
2.991701881674487140e+00
-1.687358220355930172e+01
1.237845640189316043e+01
-1.449755941276214344e+01
-1.162039135373980514e+01
6.711997995619753965e-01
-3.449570419439854163e+01
1.688181653171753283e+00
-9.605064400616242892e+00
-7.841666482910881086e+00
4.734577738570578731e+00
-3.080449569344952465e+01
3.361959443351776144e+01
-1.430242067764675085e+01
-7.561344632954975964e+01
-4.842844057178888306e+01
2.100318389913802264e+01
-2.292400735809707157e+01
-1.067930533655976433e+01
-1.492044544462088140e+01
-1.039446766693131963e+01
-5.717481244120563133e+01
-3.613116434900121021e+00
-3.535038694123130654e+01
-1.952331464200656796e+01
1.208188660277713211e+01
4.462325491805296451e+01
1.583655755419883349e+00
-5.634000569349950638e-01
3.379897813370153870e+01
-3.140880378209917012e+01
1.814822135399030856e+01
4.331698996914894906e+00
-2.702636815803492709e+01
-1.443536521210035062e+01
1.264943243651015337e+01
3.499259961335283720e-01
6.880987676657532859e+00
5.878233792740161334e+00
-1.344039218444981998e+01
-1.838721603530802895e+01
-2.837566442275658574e+01
2.796212033221874549e+01
-3.661810418542658141e+01
-2.718913140035449771e+01
7.082018181925874956e+00
-4.940534360427326988e+01
1.276228171366275888e+01
3.638340191488214259e+01
-4.103653883948709336e+00
6.576558577616523849e+00
-1.632569957591010734e+01
-1.249022030646986536e+01
5.914910386517078678e+00
2.159301962010503573e+01
-2.205442214855789373e+01
1.535631348170210231e+01
-6.023699453535414250e+00
1.697280987560958465e+00
1.317743180186627683e+01
8.500102333439144786e+00
-7.287979856969563741e+00
1.417273300205863507e-01
1.092320440912277490e+01
1.623045437880566055e+01
-4.078138324605451714e+01
1.873193631295293926e+00
2.928238140129662170e+01
-5.248268491230351174e+01
1.725447271048277287e+01
-6.626494407149581889e+01
-6.102747785788373847e+00
-8.422918321404893049e+00
-2.961858956505125207e+00
-6.890416514707425222e+00
-1.429719664833402248e+01
-5.381319061815133864e+00
6.834396261690201868e+00
-1.510431886414102820e+01
6.849093390165620576e+00
4.974620730025287685e+01
-3.443334658505415291e+01
-1.501351277479426471e+01
2.259471838009901035e+01
1.364554264297346720e+01
2.481217285491639046e+01
1.194449993327830128e+01
1.202027496206171975e+01
-9.131256373354062816e+00
-2.786324632940657864e+01
-2.565945850412430218e+01
-1.528647090401607045e+01
2.615003056953895566e+00
-2.396329158373305290e+01
-7.933569070207532548e+00
4.146855531478649937e+00
1.349999000957177486e+01
-5.800597808280585355e+00
3.383660395989471681e+01
-3.278185441598651551e+01
-2.238783978363471761e+00
-1.757258284825907069e+00
1.560799313386456078e+01
-2.229867647893793503e+01
-1.411445899655876701e+01
1.068988435294126482e+01
2.552882560057599903e+01
4.233365322105481710e+01
1.813691874679483362e+01
2.370493760212100653e+01
-1.585016419251414277e+01
3.570807596744475632e+01
3.744426294766827823e+01
-1.472191719319653203e+00
1.940283493135132176e+01
2.138773671381252939e+01
-1.332884466962646286e+01
4.775442025643144461e+00
3.438585126220613120e+01
-1.368534699895053564e+01
-5.206015778438427333e+00
-3.414380208258933891e+01
1.348374000629681291e+01
-7.246595145250054770e+00
1.115327399540140618e+01
3.342353564519115139e+00
-2.254621026412858953e+01
2.580184198817104857e+01
2.271083640911561474e+01
-1.520973410288188177e+01
1.077952584084035692e+01
-3.454365751277907748e+01
-3.006182517129780507e+01
1.401112856405467255e+01
-3.856032960840484236e+01
-1.739748184048249513e+01
2.952399158629987141e+00
4.676808577966652081e+01
-1.438990648874678868e+01
-6.927996133638004039e+00
-1.016353853803443030e+01
6.341807357029313152e+01
7.907909125922799376e+00
-2.435377784836484238e+01
4.004102537627500169e+01
3.546014766070247504e+01
1.776174216995696042e+01
4.247631325163320071e+01
4.855864958313978974e+01
-4.256781575068288248e+00
-1.567954027028827113e+01
-1.641527627541012180e+01
1.630800156109822296e+01
2.122132881222955803e+01
-3.877216093952711162e+00
-1.306376844072877930e+01
-3.452660196461690134e+01
-1.429790386604655339e+01
-2.553468715986451798e+01
1.702140257588445138e+01
9.649439154316212353e+00
3.600361504144842684e+01
4.180019238547828309e+00
-1.332057521249402043e+01
-4.791686755608981940e+00
2.231299077686522736e+01
7.077238636704237251e+00
3.074891656300752629e+01
3.150296551359247132e+01
-6.838817857897282693e+00
-6.074172436024959154e+00
-5.671436328720483289e+01
2.859857456915946017e+01
-7.043428748949054352e-01
3.057904015355629213e+01
-1.221957957983224219e+01
-3.523686356019388199e+01
1.190303865585767795e+01
4.113154584329960528e+01
-1.478380654006342354e+01
3.732408393096199006e+01
-4.108528557790245372e+01
-1.299817261126867152e+01
-4.586819399743041004e+01
1.079061519399772351e+01
4.588006203239132219e+00
3.029734647809164017e+00
-3.506616681181463946e+01
5.106950289836800039e+01
3.056257025135204231e+01
4.973686400066185342e+00
-2.904821781555384064e+01
1.221270954854119850e+01
-1.317097182164746982e+01
-6.971475983485845518e+00
-1.348480807471628395e+01
1.034513155353708669e+01
-8.114716616420395212e+00
-1.135169623257363014e+01
1.172329815874888936e+01
1.459188707894000459e+01
-4.825610410028730257e+01
1.119014655318252949e+01
3.801135417258088012e+01
2.263591846419336662e+01
-5.911385813590793958e+00
8.758473589065403075e-01
-1.975646931246032523e+01
3.266514867971221747e+01
8.771132652125601226e+00
-2.356787052489664802e+00
-4.195936407926183165e+00
6.015168277102083039e+01
-1.773987664939369324e+00
1.377099293256526380e+01
4.197191472425510028e+01
5.410180762258705300e+01
3.494664844643216384e+01
2.281526836356550803e+01
-3.731748983249471507e+01
-2.546254668000224797e+01
1.936273338496128815e+01
3.874969139134037732e+00
1.776992807125657237e+01
8.935080291735687297e+00
3.451058534522485388e+01
-4.347084971918109630e+01
-2.738870368529887855e+01
-6.457099684696572695e+00
-4.799970854356899963e+01
1.070553355095366044e+01
2.467300391150649830e+01
3.867770503378608282e+00
-1.244934356600543879e+01
1.301473616897396823e+01
7.750588052375610459e+01
1.730298559636435130e+01
8.836497417872749338e+00
-2.635843790021880295e+01
-3.361733709893877631e+01
-8.215319954359713961e+00
1.850900648574150864e+01
-3.342886262780325524e+00
1.327969279418881854e+01
1.955247287459246763e+01
-3.203195836160929844e+01
1.462705421038532450e+01
2.481287290335137641e+01
3.163652334683939671e+01
-3.694118416043380648e+00
2.603165513812086829e+00
-5.619712634331690992e+00
-2.708745999619452505e+01
-3.887003059445359554e+01
4.451207262535779563e+01
-4.337495202303003339e+00
-3.096129256807766694e+01
3.022337584622306395e+00
-1.448496678130494786e+01
5.081300036714446833e+01
-1.303522902702883357e+01
-2.005081653222077875e+01
1.944148660821326757e+01
-9.184550402565008653e+00
2.492566956325921979e+01
6.991489294084942685e-01
5.441177907577863948e+01
2.949210340488484405e+01
2.198888266258940405e+00
-2.082134192724873856e+01
1.536068309167188772e+01
-3.015921801025675109e+01
-4.895800949816731418e+00
3.428206980571911799e+01
-1.564440409757284556e+01
-2.512397811324655095e+01
-1.354651239677644980e+01
2.799342881620987100e+01
7.086510244259820013e+00
-4.638482349377673586e+01
1.860644328460963948e+01
5.236162755635660915e+00
5.151239454557625663e+00
-2.815874506718307657e+01
1.611899946469151246e+00
1.890947703523984558e+01
2.682513354028131403e+01
3.683888318219587177e+01
1.615138416048825931e+01
2.214537760283405987e+00
-3.022783780308793666e+01
-2.615062614795351692e+01
-3.866216597262969401e+01
-7.331123568578846061e+00
1.773728646408483201e+01
-1.389960232724625655e+00
2.870976713517325152e+01
-1.829683156966336810e+01
9.192512555675762087e+00
-9.703362280861639988e+00
-1.670546383843915805e+01
3.421444652752768434e+01
3.957529281359313700e+00
3.518696933190915388e+01
2.673830666483638652e+00
1.248174070695143101e+01
-1.002954649172218637e+01
3.399668089593401987e+01
-9.272534605740688107e+00
3.329594325530216281e-01
-4.371362146096817014e+01
-5.381304934598716727e+00
4.003307151468732172e+01
3.581689701518118341e+01
1.504470951899589437e+01
-9.275343067020429544e+00
3.080160737754596312e+00
-1.171318687725643315e+01
-7.717202326269401169e+00
5.174342911423075719e+01
2.778701307967992307e+00
-1.467509903338972777e+01
-6.073089769236025148e+01
-2.665735708680684013e+01
-2.150770024653589019e+01
-3.594935568220995492e+01
-3.254491648420830074e+01
-3.877394048106827995e+01
-2.571943663667425994e+01
-1.784498771076806634e+01
-2.769591162976848864e+01
2.629254199976566753e+01
-1.169598424834794059e+01
-4.962211352393291008e+01
2.254371158105504946e+01
-1.707245829185055186e+01
-4.553732034966122910e+01
5.446977942740591061e+01
-1.458418628728358257e+01
9.639612188342908894e+00
2.249936342422364532e+01
5.003361707554262239e+00
1.491147776349737342e+01
1.809198148057944877e+00
1.097147398093891724e-01
-8.314478316914716061e+00
-4.231602609710918728e+01
6.675640994350494850e+00
-6.998770766113250374e+01
3.980010820748691458e+01
-2.390924365018099707e+01
-9.907538893426249160e+00
-1.022585992835058732e+01
8.400382264377387997e+00
-9.613053258731497408e+00
1.519252496905711780e+01
-3.104134633219814532e+01
2.014847373872660796e+01
2.422421100983037334e+01
5.921157296163997330e+00
6.418983536624949693e+00
1.214555852229170796e+01
5.095347176029207503e+00
1.555153199505571138e+01
-4.486510453626948447e+00
-3.946190722113570359e+01
5.394566489898437567e+00
-1.395165315365085235e+01
-3.039065560569241597e+00
3.105357719922054116e+01
-4.522253374770988898e+01
7.814644913985944186e-01
1.168544914108423427e+00
5.146043268845630791e+00
1.765732980744940050e+01
-6.868613968397838221e+00
4.679486514706968592e+01
2.484214242369023395e+01
-8.665109864048936572e+00
-4.282995796341424466e+00
2.110910698467250768e+00
4.338206678574215402e+01
-2.984993708916465494e+01
-5.806414429694660839e+01
1.736477840062448763e+01
-6.875894918301682424e+00
-9.412153248983599951e+00
9.331935859528257993e+00
4.288530902118057497e+01
2.503428711100431769e+01
-9.059821495393805435e+00
-2.966170638627326639e+01
-4.800727226121956903e+00
1.595179521898373309e+01
-8.623539926707564973e+00
-4.212847606025684399e+01
-3.414310854979760279e+00
-5.387691360254858353e+01
-2.866711356215591877e+01
4.641312009940229188e+01
-2.946899674216736287e+01
-3.864554702738763581e+01
-2.918182800632304463e+01
-2.090235689502173955e+01
2.047184509415961884e+01
4.772709405030647645e+01
-3.720713625132901825e+00
1.466441395550333482e+01
-1.202190262414079314e+01
-3.940594901763473956e+01
2.664079849667051647e+01
-2.675668078748174139e+01
1.483255512995401659e+01
1.814707585177897897e+01
-6.008292858720608365e+00
2.147200205980192322e+01
2.340121008325162677e+01
6.442770749106213657e+01
-6.783715656650485926e+00
-2.936926738071296938e+01
-3.574194808251252198e+01
-9.720168540971926063e+00
-1.901543712773347039e+01
5.377448964976298384e+01
-2.493690739639069420e+01
6.553800696241847135e+00
2.800852698013272857e+00
-1.253268964016833564e+01
-4.827471167460277002e+01
-3.564099575056673075e+00
5.608251226696633296e+01
9.845146754812155621e+00
4.274892508333778096e+00
-3.284984117054432318e+01
-3.272170766078420456e+01
-7.979557441805177120e+00
2.617889289629880523e+01
-1.446542411016960727e+01
5.854681522906000168e+01
-2.752565459410547533e+01
1.069413701818660911e+01
-7.838685266476886682e+00
-3.692084422809682565e+01
2.458896275885166460e+00
-2.918596192982238335e+01
-4.207147192481795628e+01
6.297065245942008005e+00
1.091684872840644971e+00
2.976242728393982873e+01
1.343834996443626295e+01
-1.912515518204302722e+01
1.226980773086535237e+01
-4.979121165623779177e+01
-2.727327448328492210e+01
5.081715768793501553e+01
4.729654578546274024e+00
-6.064404653905171472e+00
-1.697345709000836678e+01
-2.489894628745332739e+00
-5.620180611569026041e+00
5.068000451640421034e+01
2.370406848021921320e+01
-6.760115110595563692e+00
-2.032298057157618132e+00
-2.240814289031178319e+01
-8.954536054227844488e+00
-3.588960866748843159e+01
2.812767983513233361e+01
3.978703487017241969e+00
5.886087412219922044e+00
1.018890866391150496e+01
-4.547869652602866353e+00
-1.170056099308806452e+01
3.040176045128688997e+00
-6.161478701817542003e+01
-8.843207594096810453e+00
-5.828159655092520097e+00
-4.409592333302768452e+00
2.747815452053730212e+01
3.701612562007893814e+01
9.848649344255136384e+00
-5.422446446114020802e+01
3.544613161078660823e+01
-1.220636184329583784e+01
-2.132810443738316053e+01
-4.966469820942653968e+01
-1.717186290973269536e+01
3.534868842395367494e+01
1.737013856542824897e+01
5.727075382159313222e+00
1.917284083844489828e+01
-3.323147359965452097e+01
-2.648641262656133222e+01
3.211930809066819847e+01
2.216004181339407353e+01
2.737530696590710022e+01
2.756797732629436837e+00
4.805775022001625985e+00
3.105355240681203099e+01
5.498508080479913929e+01
-1.191432843399370256e+01
2.191419674129645045e+01
-1.467979149159651797e+01
-2.496332215155049994e+01
-1.972351028838032505e+01
-1.981534895352930903e+01
-8.245768288242118160e+00
-2.708759790987821248e+01
-1.117348356195000747e+01
-7.729240865418404383e+01
1.931537838318857325e+01
1.260642874728234020e+01
-2.691388536025648648e+00
-2.211393334756081686e+01
-1.054590949803923650e+01
-3.124768390500020132e+01
5.609014545426305176e+00
4.587360719742659398e+01
-1.256735426639710340e+01
-9.606171015203926800e+00
1.193527067945990439e+01
-2.905877097274479226e+01
4.818808805411323704e+01
8.374637754309311788e+00
7.947871194957031094e+00
2.817958859871529853e+01
-1.393279685981838156e+00
3.185396656406709326e+01
1.075056450540154174e+01
-2.261392610519621371e+00
4.673482974068008389e+00
-3.580256532481570275e+00
3.769910262960064529e+01
4.882556127808868496e+00
1.031153775747233681e+01
-6.603052043067492605e+00
7.987810920498858991e+00
-5.246380191299516582e+01
-2.002888716270319946e+01
-2.772310805332955397e+01
2.698762313617768882e+01
-1.818618925135578479e+01
-3.415358658850425400e+01
3.289030995961184090e+01
-6.931729252607979674e+00
2.304325730383905579e+01
-5.121669283266783168e+01
1.058075809468885176e+01
2.962987729872196496e+00
3.469596738307643591e+00
-6.600819576074940187e+00
-4.128106617442313109e+00
2.883187499767347362e+01
1.039313060740880701e+00
-2.881794729008788636e+01
-1.063648738512092962e+01
1.252883385757148460e+01
-6.533488445861175364e+01
-4.999398001242584400e+01
7.449688866326766856e-01
7.956224999732818048e+00
-2.666275568897658843e+01
-1.096117015156607977e+00
5.972545680667661827e+01
1.591892422314589339e+01
-3.055843345281942902e+01
5.310431878660978100e+00
-5.262372048366785293e+00
7.083533958663750241e+00
-2.018066279976494570e+01
1.246491577408324147e+01
1.493431407953676171e+01
-3.934974763730394898e+00
6.327426579925113970e+01
-4.501754852423999864e+00
-1.791668188170382336e+01
1.348770178729046165e+01
2.434091946648641169e+01
-1.916932146139913584e+01
-1.037826189683872968e+00
5.547856398724381677e+01
-1.596236696422351997e+00
3.328718997740665486e+01
8.285069684151238789e+00
-3.982129856932147050e+00
-1.287991260112806913e+01
2.960170460804421566e+01
-3.165916024325679956e+01
-6.048439615770462296e-01
-1.030370515465068593e+01
-2.250301331415266759e+01
8.496470422863168892e+00
1.503539739742163484e+01
2.466974981731311800e+00
-2.311042864595265200e-01
-2.253281827702687679e+01
9.197683456812796976e+00
-1.870416643637071274e+00
-1.284902140484484789e+01
-1.142682988513573861e+01
9.387775300126463662e+00
-2.120775722372570726e+00
-2.141655883418465578e+01
-6.173494681041822219e+01
5.910429094340983625e+00
1.095575397813563256e+01
-2.744417776819959442e+01
-1.351517494468544101e+01
4.683213224091507243e+01
6.329048338255716999e+00
2.233024815395174301e+01
4.877416698726690925e+00
2.255633818550947467e+01
3.242055194777975657e+00
-2.206801612670435020e+01
-6.116440510138659192e+00
3.089597316720727349e+00
1.781177084966327584e+01
4.275054898787385582e+01
2.787350164897691229e+01
1.703583171394484452e+00
9.650236921502596488e+00
3.431868995637383080e+01
1.496303352576850187e+01
-3.930393402988423190e+01
-1.562329079437549240e+01
6.349471837787234563e+00
4.829257084754573270e+00
1.397625874816876745e+01
-2.936312254278684009e+01
4.003206197137558320e+00
2.448601969503674525e+01
2.710968858636077528e+01
-2.436561466686399058e+01
-1.553580589637704179e-02
-1.261901283300090881e+00
-9.643945051908559662e+00
-1.612189459126879854e+01
-8.781857966285627981e+00
-4.944074672070527754e+00
5.716987735412430993e+00
2.396825193395071096e+01
-1.750651315840522670e+01
4.586769382211787160e+01
1.859930373007497906e+01
1.519751672108290563e+01
2.005811182633815548e+01
1.538584484291425269e+01
2.057250174959795785e+01
3.101852106831145761e+01
-2.581077521503357275e+01
3.529265658610571421e+01
-6.465502358370014235e+01
1.795700823319375061e+01
-6.061071556019112450e+01
4.730983382434084206e+01
4.272331725793976887e+01
-5.333243319435865715e+00
-2.731599011408323463e+01
-2.405038614414553422e+01
-3.120766032646417898e+01
-3.591218835031673962e+01
3.206593248496523074e+01
2.385482593383628114e+01
1.355808150611056817e+01
1.608712540528586032e+01
2.530316059537972251e+01
-2.220743485808918649e+01
-1.005259692789709902e+01
3.127624569630393836e+01
-7.399985317824118169e+00
3.026157505384485091e+01
4.221674219894622127e+01
-3.260422713987281895e+00
-4.150916265411058248e+01
2.806260739260210357e+00
-1.449861385847533768e+00
-5.785378048141637919e+00
5.631687053630685114e-02
-3.697287156492353688e+01
-7.171492298566334966e+00
5.007572700825324574e+00
7.515298972630105823e+00
2.769095824315770926e+01
-2.419862430146676502e+01
3.163772757000919000e+01
-2.263067642778464972e+01
1.452767909935636226e+01
2.289477610771420757e+01
