[[-406.65005223]
 [ 354.3671912 ]
 [-269.91727783]
 [ 181.65296871]
 [-112.26358581]
 [  70.80822622]
 [ -53.59290697]
 [  50.57560829]
 [ -52.32014324]
 [  53.59598727]
 [ -53.19347594]
 [  51.66421221]
 [ -49.43193672]
 [  46.25756061]
 [ -41.82431515]
 [  36.37587653]
 [ -30.84451252]
 [  26.37900048]
 [ -23.76720594]
 [  23.09354904]
 [ -23.84970042]
 [  25.27298701]
 [ -26.68898921]
 [  27.62402656]
 [ -27.78015107]
 [  26.97546146]
 [ -25.18400032]
 [  22.60389339]
 [ -19.69834537]
 [  17.08297197]
 [ -47.77078371]
 [ -32.45007839]]