[[-6.22817949e+00]
 [ 5.11672343e+00]
 [-3.64020549e+00]
 [ 2.38531420e+00]
 [-1.51662181e+00]
 [ 9.65736705e-01]
 [-6.37901129e-01]
 [ 4.42808241e-01]
 [-3.16879090e-01]
 [ 2.15230347e-01]
 [-1.33177676e-01]
 [ 8.50953846e-02]
 [-8.59976786e-02]
 [ 1.17774253e-01]
 [-1.52857206e-01]
 [ 1.68307646e-01]
 [-1.63101463e-01]
 [ 1.38484671e-01]
 [-1.00021461e-01]
 [ 5.07485637e-02]
 [-1.51637297e-03]
 [-4.12830742e-02]
 [ 6.84646536e-02]
 [-7.56939741e-02]
 [ 6.12411159e-02]
 [-3.63621520e-02]
 [ 1.10448923e-02]
 [ 6.28817568e-03]
 [-1.38997977e-02]
 [ 1.02059957e-02]
 [-8.70001094e-01]
 [-5.50830465e-01]]