-5.499044958590222354e-01
-3.715377190739221902e-03
-1.136154145619286959e-01
3.756101188260847490e-01
-1.908353474178667852e-01
-1.423129645952734279e-01
-3.950963878024857934e-01
-8.215879009387139220e-01
-3.201121697438752411e-01
-3.560343506919965151e-01
-2.867253166956982291e-01
2.573558859525448828e-02
1.410540649344915742e-02
-2.350961444854693383e-04
3.267767311018321408e-02
4.035948557283743909e-01
-1.916220226153988460e-01
-1.142731247320560861e-01
1.984930638851283291e-01
-9.596910370309847949e-01
4.651437424568675150e-01
-1.853260952338660061e-01
-5.650724292311068431e-02
-8.966245138928030656e-02
6.746582960085234504e-03
-5.204798722779491182e-02
7.809293974156252816e-01
-1.649110753206346480e-01
-7.196450540617238545e-02
-4.660265859499275187e-01
6.378023738696487754e-01
-7.010592289163342095e-02
-3.622487185589058356e-01
1.600278741795083670e-01
-2.552223694408262133e-02
2.148832294342009064e-01
-9.393190219441738265e-03
2.028698955852537011e-02
2.988948786010354741e-01
-8.858908853676248363e-01
4.913237908152714439e-01
9.471124597060032180e-02
-7.922570996229616469e-02
-2.579694025915995059e-01
1.101969036999199680e-01
-1.341802740776203429e-01
4.234818221044438502e-01
3.088695580815237207e-01
-2.016201363203578012e-01
-2.601613894358987267e-01
-2.643891278980969872e-01
-3.233219723899962150e-01
1.860879322614552578e-01
-4.481738460862851881e-01
1.272666518841418792e-01
5.169333499710020430e-01
6.109958912564040778e-01
2.882734023072821561e-01
1.562324732013182782e-01
2.643977783879067900e-01
8.012911439395145052e-01
1.712582838657095152e-01
-4.831691923633725239e-01
-1.068519084552406184e-01
-2.575131624184372470e-01
5.403368924268177054e-01
-6.571723016341632917e-01
-5.303460435589926192e-01
-2.785325988522571183e-01
-1.261609610133875847e-01
-3.522370102100782496e-01
2.471220549167529867e-01
1.243145182284459693e-01
1.160836398514546453e-01
-3.431501349821554081e-01
-3.017269230476449238e-01
-4.883473583728106249e-01
3.038190126379705092e-01
-2.832207454134584301e-01
2.732280919869183311e-01
-6.738407658424111490e-02
-2.669670958322685195e-01
-4.526617633290254128e-01
-1.250882498672249987e-01
-1.318868633874998864e-01
-1.265430488918690699e-01
3.538162315602291774e-01
6.383348690317605101e-01
-3.644734856203516449e-01
-6.836024832999836320e-01
-1.647159987389228419e-01
9.582133494396565254e-01
-4.951913256704446598e-01
2.769417173709172175e-01
-7.309185960278519190e-02
-5.385023546194718236e-01
2.427323457047213529e-01
2.840965191780457921e-01
-1.244965741474945986e-01
2.664069713566430408e-01
-2.361258572843656367e-01
-4.856763040823985911e-01
8.414981616792687191e-01
3.896270077580634705e-01
2.144006227787755847e-01
9.019203320775615040e-02
1.588414006169840409e-01
7.095668836172110971e-01
-2.417815959750029553e-01
2.748141193995090603e-02
-1.217605734947697194e+00
1.792346658967964856e-01
-5.861214330575821307e-01
1.097521079371679420e-01
1.821477400597986129e-01
-2.934750712822022933e-01
-4.544411283731650819e-01
3.045352696939929160e-02
-2.654493294354041133e-01
3.572372409202553278e-01
-3.908695623068158542e-01
-5.864658094988506321e-02
-3.284513832754704099e-01
-1.519156870469506870e-02
1.644260489631510502e-02
1.696851855818315435e-01
5.648369278043574582e-03
-6.331567448841468604e-02
5.563222681426048810e-01
7.915999360934131701e-01
4.249683231074548040e-01
6.094541277342040431e-01
-1.264018488821582187e-01
6.303298794612688383e-02
4.511610514614710077e-01
5.391059500418737827e-03
-6.577386130930062969e-01
-3.733187083613069834e-01
-4.274911603838884577e-01
-2.553854601069904251e-01
2.289719981132432025e-01
-1.035393427008419742e+00
-1.125183107019518403e-01
3.743927483882729668e-01
-3.565387558014156966e-01
-2.790310747701800764e-01
4.664660330610157501e-01
4.203969365434256922e-01
-2.620598531057182212e-01
2.424712976129064224e-01
-2.296517798908417340e-01
3.318172955684073333e-01
6.868349084037017604e-02
1.151865171059756054e-01
-7.247127483235245027e-01
-4.154452485791536587e-01
-9.083433250451111718e-02
-4.025317406289347089e-02
-3.502949248973630247e-01
9.496143066336424354e-01
-1.158418447569440346e-01
-2.592763079357998102e-01
3.515886016426579275e-01
-3.949124001578103726e-01
-3.186348903970142032e-01
2.610954400827063537e-01
9.273513480886708127e-02
8.254227088726029393e-02
1.162909955783644200e-01
-1.012511840484244807e-01
1.064595577520659475e-01
5.106442929036696388e-01
-2.518807505000615343e-01
1.696392890605178394e-01
7.800022276220568429e-01
2.739238780498520764e-01
-3.269563157519961294e-02
-1.576985249200694161e-01
1.323025405628724505e+00
-2.050496392465548379e-01
3.377036264397488274e-01
2.453283643678538795e-01
2.630182047555652547e-01
8.127304316425063568e-01
4.054103145897580696e-01
-3.475342115475010818e-02
1.985159124840425449e-01
4.471026082417512981e-01
3.224017247764940919e-01
-5.220320852135253986e-01
8.182899243257830690e-01
-7.643012305947268770e-01
-1.178266985393032207e-01
4.867022373117990686e-01
1.055051956759526233e-01
3.234705929247994050e-02
2.606439969746759955e-01
1.557758572383907136e-01
2.799083992885544880e-01
-5.367913339746088752e-01
2.928301157428858659e-02
-2.094570505422437279e-01
-4.311694364168783267e-02
-4.916137357526828566e-03
-1.048048817409250877e-01
-5.304820141825539181e-02
7.396270562332785126e-01
-3.947208262575729876e-02
-2.583499001740909851e-01
-1.899598181801631647e-02
1.191079908147560928e-01
-5.358179617122176275e-01
-4.338415045683459148e-01
-2.879543208463477555e-01
-5.420746569812626703e-01
-1.516529285172142916e-01
-3.586992740381457767e-01
1.555183412074083726e-01
-4.082761374968768564e-03
-1.134765371283918967e-01
-7.643973025225081486e-02
5.732771813911696768e-02
-1.698530614409794470e-01
5.568313250109502288e-01
-7.477343709212211920e-01
-1.022685187057546241e-01
-1.312759238166082421e-01
1.471928836634188720e-01
1.640836058942751752e-01
-4.265569730858711495e-01
-1.217756163058267838e-01
3.934013841979241977e-01
-2.012491466785769068e-01
1.144050509590273101e-01
3.126785102882747580e-01
-8.567724204158189139e-04
9.972849236385412652e-01
-1.197943957133471571e-01
-3.199741086970879778e-01
3.132927723599188141e-03
-2.479094518208917464e-01
4.382723646081794211e-01
-4.008638267301225522e-01
1.226544908635274211e-01
4.425428349358440094e-01
-1.226201972768969917e-01
1.022020577440578393e+00
1.093781222859717239e+00
-6.248553897510635835e-01
4.984288379413570613e-01
1.807302580612857312e-01
-4.719444552980156526e-01
1.829569500525334291e-01
3.553696717051946230e-01
3.795613927402947674e-01
3.702432444748882112e-02
1.646907014846359374e-01
6.325340461429065364e-01
-2.017071950607056685e-01
8.515743124290048316e-02
5.806197048637695701e-01
-3.065398787461695029e-01
-1.814795136039173418e-01
5.026356378662113489e-01
2.666896660146830245e-01
6.669136397984214426e-01
2.715728903450131959e-01
1.105731471151911727e-01
2.082533447885217548e-01
3.690363809129593164e-01
-4.263162092977776929e-01
4.607358729266985975e-02
1.979365329713317911e-01
7.073638057382503064e-02
2.087150551947714039e-01
-5.396680126354193030e-01
2.945007553549920942e-01
-3.708734164316656035e-01
-2.803252580386907944e-01
1.599240737441212090e-01
-9.918681588196864851e-02
5.053796584164493844e-01
-1.663317784031494995e-01
2.393928905161200049e-01
2.588160946960451625e-01
6.804348470767630497e-01
4.652717135239302637e-01
4.498373200048286780e-01
-6.629378010256692377e-02
-7.414570246598284342e-02
-2.716086086429090329e-01
6.922361028158272589e-01
7.091236857888971734e-01
3.239367584423133994e-01
-2.262038422709111707e-01
4.281021236207820380e-01
-4.116008251701952503e-02
1.781303191412906273e-01
5.849702129212914770e-01
-2.732712130210934731e-02
-9.553589773871440372e-02
-2.195231490254885287e-01
-5.076826496755799667e-01
8.375155636216824462e-01
4.205762449473233744e-01
-5.473515202636809462e-01
-1.626780028650445242e-01
2.087973215937146132e-01
-1.098141853831167136e-01
5.411696835816753870e-01
1.448525367407245135e-01
6.829765255625552811e-01
2.356987211651691561e-01
-2.092700141990739837e-01
1.658143307474573280e-01
-6.013465930027694917e-02
-2.269460655853463571e-01
1.512735007726537795e-01
1.679117692696854292e-01
7.739907129958552012e-01
6.524768110643455188e-01
4.974905033964756029e-01
6.117994829019419711e-01
7.415235097875916281e-02
-2.442385426580155894e-01
1.117809860866745275e-01
-2.968463217777324026e-01
-4.617474784555734013e-01
-4.890506827554403912e-01
-2.710015335775586287e-01
-9.476219316665943637e-01
-3.086160473688679406e-01
-7.372109491274312365e-01
1.641638025421274238e-01
-4.008060771185746329e-01
4.175340925619306365e-01
-8.223966091744687734e-01
-2.614650847775812359e-01
3.776730829520178467e-01
1.812494071610213364e-01
-7.551469918854087915e-01
4.672860853226961098e-01
-2.454585346468021179e-01
4.681890618852568853e-01
-2.454579775960514798e-01
-6.607208566537066119e-01
1.440608964365945877e-01
-5.405359839890895302e-01
-6.081881026897240083e-02
-5.791358532483165122e-03
3.635429135353485108e-01
1.085435671859716678e+00
-3.871382872276059040e-01
-3.241759852486303384e-01
-6.285186753821481176e-02
-8.093418894963377852e-02
-6.877558557216741919e-01
-5.133350985713920345e-01
4.534638570613034325e-01
-1.799157896677447965e-01
1.644545017392324837e-01
-4.175580037196224836e-01
-1.146921929004536267e-01
-3.721531678344478511e-01
4.202019644901360262e-01
1.282998545150704217e-01
-2.133185339745242715e-01
-1.265888784262467759e-01
9.747364904163857702e-02
-6.627685592497245537e-02
3.335267410576387981e-01
-2.345923089449479804e-01
7.386977389473692313e-02
2.946794211896641702e-01
1.181436380216176474e-01
-1.887502721330820421e-01
1.349806466909300617e+00
4.966715634658247502e-01
6.570328873982211881e-02
6.001166347029940340e-02
-5.240703579682612911e-01
2.757132284354257834e-01
-6.443459986042470167e-01
-2.827769270292899151e-01
-5.139097246100181593e-01
-1.611320617204654582e-01
5.138122816431494044e-01
-5.010380071282232173e-01
1.970500624760426200e-01
-4.165674748812531192e-02
1.277066880597033105e-02
-2.906794023643728409e-01
-3.679779614381564201e-01
-5.216180157157435104e-02
-3.195781443736230854e-01
-1.978534732227879012e-01
-3.281143018527901134e-01
-5.428147494788390648e-02
-2.750035254880145441e-01
-4.251668072319148006e-01
2.072446556380680427e-01
-1.197058899512273289e-01
1.936719759530234342e-01
9.552746228687203356e-02
-6.492516937300951696e-01
-4.552010873506805444e-01
-4.170114066225640848e-01
2.887249278288042120e-01
-3.614331231953493706e-02
-5.384027652920526652e-01
4.939504743074981663e-01
-3.732182604426538819e-01
4.774861955786207091e-01
-2.632439840403348885e-01
-4.164759268671387460e-01
2.276117317588397526e-01
-6.144326817978114086e-01
-2.918629632726794654e-01
5.504206630911507858e-01
1.918162471989894868e-01
-3.406967421741491364e-01
4.791064298489438045e-01
-1.440392584058498571e-01
-3.073940158661914168e-01
-2.633215372761883444e-01
-4.579926818249573373e-01
2.204751861869520546e-01
-7.802477375609506716e-01
-6.839498466844857738e-01
-6.030742427066382305e-02
-2.532253910778980988e-01
-5.269351460222959638e-01
6.432815613626248208e-01
1.180928489526493985e+00
-2.244735571681690800e-01
-1.691946797712828854e-02
-5.494900930056280108e-01
5.650539882284713045e-01
1.800644110236908624e-01
-1.584805236556485752e-01
-3.357382332033960193e-01
1.177005907026656972e-01
-5.160116488928092604e-01
-1.025590681468644405e-01
-7.620614605402251662e-01
2.720323577498140466e-01
1.352548351559357265e-01
-2.356653936410157968e-02
-8.678513997514025746e-02
-3.306807096326798145e-01
-1.116601257731080210e-01
1.174736814052306455e+00
-1.398669127498566311e-01
-4.119574127654734852e-01
-5.888213889287368108e-01
1.178581444643147513e-01
-3.170788414429953628e-01
5.992972540040553131e-02
2.711373792083227041e-01
5.534208000276441553e-02
3.116455976715423182e-01
1.518042940511474814e-01
5.233049495659001238e-01
2.421064642338917050e-01
-3.018566495092450674e-01
4.200731699200290770e-01
3.112218422490120595e-01
1.096568021115396085e-01
3.536243341353599856e-01
-2.350988152297875389e-01
6.168121484249358133e-01
1.940779619714147475e-01
-2.802202675397581499e-01
-7.031611481015143106e-02
-1.444364973189089518e-01
1.593986739992057089e-01
-2.264266645856982674e-01
-7.223649864020997846e-02
-1.027933568348551319e-01
6.946255865716626232e-01
4.953104937484238413e-01
-5.858606408243669517e-01
-5.557766764646676627e-02
-4.567391488022036761e-01
-1.169402559050345403e-01
-2.081836140039666772e-01
7.287498526849933711e-02
-2.785778049560362624e-02
-2.383821217881363363e-01
1.142628149642530566e-01
-6.456227732336061731e-02
-8.540469540119743908e-02
7.425559962021197613e-01
1.428626199876421587e-01
-7.207427344048783491e-01
-3.716477107945737046e-01
8.192412389926948535e-01
2.022705870076917378e-01
-7.595335059197250160e-02
9.533852039962280589e-01
-1.559596738617661238e-01
-7.739636868657706614e-02
-1.029443561204579360e-01
1.305848573286163550e-01
2.683682302904089045e-01
3.436142650601170523e-02
2.522412654079881911e-01
-1.164740006700228925e-01
-3.153120530457018678e-01
-3.359627010236793110e-01
-4.251461189335117297e-01
3.843426734341446327e-01
1.313405697622695434e-01
3.305976310950566321e-01
1.459090614940259378e-01
7.719096347631069222e-01
1.453495263410798377e-01
-6.650888320126631115e-01
-2.891461841691258527e-01
5.340438248749868055e-02
-2.426661790055056889e-01
5.407706549981385891e-01
-1.160075771930335620e-01
1.300758391317901053e-01
4.600069241055966263e-01
-6.811992838798648364e-01
1.284164439181043615e+00
1.823173821544235018e-01
2.127572775043198305e-01
3.263545873588691304e-01
5.029970540309314231e-02
-3.090946827935825425e-02
2.812231774237887727e-01
-3.080644204682498888e-01
7.237913668886144514e-01
6.449086799641929879e-01
-3.283708535833076425e-01
1.647167149688697485e-01
6.070689387383443325e-01
-1.904907559540975903e-01
1.628883834915866302e-01
3.135909841310521307e-01
3.763841402039771467e-01
-6.485490835088514316e-01
-7.461936063798457752e-02
-2.490994936020103356e-01
-5.490275137373812342e-02
-7.010340408446877336e-02
3.604161554081164454e-02
-1.497958079705341561e-01
-2.510140545384036415e-01
1.248584256998719333e-01
7.366018434660537295e-02
4.679255155537821453e-01
-3.774157021803374867e-01
3.665564102832252757e-01
4.367028237255530243e-01
-9.603392799219445664e-02
6.627643727032461740e-01
-5.826995216924397702e-01
-8.933230177349762435e-01
-4.589231443926727882e-02
-5.046159298769481438e-02
3.476061855826628744e-02
6.695152380385565039e-01
-3.269176892026581793e-02
3.682458472880489886e-01
4.776130670704290537e-01
3.454383631364308371e-01
-3.232616555178235984e-02
5.346733930682940894e-01
-1.488724898689817167e-01
-3.140730739544794758e-01
-3.671175497259251408e-01
5.897278520537363455e-02
3.248930075350764390e-01
-3.850699069910867856e-02
3.095797152814672160e-01
6.508869027728403367e-03
5.036080274939718215e-01
1.529457913035396910e-01
6.779583457750870679e-02
-3.767506493066630213e-02
2.628450534253313764e-01
3.482648237462186991e-01
1.518957502694955330e-01
-2.199396188545010844e-02
-4.596861123861493148e-01
2.434527413147598018e-01
1.706159250966843288e-01
3.109004603802612010e-01
2.607888320534053062e-01
3.073040013743139065e-01
-5.986251860312363782e-02
2.671978392633764798e-01
-2.732416351250464004e-01
-2.132202781752567944e-02
-4.760948380868685881e-01
-2.941006749074968063e-01
3.641365339215368868e-01
-7.886083227939026941e-01
2.303590585192543116e-01
1.327328544163020041e-01
7.564641903993516436e-01
-1.704460864847456847e-01
2.839019652469522703e-01
-1.240054620487365256e-01
-4.205033141464400992e-01
-6.074183093198506356e-01
-1.094998078780718975e-01
-7.973402388228599813e-01
1.115820626833583518e-01
-1.979990739687352563e-01
2.793546700479234701e-01
2.106773051895221016e-01
-2.336071412640730038e-01
-2.576510381069274658e-01
3.753985793113932545e-01
-4.772980660313327350e-01
-1.178005842527838354e-01
-1.411138367129365356e-01
1.971701060320980581e-01
-9.781905250797251483e-03
3.579665908397355878e-02
-1.419011083194325895e-01
4.668107695632381926e-01
-4.808496100738572920e-01
8.734167876741594227e-02
5.164303979057938143e-01
-2.859809043750889401e-01
2.409828708046957146e-02
-3.425736942677559682e-02
-5.944053478071750218e-01
-3.762369080439924574e-01
-3.537784816667474685e-02
2.523849604993720908e-01
2.832099610334850581e-01
6.792770395289204899e-02
-6.548331318501521281e-02
1.473554296531660590e-01
-3.650379850226976863e-01
-1.143089038278644054e-02
-4.632974056849730182e-01
-2.414492957860308042e-01
4.288431764217492947e-01
-2.591180401813595324e-01
5.886294705838497343e-01
-1.965205505970919475e-01
2.989349375731651381e-01
2.276700855769567822e-01
-5.305133298856256063e-01
-2.387544800028296166e-01
6.762814887984691659e-02
-3.358080444486999383e-01
-3.556754569006110867e-01
-7.455897592881717273e-01
-4.961337112331554167e-01
-4.370764683822616625e-01
-3.744525289898297249e-01
5.681038301875052099e-03
1.855828292111365574e-01
8.139588433711253401e-02
2.032344914205236053e-01
-5.065012250142029160e-01
1.069634491687083688e-01
2.427240862766963936e-01
-5.950216741834836176e-01
-5.240087312074090953e-01
-3.401737952632828410e-01
-2.420649884123741158e-01
1.462085419876544279e-01
2.080176422330382024e-03
-3.525657670758710061e-01
2.750936089532038942e-01
-1.764026011259625104e-01
4.649956174356990601e-01
-7.520646758873268389e-01
5.314487093861950395e-01
-6.798478214391046048e-02
-3.896284244916996542e-01
-2.209564401241995713e-01
-1.092595125980300175e-02
3.784148762673389399e-01
-6.157141670769065156e-01
-1.041216985207353840e-01
-1.527213657587164208e-01
3.895490790931139813e-01
6.979360663381019014e-01
-8.708820301245712159e-01
8.057340462005546655e-01
3.488058032470859882e-01
-6.578533306863315611e-01
-2.943774764725026749e-01
6.699813484398783325e-01
5.114405090542071264e-01
-1.863636100158503339e-01
-5.709640945732186168e-02
1.283838084270316759e-01
6.365126338218065616e-01
-4.933418778489824241e-01
1.304573228951657615e-01
-4.581659946833605002e-02
2.629958093820787823e-01
-6.206384469324316422e-01
-3.268284358061068762e-02
-2.646565399524446471e-01
4.050680922059048950e-01
3.367832781316129065e-01
-7.732465492275988339e-01
-4.210747842822804010e-01
-1.966887943201278688e-01
-3.375713093048418045e-01
-1.110697881838778045e-01
-1.747133708975669997e-01
4.030540627829650724e-01
3.647575870333046311e-01
-4.061300244958232497e-02
-3.505935165963921518e-01
-7.482352556252163112e-01
4.178348507660833988e-01
-4.214804128369810110e-01
-2.904375901219893308e-01
6.796842609404074587e-02
-3.074881625886431991e-01
-3.483412602001267899e-01
-2.633461836343909956e-01
-4.177302032152852007e-01
-2.046811269886745777e-01
-4.180117150437403506e-01
4.923125398486463133e-01
5.308673206953439250e-01
-6.024315676534630626e-02
-1.931320789849841901e-01
-6.094208947233781259e-03
3.613041691921328180e-01
-7.512189521863641417e-01
-1.894875438076595309e-01
4.635134275546191063e-01
5.961877267340438546e-01
-1.331856194218463685e-01
8.861000485025627427e-02
4.525615260455295719e-01
1.434096676867165909e-01
-1.008702001249206504e-02
-3.349095927188265875e-01
1.586679002595459131e-01
-2.948098582361216025e-01
-1.199882280302824178e-01
-1.586347644023837766e-01
-1.420867101683382927e-01
1.945732387597605140e-01
7.071154721723550418e-01
-5.566234127594515968e-02
2.632662790249939988e-02
-7.956251181181199783e-01
-1.649052408837929917e-01
-3.164150335359545707e-01
9.644067277124523940e-03
-3.667596798122663149e-01
7.233093393692766604e-01
7.492431410706670292e-01
1.596095882270421873e-01
-1.813442571724706021e-01
1.394508164433287956e-01
2.166150831396784771e-01
-3.930020264656569617e-01
-7.693904143613305990e-02
1.370424866051198620e-01
1.115992608174316558e-01
4.477968111983368082e-01
3.540318970918348018e-01
-1.740973521181485850e-01
2.252881276190925597e-01
-8.605206620084712155e-01
-2.882046817365646607e-02
7.723031297080047430e-01
1.476339586547199545e-01
3.405300889269824438e-05
2.471215111478670678e-01
-2.080254006878337059e-01
7.966106210513290709e-01
-1.509719756568950189e-01
7.117664446304350356e-01
3.235573217834667448e-01
-3.898805007136560974e-01
2.812035454876558038e-01
-2.423100949696546103e-01
-5.897002591924986881e-01
-6.284893264084079334e-02
-4.799489862668870899e-01
-4.737867067858410053e-01
-1.730736974354618596e-02
3.016839683244567638e-01
-8.709535305878546296e-02
-2.980473842493367442e-01
6.552842939937741917e-02
-5.857369259954952057e-01
-3.880577669657370166e-02
-7.556451424868972921e-01
4.696613217988263589e-01
-2.083416605974774960e-02
-4.234706806175849714e-01
-1.910982936538676569e-01
1.576442240748869850e-01
-3.026223377868451081e-01
-3.795483792782761157e-01
7.736696184190319237e-01
-2.279609354554872347e-01
-3.668663132333396248e-01
2.750193295477511013e-01
-1.617129418320926715e-01
4.514717762319278016e-01
-2.126511871351155492e-03
3.045096525324275660e-02
9.156221331735148183e-01
-1.195874741136537800e-01
-3.123888983029599054e-01
-3.602437449064677111e-01
-4.725136600367001449e-01
-3.122940299229455263e-01
2.340362748489646094e-01
2.368676417075010754e-01
2.351897750943058307e-01
6.320947094209223849e-01
1.685597460428711614e-02
1.796115589063913554e-01
-5.411681001083099574e-01
4.969955258403491172e-03
-1.924558744355593376e-01
-2.646062816588390376e-01
-5.177033257326435489e-03
2.891023929790303981e-01
3.363691928304239909e-01
-1.742583058413066377e-02
8.002024553468967127e-02
2.674180582379001025e-01
3.309855212046968198e-01
-1.750050308481141403e-01
-8.133626912191616043e-02
3.329840495915004084e-03
-2.252406765690047052e-01
-6.795206954501509244e-02
-2.866994777781495252e-01
6.546926048591799052e-01
5.430327874774905084e-01
-1.685880321540702553e-01
1.319669993113241624e-01
-4.708081397334065721e-02
-2.398576164341865713e-01
3.028197644741135175e-01
-7.471817315742335097e-02
2.923486819460583419e-01
-4.291979906858457428e-01
1.521956995191464657e-01
-8.636961325288972091e-02
-4.613499766679991509e-01
-2.133249338107301440e-01
2.116817215116340023e-01
-8.323744966155595115e-01
3.215258128933493609e-01
4.066474373206570014e-01
-7.249693075937077569e-02
-5.423582098543611174e-02
-2.244368527995188600e-02
2.104363362073069510e-01
-2.978486285833232827e-01
3.002039851007910487e-01
2.614900240795332564e-01
-8.640115936697254639e-01
-3.005359617509295589e-01
2.066125995087587652e-01
-9.048774621362865034e-02
3.844359413663934744e-01
-5.338123290179481728e-01
-5.663408145495729684e-02
-3.516356824133030079e-01
-1.111824555519002944e+00
6.738198603714360413e-01
-5.156486012869399005e-01
-5.523797636472150829e-01
7.369883697355339436e-02
1.112710902297092463e+00
3.275831652603544697e-02
-2.508162575627528312e-01
-7.833483870673507710e-03
-2.608739008432747752e-02
-7.607108147944261489e-01
-4.988199820217407154e-01
7.280128818411162328e-01
-1.062997799868252713e-01
-3.268519294647499462e-01
4.553330214483191085e-01
-2.875832205113013629e-01
3.073948164065294364e-01
4.510559265805593743e-01
-4.825451186911602353e-01
-2.378178642737438508e-01
-2.628660341103374876e-01
-1.339287130077049248e-01
-1.861541617267026272e-01
-1.219855028727518942e-01
1.380987895299297108e-01
-3.005816149760077716e-01
2.583590649854146104e-01
5.073032350944024493e-01
-8.499755946104292637e-02
-1.644886015763602494e-01
1.286130771984028698e-01
4.803441837652417945e-01
4.446167000792539126e-01
6.137448201519624114e-02
-6.461803388617815003e-02
-7.399788824739395032e-02
-4.603478149010651332e-01
3.597523458038336397e-01
-2.196669803507096397e-01
1.798913401155397551e-01
-1.396413843936619159e-01
2.333569540632822736e-01
1.479458433664471162e-01
-7.033817961289232645e-01
-2.441907991110818799e-01
-6.812609499918091949e-01
-3.119170130159565346e-01
4.112319354911198044e-02
-1.488771494998060163e-01
2.801338091292868704e-01
-2.458734556108819191e-01
2.076562961509897942e-02
7.021856975853868477e-02
6.331305206589812329e-01
3.249680873418108185e-01
-2.425207461926387476e-01
-2.474425709642780191e-02
1.246362955094744152e-01
3.300418128403167506e-01
3.299619723408309113e-03
4.862006486127854465e-01
2.482149076750022054e-01
7.711845523659794921e-01
4.499453994590785211e-02
5.867823589269618445e-01
-2.083694730050056343e-01
-3.377814710700240974e-01
5.181515960850191505e-02
5.620221524150981196e-02
2.258584186715970610e-01
-1.361091048984279794e-01
-1.172490993691391870e-01
2.099984449570369283e-01
-4.261438076671018038e-01
-4.801737900910965084e-01
6.555437992514003831e-01
-6.131970179820012135e-02
-3.564414703828605591e-01
-4.439641880977307498e-02
-1.166645242998631815e-01
3.388822214605398120e-01
3.157835747798558579e-01
-1.809838043862361801e-01
-1.254345729599704029e-03
-2.354623174188690271e-01
-3.034593371339227019e-01
-2.129759651862412895e-01
-8.216929194208595355e-01
-3.642512409206988266e-03
-5.876225268093964171e-01
-4.889187645838131147e-01
-3.473770405736207323e-01
1.700266824757710182e-01
-3.407155535055603757e-01
1.899071089912542920e-01
-5.355679099651198261e-01
3.347019814470719723e-03
-3.504819047835396884e-01
4.753170733134415293e-02
7.806314385950630097e-02
3.028051853912785418e-01
-1.923424204941173166e-01
-1.691427238293652380e-01
2.516025641830961224e-01
5.467722741645858475e-01
2.747302739831662954e-01
7.970144971536896605e-02
-6.322790804912350460e-01
-1.339640750534227820e-01
-2.482320334068450762e-01
-5.493720041174592339e-01
3.823837192225809645e-01
-3.065693237214341949e-01
-4.963050905696131387e-02
-2.462836131664873918e-01
-8.745165405744876885e-01
4.749728598884623842e-01
-1.680630442313653106e-01
3.471745149160030408e-01
-6.366662963971698730e-01
5.731117315778377908e-01
3.194256697375275067e-02
-2.464928949352343801e-01
5.543008786749403782e-02
-1.918425580639095962e-01
-5.970644461537970571e-01
1.537231898331306024e-01
3.015149742836693569e-01
6.652732388713999967e-03
-2.989627285402063350e-01
-1.283051771620584702e-01
1.755345521106583817e-01
2.907647877380616919e-01
5.497585860331584140e-01
2.164807497742744502e-01
-1.924326067188824041e-01
8.135619976710808388e-01
2.029383239037156894e-01
3.920645352051761456e-01
-1.388191441718782393e-01
2.442575332113976483e-01
1.766427020282677063e-01
-5.624225319028957060e-01
-1.786931133829612328e-01
-3.399439427289881466e-01
-3.242830989930092223e-01
-9.253654081054252245e-02
-9.971908689414465954e-02
-3.731677205574337464e-01
-9.890387792441692749e-01
-2.411712287016064549e-01
1.370803723773974525e-01
4.234205650153377576e-02
1.125514518921741924e-01
3.737459636325191070e-01
1.159998511573311353e-01
2.611883179178446923e-01
-3.850193703346005414e-01
3.915761796853702847e-01
-3.576883889320838783e-01
-6.117865489367879661e-01
1.406499681815116531e-01
-3.451956290060271826e-01
-3.608531372848537977e-01
-1.394731286483296362e+00
-9.240845651390439119e-02
7.186965728160243927e-01
3.765493184821658845e-01
-1.093528407183637086e-01
-7.222696614720236497e-02
3.155419070209015686e-01
5.555318772810187156e-01
-3.643152634108079990e-01
-8.658745718780824774e-02
-2.888145423139789614e-01
-3.041526579337796576e-01
-2.877612106131077763e-01
1.055218008979298960e-01
6.108208070827423342e-01
-5.826846024626739506e-01
-4.703092585976706985e-01
2.365495579400977988e-02
-9.734734562537017410e-02
-1.685246015692370425e-01
-7.807475845021691896e-01
5.219506344428266331e-01
2.045848826641751828e-01
4.607614313262753392e-02
4.411642181791122219e-01
-2.733334138152467285e-01
2.912654009039972181e-01
2.436497870253053755e-01
3.690690953363251481e-02
-6.737912373924437315e-02
9.818836491822396928e-02
-1.313671912947728393e-01
4.059590275692053218e-01
-3.615014526002946482e-01
3.716809857855976063e-01
8.947323693018915947e-02
1.305510879190714402e-01
1.882413192833025661e-01
-7.118106130212644711e-01
6.749365787758510038e-02
-5.831334703382444751e-01
-4.300456243167705694e-01
-4.181483122306390854e-01
-4.259040865018790534e-01
3.129888871406905082e-02
1.464366668413219497e-01
4.151796288200744200e-01
7.673215666842053695e-02
1.263535110527521099e-01
-6.111573387341326935e-01
-2.336040287797230830e-01
2.984509925277647469e-01
4.854375134664135061e-04
-1.581067553453241459e-02
-8.465993206003119553e-02
3.056773781739043905e-01
-8.044083748721582161e-01
1.048590007473448882e-01
2.017675250764268124e-01
3.630839678860656172e-01
3.188865361924088648e-01
-4.903758453247715199e-01
1.219302789483629468e-01
5.891268162010976361e-02
5.890637019214839398e-02
2.394047907889351734e-02
-2.056020954764870012e-01
-3.375488347418331703e-01
1.428046150878092835e-01
5.268911241569096404e-01
-6.283898243157270969e-02
1.066175306705545722e-01
1.102648973733146853e-01
-2.545722167753334819e-01
-2.473590623024675139e-01
-1.036879406801917813e+00
-3.529274241334834361e-01
-4.862534070229185268e-01
-8.597758853206682872e-02
-5.817661310270667574e-01
6.684420496379406273e-01
-2.904458556348048504e-01
-4.641143975689399070e-01
-1.386612950878143735e+00
5.907320567624143592e-01
1.268435824128975042e-01
3.235670888259689626e-02
-5.347758297196767430e-01
6.500239599906887378e-02
-1.395140523909601526e-01
-2.734313508896037415e-01
4.795357450404630351e-02
2.853495297689332411e-01
6.621056022457250112e-02
-1.566061666129625607e-01
8.195192789286487312e-03
1.792821165422875396e-02
1.113857223451848455e-01
-5.890961674751001853e-01
6.204715407199681287e-01
-3.506673097666210825e-01
-2.364051023800047835e-01
-4.081528839322814406e-01
-9.054780062217907544e-01
4.614544085016825115e-02
-4.527059170731915216e-01
-1.823571708156356275e-01
2.884265617624111044e-01
-2.068807630379390083e-01
-5.535009262366852312e-02
-9.421787703850270645e-02
-2.123460940655848006e-01
1.042513343743911580e-02
4.666938472041830543e-01
-4.698572672696688102e-01
8.627510862675475956e-01
-2.037063640713054902e-01
3.044856843279240000e-01
-1.038939968463403751e-01
1.043915237751514569e-01
-9.649059847703123083e-02
3.972719124934469548e-01
5.475924214532461587e-01
1.640387521256190251e-01
4.396441730508890977e-01
-2.816758177730995794e-01
-3.929632265199489716e-02
-2.193497511481821149e-01
5.649168650966429617e-01
5.045090251148831584e-01
3.639955793844933396e-01
-1.345701371605070307e-01
-2.311283691403809293e-01
2.166896009903450659e-01
-2.372331320192027082e-01
-1.390398298947799205e-01
-5.816612964187006796e-02
-2.874435553619971717e-01
4.390826919135804030e-01
-9.068510432607668204e-02
3.062271835480943061e-01
1.515263004529396051e-01
1.428373261939996919e-01
-2.901283908819576318e-01
2.560302463845025578e-01
-1.237982669571353611e-01
-8.689145409747922599e-02
-1.437487798272618633e-02
-4.490209014360520001e-01
6.820756988204159654e-01
-2.369755918351864055e-01
4.815503417862743163e-03
1.878633438973872360e-01
1.743076747696881146e-01
6.549504552942525537e-01
-1.819073528611845347e-01
6.608636204812003978e-01
5.958285281136440625e-01
-8.519333722669859554e-01
4.925220534921448401e-02
-1.591021621188479784e-01
1.092092396587998060e-01
6.283521175155626359e-02
1.507877488120050735e-01
5.480676769874870402e-01
8.196974003914041518e-01
-6.700952199790202179e-01
6.801154645402824883e-01
-8.309156452321342368e-01
-7.094421378452312466e-01
-1.148062778295031450e-01
1.197062107303148437e-02
6.669580320846635324e-01
3.259623371057216445e-01
-1.375164553208687579e-01
-7.554167951903525413e-01
5.804600615034547495e-01
-3.827827250301840678e-01
-1.253683943191141736e-03
-4.844494798381582257e-02
1.117018799888936265e+00
-2.122396073694532426e-01
-9.178884269731684142e-01
2.625615130734928471e-01
-1.386128480877671709e+00
1.143799646991652263e-01
-3.285138158612690429e-01
-1.490531138237262410e-01
-2.128235093786823295e-01
-4.993485088252405113e-01
3.215658152498118705e-01
-3.070807619217641449e-01
-7.391131745224566174e-02
-6.806238431430826630e-01
-2.767658927649074840e-02
-4.367321567424652384e-01
-6.602370493180886868e-01
-9.964264494395651539e-01
1.030529302046887530e-01
-2.980174750708908249e-01
2.514652794290839211e-02
-1.045452255078522796e-01
-7.249376782888363735e-01
-5.406261877167907182e-01
-4.992437177254718250e-01
-4.841831772980871307e-01
4.681586393410290814e-01
6.729911641594910066e-02
-4.086564250769926243e-01
-1.970454964652645913e-01
-2.336779894308980143e-01
3.395412935618726813e-01
-2.664422144711872109e-01
-7.250225828201595224e-02
-2.504405858691147735e-01
-3.359138510508792308e-01
-3.382683510296597973e-01
3.407805336820504127e-01
-1.095879469241967108e-01
-7.758643150889339424e-01
6.762886642954075711e-01
3.915521737714563466e-01
3.443563727502096938e-02
-6.792645627754723137e-01
-6.528107725070171341e-01
8.162515878813092485e-02
3.626005882151384085e-02
-3.009666291872674648e-01
-3.996927106920958317e-01
3.019990151396476641e-01
-4.637417847330560505e-02
2.388453998842003934e-01
4.159266942114641097e-01
3.081495335708281935e-01
2.390804538247337518e-01
1.928226024571997321e-01
-2.020345945411423649e-01
-1.246005021659712941e-01
-1.584101564504212800e-01
-3.247202028759161863e-01
-4.038123549843923854e-01
-5.376998632860763294e-01
-3.163515355130551709e-01
-8.266660612814602516e-02
-6.849196073739793889e-01
-1.021553179186955873e-01
3.018105058078184300e-01
-6.756913121797856192e-01
2.832287339254040415e-01
2.508127817216629918e-01
-5.966021375526775472e-01
-4.869425247846583815e-01
-1.676904430972416815e-01
1.241827833267188375e-01
-3.560399207997280158e-01
6.449146036680659666e-01
5.668716952134551512e-01
-6.827009654458100485e-01
4.039270352114199270e-01
3.067599334738781991e-01
9.788021696809190431e-02
1.698994583435984307e-01
-3.697695721727316531e-01
-1.364106191143645841e-01
4.190846099953482451e-02
1.620883118114027077e-01
3.723056474087776957e-01
-4.807331536712591280e-01
-7.535632982341766706e-02
1.438523292785538477e-01
4.511821839960439284e-02
-2.831782520343083531e-01
1.873601043287043133e-01
-2.261797467931869754e-01
-1.692006748786345494e-01
1.466738113569743263e-02
-5.378493078146986406e-01
-3.443769715365085915e-03
-1.441517102633236291e-01
-1.100100818707945294e-01
8.370226367337663120e-02
-4.675906493148747067e-01
4.895148296456492965e-01
-2.155838537868175475e-01
-1.141085199825861096e+00
-7.527986944883804377e-01
3.159033863419158372e-01
-3.207021837313641655e-01
-1.652235285414347388e-01
-2.227892780559095343e-01
-1.523004272262988845e-01
-8.964243916780012533e-01
-4.851144114769567750e-02
-5.437509304570360413e-01
-2.692606860359414434e-01
1.864561039970413781e-01
6.768623839726348734e-01
2.304868677834631674e-02
6.717870651788082625e-03
5.077610357496524784e-01
-4.688395719900266823e-01
2.679425306266861595e-01
5.627319876598124715e-02
-4.161901310555427003e-01
-2.249883311884932624e-01
1.813323151660481969e-01
1.185063007327924467e-02
1.276101531343091233e-01
1.063893718778250452e-01
-1.965972942119069700e-01
-2.530756695571536596e-01
-4.220164591170201263e-01
4.260935014416045163e-01
-5.747297133989975881e-01
-4.352565890473805155e-01
1.130481211369800398e-01
-7.540787395009798111e-01
1.888838855840369035e-01
5.033933720713283932e-01
-9.596301187944333844e-02
1.183852447833513288e-01
-2.617658525971906514e-01
-1.777271814113428050e-01
8.085492715855258083e-02
3.209919924662248403e-01
-3.182879304521880615e-01
2.094873878580392201e-01
-1.166170191417279511e-01
9.379894712952197011e-03
2.082434750213892904e-01
1.451716811134322604e-01
-9.876812565551018608e-02
-6.617226783993679362e-03
1.227163049319068833e-01
2.484955043532139918e-01
-6.039173598757145989e-01
1.579012878613461623e-02
4.518606021025792785e-01
-7.990252919194240633e-01
2.825758793476000896e-01
-1.000249823280021433e+00
-8.775180851614927668e-02
-1.271503305078542923e-01
-6.455578005277562426e-02
-8.867081883640803852e-02
-2.434200514397093507e-01
-4.739269204177354311e-02
1.071292975544579917e-01
-2.111317355282209540e-01
1.158726735518502693e-01
7.826687341256111097e-01
-5.091760742050084332e-01
-2.301051851734241538e-01
3.393148012594475738e-01
1.849994087427251355e-01
3.679315413015404879e-01
1.468342513277214878e-01
1.989943713104740386e-01
-1.352143380811487994e-01
-4.284853795366855289e-01
-3.952457422427078093e-01
-2.353284315921972958e-01
3.803462297885285004e-02
-3.499473585148695776e-01
-9.884473722241021720e-02
5.084675395508719831e-02
1.951224198870837867e-01
-6.422346073009232992e-02
5.104848057171678111e-01
-5.082477076505109714e-01
-4.096895891610552454e-02
-6.022772718340871356e-02
2.546433922579760534e-01
-3.712387644597139325e-01
-2.295333596718323044e-01
1.599969026095364732e-01
4.271407187247835413e-01
6.273970446104919496e-01
2.966264422811448753e-01
3.839998319782016445e-01
-2.298013773861644626e-01
5.523251625425684708e-01
5.514359963584825053e-01
-3.546764714773686933e-02
2.802229862509060254e-01
3.294756608802402731e-01
-1.693978014344497129e-01
8.061736881256820197e-02
5.534703778807381624e-01
-2.139800417969555113e-01
-8.950128612193264388e-02
-5.565622150192237605e-01
1.965756430477689776e-01
-1.060701172898406153e-01
1.787893570544540900e-01
3.954151670679317832e-02
-3.480097484167538613e-01
4.232399919617901851e-01
3.354341859345497667e-01
-2.326032899390999553e-01
1.334519745797131396e-01
-5.093329228892118365e-01
-4.768983541872967580e-01
2.011554185236077430e-01
-5.883947518562073764e-01
-2.677719704197399908e-01
2.063372587790990309e-02
7.491000779462569925e-01
-1.805527225826071280e-01
-1.135095253026596751e-01
-1.477534466582368644e-01
9.971657255955246324e-01
1.573714763576330444e-01
-3.543658995132381584e-01
6.098908014373334296e-01
5.445688197501779015e-01
2.787890923078006900e-01
6.766511199690734557e-01
7.091437756344532994e-01
-6.353790941538051129e-02
-2.501731673415918955e-01
-2.715083287860489136e-01
2.268403579911122403e-01
3.134843198718160195e-01
-5.915645655193357833e-02
-1.932300767720267487e-01
-5.170969447122567564e-01
-2.042345439852715216e-01
-3.932775974747464431e-01
2.569818333689819490e-01
1.455245858034457385e-01
5.168818977136053761e-01
9.170308478818345321e-02
-2.161461967768874004e-01
-6.498877022818577709e-02
3.490387120277957944e-01
1.105966064903638468e-01
5.099180645266536693e-01
4.984621100703656715e-01
-9.189990825988481049e-02
-6.364775287320845187e-02
-8.514585978903852492e-01
4.353688899978180871e-01
-3.465508776516212919e-02
4.893590524542090758e-01
-2.173413355126233570e-01
-5.493952824618932862e-01
1.522007626966790372e-01
6.105614680098563340e-01
-2.171505558784172507e-01
5.789111259941863707e-01
-6.216816873469639404e-01
-2.143787312468814488e-01
-7.209751567873992073e-01
1.601679845200925101e-01
8.126598378809202217e-02
4.081483750590120252e-02
-5.303538312895756945e-01
7.751578039158300015e-01
4.663103930925389662e-01
5.773139142356642495e-02
-4.260911654980092944e-01
1.896188142559482870e-01
-2.002601938410735194e-01
-1.068796592871019691e-01
-1.957297971462406139e-01
1.691681435284093649e-01
-1.170230688924158713e-01
-1.585442688299256719e-01
1.897996721740318193e-01
2.081147088047107241e-01
-7.717824394482724060e-01
1.638443306100727526e-01
5.708460988787629198e-01
3.616382477033819320e-01
-1.211038528451271468e-01
9.036787300805260159e-03
-3.214256393095813458e-01
4.976558864002704752e-01
1.055966535383645599e-01
-4.843864366839456537e-02
-5.022621341760036273e-02
9.336743826291677983e-01
-2.504726929341671848e-02
2.325887071911942883e-01
6.340031017079574838e-01
8.414938683022019639e-01
5.131988779718708038e-01
3.628982365389012976e-01
-5.316633240966077700e-01
-3.943944937484729074e-01
2.984859993640469611e-01
3.460508363423642209e-02
2.734453874902524895e-01
1.090352277188957331e-01
5.539185372435420085e-01
-6.821399312988590813e-01
-4.286732364180814159e-01
-8.476689990480679171e-02
-7.420032987347667808e-01
1.442190631810271739e-01
3.638954180410312045e-01
5.070531239243170063e-02
-1.896023139261382440e-01
1.917108632842552396e-01
1.187608045533028900e+00
2.621837066346306422e-01
1.392497264969136950e-01
-4.137058147464465208e-01
-5.321780404911651274e-01
-1.485378523537288498e-01
2.507247502584086796e-01
-4.985836054146997043e-02
2.167555677003705217e-01
3.079827498755935977e-01
-5.413371435862410763e-01
2.282138031961600255e-01
3.542349377241116315e-01
4.946976106845397680e-01
-8.078377924088719908e-02
9.293628304210432844e-03
-6.789655695832719218e-02
-4.043747447280852114e-01
-6.363877207123351809e-01
6.707604841244962923e-01
-7.082626836963146211e-02
-4.777723556126656224e-01
4.324141927480273928e-02
-2.444863958388972525e-01
7.634389541182615702e-01
-1.859692519037920988e-01
-3.200923831970334810e-01
3.218334971390484078e-01
-1.227181140964221928e-01
3.860347666307659686e-01
7.824238446494380383e-03
8.253206604978928773e-01
4.175125785766352071e-01
5.178062791464399517e-02
-3.205754393675808167e-01
2.287796462133009356e-01
-4.688250975079026883e-01
-5.371504212864175454e-02
5.598336249086997007e-01
-2.280099078526780509e-01
-3.779298441643801354e-01
-1.861155428671485978e-01
4.525098776406979439e-01
9.188032828909586947e-02
-7.209072917630179322e-01
3.033616411320070316e-01
9.376666973055636234e-02
8.940344181099213472e-02
-4.342099362193003742e-01
6.307587663024794011e-02
2.927520081814687369e-01
4.196690702299075149e-01
5.436840908411608719e-01
2.863962779653654867e-01
4.826116171466421356e-02
-4.634710415489222690e-01
-3.813382226761148353e-01
-5.916052084355543084e-01
-9.942270658633134417e-02
3.039041463690024258e-01
-3.092576680698466696e-02
4.659650511299515685e-01
-2.736769462892345572e-01
1.455329076844891212e-01
-1.748675322675548038e-01
-2.327075089787452589e-01
4.991290052980073555e-01
5.024464394064276362e-02
5.234399984084627810e-01
4.333376005532940667e-02
2.024430730740275353e-01
-1.276009174794472401e-01
5.081133094211685020e-01
-1.173087721871191036e-01
-2.743284765123366054e-03
-6.803099848262665894e-01
-8.421836580040387155e-02
6.072449499537944106e-01
5.872556068888461489e-01
1.948470062166499650e-01
-1.001515136962609631e-01
3.068730455321322381e-02
-1.819988333806044079e-01
-1.028324860221738746e-01
7.619730374164862541e-01
4.674099853932833781e-02
-2.142367668155262805e-01
-9.388344723899096911e-01
-4.153470761829349822e-01
-3.253444177409976490e-01
-5.314377962759322394e-01
-5.223555721699968402e-01
-6.236135665195585709e-01
-3.930399525300091179e-01
-2.820862104340546850e-01
-3.881876292229007319e-01
3.972961133497695529e-01
-1.974157124331998858e-01
-8.009132231867015506e-01
3.750010373486065696e-01
-2.899913880973392644e-01
-6.734406864879260990e-01
8.713738230954246600e-01
-2.124974188774641504e-01
1.502830335314477850e-01
3.571963481225024495e-01
8.532985459333763956e-02
2.139963160513769225e-01
3.427088665207467244e-03
7.217928889029001649e-03
-1.181437459124121681e-01
-6.335693763852301430e-01
9.634678109898209275e-02
-1.074228086078035993e+00
5.964116917179120847e-01
-3.576545503044599172e-01
-1.395861991581730521e-01
-1.520739124885377436e-01
1.639925098967607575e-01
-1.694461115107479543e-01
2.541544475920850532e-01
-4.834428944471698131e-01
3.348792528363473409e-01
3.615208337778368919e-01
1.129070868799131322e-01
8.652415540799318627e-02
1.805624638439891072e-01
6.429229568583405552e-02
2.835170221676261981e-01
-5.235821315464672665e-02
-5.890245872672117411e-01
8.013400355875432979e-02
-2.698501014571959011e-01
-1.094378560896469565e-02
4.657236916952061101e-01
-7.171051270046138182e-01
1.959709769761097675e-02
1.418497874996216268e-02
8.366484335070811795e-02
2.692448016047463977e-01
-1.252939854266096331e-01
7.320315119545108828e-01
3.495804758542326862e-01
-1.269616212317916659e-01
-8.848490934279285014e-02
3.619324827095704578e-02
6.850746244728505019e-01
-4.408325125514647169e-01
-8.925200273977305088e-01
2.599663809399761494e-01
-7.186220134706977625e-02
-1.409631870512382257e-01
1.491686593984486997e-01
6.561850921239558154e-01
3.696616755810167021e-01
-1.517006836391838753e-01
-4.669890869317110393e-01
-9.552836668355535465e-02
2.465790151326126278e-01
-1.381627338402422467e-01
-6.567653391407235475e-01
-6.517647527523484641e-02
-8.209531560155349794e-01
-4.202638385810577581e-01
7.358788599197422231e-01
-4.397615410269897218e-01
-5.984422246114946553e-01
-4.773999817161200254e-01
-3.393912752971006697e-01
2.941184638405296425e-01
7.178418092337924827e-01
-7.101565426830536154e-02
2.397376099376864467e-01
-1.550675087460258172e-01
-5.808775548101555719e-01
4.704324256923285708e-01
-4.074155618990396022e-01
2.479518791937698197e-01
2.553594858178812599e-01
-1.087430117326504408e-01
3.377087896224386654e-01
3.447927056595581075e-01
9.952161346388916918e-01
-1.160246069537631541e-01
-4.594980697738086928e-01
-5.728261650736001798e-01
-1.283401836059000489e-01
-3.177432076953043971e-01
8.606436884600117132e-01
-4.215786952525224507e-01
7.149939013177863956e-02
4.093417598674919944e-02
-1.891637228312439412e-01
-7.182502713821437013e-01
-6.586670690337581568e-02
8.677539402316678530e-01
1.478189527955064975e-01
6.322078481851223231e-02
-4.725744437218462046e-01
-4.655875957166992762e-01
-1.129899814505095357e-01
4.097656752101150879e-01
-2.249276438225922270e-01
8.888787206356205672e-01
-3.958332553207362103e-01
1.366276477489221097e-01
-1.559145352829256481e-01
-5.512980014503456871e-01
4.783827830907050327e-02
-4.934606122645988080e-01
-6.408751901641958071e-01
6.400635252253161767e-02
1.225712126638645039e-02
4.163980751591185303e-01
2.106803391391311453e-01
-3.085580674825246228e-01
2.027620683777966448e-01
-7.333019572974429634e-01
-4.243577183685625087e-01
8.167379785000615788e-01
3.856810846303537765e-02
-8.970941811917665376e-02
-2.306802075915774797e-01
4.986781623200542413e-03
-8.029493136942278397e-02
7.792650821338980016e-01
3.642544663715571729e-01
-9.418980215915340182e-02
-4.682799879073051841e-02
-3.446944316407106745e-01
-1.201768350520393547e-01
-5.501451696545252013e-01
4.523972195543994879e-01
5.769701593506804116e-02
9.715313407756420716e-02
1.373071296835144395e-01
-9.457562704522556873e-02
-1.848300650883851204e-01
2.370106064887296526e-02
-9.311087873530541348e-01
-1.269346434910234578e-01
-7.590279742068606339e-02
-6.289814522668968344e-02
4.475361931176220498e-01
5.525495090941940912e-01
1.473271004547482832e-01
-8.113700778728951679e-01
5.633092907026320262e-01
-2.195298054165841783e-01
-3.181577324437236953e-01
-7.525702566466987431e-01
-2.819070463988802011e-01
5.112413820672767617e-01
2.806034739481448881e-01
1.409433085498590366e-01
2.853761682676503320e-01
-4.809684927535702315e-01
-3.940613368715695231e-01
5.418242129425672182e-01
3.599085632683665104e-01
4.236565287981246541e-01
4.406933373542409882e-02
9.519879973307920906e-02
4.649253984730679079e-01
8.546576639712242240e-01
-1.963866054454471710e-01
3.257513197041275177e-01
-1.828098515747966779e-01
-3.735933097852064400e-01
-2.936685664509770533e-01
-2.681283027311742728e-01
-1.162699770102122443e-01
-4.161665136534637988e-01
-1.858249875420123765e-01
-1.146182051397607982e+00
3.025767081418697657e-01
2.339080153395726724e-01
-1.931976370829313616e-02
-3.137633917823992036e-01
-1.568912093054177781e-01
-4.817140881458725765e-01
8.292779156787899453e-02
6.973217266798248382e-01
-1.712350156177482319e-01
-1.651690349583350148e-01
1.605369840610944010e-01
-4.403176349265322531e-01
7.697245130628050935e-01
1.456254269785602906e-01
8.705516830454218535e-02
4.530380993397966627e-01
-3.398546410740044266e-02
5.071051147562961603e-01
1.571065963188280623e-01
-5.386155350740406966e-02
1.120824592642211126e-01
-7.163938671725889051e-02
6.236028439038143745e-01
7.051327612832825054e-02
1.607950480728996823e-01
-8.587562143788263214e-02
8.841225579509437438e-02
-8.084965479040633340e-01
-3.062643589307834091e-01
-4.178876614396029865e-01
4.501706948704566891e-01
-3.021051898914390854e-01
-5.126456973672954831e-01
4.931213322457104198e-01
-1.223447137774884563e-01
3.852917299063118861e-01
-7.708758396843746752e-01
1.915343840826329580e-01
3.750987997635402138e-02
4.942263556655568379e-02
-1.038538903347099307e-01
-5.442568860503627093e-02
4.261796537776961213e-01
2.060685498576697583e-02
-4.296558907626910617e-01
-1.917359020505675637e-01
1.785989934458342976e-01
-1.034282420910600298e+00
-7.898985722754365835e-01
2.400598072173254494e-02
1.166574858182920504e-01
-4.302885448519465639e-01
-4.800272004087613453e-03
9.312697691529177035e-01
2.615120129620711609e-01
-4.903915132338036997e-01
6.055226546119096831e-02
-7.469873951745220619e-02
1.161098909301145898e-01
-3.040137169397345573e-01
1.864373213428356935e-01
2.140619381149013734e-01
-5.955666698328787589e-02
9.613802931774448890e-01
-7.785115268132503097e-02
-2.609558591552456619e-01
2.178359294297713689e-01
3.890961972196311791e-01
-3.001193737351659507e-01
-1.994608953059306966e-03
8.565522433066479202e-01
-1.834408286281252742e-02
4.518579568321041684e-01
1.417287890392247007e-01
-6.776056138799946282e-02
-1.594572601743546869e-01
4.284298791082270519e-01
-4.855479634883422824e-01
-2.852283613802297779e-02
-1.634311719914300909e-01
-3.618852791541569136e-01
1.051133757149397829e-01
2.102660088461671406e-01
1.396547990399987782e-02
-1.976528779929465074e-02
-3.432120132292770798e-01
1.407054859135969949e-01
-2.921971327916095262e-02
-1.880300483911708787e-01
-1.822155094896864558e-01
1.638814006861131212e-01
-3.126447034716317575e-02
-3.302922540703243648e-01
-9.237778771755507101e-01
4.513293199304446723e-02
1.675128761185742388e-01
-3.779310067020378305e-01
-2.153545037116799676e-01
7.104180194291280781e-01
8.468038612260597731e-02
3.454237114591007796e-01
6.875585373170478576e-02
3.099225258528257587e-01
2.224655212770976220e-02
-3.441688885153897370e-01
-6.634564361754025086e-02
5.810752461139134795e-02
2.451256450957863819e-01
6.578528424819007903e-01
4.261575817418092882e-01
2.917822350421150901e-03
1.045260157356637798e-01
5.317262049525144363e-01
2.280226282310018338e-01
-6.390059925093027893e-01
-2.381384241837585236e-01
1.301816121693462058e-01
7.665390397276983236e-02
2.175451196812612231e-01
-4.604464786949065136e-01
4.128502799887823205e-02
3.431365380044657520e-01
4.229924714637711691e-01
-3.619862778912144030e-01
-1.845966396661946618e-02
-1.754330293901862348e-02
-1.618131280641317282e-01
-2.396672828045646186e-01
-1.206513004119584842e-01
-7.012012492204888758e-02
8.592585337513458654e-02
3.625545449843152745e-01
-2.613757236761362623e-01
7.224132005252643651e-01
2.761492668274074802e-01
2.152097231920011566e-01
3.313946106904885336e-01
2.426492198395608924e-01
2.963056971782077054e-01
4.801115107453066688e-01
-4.057893881703267258e-01
5.530018309250583908e-01
-9.877325420548559443e-01
2.711012824780976160e-01
-9.146901696129523529e-01
6.963259161463435376e-01
6.635359927400541480e-01
-7.578567464963636979e-02
-4.107756006742819821e-01
-3.790071168268176471e-01
-4.965711597871877991e-01
-5.721623742681103408e-01
4.632969188729370025e-01
3.728946965906914102e-01
2.016019051898885195e-01
2.701098835393125341e-01
3.551236450360057972e-01
-3.482572849330303200e-01
-1.298221634564140636e-01
4.966001038368120790e-01
-1.147735599246451077e-01
4.495097635154918780e-01
6.605219462394291696e-01
-3.506015730190015223e-02
-6.493250863815362983e-01
3.899235085794039435e-02
1.962133222777645569e-02
-8.007213038596106003e-02
5.154469202402367500e-03
-5.743831676184161239e-01
-1.100156323663523672e-01
1.120765498123089121e-01
1.075397146974215179e-01
4.282003536366107976e-01
-3.502084146998512004e-01
5.049845826626038203e-01
-3.480627851381448146e-01
2.203512172287722670e-01
3.628764807730818776e-01
