-3.488509834987050340e+01
-2.021917699885676711e+00
-7.188115496339619881e+00
2.421438150557084867e+01
-1.199092244238519811e+01
-9.269781915431195785e+00
-2.422715862020146460e+01
-5.063001499264802874e+01
-2.158861968373373941e+01
-2.272856176791503913e+01
-2.110285518820970196e+01
4.280040320564175715e+00
1.997847595366465612e+00
-1.078066835670000501e+00
1.743822069622211757e+00
2.666217810079643868e+01
-1.028400206346833556e+01
-7.233360744676303966e+00
1.179692020796420593e+01
-6.229413086200032978e+01
3.122895166417708879e+01
-1.337515866312679691e+01
-2.430785292559876964e+00
-5.637474739356292730e+00
-9.454731418173878410e-01
-2.139698477503500840e+00
4.831212487285270640e+01
-1.511615967903550484e+01
-4.045853186471788376e+00
-3.054620434066967505e+01
3.946222906749233061e+01
-4.350078509898608559e+00
-2.149384255368659069e+01
1.127850747494917272e+01
-2.065266224008723839e+00
1.310781833339407854e+01
-5.393963882292496237e-01
2.725889302332930697e+00
1.905375978815649063e+01
-5.497703064246448434e+01
3.064763452808963962e+01
8.170962583939683554e+00
-6.305506045387033964e+00
-1.757471505836011616e+01
6.936403592426273690e+00
-1.102738340071701373e+01
2.506266115084656576e+01
2.000214717777760143e+01
-1.288427595773310941e+01
-1.645825329989486363e+01
-1.739124580540521947e+01
-2.092295317999668924e+01
1.063840539305807908e+01
-2.725604272977568598e+01
8.357773322425543938e+00
3.481318127919757899e+01
4.015076766382347273e+01
1.869900538603107520e+01
8.360809252585625018e+00
1.746407436962533666e+01
5.121537297011548162e+01
8.642748497386662621e+00
-3.003495434845817869e+01
-6.067216979737338534e+00
-1.418494293588477717e+01
3.346497541578519019e+01
-3.964028999716188650e+01
-3.453257913353394315e+01
-1.761494001530373055e+01
-9.878010487956487395e+00
-2.251461671333854042e+01
1.579638958078083988e+01
5.237192201483082954e+00
7.871708362504193701e+00
-2.180482503648310200e+01
-1.909042915119360373e+01
-3.292547545080731197e+01
1.813576094193928157e+01
-1.888861850510986784e+01
1.705861868534587700e+01
-5.435173600010860362e+00
-1.498520054429158677e+01
-2.884429720393367802e+01
-8.553362295071252674e+00
-6.153055341740355288e+00
-6.921064293798920630e+00
2.251494896544578239e+01
4.218480578934007497e+01
-2.478473469400669416e+01
-4.323905568186087578e+01
-1.083700002767456283e+01
5.985785108567463908e+01
-3.266788433019547000e+01
1.802358821627703378e+01
-6.556434460345315074e+00
-3.358162653097760142e+01
1.388773537869839458e+01
1.965713702189634660e+01
-9.724902588893428401e+00
1.845190871068791694e+01
-1.351170691298580095e+01
-3.150008491851619397e+01
5.288466856117224779e+01
2.520262028103081775e+01
1.426992041598487049e+01
7.905996514232185746e+00
1.504938551377975386e+01
4.549764794079922581e+01
-1.485581091768761119e+01
3.364767144381765718e+00
-7.620738138925236171e+01
8.868000706788478738e+00
-3.732681745938236872e+01
7.830693869611906166e+00
1.230080588815707188e+01
-2.011481440093376705e+01
-2.853656492966254632e+01
1.213439818233212009e+00
-1.698112292102891274e+01
2.153017737389168929e+01
-2.797878246490775211e+01
-3.103398734103336665e+00
-2.027224209572165137e+01
-1.967930091355640343e+00
1.113463489082022306e+00
1.256304080012736790e+01
4.276662547289333816e-01
-2.907925652212895784e+00
3.589112343917768300e+01
5.080657429956315241e+01
2.743226463128086579e+01
3.964211870264597337e+01
-6.532630951071062952e+00
5.590995582646911544e+00
2.965491122877858743e+01
-5.002529261631423196e-01
-4.245472253217312186e+01
-2.277023400883358661e+01
-2.828455652583743074e+01
-1.546622662151127514e+01
1.598089991199708493e+01
-6.630994877051131198e+01
-9.331200899882816202e+00
2.474211592552889272e+01
-2.091787968718398361e+01
-1.740710008624398597e+01
3.328152661228608622e+01
2.485141204642550861e+01
-1.848479093456205646e+01
1.554401456816594873e+01
-1.419678775729821041e+01
1.908920160145365941e+01
1.869992563908937200e+00
7.380893370124582020e+00
-4.763720005450591088e+01
-2.642255888350880966e+01
-4.856479208575933626e+00
-9.331844335047758676e-01
-2.282334738050127498e+01
6.073432876623758148e+01
-9.745133765249931912e+00
-1.802519467843576706e+01
1.989617568913416790e+01
-2.565694157618713689e+01
-2.045354132938689418e+01
1.824149351571986699e+01
7.146064579900347269e+00
8.566065388140657433e+00
8.780059278099130893e+00
-6.176959331998972402e+00
8.893661902976617739e+00
3.256455037716492029e+01
-1.480240128275738698e+01
1.071902895461570893e+01
5.083226716002128853e+01
1.827238940055035243e+01
-4.218359181681876180e+00
-1.143719530982274080e+01
8.698890021012238094e+01
-1.193681823161044520e+01
2.095112114440257756e+01
1.448220846997585909e+01
1.644002084824881393e+01
4.941480464046139787e+01
2.676911899455143384e+01
-1.517590214603059096e+00
1.354573728515987341e+01
2.744200784877710930e+01
2.013701981956543818e+01
-3.254701516485789625e+01
5.265233381254034839e+01
-4.690454948387750278e+01
-6.873104567040719814e+00
3.075881056111744272e+01
8.369997126802196874e+00
4.175007785866966969e+00
1.582973118428061809e+01
1.248505478523938450e+01
1.923314765919957381e+01
-3.495197004799643992e+01
2.212106997232922367e+00
-1.484639395632171954e+01
-3.728613053583742953e+00
-2.471168764800040663e+00
-6.007941278127841400e+00
-3.218740844350236330e+00
4.680218624130156968e+01
-4.710836773547313783e+00
-1.453104168515130823e+01
-1.432035636503890430e+00
7.264418605242170202e+00
-3.330734404910808166e+01
-2.859004101366764417e+01
-2.023961587296574294e+01
-3.453923970712781966e+01
-8.944157666474531254e+00
-2.331573173048624881e+01
1.019354768476125628e+01
7.230155225226866378e-01
-6.998012999936491951e+00
-4.615277602030914750e+00
3.204830329903558095e+00
-8.176219649942467527e+00
3.801512732223791602e+01
-4.831087692593379757e+01
-8.465946150187289021e+00
-7.542387696890418880e+00
8.898988717483234723e+00
1.258236705886787377e+01
-2.623851191421306339e+01
-8.471255902619390099e+00
2.399479940601020189e+01
-1.122649137400214414e+01
8.875363558368292161e+00
1.902829295669879173e+01
-1.622418369429823315e+00
6.223088422241255557e+01
-7.780793802472260268e+00
-1.767037605178808235e+01
1.788562689840290432e+00
-1.371880453840580572e+01
3.047015292168866551e+01
-2.364204256531937176e+01
6.763385579281020910e+00
3.163269940271695191e+01
-7.075793819089398085e+00
6.596975024380026298e+01
7.142187794222724051e+01
-3.702404286318210325e+01
3.287154699212688058e+01
1.212333545868278861e+01
-3.105311340377875240e+01
9.254758886392323802e+00
2.343642321838838427e+01
2.396706594524485467e+01
1.286309359600295465e+00
9.445861706712605610e+00
4.150301751336075995e+01
-1.308442498862621051e+01
7.940973339074844262e+00
3.999881780734443737e+01
-2.060853978822962063e+01
-1.111843194863098461e+01
3.120343691240918105e+01
1.600710253180111664e+01
4.215600595851140042e+01
1.680057402837906011e+01
6.068402220303369177e+00
1.484705055413249397e+01
2.255384334039445093e+01
-2.985262078192576496e+01
3.820395674127695429e+00
1.378524098040029955e+01
6.479168867894657069e+00
1.318352786674989829e+01
-3.410794730897235638e+01
1.780531440239815311e+01
-2.379187089362648067e+01
-1.855300282064635553e+01
1.189654189554924812e+01
-6.479479774298269490e+00
3.222192160918737613e+01
-9.291064967798263297e+00
1.675208337828894400e+01
1.800023839758017630e+01
4.326597249557169533e+01
3.036195722549143738e+01
2.718099808771671633e+01
-1.840452426719735968e+00
-4.662562502503220685e+00
-1.780578929085879736e+01
4.446276452426809556e+01
4.423391232481924362e+01
2.174747124608309434e+01
-1.401337807478563491e+01
2.769576292192013511e+01
-2.847368347697226909e+00
9.934380830916275329e+00
3.679486308586038490e+01
-6.835845482114706329e-01
-4.430057733699015898e+00
-1.121154760330949784e+01
-3.258577849596662190e+01
5.320222501796121151e+01
2.817917293628408970e+01
-3.327269320992628820e+01
-9.175410118591088349e+00
1.464485246577370603e+01
-5.556959890580614569e+00
3.532924882554044643e+01
7.000973708424737652e+00
4.449194732154580834e+01
1.931079075080912588e+01
-1.264810542087303702e+01
1.114550963481573831e+01
-3.481779213309721399e+00
-1.528120702701025380e+01
8.745096247085967889e+00
8.349762387004147968e+00
5.229287548308462874e+01
4.393997825888021680e+01
3.091640303130131429e+01
3.715437041028746989e+01
4.834939043363561950e+00
-1.445998292308206601e+01
7.968690153880118032e+00
-1.861802454774285920e+01
-2.993375490615152046e+01
-3.104120970716070360e+01
-1.740124159952731020e+01
-6.064847591931072657e+01
-1.946727738854062295e+01
-4.834796259957428788e+01
1.308836874705220055e+01
-2.583808516376949882e+01
2.597182078072583522e+01
-5.522284978523385490e+01
-1.662733910949653193e+01
2.388874990821040001e+01
1.168209354381936294e+01
-4.955359135984158314e+01
3.154643211485040410e+01
-1.445753541308272361e+01
3.002441585271124325e+01
-1.294027040703676334e+01
-4.375573318585981042e+01
7.991310895921188262e+00
-3.632689628682174998e+01
-4.148603982352966568e+00
-1.666422142250733707e+00
2.280358071391350450e+01
7.034155176710623891e+01
-2.407728263827564774e+01
-1.950680758250582869e+01
-2.337395547259376372e+00
-6.366753444324984912e+00
-4.506587110541181573e+01
-3.110134554730177570e+01
2.669846719962455950e+01
-1.185988548743475235e+01
1.130468496793326949e+01
-2.739094510336613553e+01
-9.158153262330728239e+00
-2.313624235061996615e+01
2.877291335182194132e+01
5.303861675710834334e+00
-1.245999439044067003e+01
-9.493977006549556563e+00
6.626647794901771249e+00
-4.556013593424495411e+00
2.403678309991269657e+01
-1.437286785341052564e+01
5.586450356773809744e+00
1.981669363404398609e+01
7.636309866898500331e+00
-1.188114142209576585e+01
8.584099915373383283e+01
3.283410860633526340e+01
2.395971091215130855e+00
5.660652350271277555e+00
-3.496981061709050209e+01
1.875532876236556490e+01
-4.267180825818145706e+01
-1.624762882359689797e+01
-3.073827977785995813e+01
-1.104929374476290604e+01
3.173001389817022755e+01
-3.165627869581594211e+01
1.338032780584401849e+01
-2.154750190273716726e+00
1.149792453727741304e+00
-2.000186204762025000e+01
-2.474967586206327042e+01
-3.133297544284005198e+00
-1.994386602969774458e+01
-1.106195370345329820e+01
-2.307123114943701125e+01
-5.171499110346900352e+00
-1.938425480747395113e+01
-2.803686619275299563e+01
1.167035832416560481e+01
-8.012458835792841683e+00
1.366064909994085497e+01
4.760282339426911591e+00
-4.253024149736913273e+01
-2.930254332063392297e+01
-2.552124204052918799e+01
1.810269410401178902e+01
-1.375835889240050847e+00
-3.461640658012271388e+01
3.290677442652938112e+01
-2.187991999150081313e+01
3.191914885967661064e+01
-1.768366632199585808e+01
-2.697077530579625204e+01
1.321375450004961749e+01
-3.795285156878236421e+01
-1.923824264550768248e+01
3.459968317132970128e+01
1.054906693177326815e+01
-2.454276254367925958e+01
3.032023805316571696e+01
-1.014513236648218708e+01
-2.124956372352244216e+01
-1.698818986508305784e+01
-2.799113803905174791e+01
1.548180894822096576e+01
-5.022794572843994843e+01
-4.424547020327457858e+01
-5.686038547661098619e+00
-1.681223897886192731e+01
-3.302890133555627727e+01
4.105727311110524624e+01
7.496588294610802450e+01
-1.536266023212259313e+01
-2.010853113901816869e+00
-3.386453430682936272e+01
3.662355356808137685e+01
1.140334095285339799e+01
-1.338434619332531383e+01
-2.036440360531447880e+01
8.243896691655734799e+00
-3.243317229640435073e+01
-9.878347194664513609e+00
-4.858751586802904399e+01
2.037233839166538019e+01
6.166310253332198954e+00
-9.905248351874433865e-01
-5.801160436701707113e+00
-2.238752065908352051e+01
-6.136325319442732962e+00
7.335186954200651144e+01
-1.023509041537465691e+01
-2.688683207181318835e+01
-3.905270375972395414e+01
7.803013117473653892e+00
-2.097569976563571714e+01
6.081026502286150048e+00
1.696341853617054340e+01
4.273341936704127875e+00
1.751508013063799751e+01
8.458098159412315908e+00
3.274369726903864830e+01
1.472138804069757612e+01
-1.958102783282490833e+01
2.685136981354540353e+01
1.951457899089655257e+01
6.907209766802864692e+00
2.370503054284574773e+01
-1.588497732162153397e+01
4.122912430932686334e+01
1.316433057529682316e+01
-1.773569465901968556e+01
-3.294413795389081301e+00
-1.010283609061039556e+01
1.142544210166218477e+01
-1.303405822357409960e+01
-4.426929922639857296e+00
-7.173359816848346782e+00
4.527590064722596708e+01
3.090024282256848664e+01
-3.629862403979345231e+01
-4.541993635850076316e+00
-2.950585513876922050e+01
-8.095357302310617342e+00
-1.320129641135213916e+01
4.807502892418568763e+00
-5.693624945911768265e-01
-1.607601251351144356e+01
9.489561322868155457e+00
-4.604142396626038192e+00
-5.234669553336530612e+00
4.818937188336397526e+01
8.080665969220614642e+00
-4.618830120011715223e+01
-2.220745029451603614e+01
5.359932054357437892e+01
1.524336521201649930e+01
-5.314228770794102275e+00
5.977565798766720206e+01
-9.009482060221216670e+00
-5.106913968202235310e+00
-4.529539434795538000e+00
8.657465263501649133e+00
1.744520061137450284e+01
2.436663211453762301e+00
1.620085016365044339e+01
-7.142233298376424955e+00
-1.968759176082697593e+01
-2.330703128527357393e+01
-2.682447665875679377e+01
2.303599345039813784e+01
7.241791657336236199e+00
2.133119397560843211e+01
7.797787461188619318e+00
4.991445909728679453e+01
1.043388794451384172e+01
-4.508321997148419769e+01
-1.916286071121225376e+01
3.422753151184458886e+00
-1.626724365813531392e+01
3.531623594302831748e+01
-7.792493744354828777e+00
9.395120119811835480e+00
2.948472947739800532e+01
-4.176610839644644102e+01
8.362613095881616232e+01
1.159584075547843440e+01
1.332467897998782291e+01
2.022917407959545244e+01
4.177080065730990555e+00
-2.390457403074606191e-01
1.957421698899389639e+01
-2.071570714371068789e+01
4.641290274194555820e+01
4.104586558735350366e+01
-2.330421128243517614e+01
8.991451059724113293e+00
3.912490039209205861e+01
-1.149974373832127128e+01
9.760847753307274388e+00
2.106405770339549122e+01
2.267267430896694691e+01
-4.269772580109000160e+01
-5.748758584321137732e+00
-1.713255259234466621e+01
-1.735896352289927336e+00
-4.430753947326433462e+00
1.003908049834876692e+00
-6.987099508106069834e+00
-1.777284150308037169e+01
7.390886084871695516e+00
3.849514420058341102e+00
2.966284318430193068e+01
-2.448337009493509697e+01
2.440200627146430179e+01
2.640674303710716231e+01
-6.957628407881060184e+00
4.553497081000696767e+01
-3.804926597653698650e+01
-5.763353900788509065e+01
-4.825712789292559535e+00
-4.455369712187064124e+00
-6.715478878353451364e-01
4.469262653510457994e+01
-2.721724487701720818e+00
2.393790437032248519e+01
3.004299183746051938e+01
2.088469302582706177e+01
-6.412875477572185900e+00
3.330101826231890527e+01
-8.892568947995712847e+00
-1.982123572797331690e+01
-2.287231575464838329e+01
6.037019988942041948e+00
1.974800337055248178e+01
-7.505122604559488764e-01
1.944165533439229421e+01
3.058050290937899263e-01
3.385372804799244761e+01
9.673289833766361312e+00
5.037208520465128458e+00
-2.094314762482497372e+00
1.799078832674972261e+01
2.098207135789454014e+01
9.605807119853977838e+00
-9.957574895737195675e-01
-3.071573000359076389e+01
1.626884879931128580e+01
1.062856951473247591e+01
1.983218293124243559e+01
1.574169791222125525e+01
2.017880555294208023e+01
-4.823025691048357544e+00
1.741326724930954128e+01
-1.499994437971088246e+01
-3.961087657588677757e-01
-3.025462923948978755e+01
-1.716080884902063985e+01
2.245753793852494340e+01
-5.030834234019852147e+01
1.481048869772465082e+01
8.849161369681212364e+00
4.637252075135685914e+01
-1.055201904152663417e+01
1.861035306501921482e+01
-5.564803739807928196e+00
-2.704037250424931216e+01
-3.792506479730963065e+01
-6.546780854714896236e+00
-4.936909595002821760e+01
6.548080551384600767e+00
-1.110192310340497102e+01
1.722646298277146570e+01
1.314746806631984555e+01
-1.595183061988211648e+01
-1.633675802257369014e+01
2.285334953742200881e+01
-3.432352532175842441e+01
-6.826693637430537365e+00
-1.055662598227415572e+01
1.525742819384079141e+01
5.394322634790569282e-01
1.511977736656717752e+00
-1.053021489472278915e+01
3.058012004184385546e+01
-3.095048642896716729e+01
3.822662408705866710e+00
3.361996878645840070e+01
-2.053075937868192113e+01
1.729479592633225593e+00
-1.445485046410226460e-01
-3.633871899270819483e+01
-2.232431135344441486e+01
-2.769694405687795680e+00
1.575638404651656543e+01
1.841668386836175841e+01
3.419442141503679977e+00
-5.376780104729732557e+00
9.940521976491709211e+00
-2.371845478662623918e+01
-1.105086338164909421e+00
-2.894308839725167104e+01
-1.556819205992721322e+01
2.713327247107662288e+01
-1.592342650766101997e+01
3.787515566510242593e+01
-1.341305291806028777e+01
1.827664345127523404e+01
1.410113389093498881e+01
-3.536991539811498342e+01
-1.401453665960552541e+01
4.863562019691329397e+00
-2.330623523605609648e+01
-2.102442674565411096e+01
-4.872571114855452379e+01
-3.016974548065988415e+01
-2.850029669427345880e+01
-2.451264769802637034e+01
4.699168519172189917e-01
1.017478945757036968e+01
3.824414667788062161e+00
1.358941071444820459e+01
-3.167398538589428370e+01
8.515278019513971230e+00
1.505956176601343088e+01
-3.756585458302520664e+01
-3.468041478775859332e+01
-2.353855240958847617e+01
-1.518406852834678489e+01
9.072103997630762251e+00
-7.383336237100479593e-01
-2.348183959475887406e+01
1.670708775732407503e+01
-1.329899339057647012e+01
2.800506215220565309e+01
-4.961655344535753898e+01
3.529173777836659553e+01
-5.041684941418527188e+00
-2.237029644152516283e+01
-1.396601358957412486e+01
1.043046695780283528e+00
2.495339669959387763e+01
-4.110275975741999588e+01
-6.588148572596693953e+00
-1.128492204383934450e+01
2.493155572622214322e+01
4.657692858502070976e+01
-5.541277703031909141e+01
5.182212514994375852e+01
2.315455009610481341e+01
-4.159769437902625100e+01
-1.780726747562778201e+01
4.415353184027379285e+01
3.310125859359231981e+01
-1.161880445161233411e+01
-3.263575370828704081e+00
7.991658832752385422e+00
4.160219664886187729e+01
-3.164414687765147960e+01
7.077754999130561941e+00
-4.651640787835361834e+00
1.520522579958299048e+01
-4.045372749723694028e+01
-1.848626584747798063e+00
-1.694325457536059787e+01
2.661217583209372606e+01
2.344075834398563529e+01
-4.866242667386467247e+01
-2.663141439987953163e+01
-1.202301320825114317e+01
-2.372056145651896486e+01
-6.501708222730954390e+00
-1.131718053560314274e+01
2.505451020918462746e+01
2.340758051266021766e+01
-1.189027262792706097e+00
-2.557712149191912232e+01
-4.740082396296409684e+01
2.649208467764310626e+01
-2.735613944434768996e+01
-2.027320158001680284e+01
3.304670256471133882e+00
-2.002269523951151342e+01
-2.178128362831304798e+01
-1.596677556947602739e+01
-2.670335512440007619e+01
-1.444027921120093083e+01
-2.894304254112894625e+01
3.117231642283037019e+01
3.420959374246898221e+01
-3.679812387750814651e+00
-1.222291755312528494e+01
-2.369151924283983135e-01
2.534028140388915062e+01
-4.788892790933390131e+01
-1.108922986553614010e+01
2.740866444554774262e+01
3.952228670764904450e+01
-9.327149369192710537e+00
5.523539143462755874e+00
3.057760714143415726e+01
9.242725109312900145e+00
-5.458443522649076840e-01
-2.478979995531108216e+01
1.124970740558819671e+01
-1.932823937075130516e+01
-5.849275814960748221e+00
-1.082277043556501894e+01
-9.166564854657053729e+00
1.263709688141216247e+01
4.406643513375839660e+01
-1.347185665865922033e+00
1.901556737217489967e+00
-5.074398891521606458e+01
-1.056455922793230684e+01
-2.004612112229688137e+01
-1.132184280846786351e-01
-2.615404803940849376e+01
4.755327224303411526e+01
4.522773857414966869e+01
7.818467396958858728e+00
-1.101821051970094345e+01
9.262831158763873418e+00
1.149235433470518331e+01
-2.658602942109831702e+01
-4.699208505077649534e+00
1.057501006763345686e+01
7.420086573171730038e+00
3.071489803098288007e+01
2.253930441563531417e+01
-1.180513822388147105e+01
1.449303738167091637e+01
-5.528121599320556356e+01
-6.832890898037931038e-01
4.862481004861504630e+01
6.655699539974960999e+00
-1.173291107930367616e+00
1.704284211066965327e+01
-1.596669763354769778e+01
5.011149857650721628e+01
-9.277461095346126285e+00
4.483991092479124063e+01
2.183240008118224296e+01
-2.258677282458228319e+01
1.804310065366753690e+01
-1.704638410793367598e+01
-4.032236004594125234e+01
-3.591642409731321095e+00
-3.106023633788267091e+01
-2.931390045853692072e+01
-2.746806023513215678e+00
2.016484578751430945e+01
-5.422245784845600269e+00
-1.745035667657640488e+01
5.003710081764495499e+00
-3.860520314437246725e+01
-3.922847784800142179e+00
-4.628720371122375354e+01
2.724444043857937459e+01
-6.585277699050067213e-01
-2.786765764952455982e+01
-9.260561268089375631e+00
1.032532416147250842e+01
-1.974122491423371173e+01
-2.546981651822986237e+01
5.264021385000249609e+01
-1.351899830741257347e+01
-2.246007158631766742e+01
1.525658906540875392e+01
-9.875857227338187272e+00
3.053716086126892648e+01
-2.558253878039977280e+00
3.870798287806593407e+00
6.034710032395042845e+01
-6.943457630575778694e+00
-2.047183445248148814e+01
-2.406063521125099669e+01
-2.841333075432481792e+01
-1.910797662774041328e+01
1.515003433402256405e+01
1.516412613454667735e+01
1.245472092435488776e+01
4.105587654890643989e+01
1.848953210991567175e+00
1.168573549310235649e+01
-3.551521866564557683e+01
1.503710642824216848e+00
-1.040341023239122364e+01
-1.489766942169524100e+01
-1.952661281098926338e+00
1.884418441393373200e+01
2.135815104376246154e+01
-3.828138897211097458e-01
6.809056552192089384e+00
1.541767865561588380e+01
1.949536012401281937e+01
-1.367147495887206787e+01
-7.056665806849196088e+00
3.837333695521323307e-01
-1.291265817437755459e+01
-2.818757591915499461e+00
-2.007048303271218970e+01
4.438584981871015600e+01
3.595666954213623967e+01
-9.116880818531171826e+00
8.962732993876983301e+00
-2.593618538376428972e+00
-1.678151663560765883e+01
1.996594634830973547e+01
-5.327776972094170560e+00
2.237116379940698607e+01
-2.929494844339555826e+01
1.005025025039475395e+01
-5.551876667730027748e+00
-3.013860009827772046e+01
-1.364442206981868821e+01
1.495588989427319149e+01
-5.112101330083775963e+01
2.407832719366933816e+01
2.610810225786508454e+01
-5.584645467911109051e+00
-3.351357309840011567e+00
-1.772789998297582770e+00
1.399484276340700717e+01
-1.829337325410364201e+01
2.021221276906929631e+01
1.708166555438975820e+01
-5.505264677838670195e+01
-1.983177368670101259e+01
1.330512335804523616e+01
-4.769832451673607920e+00
2.432480258345351842e+01
-3.570322982810029089e+01
-2.997524847582269558e+00
-2.344604234875866666e+01
-7.204984620725714706e+01
4.307346092507270896e+01
-3.270607122861298421e+01
-3.427871645194881012e+01
4.996381802777349890e+00
7.266006522596100581e+01
6.476687563697396399e-01
-1.575232995437974637e+01
-1.753830365870840069e+00
-3.061383538568456686e+00
-4.800143721330012170e+01
-3.431502251945873638e+01
4.590571004962485091e+01
-5.743744355165517845e+00
-2.111645682148883907e+01
2.764466455450713056e+01
-2.009138583723964544e+01
2.068370797381504644e+01
2.983137561919136971e+01
-3.199149173990892336e+01
-1.573590272507840382e+01
-1.947151209337027922e+01
-1.003801642579409759e+01
-9.873979685442876075e+00
-5.838911830609447406e+00
8.014218683788612907e+00
-1.913708655776517276e+01
1.590756778426536755e+01
3.246477002009319790e+01
-5.051866036283250594e+00
-1.141658706030835901e+01
8.168418728211520374e+00
3.137834892184849878e+01
2.923993907997032693e+01
5.480964452959568689e+00
-3.115892280903949541e+00
-4.885856917463058835e+00
-2.845558707431645473e+01
2.156167517073077988e+01
-1.251483433754685848e+01
1.116229686342325067e+01
-7.825357427004462352e+00
1.512041861856150149e+01
1.025311879856129593e+01
-4.511739223162376788e+01
-1.492203998778882124e+01
-4.403306818214747409e+01
-1.999900265179672942e+01
2.972952344853659667e+00
-9.647592256268495703e+00
1.829721491513073772e+01
-1.681095231705631932e+01
2.073329628716649609e+00
6.013406392965180203e+00
3.964398886982132808e+01
2.010054686315561412e+01
-1.693492152761345437e+01
-6.853778302773463338e-01
6.811740447466974047e+00
2.148467774885094883e+01
2.001774148419599442e-01
3.058519514319988275e+01
1.259994346968818846e+01
5.071425852668789958e+01
1.065913204019850014e+00
3.668342710891035097e+01
-1.512315516568128260e+01
-2.111371402607984749e+01
2.464983930637487219e+00
5.252645181681202757e+00
1.500722356150711789e+01
-7.953023849558746861e+00
-7.656114402604771385e+00
1.452223095132676889e+01
-2.714757013781277806e+01
-3.087812905928902296e+01
4.436598854226667754e+01
-3.330070448988124099e+00
-2.188686036981058436e+01
-2.252350132124242066e+00
-7.530833905746021628e+00
2.381046477300603215e+01
1.852943352718949654e+01
-1.129922367640301673e+01
4.786857510508895075e-01
-1.480906937025677905e+01
-1.975607978512073259e+01
-1.497428753819588110e+01
-5.411430180672063273e+01
5.760695524527648104e-02
-3.604198280534620835e+01
-3.117715162437644949e+01
-2.084932405265169564e+01
1.072890443527666093e+01
-2.041472424274638797e+01
1.294768964130977906e+01
-3.428444311827971092e+01
5.930255114441820297e-01
-2.318674176352667970e+01
4.798651959475563444e+00
6.296615666474330908e+00
1.869460469443686179e+01
-1.175204879296649096e+01
-8.938885154371803310e+00
1.654139773262590296e+01
3.317813584045194375e+01
1.839091801416421390e+01
4.641256694593266729e+00
-4.016037302479097804e+01
-9.519611113503970046e+00
-1.767251260362712628e+01
-3.382620185553281544e+01
2.262494508190678744e+01
-2.031204495008796584e+01
-1.851515679828764860e+00
-1.570243052046906485e+01
-5.582924929246692614e+01
2.895893467995824722e+01
-9.851899097521709336e+00
2.267852527029344856e+01
-3.996791153804434771e+01
3.773233790653003439e+01
2.067289109079666787e+00
-1.611157819823671389e+01
4.818111619752187380e+00
-1.164400901379167408e+01
-3.667940299138589921e+01
8.102039775504124464e+00
1.995947607448574956e+01
9.744510701953572607e-01
-2.029360700345768009e+01
-9.166695445579819079e+00
9.834673902653236155e+00
1.787988528305172053e+01
3.528228493333092786e+01
1.324430992230992388e+01
-1.300958214168042559e+01
5.343950153752658139e+01
1.341952874732677969e+01
2.377668531744623692e+01
-1.021840537453221032e+01
1.566562948670069488e+01
1.098230743810032095e+01
-3.470912948800270215e+01
-1.154133028034439690e+01
-2.289700784179708037e+01
-2.066466168754013211e+01
-6.771842975129231945e+00
-7.746824588223489627e+00
-2.362854848921895723e+01
-6.203964957554532589e+01
-1.617506701631228694e+01
6.985622329759848981e+00
5.105875554713634301e+00
7.788027465376785585e+00
2.595461073633225624e+01
7.850381271942580952e+00
1.818809851209306316e+01
-2.331664147387203911e+01
2.558222199175202149e+01
-2.545136147019138662e+01
-4.025170338528249658e+01
1.229271980069438541e+01
-2.417099504932335208e+01
-2.197785748055541433e+01
-8.875262499985623776e+01
-6.478422091812475969e+00
4.565988402823751358e+01
2.373459297946944702e+01
-5.729967940480491961e+00
-7.720305019772411015e+00
2.114559914885251146e+01
3.723693160880506525e+01
-2.329898065039628818e+01
-6.032341637856575289e+00
-1.905225115927137836e+01
-1.964376667201418059e+01
-1.721830487721148017e+01
7.082726564360996235e+00
3.959171733797060710e+01
-3.650694169496790664e+01
-3.140865622267313029e+01
1.847186653869499651e+00
-5.962995277505626746e+00
-7.476017139487694863e+00
-5.048744166890764973e+01
3.521038833831643444e+01
1.341001912452122724e+01
5.259129955536270273e+00
2.711035599276706876e+01
-1.836482208788557813e+01
1.732922648969024593e+01
1.557281849002660579e+01
2.036947005871525107e+00
-3.405359852000795939e+00
4.946483503273951143e+00
-8.852346285368525969e+00
2.839745446114000060e+01
-2.242663472591345908e+01
2.412836239635095126e+01
5.402409140476549965e+00
8.085317053792266506e+00
1.271900274348314497e+01
-4.869180606176709603e+01
4.715261314063724285e+00
-3.751423408636190970e+01
-2.742951664115548738e+01
-2.742263484435238752e+01
-2.794954118340248783e+01
2.891839694872260225e-01
9.385198526518593098e+00
2.788504488782858459e+01
4.840834230790633796e+00
8.051361066341062411e+00
-3.930170264279456660e+01
-1.428036905954367342e+01
1.906101334512239021e+01
-1.131908994287591952e+00
-3.630677617007904701e-02
-4.981280125964531180e+00
1.960792527191820511e+01
-5.110174996345844534e+01
6.306062800006852598e+00
1.134901663087131851e+01
2.420930500492616488e+01
2.070913727841487173e+01
-3.167808518462864242e+01
6.316796767713640293e+00
3.271880768801906925e+00
2.657758144170855985e+00
3.330210285667646986e+00
-1.055331167332599307e+01
-1.976657828472248468e+01
1.058978283049989955e+01
3.365991417490664617e+01
-2.778579946705917791e+00
6.485383993842702921e+00
9.513477800286267438e+00
-1.438177068694358240e+01
-1.522213686179208025e+01
-6.681737462085260404e+01
-2.066757389668218536e+01
-3.057728803798242723e+01
-3.742713360140527357e+00
-3.778524729087564538e+01
4.201708721621713494e+01
-1.752294436729636118e+01
-3.000693620275978901e+01
-8.657482736506904075e+01
3.719590595615187567e+01
7.472381870979717178e+00
3.415950826961179132e+00
-3.506970365636161091e+01
4.947763325575806448e+00
-1.114098586239630606e+01
-1.833189427850036779e+01
6.536050983377707624e+00
1.888581458186550321e+01
4.094144157416081953e+00
-1.190122714550278715e+01
-1.184525904922111295e-01
1.554523957748898511e+00
8.775831426924980860e+00
-3.556287507555411054e+01
4.037843497509116730e+01
-2.398211782927322133e+01
-1.674311567920336330e+01
-2.740392645194322085e+01
-5.820530209727405691e+01
5.030215823901080796e+00
-2.930787533764012665e+01
-1.065275933637577310e+01
1.824731615767183257e+01
-1.448061158699854900e+01
-1.959451944140653268e+00
-6.582681314599284406e+00
-1.123543962778450123e+01
1.778159612670780376e+00
3.035385401987339549e+01
-2.813241171111448580e+01
5.567372165374916904e+01
-1.266717274886008227e+01
1.869513124788616665e+01
-7.699929836881480583e+00
6.371355184507663694e+00
-6.078522211040251477e+00
2.453887422860009337e+01
3.428658210236200432e+01
1.071833747267817927e+01
2.576597376286511576e+01
-1.989811880526414711e+01
-3.696129562891513842e+00
-1.247226518683385166e+01
3.836974646657830590e+01
3.221185494659903270e+01
2.433444916173596084e+01
-8.605848721844665761e+00
-1.556472904250702527e+01
1.391785654444845477e+01
-1.570974791266473858e+01
-6.951072537936624940e+00
-3.227892815347502165e+00
-1.651560079229354017e+01
2.777889449576916547e+01
-4.615688853731150232e+00
2.121610175485540850e+01
1.093239235836290923e+01
9.648366965770463821e+00
-1.848963244555619667e+01
1.480591286132801088e+01
-1.021397430643094140e+01
-6.578524385240285710e+00
-1.745742547518148058e+00
-2.689224340021399939e+01
4.167957997393710912e+01
-1.488563182263622231e+01
-1.782295500407656164e+00
1.244554991135550637e+01
1.074298518964778282e+01
4.144041901171679854e+01
-9.638008846357138282e+00
4.211774114990659257e+01
3.780051557102562754e+01
-5.237148971140084086e+01
2.838134494010773778e+00
-1.036813924416858868e+01
8.757761137100061433e+00
3.317082258873398359e+00
1.112018569807929680e+01
3.483270772607911425e+01
5.458919249170028110e+01
-4.198715355211848532e+01
4.226911762888914836e+01
-5.472466712481143247e+01
-4.541348543844383556e+01
-8.079402971787828847e+00
4.628122162529280104e-02
4.073405747105316266e+01
1.998410521846977872e+01
-6.730222749139841198e+00
-4.985093012478694163e+01
3.945274932651996380e+01
-2.334912348872228449e+01
1.015140481050423205e+00
-3.978861806671702084e+00
7.039196278112822824e+01
-1.415962555637935338e+01
-5.966254179859703299e+01
1.751185918025174715e+01
-9.093466803819512734e+01
6.438423508872531897e+00
-2.039761360025363501e+01
-1.029078493338795397e+01
-1.516150458967773318e+01
-3.267804171019673731e+01
2.138056637352401879e+01
-2.124236888282017333e+01
-6.563242124865723781e+00
-4.408490215195092787e+01
-2.444838426477900839e+00
-2.922374088719394081e+01
-4.169302578516442281e+01
-6.348969637641954478e+01
5.125120527885371757e+00
-1.989969246312627149e+01
3.502527317524140926e+00
-7.881989296389690480e+00
-4.541538462673463528e+01
-3.632674362434434556e+01
-3.048222039538023864e+01
-3.168501235266322169e+01
2.978815786713281710e+01
2.860008969900505349e+00
-2.784802915273911594e+01
-1.212603713409481543e+01
-1.373003923452128561e+01
2.249244190187325643e+01
-1.736860068570841520e+01
-4.275445847379732101e+00
-1.568747594072954143e+01
-1.998208781895816344e+01
-2.261538770063789627e+01
2.065263840066356238e+01
-8.676017542279879535e+00
-5.174757119055385601e+01
4.308232871957537213e+01
2.461016136330270498e+01
1.467854372578415223e+00
-4.364972751193351996e+01
-4.186202117258773114e+01
3.860289753120639489e+00
3.980589720505918194e-01
-1.771233376076179411e+01
-2.559789250609904343e+01
1.755009508751447811e+01
-3.096688617035511015e+00
1.473276322384180048e+01
2.739180455048085605e+01
1.776110034161841611e+01
1.785544989875010913e+01
1.336418138709027481e+01
-1.168424730722435356e+01
-8.337056493745549801e+00
-1.214471095036729409e+01
-2.053849333645962361e+01
-2.391760601541506048e+01
-3.562322649347969161e+01
-2.082554595796737118e+01
-5.701471958481249658e+00
-4.297273616452355327e+01
-7.999052369636899584e+00
2.042240238528438212e+01
-4.418523623345652140e+01
1.666846739810702616e+01
1.503683457052147787e+01
-4.022928129083646809e+01
-3.173312101533059604e+01
-9.612748995101412675e+00
9.822585343803126534e+00
-2.203461502226468838e+01
4.048764255728535488e+01
3.593926778593791482e+01
-4.325650685902337500e+01
2.501626055426163475e+01
1.946128074260573726e+01
4.904529111027727595e+00
1.212526326325243531e+01
-2.397209271896031169e+01
-7.324183475884169070e+00
4.659366066563222830e+00
1.077492208775746008e+01
2.369072271237761385e+01
-2.871821797501133489e+01
-3.379653734889870975e+00
8.383613065386853691e+00
3.016847641363710864e+00
-1.669475657280960945e+01
1.223296266758397621e+01
-1.430808873271750770e+01
-1.150185507389983286e+01
6.384513374233904415e-01
-3.410236026426966305e+01
1.653532129391457772e+00
-9.434243498637727043e+00
-7.763205534435769550e+00
4.735755431350696654e+00
-3.043570225070448032e+01
3.327284072654791203e+01
-1.413682322009310610e+01
-7.478542120175146124e+01
-4.786117996457957702e+01
2.075516233038385394e+01
-2.270073419460834430e+01
-1.055882569077073185e+01
-1.472083551098550913e+01
-1.029807069838886946e+01
-5.654579353090426252e+01
-3.532780833310141588e+00
-3.494708722985501481e+01
-1.934447167958688851e+01
1.190029230396967819e+01
4.414889543427599961e+01
1.585898018032811052e+00
-5.531586419850924585e-01
3.342521064474004788e+01
-3.111868719186905707e+01
1.791509511466008320e+01
4.257933240037260703e+00
-2.675283345611899222e+01
-1.431670672382745124e+01
1.250571356962223035e+01
3.631465576493724257e-01
6.826412515307126228e+00
5.787645533781883955e+00
-1.329230315766926651e+01
-1.820857037903738274e+01
-2.805482948332132764e+01
2.767991797571761481e+01
-3.621694517742076869e+01
-2.689696430271692407e+01
6.985105903406932271e+00
-4.882917237881575545e+01
1.265115924133979775e+01
3.599857278940703509e+01
-4.079081582730644584e+00
6.532124891259385890e+00
-1.617726198764540868e+01
-1.235317811604480198e+01
5.851981198079215574e+00
2.135394493560850648e+01
-2.179781629740589466e+01
1.516420707279975488e+01
-5.950602387747636612e+00
1.752962108636779703e+00
1.301254398731734341e+01
8.364507734635822089e+00
-7.232221380008979850e+00
1.403608643508391651e-01
1.076774864956729516e+01
1.605528805219546484e+01
-4.031744743015046595e+01
1.812634934437369338e+00
2.892540939999138772e+01
-5.184298384760410272e+01
1.706406264519824845e+01
-6.549255143512554866e+01
-6.052701612243479801e+00
-8.321037116639871556e+00
-2.909610905342105980e+00
-6.832747101697862036e+00
-1.412417752341346500e+01
-5.354106428732507084e+00
6.712521093635160696e+00
-1.497902287288252055e+01
6.776576818401011337e+00
4.919494377284371467e+01
-3.402051551528859363e+01
-1.483321320631677054e+01
2.235235989394183775e+01
1.347243631806151143e+01
2.456028371843213165e+01
1.185231289766798213e+01
1.182967112647721564e+01
-9.022670221069091667e+00
-2.753538162759502939e+01
-2.537131253817767629e+01
-1.516614302106276568e+01
2.615883624013790154e+00
-2.368998044852060048e+01
-7.843417489820581068e+00
4.086194679007874697e+00
1.335652452073537688e+01
-5.729218888982451574e+00
3.346282094310137722e+01
-3.246855544399625160e+01
-2.189253627962500559e+00
-1.729472877912350270e+00
1.544209565510842452e+01
-2.201683809310657125e+01
-1.394089239859553686e+01
1.052597806863438201e+01
2.519235249393473453e+01
4.188561940992828880e+01
1.789672042706550315e+01
2.345376061747606400e+01
-1.565591484483405083e+01
3.529692757759062260e+01
3.703735503609274815e+01
-1.415205954118391674e+00
1.913092293621375006e+01
2.112377133147003860e+01
-1.317429335795907264e+01
4.758940166248493142e+00
3.398384304689875535e+01
-1.350870250621014179e+01
-5.110758932727890169e+00
-3.374602292690376260e+01
1.330337824385478029e+01
-7.180899109771630151e+00
1.104224901521951097e+01
3.276584107257775713e+00
-2.229186219556164517e+01
2.549937248153673863e+01
2.243927662956775748e+01
-1.504594103382366654e+01
1.067144197979592946e+01
-3.416451035649009782e+01
-2.970829859012279428e+01
1.385065288679680862e+01
-3.812276246671919466e+01
-1.719955546518635003e+01
2.892177894341784850e+00
4.624264271140817328e+01
-1.423823369538757788e+01
-6.852490712753535718e+00
-1.008060420746539876e+01
6.268968433471277990e+01
7.814388302139121834e+00
-2.409334303303154456e+01
3.961114176888116845e+01
3.506634368063279794e+01
1.756186995079414714e+01
4.200900032989682131e+01
4.804719927675414937e+01
-4.173116451213605416e+00
-1.548420681300754609e+01
-1.620362071272847970e+01
1.613740198390310354e+01
2.098223356509700466e+01
-3.841911511773091092e+00
-1.292323959312744819e+01
-3.412495801948018936e+01
-1.410787232120627266e+01
-2.523183945271284756e+01
1.683744024281190832e+01
9.547502719182887176e+00
3.562222661307146154e+01
4.164422807206392463e+00
-1.316084921960884913e+01
-4.733487937031203074e+00
2.205319069609598159e+01
6.983290914352096479e+00
3.042700277373660356e+01
3.112583233506171609e+01
-6.731888134415584091e+00
-6.026202966227813818e+00
-5.612098127446182616e+01
2.826764875137930488e+01
-6.730589506427122615e-01
3.025820567225665059e+01
-1.210226943561602297e+01
-3.485547267527319093e+01
1.177070794974320478e+01
4.067652359689159880e+01
-1.461130428559995664e+01
3.687438166055324018e+01
-4.061334290146291437e+01
-1.286039183073773984e+01
-4.535593535513783081e+01
1.062601874121153855e+01
4.499732699673728575e+00
3.025943852618524943e+00
-3.466449238366504915e+01
5.051347372067124297e+01
3.021526763789398728e+01
4.902006177126736475e+00
-2.877387556471762764e+01
1.207943193259646364e+01
-1.298254073326064884e+01
-6.909344371833981313e+00
-1.335416405211896063e+01
1.021512643539029241e+01
-8.060686552832095231e+00
-1.122901665737012422e+01
1.160462207973432669e+01
1.443347953637507430e+01
-4.772389662615023553e+01
1.105556885920231025e+01
3.758207833274677512e+01
2.237862321287317968e+01
-5.832301986827729046e+00
8.436611431281519913e-01
-1.953849773694324199e+01
3.229005807984236753e+01
8.643503174997704264e+00
-2.318277268256991874e+00
-4.146119690309888028e+00
5.945945379371548256e+01
-1.790038539457270872e+00
1.357339525074263520e+01
4.151340889332914230e+01
5.347207424467477210e+01
3.454581725474798759e+01
2.253007687433222372e+01
-3.692638819750355594e+01
-2.517399973011404768e+01
1.913552177408445232e+01
3.875425629712452746e+00
1.757281472704602265e+01
8.822576594968467134e+00
3.413939691022076772e+01
-4.298531405138876949e+01
-2.707107217621211248e+01
-6.391129506877177846e+00
-4.746369761782450070e+01
1.060537451806179376e+01
2.444159871271591555e+01
3.759973557542366507e+00
-1.230195283573215193e+01
1.286062398019916486e+01
7.659062919086773036e+01
1.711971703693444624e+01
8.743388611874934213e+00
-2.603111416955715640e+01
-3.320623976914390596e+01
-8.128162519226954430e+00
1.832467739740923207e+01
-3.308525719058081904e+00
1.317247537605216223e+01
1.934229913841500093e+01
-3.162433732391605190e+01
1.447263670528923285e+01
2.445576578242378218e+01
3.124141555078995225e+01
-3.647389994769014265e+00
2.594296470662186493e+00
-5.546663666862585274e+00
-2.675853557661372406e+01
-3.842211187484849688e+01
4.397818875596426835e+01
-4.291937499128138711e+00
-3.059583858282492486e+01
3.008378997487241691e+00
-1.433157322162126235e+01
5.022162762135670278e+01
-1.290257355586152244e+01
-1.983259102932436235e+01
1.924885636154630220e+01
-9.097532962118151545e+00
2.464177583884978162e+01
7.363597226991203115e-01
5.376018029581686619e+01
2.918298071505569879e+01
2.214266211752018876e+00
-2.059704269769503071e+01
1.520606046499437980e+01
-2.981812088776518976e+01
-4.823553491976014129e+00
3.389080535883203993e+01
-1.547182264388609951e+01
-2.481733522605321696e+01
-1.339970622979063819e+01
2.765614922854456381e+01
6.980799704488035218e+00
-4.583256966929590703e+01
1.840133110017754348e+01
5.161249046585368205e+00
5.114158039706609316e+00
-2.783225628288278131e+01
1.612366279707600825e+00
1.868160661816914114e+01
2.648615620157841022e+01
3.645312131739536454e+01
1.598488475556670174e+01
2.172993196654843473e+00
-2.990400941153643544e+01
-2.585457677091764594e+01
-3.817555225328339930e+01
-7.283955037816269851e+00
1.754758768734535579e+01
-1.369160952039699453e+00
2.837058219769579637e+01
-1.809420447894382278e+01
9.070176257058506053e+00
-9.634225795620693589e+00
-1.653609980803638990e+01
3.383673663821859634e+01
3.901208609573359354e+00
3.481480731369993009e+01
2.652752158953262551e+00
1.231882634336146332e+01
-9.915314115743598222e+00
3.360433660254660992e+01
-9.209530418036763422e+00
3.488756272737170150e-01
-4.321632193143022960e+01
-5.303421669552491835e+00
3.956008074195239033e+01
3.537595779783327998e+01
1.489650596544444738e+01
-9.177889025677032464e+00
3.075174467002966594e+00
-1.160039973372465738e+01
-7.677503934793790563e+00
5.117128654568590207e+01
2.766308932857953096e+00
-1.453378120807548157e+01
-6.000830380079756310e+01
-2.630200938559637791e+01
-2.127476603947023648e+01
-3.551853829083478331e+01
-3.218557620807126796e+01
-3.832284623770891585e+01
-2.544116689732074121e+01
-1.761276907663682323e+01
-2.738839712109931668e+01
2.599307580449944055e+01
-1.151987039271620006e+01
-4.896433125312529455e+01
2.228909773467546529e+01
-1.688980446963674353e+01
-4.500403328671298198e+01
5.384296251641012532e+01
-1.443413052085143278e+01
9.503203255313565023e+00
2.221610008112492096e+01
4.992684606123333424e+00
1.476360636473509658e+01
1.783373836949095903e+00
1.038430562322130157e-01
-8.235567836159965793e+00
-4.186282642017550870e+01
6.604607920400020760e+00
-6.915218495625634887e+01
3.938983782810106504e+01
-2.364520424055740477e+01
-9.809575210742849549e+00
-1.011154820259514509e+01
8.343876895349408684e+00
-9.483804160419836649e+00
1.499773505102783133e+01
-3.069709949130336213e+01
1.989998577798922952e+01
2.398612453794211419e+01
5.811680903535062725e+00
6.364683587492663719e+00
1.200969303363639540e+01
5.065034155287065687e+00
1.534913549387511011e+01
-4.428664225864778814e+00
-3.907965385773650269e+01
5.330213834950455976e+00
-1.381490607097535417e+01
-3.022999433720485740e+00
3.074602851388334557e+01
-4.468974308052815303e+01
8.012439063896010794e-01
1.167956248904374661e+00
5.094616148270461053e+00
1.744436896820764105e+01
-6.778760647564261888e+00
4.624103438103674080e+01
2.450313380106619832e+01
-8.549401487266329980e+00
-4.197562834817432531e+00
2.105582861412443663e+00
4.286612703351863729e+01
-2.947848674085685161e+01
-5.738580725405233807e+01
1.716564130257108900e+01
-6.824092486418663839e+00
-9.329229624424371536e+00
9.223667579375586456e+00
4.238001630853196389e+01
2.474495760543143774e+01
-8.943841220312009455e+00
-2.933734139841982369e+01
-4.764948138104976749e+00
1.576379766249447911e+01
-8.544114890288994957e+00
-4.165291392812571303e+01
-3.409771383664832456e+00
-5.328447684568108400e+01
-2.835537688047401161e+01
4.591843857288533570e+01
-2.914525971875507082e+01
-3.822748566051274111e+01
-2.884625598809845570e+01
-2.067536968879352344e+01
2.026025604696849314e+01
4.719329688127080402e+01
-3.718125981355996146e+00
1.449076151630065112e+01
-1.190413468836659661e+01
-3.896296958142677624e+01
2.634013598249417498e+01
-2.647423397424756786e+01
1.463049257360216870e+01
1.791646047258056740e+01
-5.968493088788591194e+00
2.118396902946210503e+01
2.311552181286202767e+01
6.374489852642807364e+01
-6.670902518215939381e+00
-2.908589408230615447e+01
-3.532584788032460210e+01
-9.624507371229405805e+00
-1.884816380262908808e+01
5.313068757689836730e+01
-2.466490877466529241e+01
6.477471093444176375e+00
2.737843480656124484e+00
-1.237510730380498813e+01
-4.776988886624047836e+01
-3.526931667395587056e+00
5.544706329692625957e+01
9.765053577682998309e+00
4.217128118651913837e+00
-3.251084928794554685e+01
-3.233989842841504014e+01
-7.914548009355939939e+00
2.586969497241449290e+01
-1.430749380316021302e+01
5.786022920972615680e+01
-2.726062269578525843e+01
1.057458473509561259e+01
-7.710367559388430436e+00
-3.650300051476719432e+01
2.435592938337293845e+00
-2.886743476739775360e+01
-4.158804997743345666e+01
6.251633370335696327e+00
1.068877724159051468e+00
2.942283121681172986e+01
1.330055330046777584e+01
-1.892567022139563093e+01
1.211694046674341507e+01
-4.927274398335796235e+01
-2.694095907732815931e+01
5.023495036284736415e+01
4.641869422793163835e+00
-5.955675589676843629e+00
-1.675749851562460435e+01
-2.470507770155847993e+00
-5.567974619581718798e+00
5.016244765892983537e+01
2.345476148123952953e+01
-6.646287204557097539e+00
-1.963055983796948567e+00
-2.213566235087196787e+01
-8.829496643552772639e+00
-3.545849642178242789e+01
2.782371872808371904e+01
3.934672220565843759e+00
5.799684278884342348e+00
1.009743939253708334e+01
-4.510001759414315359e+00
-1.157933217841390316e+01
3.060454647439923903e+00
-6.093803108346750719e+01
-8.740482105560033688e+00
-5.784764722893328326e+00
-4.355627300057491880e+00
2.712318387240101458e+01
3.662234769868703665e+01
9.737716591661410348e+00
-5.360384264458383541e+01
3.502498417892036287e+01
-1.205617940581680614e+01
-2.108226125927129146e+01
-4.910183188243425434e+01
-1.693876900330326407e+01
3.498874766655374913e+01
1.721063461568166986e+01
5.675240925090179189e+00
1.896826101602374592e+01
-3.285128481862312810e+01
-2.620989318080938801e+01
3.177014084740895328e+01
2.190152610610491024e+01
2.704731208975192658e+01
2.786588840808875034e+00
4.770840537619676525e+00
3.069038562100612921e+01
5.436494847078336079e+01
-1.174065275382456974e+01
2.169852632138440640e+01
-1.459366916475181597e+01
-2.468403423119393381e+01
-1.952801186734188832e+01
-1.961887349498329058e+01
-8.155359597991207465e+00
-2.677076554405920206e+01
-1.102369519235890039e+01
-7.640385945628936781e+01
1.909657054453475666e+01
1.246641351375382811e+01
-2.672739417427443698e+00
-2.186181064979950861e+01
-1.041013483791320482e+01
-3.091201115128995980e+01
5.534636995876155652e+00
4.534702827360179356e+01
-1.240788048281888223e+01
-9.507293748608745432e+00
1.181362329513717668e+01
-2.875073863127451546e+01
4.762706444813440498e+01
8.268235548342921959e+00
7.826861092396370623e+00
2.783892216690995269e+01
-1.416868060322229894e+00
3.148444605365443749e+01
1.064093912882547954e+01
-2.211666684333152944e+00
4.610378072584566667e+00
-3.585498037311822372e+00
3.722631438597926490e+01
4.842269839309977897e+00
1.022076290829417644e+01
-6.532537743641313455e+00
7.900195334992673679e+00
-5.186642838256955201e+01
-1.979334533532016849e+01
-2.741720585004628674e+01
2.665794785773067588e+01
-1.798422373531832363e+01
-3.374189141791606517e+01
3.253766134857158931e+01
-6.838764781499932610e+00
2.277204314990234479e+01
-5.062400510084313510e+01
1.043809612893926619e+01
2.913924894414719802e+00
3.447191492714011929e+00
-6.539810881731284553e+00
-4.094031625934348995e+00
2.850922141066426718e+01
1.015754449276926152e+00
-2.852230607600117196e+01
-1.052913786333660084e+01
1.236399924594901734e+01
-6.459463367637644637e+01
-4.940341893345993896e+01
7.176443164022998644e-01
7.888758029746753664e+00
-2.639103162398853897e+01
-1.076175434230464134e+00
5.901181169502228840e+01
1.570787622224702318e+01
-3.020124572419308606e+01
5.246364196563021665e+00
-5.203339238232629782e+00
7.023243225509503418e+00
-1.997865348389350970e+01
1.234858991094062475e+01
1.476308280731865352e+01
-3.882825608441891063e+00
6.256672741635408386e+01
-4.427188193042567832e+00
-1.770531596622345205e+01
1.336236933029908869e+01
2.405753868929008377e+01
-1.893084841037236288e+01
-1.022541616639180972e+00
5.485793298782455452e+01
-1.560252181358919188e+00
3.291043664784444900e+01
8.196722849227541019e+00
-3.908666915813540754e+00
-1.271000087922311650e+01
2.923638938495813022e+01
-3.130877694982342518e+01
-5.886140382574751584e-01
-1.018922813013548989e+01
-2.223657136698743386e+01
8.415171199564881022e+00
1.489158342099726262e+01
2.426920710645561030e+00
-2.332674728546635379e-01
-2.229284945254613604e+01
9.064769622934349513e+00
-1.832775395687832543e+00
-1.267593948337248833e+01
-1.128578493803531302e+01
9.237679220455618179e+00
-2.101636540037134182e+00
-2.117831648227354435e+01
-6.106095243254031857e+01
5.857417218843039564e+00
1.080071106037483730e+01
-2.715648100070066562e+01
-1.336840584105118523e+01
4.631843646580716722e+01
6.289000126691831838e+00
2.210936332349513123e+01
4.842665143770844338e+00
2.230878322194038788e+01
3.208053049890281727e+00
-2.181717923126294068e+01
-6.097497397799529040e+00
3.051913179688227729e+00
1.762847675335046915e+01
4.223316774885563518e+01
2.754781460084205946e+01
1.701353802329720111e+00
9.571458514391508743e+00
3.393067969376926385e+01
1.480329030816252356e+01
-3.882226840832208836e+01
-1.545083010123653366e+01
6.259998845272747303e+00
4.775316311875457131e+00
1.381708950536925329e+01
-2.901217154288053734e+01
3.945232759133368461e+00
2.423784199238869519e+01
2.679964221744452857e+01
-2.408307024771195870e+01
2.003414286991755944e-02
-1.260270543852868741e+00
-9.531793624865343872e+00
-1.590673706879988458e+01
-8.672115916180842987e+00
-4.933592187218160063e+00
5.670198894492500585e+00
2.370381280842823202e+01
-1.730370504349035343e+01
4.534280408396227813e+01
1.839047064617457750e+01
1.504842534261274523e+01
1.985249609653695302e+01
1.518622337690715440e+01
2.037388528070799509e+01
3.065720087996170662e+01
-2.551734404008139734e+01
3.489373740995858242e+01
-6.394558034910033939e+01
1.774021182825826060e+01
-5.991004430331099684e+01
4.675769813180966139e+01
4.225029316293860404e+01
-5.269965979414479307e+00
-2.698883873489765506e+01
-2.378612138573362245e+01
-3.083679315120039632e+01
-3.551478082664013414e+01
3.172020229545194070e+01
2.357486171072633852e+01
1.339465677148353961e+01
1.586106317479573136e+01
2.504754285789135793e+01
-2.195586716328131160e+01
-9.930995884476573110e+00
3.092188971510116602e+01
-7.327835751789677943e+00
2.992315797956898393e+01
4.175626330560207577e+01
-3.236079244832838597e+00
-4.104750703427004055e+01
2.811018794407402766e+00
-1.442288692398228989e+00
-5.717203073248413148e+00
4.642379350013925432e-02
-3.653446148167387264e+01
-7.034426189494169535e+00
4.970154723420121101e+00
7.468635633011373898e+00
2.739243738786589688e+01
-2.393427725341528856e+01
3.121899947027139888e+01
-2.236605004535276464e+01
1.439267844724219003e+01
2.263425704750749645e+01
