-3.451947447999999952e+01
-2.018009100000000000e+00
-7.105572360000000032e+00
2.395670051999999828e+01
-1.185638553000000073e+01
-9.166002649999999363e+00
-2.393020763999999900e+01
-5.006539825000000121e+01
-2.134628325999999987e+01
-2.249730363999999838e+01
-2.092685520999999937e+01
4.237549340000000164e+00
1.991673019999999905e+00
-1.065091309999999902e+00
1.713069919999999913e+00
2.639404998999999918e+01
-1.014818589000000060e+01
-7.164315099999999603e+00
1.172493258999999988e+01
-6.162994085999999783e+01
3.091251730999999836e+01
-1.327912478000000007e+01
-2.389330020000000054e+00
-5.561023239999999923e+00
-9.758443399999999768e-01
-2.103867759999999976e+00
4.778809110000000260e+01
-1.499853294999999953e+01
-3.972116070000000221e+00
-3.025512716000000069e+01
3.906832490000000035e+01
-4.306489649999999614e+00
-2.126941678000000024e+01
1.115808898000000049e+01
-2.044278929999999939e+00
1.298807249000000041e+01
-5.391809199999999525e-01
2.700770190000000071e+00
1.888543212000000082e+01
-5.437283223000000021e+01
3.030220411000000169e+01
8.094598650000000006e+00
-6.242339929999999981e+00
-1.738193860999999885e+01
6.874496859999999820e+00
-1.089684787999999926e+01
2.479498458000000127e+01
1.979764961000000056e+01
-1.275798664999999943e+01
-1.631331030999999854e+01
-1.725861296000000067e+01
-2.070319995999999918e+01
1.052691581999999926e+01
-2.694613139000000146e+01
8.252271439999999458e+00
3.444659470999999940e+01
3.973386639999999659e+01
1.849115163999999822e+01
8.237453269999999605e+00
1.726539318000000023e+01
5.067928020000000089e+01
8.550940309999999656e+00
-2.970291832999999926e+01
-5.993819229999999720e+00
-1.401683605000000021e+01
3.311533070000000123e+01
-3.917095812000000166e+01
-3.420497667000000064e+01
-1.742843655000000069e+01
-9.756332920000000186e+00
-2.228098338999999939e+01
1.563653408999999961e+01
5.181257389999999852e+00
7.794183989999999618e+00
-2.158090319000000079e+01
-1.888127831999999984e+01
-3.259468370999999820e+01
1.794804899000000020e+01
-1.869422160999999960e+01
1.688189990000000051e+01
-5.396826299999999854e+00
-1.482264546000000038e+01
-2.853389250000000033e+01
-8.495696660000000122e+00
-6.094366209999999562e+00
-6.821501070000000055e+00
2.226387838999999857e+01
4.174951482000000169e+01
-2.452429765000000117e+01
-4.275698784000000074e+01
-1.073019898000000083e+01
5.921023223000000257e+01
-3.233238336000000146e+01
1.786342883000000015e+01
-6.492043200000000347e+00
-3.321632673999999952e+01
1.371771522000000054e+01
1.945650730999999922e+01
-9.659349320000000461e+00
1.829938410999999832e+01
-1.338820759000000038e+01
-3.115506965000000150e+01
5.234120966999999780e+01
2.495731556999999867e+01
1.410069827000000053e+01
7.849438430000000189e+00
1.493131812999999930e+01
4.502106006000000349e+01
-1.468282321000000046e+01
3.337847749999999891e+00
-7.541154011000000423e+01
8.735936459999999570e+00
-3.695369045000000341e+01
7.740909789999999902e+00
1.216145676000000009e+01
-1.990783882999999932e+01
-2.823681741000000045e+01
1.227795689999999995e+00
-1.682344437000000070e+01
2.129802835999999999e+01
-2.771173337999999831e+01
-3.090647880000000125e+00
-2.006184810999999968e+01
-1.944000619999999957e+00
1.109358260000000040e+00
1.244496980999999991e+01
4.542937300000000067e-01
-2.859288369999999802e+00
3.550414634999999919e+01
5.027131203999999798e+01
2.716491380000000078e+01
3.922300432000000114e+01
-6.432098380000000226e+00
5.559604209999999824e+00
2.930794953999999919e+01
-4.996681299999999881e-01
-4.197615037999999998e+01
-2.250710527000000027e+01
-2.800074980000000124e+01
-1.529163521999999986e+01
1.584321210000000058e+01
-6.563154600000000016e+01
-9.269576839999999152e+00
2.449457832999999951e+01
-2.069473563000000027e+01
-1.726807958999999926e+01
3.296704033000000322e+01
2.458791791000000160e+01
-1.829832220999999848e+01
1.539346469000000006e+01
-1.403766560999999946e+01
1.886388344999999944e+01
1.826124290000000094e+00
7.305600499999999720e+00
-4.713446536000000009e+01
-2.613651712000000060e+01
-4.762729079999999726e+00
-9.104687099999999589e-01
-2.255277157000000088e+01
6.014087099999999708e+01
-9.642098419999999948e+00
-1.784724518999999887e+01
1.965790880999999857e+01
-2.538940679999999972e+01
-2.025154141000000152e+01
1.808752840000000006e+01
7.096377419999999603e+00
8.481460659999999763e+00
8.717500290000000263e+00
-6.120248420000000245e+00
8.815312949999999148e+00
3.221747220999999683e+01
-1.462000330000000048e+01
1.061837681000000089e+01
5.029880844000000195e+01
1.810054618999999931e+01
-4.167003760000000057e+00
-1.134449054000000068e+01
8.608157269999999528e+01
-1.181726762000000086e+01
2.074187431000000004e+01
1.431643981999999937e+01
1.627194772000000000e+01
4.888208030999999920e+01
2.651423404999999889e+01
-1.481285259999999937e+00
1.341848405000000000e+01
2.717572699000000114e+01
1.989329651999999982e+01
-3.216115495999999752e+01
5.212414537000000081e+01
-4.636592817999999738e+01
-6.799326690000000006e+00
3.043937090000000012e+01
8.304450279999999296e+00
4.194393930000000381e+00
1.563676232000000077e+01
1.239724924999999978e+01
1.901617989000000009e+01
-3.460954527999999897e+01
2.213896860000000189e+00
-1.470496595999999911e+01
-3.702300269999999838e+00
-2.490673450000000066e+00
-5.950658670000000150e+00
-3.179698639999999799e+00
4.628678965999999662e+01
-4.682308769999999676e+00
-1.435335395000000069e+01
-1.417358420000000008e+00
7.198095340000000064e+00
-3.296224940999999831e+01
-2.830413493000000003e+01
-2.005297496000000024e+01
-3.419449979000000184e+01
-8.861340880000000197e+00
-2.308384945999999971e+01
1.005866460999999923e+01
7.155242899999999517e-01
-6.901696600000000181e+00
-4.557309779999999755e+00
3.171946940000000215e+00
-8.081223669999999970e+00
3.764863107000000042e+01
-4.779441240999999962e+01
-8.385703290000000365e+00
-7.456306129999999754e+00
8.799838310000000163e+00
1.249772175999999924e+01
-2.598985979000000057e+01
-8.413860489999999359e+00
2.371905398999999903e+01
-1.108945160000000030e+01
8.797699679999999134e+00
1.881047149000000118e+01
-1.632501219999999975e+00
6.157963618000000139e+01
-7.718887119999999769e+00
-1.747103202999999993e+01
1.758039630000000075e+00
-1.356813340999999973e+01
3.016223215000000124e+01
-2.339967030000000037e+01
6.723556849999999585e+00
3.130629155000000097e+01
-6.960166169999999930e+00
6.528935371999999404e+01
7.065555955000000665e+01
-3.662720119000000096e+01
3.255101104999999961e+01
1.201651477000000057e+01
-3.072652307999999977e+01
9.150882179999999977e+00
2.319462105999999935e+01
2.369773495000000096e+01
1.266964390000000051e+00
9.388144499999999226e+00
4.105256224000000032e+01
-1.296707031000000043e+01
7.883478659999999749e+00
3.956798116000000221e+01
-2.038763765999999933e+01
-1.098932877999999924e+01
3.087676234999999991e+01
1.583436752000000070e+01
4.173771597000000355e+01
1.662659252999999993e+01
5.987302340000000278e+00
1.469400036000000043e+01
2.231373587999999941e+01
-2.955824016000000043e+01
3.779337829999999787e+00
1.366255392000000057e+01
6.420442949999999982e+00
1.305379523999999947e+01
-3.374768324000000064e+01
1.764549626000000160e+01
-2.355760804999999891e+01
-1.836547069999999948e+01
1.179405082999999976e+01
-6.416470450000000270e+00
3.191952209999999823e+01
-9.190578820000000704e+00
1.658538584000000071e+01
1.787168334000000058e+01
4.282324343999999883e+01
3.004876742000000078e+01
2.685967557000000028e+01
-1.789579150000000007e+00
-4.635820869999999871e+00
-1.760004885000000030e+01
4.401761197999999808e+01
4.377381521000000220e+01
2.151812714000000071e+01
-1.385774849000000053e+01
2.742522436000000141e+01
-2.812717779999999834e+00
9.802769180000000304e+00
3.640730333999999857e+01
-6.495407300000000106e-01
-4.356910519999999565e+00
-1.110440428999999973e+01
-3.224431569000000053e+01
5.265066154000000154e+01
2.789002035000000035e+01
-3.291858518000000089e+01
-9.070437679999999503e+00
1.448809574000000033e+01
-5.468910750000000043e+00
3.496714526000000234e+01
6.918715360000000203e+00
4.407281232999999787e+01
1.914472063999999918e+01
-1.252056392000000073e+01
1.104424045000000021e+01
-3.447478189999999998e+00
-1.513618465999999962e+01
8.668515460000000061e+00
8.271273430000000815e+00
5.178850606000000312e+01
4.350009055000000302e+01
3.059603092000000046e+01
3.679014653000000123e+01
4.789586120000000058e+00
-1.431192120999999950e+01
7.913174739999999652e+00
-1.841401717999999832e+01
-2.960900416999999862e+01
-3.068687248999999895e+01
-1.721502926999999872e+01
-6.002878418000000238e+01
-1.927670007000000041e+01
-4.782604764999999958e+01
1.297551681999999929e+01
-2.555741045999999983e+01
2.571130946999999978e+01
-5.466166273000000331e+01
-1.647460670999999977e+01
2.363892810000000111e+01
1.157417408000000059e+01
-4.905663047000000176e+01
3.125565332000000041e+01
-1.427293936000000052e+01
2.970565938000000017e+01
-1.276676022999999915e+01
-4.327559758000000301e+01
7.895689820000000303e+00
-3.593489823000000172e+01
-4.096557490000000357e+00
-1.666453790000000046e+00
2.254582286999999852e+01
6.962873951999999633e+01
-2.382725750999999903e+01
-1.930616605999999891e+01
-2.322245790000000198e+00
-6.274521449999999945e+00
-4.461216515000000271e+01
-3.075832541999999847e+01
2.641138562000000078e+01
-1.172074268999999980e+01
1.121771752999999983e+01
-2.711478499000000042e+01
-9.081446010000000513e+00
-2.290589182000000079e+01
2.850649411999999927e+01
5.241205120000000051e+00
-1.233298298000000059e+01
-9.405733409999999850e+00
6.565860329999999578e+00
-4.485918629999999574e+00
2.378492015000000137e+01
-1.422684862000000017e+01
5.518028629999999879e+00
1.961093543999999866e+01
7.569000449999999880e+00
-1.174958439999999982e+01
8.496268829000000267e+01
3.249469629000000026e+01
2.350841969999999836e+00
5.665862749999999615e+00
-3.458952069000000051e+01
1.859086192999999909e+01
-4.224328771999999788e+01
-1.607250708999999844e+01
-3.041134557999999899e+01
-1.095442961000000004e+01
3.140549302000000154e+01
-3.131819529999999929e+01
1.323800491999999984e+01
-2.133901149999999802e+00
1.149541680000000010e+00
-1.981028352999999953e+01
-2.452640564000000012e+01
-3.132521609999999956e+00
-1.972238791999999918e+01
-1.091321731000000028e+01
-2.284145499999999984e+01
-5.124952279999999583e+00
-1.918814451000000076e+01
-2.772979306999999949e+01
1.150107243999999973e+01
-7.911598879999999667e+00
1.354975167999999996e+01
4.679504360000000140e+00
-4.209001726000000332e+01
-2.899493866999999980e+01
-2.524904654999999920e+01
1.786782795999999962e+01
-1.367054100000000050e+00
-3.423245778999999800e+01
3.257517886000000118e+01
-2.162723742000000016e+01
3.160280703000000102e+01
-1.748911014000000108e+01
-2.668677106000000165e+01
1.308180772999999952e+01
-3.754475133999999770e+01
-1.901218187999999998e+01
3.423301119999999997e+01
1.043148949999999964e+01
-2.429656926999999911e+01
2.998722264999999965e+01
-1.001806546000000075e+01
-2.101146109999999823e+01
-1.679188261999999909e+01
-2.769957626000000062e+01
1.534017655999999974e+01
-4.972222613000000280e+01
-4.377443330999999915e+01
-5.624510909999999697e+00
-1.666269829000000158e+01
-3.268166594000000202e+01
4.064526544000000285e+01
7.420188629000000446e+01
-1.518595112999999941e+01
-2.018318620000000063e+00
-3.347982351999999651e+01
3.628296617000000168e+01
1.125673719999999989e+01
-1.323776304000000081e+01
-2.015171179000000024e+01
8.155701660000000075e+00
-3.207874395999999706e+01
-9.775341329999999829e+00
-4.805643580000000270e+01
2.014601432999999986e+01
6.082017630000000175e+00
-9.624369299999999683e-01
-5.762519120000000328e+00
-2.213334727000000157e+01
-6.085647709999999933e+00
7.255998015000000123e+01
-1.016848479999999988e+01
-2.658737495999999823e+01
-3.867416836000000302e+01
7.715708109999999564e+00
-2.076570660999999873e+01
6.024758939999999896e+00
1.676898472999999967e+01
4.247347259999999736e+00
1.730241046000000082e+01
8.359335870000000668e+00
3.242151582000000332e+01
1.456222896999999961e+01
-1.937930554000000072e+01
2.656576039999999850e+01
1.931522821000000079e+01
6.838167610000000174e+00
2.345487630999999951e+01
-1.573663821999999968e+01
4.082527902999999725e+01
1.305466844000000037e+01
-1.754865825999999984e+01
-3.238526129999999892e+00
-9.996702629999999701e+00
1.132496242999999936e+01
-1.287946514999999970e+01
-4.385691040000000207e+00
-7.068138549999999576e+00
4.483530798999999689e+01
3.056342641999999898e+01
-3.589726938999999817e+01
-4.498256340000000186e+00
-2.920537536000000145e+01
-8.041526729999999290e+00
-1.305403175000000005e+01
4.741109759999999618e+00
-5.470219499999999790e-01
-1.590662773000000030e+01
9.420223919999999751e+00
-4.560875379999999701e+00
-5.164155690000000298e+00
4.771076324999999940e+01
7.978412399999999849e+00
-4.571766749999999746e+01
-2.197178472999999954e+01
5.306179622999999879e+01
1.508677602000000029e+01
-5.278231120000000054e+00
5.910487218000000098e+01
-8.907299300000000031e+00
-5.069072260000000441e+00
-4.481853179999999881e+00
8.547542979999999346e+00
1.727464975999999908e+01
2.429391859999999959e+00
1.603620494999999835e+01
-7.086221580000000131e+00
-1.947808807999999914e+01
-2.307227789999999956e+01
-2.651153249000000045e+01
2.280282876000000059e+01
7.164011399999999696e+00
2.109700003000000024e+01
7.702172690000000266e+00
4.940370321999999703e+01
1.034097799999999978e+01
-4.465981625999999949e+01
-1.897596154000000013e+01
3.375077479999999852e+00
-1.611511126999999988e+01
3.496267150999999984e+01
-7.656517069999999592e+00
9.297636309999999682e+00
2.917893802000000036e+01
-4.131120053000000070e+01
8.276381730999999320e+01
1.147953833999999951e+01
1.321477297000000029e+01
2.000871640000000085e+01
4.093046010000000123e+00
-2.382901400000000114e-01
1.938850920999999872e+01
-2.049300122000000002e+01
4.593245016000000192e+01
4.061258461999999980e+01
-2.305861823000000044e+01
8.850886409999999316e+00
3.869877125000000007e+01
-1.137675823999999913e+01
9.687533650000000662e+00
2.084480076999999909e+01
2.242215039999999959e+01
-4.222785561999999970e+01
-5.682802170000000430e+00
-1.693247286000000074e+01
-1.670187160000000004e+00
-4.384811469999999822e+00
9.642551099999999709e-01
-6.889551690000000228e+00
-1.756663521999999844e+01
7.304207769999999655e+00
3.796503829999999802e+00
2.933635633000000098e+01
-2.422503374000000065e+01
2.414138227000000114e+01
2.612779757999999930e+01
-6.872529990000000311e+00
4.505085168000000095e+01
-3.766680757999999685e+01
-5.703656080999999745e+01
-4.807979070000000021e+00
-4.385159950000000251e+00
-6.806050200000000050e-01
4.424461775999999702e+01
-2.689405629999999991e+00
2.369124294999999947e+01
2.970780322999999967e+01
2.068067346999999856e+01
-6.403988540000000285e+00
3.296063013999999924e+01
-8.796295139999999790e+00
-1.958995692999999960e+01
-2.260095456000000169e+01
5.990327119999999894e+00
1.951027573000000004e+01
-7.381431499999999701e-01
1.924462283000000085e+01
2.815475000000000061e-01
3.351359666999999831e+01
9.551942179999999283e+00
5.007342369999999931e+00
-2.089135300000000139e+00
1.779878401999999937e+01
2.076298069999999996e+01
9.506534139999999411e+00
-9.860944200000000270e-01
-3.040943675999999840e+01
1.609506428999999983e+01
1.051344143999999936e+01
1.961238438999999900e+01
1.554702804999999977e+01
1.999635291999999964e+01
-4.798943770000000164e+00
1.721938511999999832e+01
-1.486322166999999972e+01
-3.662821800000000128e-01
-2.994524921000000006e+01
-1.698455500000000029e+01
2.221352548000000127e+01
-4.977650153999999816e+01
1.464470636999999975e+01
8.764815399999999812e+00
4.588362243000000262e+01
-1.043783490999999941e+01
1.841920756000000026e+01
-5.517019359999999928e+00
-2.676835558999999876e+01
-3.753886997000000036e+01
-6.475187189999999759e+00
-4.882406273000000141e+01
6.489606789999999847e+00
-1.095811899999999994e+01
1.704806144000000145e+01
1.304932668000000007e+01
-1.577068882000000016e+01
-1.613896082000000121e+01
2.261231512000000166e+01
-3.399668547000000274e+01
-6.743954350000000098e+00
-1.045016908000000022e+01
1.511362897000000061e+01
5.289427399999999668e-01
1.497312580000000004e+00
-1.041823362999999958e+01
3.027407073999999909e+01
-3.064699551000000000e+01
3.724431630000000215e+00
3.324758332999999766e+01
-2.031553922999999884e+01
1.711450399999999927e+00
-1.468433600000000061e-01
-3.591786068999999770e+01
-2.207426574999999858e+01
-2.737849479999999947e+00
1.560281847000000077e+01
1.825517208000000124e+01
3.370821569999999934e+00
-5.349467330000000409e+00
9.819867119999999616e+00
-2.347879009000000039e+01
-1.085804210000000047e+00
-2.864183790999999957e+01
-1.543812347999999979e+01
2.683330491999999978e+01
-1.575875901000000034e+01
3.746830672000000106e+01
-1.327846781000000043e+01
1.805763243999999901e+01
1.394564221000000082e+01
-3.500754110999999824e+01
-1.384927163999999955e+01
4.857603280000000190e+00
-2.309546230000000122e+01
-2.079172237999999950e+01
-4.826849546999999774e+01
-2.982568368000000092e+01
-2.817957413999999972e+01
-2.425112152999999893e+01
4.443322299999999947e-01
1.006218248999999965e+01
3.777314609999999906e+00
1.346122225000000050e+01
-3.134327249000000037e+01
8.414849770000000007e+00
1.490713024000000075e+01
-3.717095636999999897e+01
-3.433060316000000256e+01
-2.333128453000000135e+01
-1.501045270999999914e+01
8.946837300000000326e+00
-7.273240600000000500e-01
-2.322989460000000150e+01
1.651691880999999995e+01
-1.319480289999999911e+01
2.771569466000000048e+01
-4.912473694999999907e+01
3.494263097999999701e+01
-5.008614889999999598e+00
-2.210337522000000021e+01
-1.381860763999999975e+01
1.039945710000000023e+00
2.468450973999999931e+01
-4.066879918000000060e+01
-6.527766240000000053e+00
-1.117119072000000024e+01
2.467348584000000145e+01
4.612301604000000310e+01
-5.483915729000000283e+01
5.129241547000000168e+01
2.292039162000000019e+01
-4.116630588999999674e+01
-1.760638064000000114e+01
4.370866175999999825e+01
3.279024720000000315e+01
-1.146501175999999944e+01
-3.224381859999999822e+00
7.896107200000000326e+00
4.116803657999999899e+01
-3.129696586000000025e+01
6.979779530000000065e+00
-4.614613610000000143e+00
1.503824636000000048e+01
-4.002832022999999850e+01
-1.824603889999999895e+00
-1.675499126000000061e+01
2.633803394999999981e+01
2.322111237000000017e+01
-4.816121307000000229e+01
-2.633499228999999886e+01
-1.190618437000000007e+01
-2.349388470999999967e+01
-6.417503980000000219e+00
-1.119150428000000019e+01
2.480525919999999829e+01
2.316049741999999867e+01
-1.147603130000000027e+00
-2.534148339000000050e+01
-4.692956425999999936e+01
2.624927126000000044e+01
-2.707619232000000054e+01
-2.006797926999999859e+01
3.269285009999999936e+00
-1.981461043999999916e+01
-2.155402155999999891e+01
-1.577726529000000077e+01
-2.639206781000000035e+01
-1.429337173999999955e+01
-2.863576516999999910e+01
3.082375349999999870e+01
3.382678133000000287e+01
-3.658941809999999961e+00
-1.208132817000000081e+01
-2.393687600000000137e-01
2.505456708000000177e+01
-4.736037309000000306e+01
-1.092613837000000032e+01
2.713827158999999867e+01
3.911322271000000228e+01
-9.248690129999999954e+00
5.420598759999999849e+00
3.025327559999999849e+01
9.148891539999999267e+00
-5.540095200000000331e-01
-2.453314153999999903e+01
1.112564324999999954e+01
-1.910214105000000018e+01
-5.740067459999999677e+00
-1.073411899000000069e+01
-9.067629659999999703e+00
1.253033688999999917e+01
4.360841349999999750e+01
-1.307186039999999938e+00
1.895351760000000052e+00
-5.018847235999999867e+01
-1.041115160999999922e+01
-1.982655205000000009e+01
-1.215343200000000012e-01
-2.594269313999999937e+01
4.706664961999999974e+01
4.474140371000000016e+01
7.723367060000000173e+00
-1.089397879999999930e+01
9.193434240000000202e+00
1.135145868000000036e+01
-2.632775651000000039e+01
-4.668796969999999824e+00
1.045897929000000026e+01
7.335497280000000231e+00
3.038814263000000082e+01
2.227697990000000061e+01
-1.165732084000000057e+01
1.432805622999999962e+01
-5.467641428000000303e+01
-6.459193899999999822e-01
4.811941448000000321e+01
6.574876770000000370e+00
-1.155178299999999991e+00
1.684719571000000116e+01
-1.583098524999999945e+01
4.956902778999999981e+01
-9.179539549999999437e+00
4.436995454000000194e+01
2.163134112999999914e+01
-2.233625909999999948e+01
1.786142415999999855e+01
-1.690587423999999928e+01
-3.990673795000000013e+01
-3.556044759999999805e+00
-3.072567503999999872e+01
-2.900243372999999991e+01
-2.740563470000000112e+00
1.993828700999999981e+01
-5.383009030000000195e+00
-1.727514362000000148e+01
4.954321010000000136e+00
-3.822515775000000104e+01
-3.887036129999999812e+00
-4.582098976000000334e+01
2.690900273999999825e+01
-6.415623400000000087e-01
-2.755852639000000082e+01
-9.111008249999999364e+00
1.022918194000000014e+01
-1.954197423000000100e+01
-2.520881555000000063e+01
5.210353210000000246e+01
-1.336145014000000053e+01
-2.223234593999999831e+01
1.509286462000000029e+01
-9.769360519999999326e+00
3.024046651999999824e+01
-2.528450009999999804e+00
3.872213069999999924e+00
5.976061356999999674e+01
-6.859247299999999825e+00
-2.025341943999999827e+01
-2.376067091000000175e+01
-2.811880967000000098e+01
-1.891783867999999913e+01
1.496151665000000008e+01
1.501790929999999946e+01
1.229496926000000023e+01
4.065485566000000262e+01
1.855350159999999970e+00
1.156396089999999965e+01
-3.514523983000000129e+01
1.484395810000000093e+00
-1.026199674000000073e+01
-1.475632575000000024e+01
-1.919036430000000015e+00
1.862280674999999874e+01
2.114102073999999831e+01
-3.717936900000000100e-01
6.791108750000000249e+00
1.523964282999999931e+01
1.929072383000000102e+01
-1.357434188999999947e+01
-7.015389049999999571e+00
3.774976500000000179e-01
-1.277969481000000052e+01
-2.770345149999999812e+00
-1.986663878999999966e+01
4.396104937999999862e+01
3.561831352000000095e+01
-9.045023670000000848e+00
8.866208489999999998e+00
-2.566851109999999991e+00
-1.660929318000000166e+01
1.974267011999999966e+01
-5.299920320000000018e+00
2.215904600000000002e+01
-2.900692816000000107e+01
9.968438839999999246e+00
-5.518766049999999979e+00
-2.986280745999999908e+01
-1.356127314999999989e+01
1.482878797999999954e+01
-5.056933792000000238e+01
2.383615013000000005e+01
2.582632965999999897e+01
-5.539538160000000211e+00
-3.330818069999999853e+00
-1.783514849999999985e+00
1.383487794000000015e+01
-1.813319321000000173e+01
2.001247827999999984e+01
1.688333889999999826e+01
-5.449289432999999860e+01
-1.963559979000000055e+01
1.317933915000000056e+01
-4.690328479999999800e+00
2.406334623000000050e+01
-3.532018594000000178e+01
-3.013094539999999988e+00
-2.322129788999999889e+01
-7.131019856999999718e+01
4.264481620000000106e+01
-3.232418633999999713e+01
-3.392543776000000122e+01
4.945325109999999746e+00
7.187995444999999961e+01
6.495686699999999592e-01
-1.558061295999999984e+01
-1.742747959999999985e+00
-3.040643300000000160e+00
-4.748294794000000252e+01
-3.394723469000000193e+01
4.542667652000000089e+01
-5.686582050000000166e+00
-2.090364957999999973e+01
2.735881496000000013e+01
-1.989803596999999868e+01
2.044007281000000020e+01
2.954241220000000112e+01
-3.164984077000000084e+01
-1.554233789000000066e+01
-1.926603187999999989e+01
-9.962638139999999254e+00
-9.743418820000000480e+00
-5.771701819999999650e+00
7.944482490000000396e+00
-1.893006643000000011e+01
1.572833722000000023e+01
3.210908427999999759e+01
-4.984824070000000162e+00
-1.130988383999999947e+01
8.098690350000000038e+00
3.106060748999999888e+01
2.893062649999999891e+01
5.449874839999999665e+00
-3.073523479999999974e+00
-4.829357319999999731e+00
-2.813589753999999843e+01
2.131990002999999945e+01
-1.235370954000000054e+01
1.101578356999999997e+01
-7.770525130000000225e+00
1.498212475999999960e+01
1.013685796999999944e+01
-4.462490431999999885e+01
-1.478121808000000037e+01
-4.357671583999999854e+01
-1.977191058000000012e+01
2.916595899999999908e+00
-9.539941349999999431e+00
1.812153690999999966e+01
-1.665443306999999962e+01
2.064641340000000103e+00
5.951405819999999736e+00
3.921477893000000137e+01
1.986635353000000137e+01
-1.676088306000000117e+01
-6.890850200000000481e-01
6.715529219999999633e+00
2.126378722000000110e+01
1.826959800000000078e-01
3.027395418000000049e+01
1.243117166999999945e+01
5.021767813000000302e+01
1.048465739999999924e+00
3.629314622999999784e+01
-1.499745951000000055e+01
-2.088819121999999950e+01
2.436051369999999938e+00
5.165954900000000016e+00
1.484574656999999931e+01
-7.857329619999999792e+00
-7.575193389999999916e+00
1.439141359000000087e+01
-2.684989365999999933e+01
-3.056833990999999884e+01
4.392952992000000023e+01
-3.317066140000000107e+00
-2.164214476000000076e+01
-2.233697199999999938e+00
-7.482299450000000185e+00
2.358700994999999878e+01
1.833546626000000046e+01
-1.120216150999999982e+01
4.755482899999999846e-01
-1.464087787000000063e+01
-1.955862220999999934e+01
-1.479793253999999969e+01
-5.356904435999999947e+01
4.520787999999999890e-02
-3.564833950999999956e+01
-3.086539183000000008e+01
-2.064209784999999897e+01
1.063181978000000072e+01
-2.020301557000000159e+01
1.280335333999999925e+01
-3.394467896999999823e+01
5.771287999999999974e-01
-2.294436251000000127e+01
4.774548629999999960e+00
6.232542510000000036e+00
1.848695572000000098e+01
-1.163938004999999976e+01
-8.809679309999999930e+00
1.638275245999999896e+01
3.281105551999999648e+01
1.819208632000000136e+01
4.631541829999999749e+00
-3.975527670999999685e+01
-9.446449899999999289e+00
-1.753405575000000027e+01
-3.346281797999999696e+01
2.241250199999999992e+01
-2.011986200000000125e+01
-1.815413710000000069e+00
-1.553889670999999950e+01
-5.523837754000000189e+01
2.863027393999999859e+01
-9.747416550000000512e+00
2.245835152000000079e+01
-3.954708177999999918e+01
3.735070028999999892e+01
2.033068670000000022e+00
-1.592953400000000030e+01
4.808505229999999742e+00
-1.154375205000000015e+01
-3.628728182999999774e+01
7.993344389999999855e+00
1.976424859000000112e+01
9.670550199999999874e-01
-2.006362267000000088e+01
-9.076091119999999179e+00
9.702586549999999477e+00
1.769691564000000028e+01
3.490405443000000218e+01
1.312697578000000043e+01
-1.286770862999999920e+01
5.290296996000000007e+01
1.327373182999999912e+01
2.352393396000000081e+01
-1.014415581000000088e+01
1.548278190999999993e+01
1.086681433999999946e+01
-3.434275224000000293e+01
-1.143542440999999954e+01
-2.266617374000000140e+01
-2.046551412999999897e+01
-6.699612140000000160e+00
-7.681797880000000411e+00
-2.338717455999999828e+01
-6.136617941000000087e+01
-1.599428160999999982e+01
6.904113839999999946e+00
5.039840380000000231e+00
7.707897459999999867e+00
2.570526917999999839e+01
7.748688869999999618e+00
1.800363435999999950e+01
-2.303290172999999896e+01
2.534032595000000043e+01
-2.517472903000000173e+01
-3.986475344000000121e+01
1.216531679999999938e+01
-2.393539188999999823e+01
-2.173453140999999889e+01
-8.783191340999999852e+01
-6.407322050000000324e+00
4.519695761999999917e+01
2.347513607000000135e+01
-5.688200659999999687e+00
-7.651594629999999952e+00
2.094973647999999855e+01
3.684817819999999955e+01
-2.305835758999999996e+01
-5.951004870000000224e+00
-1.886112517999999838e+01
-1.947350515999999843e+01
-1.700053078999999912e+01
6.995689900000000350e+00
3.920334043999999807e+01
-3.610166302999999743e+01
-3.106952360000000013e+01
1.822620679999999993e+00
-5.909023440000000349e+00
-7.352700360000000046e+00
-4.998141420000000323e+01
3.487223020999999790e+01
1.329555279000000034e+01
5.224150449999999779e+00
2.681780420000000120e+01
-1.818506855000000044e+01
1.713912261999999842e+01
1.539431768999999939e+01
1.982062750000000095e+00
-3.360365499999999894e+00
4.876465819999999951e+00
-8.746241420000000488e+00
2.813717811000000069e+01
-2.218772251000000040e+01
2.388174111000000011e+01
5.323382650000000105e+00
8.003496030000000871e+00
1.262889421999999939e+01
-4.820171323999999657e+01
4.695639260000000093e+00
-3.711949744000000351e+01
-2.713178600000000174e+01
-2.713833289000000093e+01
-2.768197168000000019e+01
2.903079700000000263e-01
9.296318339999999125e+00
2.761345421000000044e+01
4.788813260000000405e+00
7.966818919999999693e+00
-3.891234777999999750e+01
-1.412797542999999933e+01
1.884455188000000092e+01
-1.140332270000000037e+00
-2.674812000000000023e-02
-4.894927430000000079e+00
1.941600054999999969e+01
-5.057269680999999650e+01
6.241255619999999560e+00
1.122250894000000088e+01
2.395214696000000032e+01
2.047764116999999828e+01
-3.135753675000000129e+01
6.225732520000000214e+00
3.234341119999999847e+00
2.592890489999999826e+00
3.313543609999999973e+00
-1.041995730000000009e+01
-1.953901134999999911e+01
1.048407088000000087e+01
3.333069342999999662e+01
-2.763030360000000130e+00
6.389053559999999798e+00
9.423714650000000859e+00
-1.419900984000000044e+01
-1.506391250000000070e+01
-6.610045189000000221e+01
-2.040902344999999940e+01
-3.023713181000000105e+01
-3.694498999999999977e+00
-3.739196773999999834e+01
4.158925608999999923e+01
-1.734380561000000043e+01
-2.971646992999999881e+01
-8.568865191999999809e+01
3.677979412999999909e+01
7.386677699999999902e+00
3.413694029999999824e+00
-3.471062804000000312e+01
4.878226319999999561e+00
-1.106589536000000074e+01
-1.814825951999999987e+01
6.507050170000000300e+00
1.870202056000000113e+01
4.040092200000000133e+00
-1.176899056000000066e+01
-1.327221600000000057e-01
1.525153399999999992e+00
8.725865739999999704e+00
-3.516028075999999913e+01
3.996611415999999650e+01
-2.375253088999999918e+01
-1.658071912000000125e+01
-2.711001720000000148e+01
-5.758960333999999648e+01
4.982854419999999784e+00
-2.901080466999999885e+01
-1.053460959000000052e+01
1.806987048999999956e+01
-1.431489614999999915e+01
-1.909272330000000073e+00
-6.505084700000000275e+00
-1.109288427000000077e+01
1.773600440000000056e+00
3.003746531999999902e+01
-2.781782498999999831e+01
5.507362201000000113e+01
-1.253004901000000082e+01
1.849770887000000030e+01
-7.617726479999999967e+00
6.296547770000000099e+00
-6.040207610000000393e+00
2.426602520000000140e+01
3.391322976000000011e+01
1.059176904000000086e+01
2.543703113999999843e+01
-1.970023365999999854e+01
-3.679928489999999996e+00
-1.233144906000000063e+01
3.801431600000000088e+01
3.189609487999999970e+01
2.411171782999999991e+01
-8.464104040000000495e+00
-1.538980386000000067e+01
1.377181511999999941e+01
-1.557093547999999927e+01
-6.878537620000000352e+00
-3.184120819999999963e+00
-1.632018349999999884e+01
2.747991131999999936e+01
-4.565054090000000286e+00
2.100777238999999952e+01
1.084946384999999935e+01
9.554411560000000136e+00
-1.830265311999999867e+01
1.464598705999999950e+01
-1.014947833000000088e+01
-6.528799720000000306e+00
-1.726505390000000029e+00
-2.660713627999999886e+01
4.125746276999999651e+01
-1.471259470000000036e+01
-1.780692820000000065e+00
1.231013665000000046e+01
1.064374828000000051e+01
4.101190357000000120e+01
-9.476137950000000032e+00
4.168371505000000354e+01
3.737889806999999820e+01
-5.179506924999999740e+01
2.804056740000000048e+00
-1.028399811999999969e+01
8.691609610000000430e+00
3.297296970000000105e+00
1.099443257000000074e+01
3.447661683999999838e+01
5.402892752000000343e+01
-4.153226947999999652e+01
4.184267892999999816e+01
-5.416584218999999933e+01
-4.493626229000000194e+01
-7.987356639999999786e+00
2.053916999999999896e-02
4.026329857000000345e+01
1.979785326000000012e+01
-6.656183279999999591e+00
-4.932566233000000011e+01
3.904054227999999682e+01
-2.306644705000000073e+01
9.676195499999999949e-01
-3.961438890000000157e+00
6.960950105000000576e+01
-1.399705722000000030e+01
-5.906377330000000114e+01
1.730359242999999836e+01
-8.996878825000000290e+01
6.354202489999999592e+00
-2.017346956000000091e+01
-1.019225439999999949e+01
-1.501183353000000054e+01
-3.234466867999999806e+01
2.117535807999999875e+01
-2.103888213000000107e+01
-6.491265109999999616e+00
-4.362917868000000254e+01
-2.409783140000000046e+00
-2.891693171000000007e+01
-4.129247291000000075e+01
-6.281490142999999904e+01
5.070071409999999723e+00
-1.970464411000000027e+01
3.481492659999999795e+00
-7.818087249999999599e+00
-4.494957047999999844e+01
-3.595551016999999661e+01
-3.016604892999999876e+01
-3.137765325999999888e+01
2.947102873000000045e+01
2.796475259999999796e+00
-2.757680188999999871e+01
-1.202953463999999961e+01
-1.359306826999999984e+01
2.227507355999999916e+01
-1.717180992000000117e+01
-4.228107409999999788e+00
-1.554481771999999928e+01
-1.975520003999999830e+01
-2.239482135000000085e+01
2.042079874999999944e+01
-8.624121790000000232e+00
-5.124787208000000049e+01
4.264214905000000044e+01
2.434994155000000049e+01
1.465648339999999994e+00
-4.322970159999999851e+01
-4.141606426999999968e+01
3.771121840000000169e+00
3.869949999999999779e-01
-1.746824524999999895e+01
-2.531035376000000170e+01
1.734648988000000003e+01
-3.046733489999999822e+00
1.454959095999999974e+01
2.714751934999999960e+01
1.755983043999999893e+01
1.767599114000000071e+01
1.322399595000000083e+01
-1.154857696999999916e+01
-8.253450600000000748e+00
-1.204169607000000042e+01
-2.033024916000000104e+01
-2.365047702000000029e+01
-3.524784427000000164e+01
-2.061605971999999909e+01
-5.669247979999999743e+00
-4.255532155000000216e+01
-7.910074970000000150e+00
2.023124119999999948e+01
-4.370770141999999936e+01
1.649764595999999983e+01
1.488985337999999992e+01
-3.986074377999999996e+01
-3.140851027000000073e+01
-9.513317029999999619e+00
9.730572249999999812e+00
-2.183077911999999898e+01
4.005730868999999927e+01
3.555056701000000174e+01
-4.283102113000000344e+01
2.476612619000000137e+01
1.928396826999999902e+01
4.853197770000000411e+00
1.202963985999999963e+01
-2.372623573999999991e+01
-7.218564439999999749e+00
4.599513899999999822e+00
1.066949321999999967e+01
2.344157869000000005e+01
-2.839853928999999866e+01
-3.311644110000000030e+00
8.296887999999999153e+00
3.026793740000000010e+00
-1.649683685000000111e+01
1.211513524999999980e+01
-1.416835934000000030e+01
-1.139157450999999988e+01
6.477261600000000508e-01
-3.375705245999999704e+01
1.656193730000000031e+00
-9.354413790000000617e+00
-7.671968679999999985e+00
4.668692130000000162e+00
-3.013196499000000017e+01
3.293436054000000013e+01
-1.399064478000000022e+01
-7.398768855000000144e+01
-4.735968462999999673e+01
2.053615751999999972e+01
-2.248032504000000031e+01
-1.042385376000000008e+01
-1.454617600000000088e+01
-1.019505625000000038e+01
-5.592184930999999892e+01
-3.516325970000000023e+00
-3.459964770999999928e+01
-1.915027673000000163e+01
1.177776919000000078e+01
4.371122307000000262e+01
1.579914049999999959e+00
-5.722153500000000115e-01
3.307180318999999713e+01
-3.079679644999999866e+01
1.774166363999999874e+01
4.232011769999999728e+00
-2.649580060999999986e+01
-1.416952000999999939e+01
1.235495792000000037e+01
3.626820000000000044e-01
6.752004999999999590e+00
5.732636920000000025e+00
-1.313679796000000088e+01
-1.808456179999999947e+01
-2.780541675999999995e+01
2.735982471999999888e+01
-3.583273652999999825e+01
-2.661383264999999909e+01
6.907554949999999749e+00
-4.829973557000000284e+01
1.252756675000000008e+01
3.565356065000000285e+01
-4.011164599999999858e+00
6.472243520000000139e+00
-1.603071521000000033e+01
-1.224152662999999919e+01
5.769452140000000284e+00
2.111796761000000089e+01
-2.157870674000000122e+01
1.503027978999999981e+01
-5.896575020000000222e+00
1.727709869999999981e+00
1.286467765000000085e+01
8.268402410000000202e+00
-7.172444849999999761e+00
1.214162300000000000e-01
1.063733215999999970e+01
1.590707117000000004e+01
-3.992592514999999764e+01
1.854210099999999972e+00
2.861027203000000085e+01
-5.131663772000000279e+01
1.687422349999999938e+01
-6.481738314000000400e+01
-5.983872719999999923e+00
-8.235070070000000797e+00
-2.914876270000000158e+00
-6.775305249999999724e+00
-1.395882905000000029e+01
-5.303828069999999784e+00
6.623893299999999762e+00
-1.483123866000000035e+01
6.687853399999999837e+00
4.869015438999999645e+01
-3.366964758000000302e+01
-1.466729461999999984e+01
2.215614473000000118e+01
1.337684196999999919e+01
2.430978145999999995e+01
1.174315494000000015e+01
1.169377721999999942e+01
-8.941379500000000036e+00
-2.724367953999999870e+01
-2.512586715000000126e+01
-1.500571728999999976e+01
2.572227119999999978e+00
-2.348369436999999849e+01
-7.774892079999999872e+00
4.045575559999999626e+00
1.320675020999999916e+01
-5.677829619999999800e+00
3.312397804999999806e+01
-3.211890147999999812e+01
-2.179182459999999821e+00
-1.690178280000000033e+00
1.526335214000000029e+01
-2.176990886000000103e+01
-1.379311612999999959e+01
1.039965553999999948e+01
2.492184224000000015e+01
4.145444121999999965e+01
1.770409014999999897e+01
2.320193778999999878e+01
-1.548581974000000017e+01
3.496643367000000069e+01
3.662564579000000009e+01
-1.416067039999999944e+00
1.894522936999999985e+01
2.089479641000000143e+01
-1.305031662000000026e+01
4.728660950000000085e+00
3.364240534999999710e+01
-1.337298732000000001e+01
-5.069691330000000384e+00
-3.336653376000000293e+01
1.317450949999999921e+01
-7.136706310000000109e+00
1.090155874000000047e+01
3.236527730000000158e+00
-2.203752314000000112e+01
2.522631604000000038e+01
2.221745057000000045e+01
-1.491441529999999993e+01
1.058042400999999977e+01
-3.384635319000000209e+01
-2.940186429999999973e+01
1.368842234999999974e+01
-3.770631569999999755e+01
-1.703192611000000056e+01
2.845057569999999814e+00
4.574920396000000267e+01
-1.410884339999999959e+01
-6.792903039999999670e+00
-9.967171979999999820e+00
6.202865244000000189e+01
7.693070399999999864e+00
-2.384982703000000015e+01
3.920528508999999673e+01
3.470512706000000236e+01
1.736052284000000157e+01
4.156857610000000136e+01
4.756398372999999680e+01
-4.125283510000000042e+00
-1.531853845999999919e+01
-1.603117986000000172e+01
1.598877032999999948e+01
2.079404840999999848e+01
-3.805186809999999920e+00
-1.278526643999999912e+01
-3.378021310999999827e+01
-1.394746647000000017e+01
-2.498659491000000088e+01
1.667137418000000082e+01
9.470709169999999233e+00
3.525237168999999682e+01
4.116270919999999833e+00
-1.302603666000000082e+01
-4.684949020000000353e+00
2.180474047999999954e+01
6.920354539999999943e+00
3.010552583999999854e+01
3.080906999999999840e+01
-6.668847500000000039e+00
-5.982836390000000115e+00
-5.552261064000000346e+01
2.797533762000000124e+01
-6.654086000000000167e-01
2.995641072000000094e+01
-1.196411802999999985e+01
-3.447387640000000175e+01
1.167002731000000004e+01
4.025111306000000155e+01
-1.445124758000000043e+01
3.649981332000000123e+01
-4.020445755000000077e+01
-1.272085459999999912e+01
-4.490320221999999717e+01
1.050816926999999978e+01
4.440916770000000291e+00
2.985599960000000053e+00
-3.433402980999999698e+01
5.003863052999999894e+01
2.991446494999999928e+01
4.883671569999999740e+00
-2.849274429999999825e+01
1.196202919999999992e+01
-1.284859222000000045e+01
-6.853762380000000043e+00
-1.324019542999999999e+01
1.010121003999999978e+01
-8.003422649999999194e+00
-1.111581280000000049e+01
1.148401933999999969e+01
1.427359739999999988e+01
-4.719071721000000252e+01
1.097039043000000014e+01
3.720363952999999668e+01
2.214692129999999892e+01
-5.746744689999999878e+00
8.270716700000000365e-01
-1.931920974000000157e+01
3.192512666000000010e+01
8.560602239999999696e+00
-2.303791040000000123e+00
-4.139039239999999786e+00
5.882113764999999717e+01
-1.756046390000000068e+00
1.338087623999999920e+01
4.109318674000000016e+01
5.288288167000000328e+01
3.420420348999999760e+01
2.229366206999999989e+01
-3.656807443999999663e+01
-2.491930469000000059e+01
1.893169375000000088e+01
3.844343100000000124e+00
1.738534694000000158e+01
8.756871479999999153e+00
3.378661409000000049e+01
-4.251713683999999915e+01
-2.677942249999999902e+01
-6.341043449999999915e+00
-4.696445840999999888e+01
1.050245068000000082e+01
2.417594164000000134e+01
3.733688499999999966e+00
-1.218305579999999999e+01
1.274158062000000058e+01
7.582824927000000059e+01
1.692922931000000020e+01
8.629320310000000660e+00
-2.575315468999999879e+01
-3.285059721999999738e+01
-8.031817419999999430e+00
1.813722738999999962e+01
-3.251059119999999858e+00
1.302173756000000004e+01
1.915750455999999957e+01
-3.126302474999999959e+01
1.428345642999999932e+01
2.423709932999999950e+01
3.090338462000000064e+01
-3.614863010000000099e+00
2.590312330000000163e+00
-5.508799899999999639e+00
-2.648436948999999885e+01
-3.801133630000000352e+01
4.350285071999999786e+01
-4.231509909999999763e+00
-3.024165250000000071e+01
2.999916080000000207e+00
-1.417496232000000056e+01
4.971186222000000043e+01
-1.280325286999999967e+01
-1.963536304000000143e+01
1.905580700000000149e+01
-8.989568439999999327e+00
2.436872248999999968e+01
7.335562700000000103e-01
5.320437211000000133e+01
2.890821928000000085e+01
2.201996939999999903e+00
-2.038058235000000096e+01
1.502541966000000073e+01
-2.948851816000000170e+01
-4.791945250000000378e+00
3.353104038000000031e+01
-1.530932701000000051e+01
-2.457612629000000126e+01
-1.328983541999999929e+01
2.738353130999999863e+01
6.915038939999999634e+00
-4.534469201999999655e+01
1.817813233000000039e+01
5.059152260000000290e+00
5.042532399999999804e+00
-2.757654228000000174e+01
1.578248220000000090e+00
1.848610900999999984e+01
2.618717728000000022e+01
3.609025676000000260e+01
1.579663956999999996e+01
2.138068119999999794e+00
-2.961508024000000106e+01
-2.561234437999999969e+01
-3.777318139999999858e+01
-7.201841449999999867e+00
1.735300209000000038e+01
-1.339349399999999912e+00
2.809278583000000040e+01
-1.789342630999999884e+01
8.998143049999999477e+00
-9.530840539999999805e+00
-1.636361984999999919e+01
3.349621572000000214e+01
3.880321680000000217e+00
3.444587021000000249e+01
2.590419269999999941e+00
1.218029229000000058e+01
-9.864513060000000166e+00
3.325541845000000052e+01
-9.119282399999999456e+00
3.582390599999999981e-01
-4.277449940000000339e+01
-5.251600849999999987e+00
3.916084810000000260e+01
3.497572972999999763e+01
1.477379544000000067e+01
-9.108295849999999305e+00
3.078590600000000066e+00
-1.150106034000000044e+01
-7.620566919999999911e+00
5.066958180000000311e+01
2.776108300000000195e+00
-1.436311901000000013e+01
-5.936890770000000117e+01
-2.601372363999999848e+01
-2.106085269000000082e+01
-3.512526176000000078e+01
-3.182319125000000071e+01
-3.790407314000000127e+01
-2.516356964999999946e+01
-1.744940625999999995e+01
-2.713629840000000115e+01
2.572905576000000138e+01
-1.140798904000000036e+01
-4.841241321999999769e+01
2.201308900000000079e+01
-1.669168416000000121e+01
-4.456033663000000189e+01
5.327305739999999901e+01
-1.428668389999999988e+01
9.414824519999999808e+00
2.197380399000000040e+01
4.939353180000000343e+00
1.465289330999999962e+01
1.787095110000000098e+00
1.097730900000000037e-01
-8.157429990000000686e+00
-4.140959955999999664e+01
6.525042149999999985e+00
-6.843877136000000405e+01
3.900563310999999800e+01
-2.340146641000000116e+01
-9.743461959999999422e+00
-1.005128921000000020e+01
8.223982330000000118e+00
-9.384123999999999910e+00
1.482059317999999948e+01
-3.037956374999999909e+01
1.966909653000000091e+01
2.372213097999999931e+01
5.730528969999999944e+00
6.303572789999999593e+00
1.187733457999999942e+01
5.010628679999999946e+00
1.516660556999999976e+01
-4.353251189999999937e+00
-3.868885385000000099e+01
5.259676100000000076e+00
-1.363348535000000084e+01
-2.981851119999999966e+00
3.043791295999999846e+01
-4.420833960000000218e+01
7.691097399999999862e-01
1.169901489999999988e+00
5.055781330000000295e+00
1.725516920999999826e+01
-6.699905860000000324e+00
4.578978769999999798e+01
2.425097646000000040e+01
-8.457415709999999365e+00
-4.143235759999999601e+00
2.084019420000000178e+00
4.242078023999999914e+01
-2.920999514000000019e+01
-5.680075834000000157e+01
1.700145762000000005e+01
-6.766139410000000076e+00
-9.222725960000000001e+00
9.124114710000000628e+00
4.191266695000000198e+01
2.447617268000000124e+01
-8.848740870000000314e+00
-2.903558307000000127e+01
-4.718638349999999981e+00
1.559035732000000074e+01
-8.448789109999999880e+00
-4.125009021000000331e+01
-3.370026530000000076e+00
-5.274488841000000150e+01
-2.809487797999999970e+01
4.543198250999999743e+01
-2.885210723000000144e+01
-3.779784872999999834e+01
-2.851852693000000016e+01
-2.046360488999999916e+01
2.005684103999999834e+01
4.670571568999999812e+01
-3.686055689999999885e+00
1.434040631000000054e+01
-1.180254644999999947e+01
-3.858024555000000078e+01
2.602900567000000009e+01
-2.618009676999999868e+01
1.446188337000000068e+01
1.772606780999999998e+01
-5.880235139999999916e+00
2.092335220000000007e+01
2.287578669000000176e+01
6.309029608000000167e+01
-6.594144339999999715e+00
-2.880624213999999839e+01
-3.495915147000000189e+01
-9.550067889999999338e+00
-1.863243454999999926e+01
5.254895299999999736e+01
-2.438327188999999962e+01
6.440446920000000297e+00
2.720791249999999994e+00
-1.225262425999999927e+01
-4.726570096999999748e+01
-3.479583499999999940e+00
5.487056488999999715e+01
9.673896210000000551e+00
4.169749559999999633e+00
-3.221260819999999825e+01
-3.205801955999999819e+01
-7.855356429999999612e+00
2.561669265000000095e+01
-1.413857589999999931e+01
5.727466589000000141e+01
-2.699455920000000120e+01
1.047000811999999925e+01
-7.616191650000000202e+00
-3.615799389000000019e+01
2.398092049999999809e+00
-2.856516219999999961e+01
-4.118027009000000049e+01
6.193167019999999745e+00
1.068821980000000060e+00
2.914324394999999868e+01
1.314995217999999966e+01
-1.872049121999999954e+01
1.195481460000000062e+01
-4.877808729000000199e+01
-2.667489348999999876e+01
4.969470691000000073e+01
4.599800710000000237e+00
-5.918296230000000158e+00
-1.659014030999999889e+01
-2.452089930000000084e+00
-5.544412890000000260e+00
4.961763911999999976e+01
2.319881961000000103e+01
-6.592392010000000191e+00
-1.940023129999999929e+00
-2.190866541999999839e+01
-8.723650440000000117e+00
-3.510309938000000329e+01
2.750375263000000103e+01
3.895081680000000102e+00
5.752847380000000399e+00
1.001984417999999977e+01
-4.462355589999999594e+00
-1.146358807999999918e+01
3.067886189999999846e+00
-6.033043642999999889e+01
-8.631637619999999345e+00
-5.735087730000000050e+00
-4.319200480000000120e+00
2.682511161000000044e+01
3.624961540000000326e+01
9.672580370000000372e+00
-5.306519155000000154e+01
3.467274233999999922e+01
-1.190999112999999987e+01
-2.086423462000000129e+01
-4.857980833999999959e+01
-1.673640666000000010e+01
3.465705058999999721e+01
1.699476921999999846e+01
5.550069299999999650e+00
1.876478871999999853e+01
-3.254854911000000328e+01
-2.594069281000000160e+01
3.141116670999999982e+01
2.166586862999999852e+01
2.676274460999999860e+01
2.779870190000000019e+00
4.688278060000000025e+00
3.039792840999999868e+01
5.376486162999999863e+01
-1.162210372999999919e+01
2.144497229999999988e+01
-1.447591727000000006e+01
-2.440840693000000172e+01
-1.930616876999999931e+01
-1.943137421999999859e+01
-8.097117470000000594e+00
-2.650050621000000106e+01
-1.089891457999999957e+01
-7.561323801000000344e+01
1.890223346000000149e+01
1.233139377000000003e+01
-2.661602040000000002e+00
-2.161614894999999947e+01
-1.027898946000000002e+01
-3.060446061000000029e+01
5.455651839999999808e+00
4.487426827000000173e+01
-1.233349156000000058e+01
-9.389962849999999861e+00
1.169462625999999972e+01
-2.845844595000000155e+01
4.710188459999999822e+01
8.160673049999999762e+00
7.792471289999999939e+00
2.753422245999999873e+01
-1.381410189999999982e+00
3.116550893999999872e+01
1.053582517000000074e+01
-2.175536650000000183e+00
4.559687099999999660e+00
-3.505669460000000015e+00
3.683049745999999658e+01
4.769177199999999672e+00
1.010613501999999997e+01
-6.463856139999999861e+00
7.826721730000000044e+00
-5.133501298000000190e+01
-1.953804002000000040e+01
-2.716024854999999860e+01
2.634533758999999975e+01
-1.779479930999999837e+01
-3.339177046999999732e+01
3.217316097999999869e+01
-6.758407639999999716e+00
2.251894584000000066e+01
-5.006940507000000196e+01
1.028258594999999964e+01
2.884759719999999916e+00
3.447006290000000028e+00
-6.502219610000000038e+00
-4.041980149999999661e+00
2.821677498000000028e+01
9.988595300000000510e-01
-2.824718315000000146e+01
-1.041133495999999958e+01
1.222112712000000023e+01
-6.389424434000000019e+01
-4.886213899999999910e+01
7.186540000000000150e-01
7.814961539999999651e+00
-2.611787204000000173e+01
-1.046913039999999961e+00
5.841340207999999734e+01
1.550006643000000039e+01
-2.989513503999999955e+01
5.198287709999999784e+00
-5.160496359999999783e+00
6.936554410000000281e+00
-1.977784764999999823e+01
1.222865443000000063e+01
1.461782016000000084e+01
-3.848192669999999982e+00
6.193549122999999668e+01
-4.384228539999999619e+00
-1.750252684000000158e+01
1.319598850000000034e+01
2.381695470000000014e+01
-1.870323163999999849e+01
-1.016607720000000104e+00
5.428741476999999804e+01
-1.560529650000000101e+00
3.260765725000000259e+01
8.087988089999999630e+00
-3.865778699999999901e+00
-1.261773683000000013e+01
2.893103471999999954e+01
-3.096616549999999890e+01
-5.623417000000000554e-01
-1.008653714999999984e+01
-2.198406963000000047e+01
8.338100969999999279e+00
1.474465447999999945e+01
2.390950679999999995e+00
-1.986478299999999975e-01
-2.207393606000000119e+01
8.977430540000000292e+00
-1.825371550000000065e+00
-1.256034973000000043e+01
-1.116009155999999969e+01
9.126583800000000579e+00
-2.033924160000000203e+00
-2.095522805999999960e+01
-6.041259992999999895e+01
5.834288349999999568e+00
1.066106279999999984e+01
-2.689741109999999935e+01
-1.325403881999999989e+01
4.582842451999999867e+01
6.234741670000000013e+00
2.185819271000000086e+01
4.800147800000000409e+00
2.208926265999999927e+01
3.172437519999999900e+00
-2.157355675000000161e+01
-6.060911120000000096e+00
3.014227229999999924e+00
1.745819846999999925e+01
4.176769989999999666e+01
2.728887294000000097e+01
1.680522400000000083e+00
9.475375740000000491e+00
3.357815350999999993e+01
1.465048454000000078e+01
-3.840477927999999963e+01
-1.528834054000000009e+01
6.152779520000000169e+00
4.734081770000000411e+00
1.367167794999999941e+01
-2.870437921999999986e+01
3.916228260000000017e+00
2.398933742999999907e+01
2.652352035999999913e+01
-2.383976055999999843e+01
2.260569999999999941e-02
-1.228465799999999941e+00
-9.418713959999999830e+00
-1.575524434000000085e+01
-8.578354270000000170e+00
-4.907763730000000102e+00
5.611271900000000201e+00
2.345879568000000148e+01
-1.713908517999999859e+01
4.487467215000000209e+01
1.817217620999999994e+01
1.487023751000000082e+01
1.962966167000000084e+01
1.500829558000000041e+01
2.018723324999999846e+01
3.034464988999999946e+01
-2.523551675999999944e+01
3.453671562000000250e+01
-6.327376521000000054e+01
1.755939478000000165e+01
-5.930360934000000128e+01
4.631017137999999989e+01
4.177529820000000171e+01
-5.226159710000000125e+00
-2.671173969999999898e+01
-2.355549037000000112e+01
-3.050025889000000134e+01
-3.514602822999999887e+01
3.139108129999999974e+01
2.333072869000000082e+01
1.326273811999999985e+01
1.568636846000000062e+01
2.482741894999999843e+01
-2.174181095000000141e+01
-9.854804059999999311e+00
3.058834149000000124e+01
-7.239971210000000212e+00
2.963346321999999944e+01
4.133099397000000153e+01
-3.220498740000000026e+00
-4.062709324000000066e+01
2.777523539999999791e+00
-1.468934030000000002e+00
-5.657955539999999672e+00
5.340104999999999852e-02
-3.616584078999999718e+01
-6.971271090000000115e+00
4.894921779999999778e+00
7.391079949999999954e+00
2.710847197000000008e+01
-2.370721188999999995e+01
3.087816190999999932e+01
-2.212864323000000155e+01
1.423003794999999982e+01
2.240116881000000149e+01
