-3.488643831714473720e+01
-2.021243710173138197e+00
-7.191148029481595927e+00
2.421207408775023850e+01
-1.199185439296370248e+01
-9.271302016549981317e+00
-2.422819978602484525e+01
-5.063215964768005506e+01
-2.159270142116363900e+01
-2.272848020431950999e+01
-2.109613950860212128e+01
4.275384837987482811e+00
2.000087633755384786e+00
-1.077083629985978064e+00
1.748273687118398811e+00
2.666065435310338216e+01
-1.028613108712080759e+01
-7.235391402408410499e+00
1.179374788878158142e+01
-6.229502894269453606e+01
3.122504819986103541e+01
-1.337277242064976690e+01
-2.430905854776664654e+00
-5.640550747231628748e+00
-9.404410377081262595e-01
-2.144739548566320764e+00
4.831520210004032378e+01
-1.511513572975638908e+01
-4.050101357680489400e+00
-3.054413390161771247e+01
3.946202100250013700e+01
-4.355451716070490420e+00
-2.149435733273702454e+01
1.127899488408658613e+01
-2.065555981633195870e+00
1.310343649028348523e+01
-5.388094314398017559e-01
2.724567289943365722e+00
1.904996911143759064e+01
-5.497968946573536186e+01
3.065377012757792841e+01
8.169906623374345145e+00
-6.305968935434862033e+00
-1.757889938753719150e+01
6.938269891562356406e+00
-1.102606223026262455e+01
2.506153338735919078e+01
1.999962665150593466e+01
-1.288616648044609292e+01
-1.645904303556517334e+01
-1.738792343604080770e+01
-2.092544117043501828e+01
1.064081986487343556e+01
-2.725630827208055962e+01
8.360419503182527023e+00
3.481335752598073441e+01
4.014687582559784573e+01
1.869879088251514077e+01
8.365318034228238275e+00
1.746671407845752810e+01
5.121644823237807032e+01
8.643735082304090156e+00
-3.003293136703827315e+01
-6.068023788568723376e+00
-1.418522325798377892e+01
3.346532319436633429e+01
-3.964665444707148367e+01
-3.452895722740748852e+01
-1.761361411042024372e+01
-9.875803803925919055e+00
-2.251654175085090515e+01
1.579768672761250059e+01
5.237730155880967686e+00
7.868951033565593889e+00
-2.180441569090783460e+01
-1.909390215420705772e+01
-3.292209707046981038e+01
1.813645065819980573e+01
-1.888725900514465650e+01
1.705674623652400612e+01
-5.433928438825429197e+00
-1.498581117349687020e+01
-2.884644317603874697e+01
-8.548968013194894411e+00
-6.149348082080223321e+00
-6.921503330856012326e+00
2.251668195774462333e+01
4.217815143402999922e+01
-2.478506296390207098e+01
-4.324038344260268474e+01
-1.083553013010224220e+01
5.985762512269107560e+01
-3.266638714475941185e+01
1.802242548374641729e+01
-6.556513494995215297e+00
-3.358479501315004256e+01
1.389279378078551019e+01
1.966114422390231198e+01
-9.721863057986070089e+00
1.845044565188163688e+01
-1.350765580251004394e+01
-3.150152212871034862e+01
5.288502326328898562e+01
2.520391291475095841e+01
1.427601324441639008e+01
7.903794970146549304e+00
1.504472927192958309e+01
4.549993717897422130e+01
-1.485825247191876386e+01
3.364337293384018324e+00
-7.621008683191462296e+01
8.873426991958623944e+00
-3.732668292517480779e+01
7.832710454054222282e+00
1.230394676158621792e+01
-2.010999830384628240e+01
-2.854110481787560616e+01
1.208124318756347293e+00
-1.697685427416124071e+01
2.152751477074622244e+01
-2.797816156074786420e+01
-3.098990418022708582e+00
-2.027337873195273943e+01
-1.970643739703831443e+00
1.112777887262666354e+00
1.256467714176125128e+01
4.261023492564390835e-01
-2.910952096117966903e+00
3.589162358905325334e+01
5.080615534615506590e+01
2.743142487209564706e+01
3.964744427903778501e+01
-6.534727049067903693e+00
5.587749118340099130e+00
2.965886220259619677e+01
-5.022254039819245008e-01
-4.245432075670751715e+01
-2.277182224645610020e+01
-2.828699446372071691e+01
-1.546388449693730394e+01
1.598307853093072595e+01
-6.630958908332348756e+01
-9.328445310334188889e+00
2.474124154831542910e+01
-2.092008980478780700e+01
-1.740268208706550013e+01
3.327935867060574537e+01
2.485209729914407717e+01
-1.848883567540819683e+01
1.554070110417893602e+01
-1.419716994786686826e+01
1.909018954811730140e+01
1.875577741837730628e+00
7.382351222009873482e+00
-4.763889010148517400e+01
-2.642279667403253285e+01
-4.859436411107708409e+00
-9.309062162912811189e-01
-2.282491163840711579e+01
6.072659510299854446e+01
-9.744567447000861193e+00
-1.802537294737595630e+01
1.989818299845796901e+01
-2.565902203857923780e+01
-2.045488751889998014e+01
1.823715772298470483e+01
7.141252767136471391e+00
8.565856711379183253e+00
8.777396624153269045e+00
-6.175493060268593126e+00
8.892432218380974973e+00
3.256425416867632805e+01
-1.480222723809336571e+01
1.071734996834337039e+01
5.083042295806909294e+01
1.827265356642836025e+01
-4.218975116674300807e+00
-1.143460113873184980e+01
8.699149719301382788e+01
-1.193894084288510271e+01
2.095012372716234950e+01
1.448190844065447891e+01
1.643799260732750156e+01
4.941391858670544934e+01
2.676771111635457601e+01
-1.519043848742507308e+00
1.354400792998825409e+01
2.743825092954995171e+01
2.013804989350109054e+01
-3.255057277956819917e+01
5.265062588374888719e+01
-4.690694676884837122e+01
-6.874079935822358323e+00
3.075914513244363491e+01
8.368371424633810562e+00
4.170566070003928871e+00
1.583191745362297809e+01
1.248451032748323541e+01
1.923161504295444502e+01
-3.494889379415849362e+01
2.208448298479595451e+00
-1.484594106355973508e+01
-3.725885803986486167e+00
-2.466228751387916418e+00
-6.008521245945772193e+00
-3.220422346904854294e+00
4.680758412976484806e+01
-4.710478497728104230e+00
-1.453422560197758173e+01
-1.431687569092936485e+00
7.263878732582369935e+00
-3.330706496988054255e+01
-2.858592972740041205e+01
-2.023796981659228322e+01
-3.453982210934020713e+01
-8.943871989160850688e+00
-2.331659864675338056e+01
1.020045079784998165e+01
7.211502652012811154e-01
-7.003993063719633483e+00
-4.617492178892604215e+00
3.206489216891000638e+00
-8.181704298310506829e+00
3.801183006980713230e+01
-4.831361462538893647e+01
-8.464087265875292587e+00
-7.542887710404862389e+00
8.899290820429484938e+00
1.258052522464785739e+01
-2.623611552667011892e+01
-8.472170791460456485e+00
2.399541689206870387e+01
-1.122681938522129030e+01
8.874803998491245238e+00
1.902920818861363728e+01
-1.620638223336101191e+00
6.223365169554017484e+01
-7.781627290628023275e+00
-1.767267570494601614e+01
1.788546543129029942e+00
-1.371913270536629170e+01
3.047128186834322605e+01
-2.363944465589975863e+01
6.761735787312545654e+00
3.163528098607980610e+01
-7.079153319506673370e+00
6.596653683821068626e+01
7.142502973041939640e+01
-3.702591650281419788e+01
3.286975721637413983e+01
1.211904523819646329e+01
-3.105154048581796644e+01
9.258106257506732106e+00
2.343770291900808900e+01
2.396768157391369414e+01
1.286977531143421061e+00
9.442377377381319548e+00
4.150185502811933702e+01
-1.308180260930882355e+01
7.934862565165840209e+00
3.999825155256326070e+01
-2.060828163871589425e+01
-1.111720425373628984e+01
3.120316280255953956e+01
1.600624330664569328e+01
4.215612346631161245e+01
1.679408945594371971e+01
6.071995773730662904e+00
1.484583601365565642e+01
2.254979146652240729e+01
-2.984882922715729592e+01
3.820829689890217651e+00
1.378183002193436124e+01
6.476739554131086152e+00
1.318397990404884013e+01
-3.411003535145615473e+01
1.780419781301463900e+01
-2.378802777111860678e+01
-1.855541491284621713e+01
1.189335796883322871e+01
-6.477518913143583745e+00
3.221975819115084505e+01
-9.294209607697354159e+00
1.674937900042155547e+01
1.799779823070821294e+01
4.326568721718014388e+01
3.036058531541169003e+01
2.718180787077852756e+01
-1.843796200400561247e+00
-4.659198655932982547e+00
-1.780985433488746139e+01
4.445804562967748552e+01
4.423317163132145424e+01
2.174561597010664826e+01
-1.401356736227835142e+01
2.769718886183878226e+01
-2.854147309371626307e+00
9.938139812495904835e+00
3.679393631545681842e+01
-6.851184028652852476e-01
-4.431337940716161938e+00
-1.120884059100984587e+01
-3.258259024939820847e+01
5.319944088648128400e+01
2.817936190161151444e+01
-3.327123324072008614e+01
-9.173414272123281421e+00
1.464250484933706176e+01
-5.558528818965314144e+00
3.532189754843150808e+01
7.003562570773283369e+00
4.448641905003734109e+01
1.930786249776515007e+01
-1.265043425311341707e+01
1.114305175552006233e+01
-3.483242770759829909e+00
-1.528265618987265384e+01
8.742978133055856915e+00
8.350332859471961910e+00
5.229045218135019013e+01
4.393657989118065643e+01
3.091549656673022639e+01
3.715483392451869804e+01
4.831539485249450649e+00
-1.446235353168600568e+01
7.965533991901736499e+00
-1.862002216166003876e+01
-2.992975437696470919e+01
-3.104401996803863995e+01
-1.740640444862864911e+01
-6.064586476523237479e+01
-1.946602131645703082e+01
-4.835191417958492366e+01
1.308517241042145685e+01
-2.584165974205239280e+01
2.597031297187814403e+01
-5.521757012851700352e+01
-1.662092111637468861e+01
2.389258451664170479e+01
1.168092108164800891e+01
-4.954985939394551053e+01
3.154347501442106250e+01
-1.445959166366606041e+01
3.002663118596348113e+01
-1.294417812797868805e+01
-4.375781283241400388e+01
7.991831135575580447e+00
-3.632708604962044774e+01
-4.149441529998881606e+00
-1.665263539885976307e+00
2.280667865066494926e+01
7.033875093596969919e+01
-2.407732396336720626e+01
-1.950873050182589452e+01
-2.334434290377686239e+00
-6.368581658982492399e+00
-4.506759705702651786e+01
-3.110405022535334751e+01
2.670228307798745959e+01
-1.186238266725882795e+01
1.129878425564638178e+01
-2.738993673512089799e+01
-9.153269474713454201e+00
-2.313754857322260250e+01
2.877032146202036245e+01
5.303155989761421552e+00
-1.245939955939746824e+01
-9.494331542907275434e+00
6.625647350026177662e+00
-4.561023969775845899e+00
2.403744127803483366e+01
-1.437263822713276795e+01
5.583451855574935507e+00
1.981713101335370197e+01
7.632893030821719549e+00
-1.187903983032035171e+01
8.584020515193674328e+01
3.283282689169475788e+01
2.396536530728454295e+00
5.657221771771503427e+00
-3.497161706058906816e+01
1.875281368756941447e+01
-4.266716849553036184e+01
-1.624517345825768189e+01
-3.073547121558976869e+01
-1.104877565351947055e+01
3.172821872065236448e+01
-3.165802551189462122e+01
1.338196111960391477e+01
-2.153103684060056366e+00
1.148292422191573792e+00
-2.000354216305279920e+01
-2.474737437061946821e+01
-3.129256009720222664e+00
-1.994648804507656337e+01
-1.106408665876369923e+01
-2.307086749987568908e+01
-5.173467118758434680e+00
-1.938021795168862127e+01
-2.804021119594426636e+01
1.167797487768798703e+01
-8.014040169792039592e+00
1.365956127827922728e+01
4.762435125582886286e+00
-4.253379410331136512e+01
-2.930317384036558792e+01
-2.552255501298711238e+01
1.810635356118029904e+01
-1.372076098735504956e+00
-3.461788115602675475e+01
3.290884500990338779e+01
-2.187852189969761696e+01
3.191694650270513733e+01
-1.768203482304522112e+01
-2.696863162662441482e+01
1.321532404170653763e+01
-3.795410670309722434e+01
-1.924073954936662290e+01
3.460124704616643498e+01
1.054586201983744331e+01
-2.453809093095981098e+01
3.031722022450775000e+01
-1.015072166758614003e+01
-2.124839831166650583e+01
-1.699159428463417498e+01
-2.798907603298852109e+01
1.548333318060027608e+01
-5.022791469939454601e+01
-4.424442103376361501e+01
-5.685945942174328138e+00
-1.680957964677139671e+01
-3.303190848543675884e+01
4.105526222037701700e+01
7.496316018854375329e+01
-1.536505849384030853e+01
-2.007806216216067696e+00
-3.386703237878084849e+01
3.661903082958070854e+01
1.140518015698583554e+01
-1.338735907343283316e+01
-2.036520028221288214e+01
8.243510164685538655e+00
-3.243046927068512275e+01
-9.876839438220287093e+00
-4.859265296667675216e+01
2.037212160314328457e+01
6.169373122601683690e+00
-9.913968754397046723e-01
-5.798428310661449814e+00
-2.238932428581006207e+01
-6.133408424614799515e+00
7.335154924011970934e+01
-1.023393455666337104e+01
-2.688606022034389298e+01
-3.905420069184475551e+01
7.800975565874097128e+00
-2.097362927368058294e+01
6.079358591195479278e+00
1.696323129568503418e+01
4.273965862698787532e+00
1.751607833085490284e+01
8.459791009127343386e+00
3.274404389861149411e+01
1.472256981123547348e+01
-1.957821533589363838e+01
2.684883674284790800e+01
1.951222365295890881e+01
6.908967699167106957e+00
2.370582140578062535e+01
-1.587982221102573277e+01
4.122589975549431074e+01
1.315991008720222055e+01
-1.773536405528256665e+01
-3.294555568708595672e+00
-1.009870172725661064e+01
1.142379851500089671e+01
-1.303597794558995560e+01
-4.422933925214337592e+00
-7.177207957996699861e+00
4.527141259677193830e+01
3.090175709049262309e+01
-3.630341446851907961e+01
-4.539877875330446955e+00
-2.950588610044476923e+01
-8.092631293689862559e+00
-1.320338578914434891e+01
4.805400279375589889e+00
-5.704347716186966011e-01
-1.607507160507461208e+01
9.486873647104587803e+00
-4.603771075326882567e+00
-5.238154103426680308e+00
4.818661856175549474e+01
8.079501993082054412e+00
-4.618829807631032480e+01
-2.220433223660995736e+01
5.359917644051444086e+01
1.524473282296537491e+01
-5.314518619694183599e+00
5.977916998213068211e+01
-9.011303373552863150e+00
-5.105339706430697788e+00
-4.526792592041942953e+00
8.656555436363589706e+00
1.744548650643693577e+01
2.437774623192865420e+00
1.620132619214609804e+01
-7.143690822200866819e+00
-1.968544234358815004e+01
-2.330441673663072777e+01
-2.682958446996866542e+01
2.303407147624909612e+01
7.242561442725261145e+00
2.133144662343428521e+01
7.797119035510206686e+00
4.991280707690509644e+01
1.042952024941676825e+01
-4.507761138272809376e+01
-1.915864165673375652e+01
3.426418810309691310e+00
-1.626566104761850795e+01
3.531337982804683406e+01
-7.797986629395609270e+00
9.395031712322932549e+00
2.948140566072682134e+01
-4.176543828799179892e+01
8.362554288046567308e+01
1.159582421232175875e+01
1.332129934377798008e+01
2.022888383488698594e+01
4.181303629394960808e+00
-2.416989091487948826e-01
1.957173310420830603e+01
-2.071478179856674728e+01
4.640938508690676656e+01
4.104291625295223866e+01
-2.329947431266933222e+01
8.994105025015983301e+00
3.912514635794605056e+01
-1.149718230612560887e+01
9.754713754804470227e+00
2.106452403046193922e+01
2.267307797728841479e+01
-4.269765214549036614e+01
-5.750628089282542987e+00
-1.713137880692745796e+01
-1.738437651710768250e+00
-4.433325180498883356e+00
1.004849983665792479e+00
-6.990697981583736009e+00
-1.777562274397598685e+01
7.391494665112276152e+00
3.849679866145237384e+00
2.966320547093651072e+01
-2.448182646930646911e+01
2.440044786891735384e+01
2.640710181334972617e+01
-6.958658666299697870e+00
4.553567542818589686e+01
-3.804928444502490947e+01
-5.763278877990941851e+01
-4.824706154035101946e+00
-4.458527745748540383e+00
-6.692073828170350680e-01
4.469084041273325880e+01
-2.724854753675700181e+00
2.394179139875561191e+01
3.004422950491884592e+01
2.088447565580287346e+01
-6.407619741090172738e+00
3.329893364006869660e+01
-8.894332113468394141e+00
-1.982501600750077841e+01
-2.287115978081470757e+01
6.036401724090751486e+00
1.974818052766914889e+01
-7.504476272739850629e-01
1.944036496784747214e+01
3.052358808356245845e-01
3.385437716598498525e+01
9.676726170020288009e+00
5.036162807703050248e+00
-2.095410696468206879e+00
1.799240697042989012e+01
2.098024539349616191e+01
9.608318044178844275e+00
-9.970504860216351517e-01
-3.071363152484935810e+01
1.626837392288721418e+01
1.062798582026491090e+01
1.983654093074321878e+01
1.574110085854074725e+01
2.017677410573937635e+01
-4.824510451251697418e+00
1.740835876111310654e+01
-1.499806313530484658e+01
-3.978278531867545098e-01
-3.025739823905965409e+01
-1.715829261594041100e+01
2.245647214954756521e+01
-5.031254748952507327e+01
1.481522290866098501e+01
8.845771612101884784e+00
4.637254180751187960e+01
-1.055456573653258090e+01
1.861114285638126375e+01
-5.564113190854186541e+00
-2.703704057829235197e+01
-3.792918319680580908e+01
-6.547341215468449604e+00
-4.936907127994263078e+01
6.549491876959791625e+00
-1.110392007433823025e+01
1.722446037502623284e+01
1.314450885886566311e+01
-1.595324400502033768e+01
-1.633748443129621819e+01
2.285732273324248709e+01
-3.431956557771074046e+01
-6.827310969134259722e+00
-1.055523641990677675e+01
1.525297038787787329e+01
5.364133211816124458e-01
1.512475385884371804e+00
-1.052826683478971859e+01
3.057987842277665891e+01
-3.094466775229034283e+01
3.825232406200029800e+00
3.362366506485332707e+01
-2.052918040734817851e+01
1.728590378574438091e+00
-1.480631049535077182e-01
-3.634143890895812490e+01
-2.232458430765569801e+01
-2.772341618536993124e+00
1.575422947738001511e+01
1.841366424796234469e+01
3.423626448220687735e+00
-5.373752759416674962e+00
9.940681201426599500e+00
-2.372029892910407511e+01
-1.101462028772203894e+00
-2.893974147770614991e+01
-1.557062304714122547e+01
2.713432123485054603e+01
-1.592219404464378840e+01
3.787488469076532738e+01
-1.341423135366520114e+01
1.827914761241770236e+01
1.410394085440036349e+01
-3.537279456790287924e+01
-1.401570596060156504e+01
4.856929349400317619e+00
-2.330153927003470926e+01
-2.102554736993112527e+01
-4.871405146040331147e+01
-3.017137579255518176e+01
-2.850550021490752783e+01
-2.451570193431567191e+01
4.736761991970581676e-01
1.017734238584436923e+01
3.823139160440447881e+00
1.358800215019009272e+01
-3.167055951316133644e+01
8.514711904192552083e+00
1.506066006154381398e+01
-3.756786189899965223e+01
-3.467891988862126595e+01
-2.353619221034927023e+01
-1.518183608269073659e+01
9.075116845192013670e+00
-7.372449262317672947e-01
-2.348075137175123217e+01
1.670796812691020250e+01
-1.329708778661489532e+01
2.800414871844242271e+01
-4.961482018536000282e+01
3.529299869171781268e+01
-5.041613753264059028e+00
-2.237076912867992462e+01
-1.396755451158990979e+01
1.043230536747394410e+00
2.495304985357180527e+01
-4.110495820357013486e+01
-6.586663028317829571e+00
-1.128659959201235807e+01
2.493138164809408863e+01
4.657510766722953832e+01
-5.541209926766492799e+01
5.182472016754957167e+01
2.315719215833057376e+01
-4.159667063630572414e+01
-1.780916193054312657e+01
4.415147076754390554e+01
3.310045241487426892e+01
-1.162069963284102414e+01
-3.265692138551372636e+00
7.989466390045770083e+00
4.160098666152967439e+01
-3.164509820924819650e+01
7.079190558464475203e+00
-4.650785166032648021e+00
1.520909272965047876e+01
-4.045379172569471393e+01
-1.846739755046982623e+00
-1.694437765992417511e+01
2.661077200901557660e+01
2.343863962040629190e+01
-4.865943157582006506e+01
-2.663464280339769630e+01
-1.202253860347570935e+01
-2.371761434861608819e+01
-6.500254969514969616e+00
-1.131938285969951608e+01
2.505692266088487941e+01
2.340771508172875315e+01
-1.191977216228792713e+00
-2.557415734256947104e+01
-4.739664187899074932e+01
2.648612937747412843e+01
-2.735665508021935466e+01
-2.026908895928428933e+01
3.304516422090252092e+00
-2.002229304498484197e+01
-2.178025052467640421e+01
-1.596626100765972467e+01
-2.670474030861336701e+01
-1.443994368425872565e+01
-2.894399963689691901e+01
3.117636480108268415e+01
3.420896005248322069e+01
-3.675482489077012360e+00
-1.222427195899393837e+01
-2.347012579850229486e-01
2.534465809728430941e+01
-4.789124860935139338e+01
-1.109195949897844002e+01
2.740833339642119881e+01
3.952063260161625635e+01
-9.328288699120889760e+00
5.525595966332844000e+00
3.057581782709974050e+01
9.245942140303739620e+00
-5.456389738836833203e-01
-2.479307072318232485e+01
1.125022534756584491e+01
-1.932899370532794592e+01
-5.855239232074040956e+00
-1.081760450353232272e+01
-9.168924576195877307e+00
1.263518917681022913e+01
4.406261211473597683e+01
-1.350195169590691080e+00
1.902198608301162608e+00
-5.074563858196944466e+01
-1.056887802176788682e+01
-2.004681243979624128e+01
-1.125075867734324220e-01
-2.614758281631306147e+01
4.755425309700962089e+01
4.522744352445482718e+01
7.820970516493083835e+00
-1.101705586410815840e+01
9.259562248760801140e+00
1.149532272723196513e+01
-2.658347630858788335e+01
-4.697046359447085706e+00
1.057299119159586098e+01
7.424728100153060950e+00
3.071317915963963685e+01
2.254014765644032536e+01
-1.180426104591131775e+01
1.449616170533549564e+01
-5.528680905586263350e+01
-6.856983148834601138e-01
4.862514308588163203e+01
6.657220442225622037e+00
-1.173052076317162573e+00
1.704147167012342834e+01
-1.596590728696489059e+01
5.011220933492819540e+01
-9.278901414493262223e+00
4.483904595443971175e+01
2.182917806885946987e+01
-2.258454226583995705e+01
1.804384264480306399e+01
-1.704542578088970117e+01
-4.032677524887594700e+01
-3.590028624043469563e+00
-3.106192272969443025e+01
-2.931069244153962927e+01
-2.749486179878118719e+00
2.016746388856756766e+01
-5.421887128484200957e+00
-1.745101212581511163e+01
5.006022173993102342e+00
-3.860251804425479349e+01
-3.921554755520521240e+00
-4.628295872648448039e+01
2.725054762224203841e+01
-6.590461830589475767e-01
-2.786515101395376348e+01
-9.266496663092851804e+00
1.032935821756348105e+01
-1.973806127689312007e+01
-2.546722819793514248e+01
5.263751069016927886e+01
-1.351979546516594155e+01
-2.246586771152919937e+01
1.525579213507085541e+01
-9.874689061064231055e+00
3.053319618888962239e+01
-2.558554226732951520e+00
3.871361243356432169e+00
6.034380370092975454e+01
-6.943282662798679894e+00
-2.046883880897615882e+01
-2.406252690854182674e+01
-2.841392920118687471e+01
-1.910359014676890865e+01
1.515211725269989529e+01
1.516428193317887008e+01
1.245773675723749108e+01
4.105070336146394538e+01
1.848758428083726812e+00
1.168552912022259704e+01
-3.551916913725706593e+01
1.505090247950789717e+00
-1.040699415815277007e+01
-1.489790225431869430e+01
-1.953011608032511504e+00
1.884666252412748122e+01
2.135899504573478680e+01
-3.824615449669401812e-01
6.803342461880902192e+00
1.541849853088630695e+01
1.949673274352088015e+01
-1.366786919119918764e+01
-7.054384396779084909e+00
3.822711060234240676e-01
-1.291063588233470227e+01
-2.821168063904508472e+00
-2.006990866777439919e+01
4.438376246756773469e+01
3.595017176652976332e+01
-9.114911910537841777e+00
8.962281360986821710e+00
-2.593639926310025601e+00
-1.677926690248430930e+01
1.996433456655105232e+01
-5.321743548442270821e+00
2.237010478389967716e+01
-2.929612439135012281e+01
1.004988553181178190e+01
-5.549624859381140141e+00
-3.013562866481419178e+01
-1.363845869559975199e+01
1.495553072420084817e+01
-5.112139798151309833e+01
2.407763518018441573e+01
2.610736436524183546e+01
-5.586031393722597826e+00
-3.351448091467105428e+00
-1.769227665724116605e+00
1.399646839866642267e+01
-1.829168895704131614e+01
2.021104250118780854e+01
1.708395713219599088e+01
-5.505416724995831146e+01
-1.983249415448338482e+01
1.330535952854365078e+01
-4.769565082840273362e+00
2.432275092406396766e+01
-3.570072680799691511e+01
-2.992180705042017053e+00
-2.344577840856896955e+01
-7.205067938751290058e+01
4.307060694783406518e+01
-3.271013940423932809e+01
-3.427451306174930323e+01
4.999169021413699454e+00
7.266014361105527541e+01
6.446844127955415615e-01
-1.575067448693022243e+01
-1.752715027921908586e+00
-3.057872652627523280e+00
-4.800147850660290061e+01
-3.431837930263834124e+01
4.590413855715577540e+01
-5.742764326140644471e+00
-2.111735772540382072e+01
2.764759484289800184e+01
-2.009285665060133397e+01
2.068933989811529273e+01
2.982872124107315415e+01
-3.199133205165568938e+01
-1.573640551340864135e+01
-1.947507528718972480e+01
-1.003336757942906843e+01
-9.876017230182419837e+00
-5.835084284497440876e+00
8.012269561537436857e+00
-1.913716350743970906e+01
1.590890588826934504e+01
3.246940377277917378e+01
-5.051994560265246292e+00
-1.141237090139065913e+01
8.163842834450434793e+00
3.137710725198309092e+01
2.924122035142264053e+01
5.477734119485347719e+00
-3.114749507971822595e+00
-4.888483908715201665e+00
-2.845485257981116689e+01
2.155981827322699473e+01
-1.251722401135198481e+01
1.116076511772780577e+01
-7.824984692930058827e+00
1.511742175458456927e+01
1.025603982514033419e+01
-4.512034578012065822e+01
-1.492361888633132594e+01
-4.403429762277031045e+01
-1.999949610141248968e+01
2.976150343166892753e+00
-9.646693715642214784e+00
1.829612469023965104e+01
-1.681008241111806001e+01
2.074218067154205869e+00
6.016590037432990812e+00
3.964622653388886420e+01
2.010125397092220112e+01
-1.693296065789292371e+01
-6.852686495056445892e-01
6.811917393161706968e+00
2.148171404324869727e+01
2.042189727368963759e-01
3.058611847152707242e+01
1.260083002151156606e+01
5.071103785388021379e+01
1.066797188759991855e+00
3.668327917794889004e+01
-1.512271561878810644e+01
-2.111599910982818074e+01
2.467221930682455877e+00
5.252333173051056292e+00
1.500760403209653759e+01
-7.954514004596887844e+00
-7.655406964749559506e+00
1.452404107591539884e+01
-2.715291108922878038e+01
-3.087631483033761981e+01
4.436209211919364748e+01
-3.328525705573554205e+00
-2.188793635672032423e+01
-2.253424926739363343e+00
-7.526033155772438477e+00
2.380766987605201734e+01
1.852705997499941759e+01
-1.129720509212569368e+01
4.772340080433394860e-01
-1.481010729844616947e+01
-1.975671390320280807e+01
-1.497973270024982639e+01
-5.411114910006045875e+01
5.522030288925350305e-02
-3.604324724553677584e+01
-3.117387618146067041e+01
-2.084942508604484601e+01
1.072798531810531131e+01
-2.041638460564954016e+01
1.294697762867847501e+01
-3.428154980012209307e+01
5.906236061935317139e-01
-2.318902929933502577e+01
4.798421581795722091e+00
6.299687429695026708e+00
1.869566488075685129e+01
-1.175239816506186230e+01
-8.940423818047747773e+00
1.653720091753496035e+01
3.317728758135429246e+01
1.839094580386694133e+01
4.638096937714408341e+00
-4.016277689557187358e+01
-9.517621641678019273e+00
-1.767116890263713458e+01
-3.382754120757141436e+01
2.262307256996302840e+01
-2.030723870645152829e+01
-1.848624113572128635e+00
-1.570660662808018060e+01
-5.582996549926573948e+01
2.896078394877194739e+01
-9.851619905131997257e+00
2.267584905321331235e+01
-3.996833269576330849e+01
3.773160842563098072e+01
2.067107707416454332e+00
-1.611244822575912394e+01
4.812684429911030293e+00
-1.164233418556221977e+01
-3.668173932528466707e+01
8.105416369868635229e+00
1.995547592103478962e+01
9.768965584322586437e-01
-2.029614368674043590e+01
-9.168887798384133703e+00
9.832802102350285622e+00
1.787717306304134013e+01
3.528356556690786761e+01
1.324332237055494943e+01
-1.300900120662561221e+01
5.343268836716164571e+01
1.342030151619747258e+01
2.377616131958153289e+01
-1.021764706271619616e+01
1.566946790378666776e+01
1.097678829744920392e+01
-3.470989624170860566e+01
-1.154050260699230535e+01
-2.289760814041717651e+01
-2.065984737695660556e+01
-6.770039096469702145e+00
-7.743725821322129832e+00
-2.362308311637156066e+01
-6.204045957777097442e+01
-1.617250240213865453e+01
6.986281450677722660e+00
5.106420997833765796e+00
7.787841716448710372e+00
2.595636431690843438e+01
7.851745805661877853e+00
1.818825685909212098e+01
-2.332074589248273355e+01
2.558069010600337378e+01
-2.545325587189711314e+01
-4.025055383811633192e+01
1.229210887000510866e+01
-2.417047711104760310e+01
-2.197649079554452101e+01
-8.875243066536626202e+01
-6.478519061818296620e+00
4.565860121820333006e+01
2.373430385539064957e+01
-5.729198433012300029e+00
-7.720345107089514158e+00
2.114432156071586633e+01
3.723655222413725596e+01
-2.330322009163472785e+01
-6.034210612293861686e+00
-1.904757089460699149e+01
-1.964262921271023288e+01
-1.721779325135036487e+01
7.083347385141518515e+00
3.959399808357380834e+01
-3.650622129748091993e+01
-3.141400603215112142e+01
1.845730013260492797e+00
-5.958078848661500615e+00
-7.480659013149772107e+00
-5.048442665543319663e+01
3.520560570435127090e+01
1.341252299474547272e+01
5.254040452677099182e+00
2.711120802155382137e+01
-1.836645994317386510e+01
1.732814649179525190e+01
1.557641105977748452e+01
2.041720005603025356e+00
-3.406007318614904023e+00
4.943284691111816898e+00
-8.850671962203172427e+00
2.839088275719213073e+01
-2.242628805493654909e+01
2.412788918485529166e+01
5.402169432731056986e+00
8.082178026038292273e+00
1.271764914895896936e+01
-4.868956361488181983e+01
4.710685095616696572e+00
-3.751440075328784474e+01
-2.742771427688165886e+01
-2.742298319722571875e+01
-2.794708648158439246e+01
2.896291655857226033e-01
9.382900994479186352e+00
2.788301634991265132e+01
4.843024314400977914e+00
8.050460214774776802e+00
-3.929892100635430552e+01
-1.427997743491098959e+01
1.906522078047625257e+01
-1.128975934910563694e+00
-3.617698212755726672e-02
-4.985946397294640065e+00
1.960431007150832272e+01
-5.110246630643931098e+01
6.308069272622702783e+00
1.134930869333543058e+01
2.420951253301507933e+01
2.070728705702208572e+01
-3.167789678379718055e+01
6.317373259481797731e+00
3.271744335837738049e+00
2.657557769468155584e+00
3.327752288777674039e+00
-1.055293739281751186e+01
-1.976306726825021087e+01
1.059357709534620540e+01
3.365886871932030999e+01
-2.780363470907900592e+00
6.490131625714525399e+00
9.513094784519552150e+00
-1.438315853715604931e+01
-1.521940866561888583e+01
-6.681681607990319094e+01
-2.067344123404184586e+01
-3.057514122308630533e+01
-3.746373941147453479e+00
-3.778566283503369050e+01
4.201810457044956593e+01
-1.752277544269708187e+01
-3.000179867341455520e+01
-8.657338738684518376e+01
3.719829560272717117e+01
7.471510104243691330e+00
3.413135525496699074e+00
-3.507097948881164484e+01
4.948332584018430680e+00
-1.113942498796598102e+01
-1.833018112671545197e+01
6.533578133988953596e+00
1.888790420300509254e+01
4.096276763928642595e+00
-1.190305217169577645e+01
-1.181217754765384598e-01
1.560183678099804183e+00
8.775203524113805997e+00
-3.556773286071401685e+01
4.037327497726938219e+01
-2.398304715507641305e+01
-1.674498186788740384e+01
-2.740325862470001539e+01
-5.820595823000778779e+01
5.034336000470702288e+00
-2.930525811524921664e+01
-1.065511478788287292e+01
1.825017381420690299e+01
-1.448082663507739198e+01
-1.961433811060430799e+00
-6.581225919938816560e+00
-1.123487416322632271e+01
1.778317558441376178e+00
3.035512042470280392e+01
-2.813577198383654832e+01
5.567665222623543286e+01
-1.266864528504174814e+01
1.869869297295896615e+01
-7.700569227987777765e+00
6.368708146811449922e+00
-6.075845169183850203e+00
2.453970827419180978e+01
3.428559229785223295e+01
1.071936340730910331e+01
2.576857728041010631e+01
-1.989954683223299980e+01
-3.692295220096280417e+00
-1.247447610318289435e+01
3.836938424875546616e+01
3.221164975174764322e+01
2.433056529203258833e+01
-8.611083865779221469e+00
-1.556682936316113341e+01
1.391587265469623702e+01
-1.570613979210803279e+01
-6.948283356285003265e+00
-3.229556544543328300e+00
-1.651447392695469318e+01
2.778247682757677239e+01
-4.614128899496400038e+00
2.121616921416752177e+01
1.092694014237815026e+01
9.648920716527584318e+00
-1.848586762008686435e+01
1.480674110693146872e+01
-1.021258261403121992e+01
-6.575231635795631746e+00
-1.748476397083493339e+00
-2.689169033014559318e+01
4.167408326753621850e+01
-1.488564486165954648e+01
-1.781320725174850850e+00
1.244119611578869211e+01
1.074130407241472085e+01
4.143860979581681647e+01
-9.644491049210756728e+00
4.211562995505987317e+01
3.780102625848849129e+01
-5.237265627887705932e+01
2.835327140534893431e+00
-1.036552212242625615e+01
8.756135182656507254e+00
3.313796114882052279e+00
1.112089462637646875e+01
3.483475828255714646e+01
5.458455406410640620e+01
-4.198966394945330194e+01
4.226918721406195800e+01
-5.472479773642311329e+01
-4.541170501354866929e+01
-8.081614771049800083e+00
4.920876347964053821e-02
4.073417270137775859e+01
1.998571678199942880e+01
-6.726833433291176334e+00
-4.985216084257811531e+01
3.945404019277575713e+01
-2.335132463680332648e+01
1.017665783788913814e+00
-3.975394560822373080e+00
7.039586139542117849e+01
-1.416184023483540955e+01
-5.966162309210392323e+01
1.751514576662225409e+01
-9.093267477255191977e+01
6.440010155557317262e+00
-2.039794819910272849e+01
-1.029057406295801869e+01
-1.516372348750779508e+01
-3.267644386208104379e+01
2.137944870277377163e+01
-2.124197962804599626e+01
-6.558568020082418570e+00
-4.408724361297379346e+01
-2.443527750674149956e+00
-2.922091660899678800e+01
-4.169096742844175196e+01
-6.349331047243202875e+01
5.127507311318368011e+00
-1.989729479411029445e+01
3.499422508014617961e+00
-7.883708320578932671e+00
-4.541715696226543741e+01
-3.632388825489071138e+01
-3.048259872164891249e+01
-3.168097203937313111e+01
2.978876266586750177e+01
2.860542031404236241e+00
-2.784736186537631397e+01
-1.212441832336480729e+01
-1.372914094994413858e+01
2.249240674580195432e+01
-1.737029072865386325e+01
-4.275705376304628658e+00
-1.568703034296817123e+01
-1.998392624119919958e+01
-2.261248023255957662e+01
2.065145382896820081e+01
-8.671200375618440148e+00
-5.174354436359664078e+01
4.308435390777208340e+01
2.461001600939799516e+01
1.466605589645695318e+00
-4.364462898192329021e+01
-4.186095092762207059e+01
3.864509592884814992e+00
4.020085721327006922e-01
-1.771704972020995683e+01
-2.559950710076661551e+01
1.755391040217830323e+01
-3.097354832259640034e+00
1.473441851785503331e+01
2.738953150051156626e+01
1.775834783679782447e+01
1.785850082001310568e+01
1.336291234034509401e+01
-1.168918731157910429e+01
-8.337462788124653912e+00
-1.214175543752139319e+01
-2.053562921656924800e+01
-2.391585117879054678e+01
-3.562456637422826589e+01
-2.082548079318591761e+01
-5.699293754046976801e+00
-4.297509046001687238e+01
-7.997969356099190463e+00
2.041831265528690409e+01
-4.418291914671044651e+01
1.666685804507602597e+01
1.503684244008479709e+01
-4.022468607113216876e+01
-3.173225239744019177e+01
-9.609342986871325820e+00
9.821676600534786417e+00
-2.203505642489187721e+01
4.048858411396523138e+01
3.594044148117362170e+01
-4.325194957080032054e+01
2.501553698653310676e+01
1.945786616413082015e+01
4.909027151202479899e+00
1.212438557517052118e+01
-2.397220096278188350e+01
-7.324428472993375294e+00
4.661621815771638921e+00
1.077392359258986687e+01
2.369034880205695259e+01
-2.872235585647724321e+01
-3.377661248547099149e+00
8.382835275687710919e+00
3.013737629751830127e+00
-1.669631149727740649e+01
1.223297262085997517e+01
-1.430815632380482327e+01
-1.150056822712456039e+01
6.368705835159857997e-01
-3.409933649127734157e+01
1.653952214982275848e+00
-9.438011711562865003e+00
-7.763925563634558102e+00
4.735116156119175912e+00
-3.043360857799694941e+01
3.327239643279028769e+01
-1.413717764045932768e+01
-7.478703633408977680e+01
-4.786446302801161323e+01
2.075634664972646704e+01
-2.269681528109626356e+01
-1.056172076119463554e+01
-1.472648270681143146e+01
-1.029458140456654291e+01
-5.654875818793567532e+01
-3.531447299470301004e+00
-3.494337305158597928e+01
-1.934330090710244576e+01
1.190002150869503339e+01
4.414634956964047774e+01
1.584784792558583177e+00
-5.523781841193766695e-01
3.342390885213811202e+01
-3.111474222269181666e+01
1.791575762697778629e+01
4.258432858405981847e+00
-2.674949678672163600e+01
-1.431506384309579971e+01
1.250838117265783467e+01
3.563583436420856287e-01
6.825916700575511697e+00
5.785797786090654427e+00
-1.329038824842979238e+01
-1.820041369438467882e+01
-2.804709550071726198e+01
2.767907997422165067e+01
-3.621498460817956300e+01
-2.689473798755730627e+01
6.987978752492836065e+00
-4.883287393932056375e+01
1.265144959599172125e+01
3.599690710984714315e+01
-4.079597956514461998e+00
6.529942924974136531e+00
-1.617244062867001730e+01
-1.235037315623355880e+01
5.855153880713089620e+00
2.135490118427688344e+01
-2.179664105152857445e+01
1.516265949017648040e+01
-5.949986992649542117e+00
1.749563882447262131e+00
1.301472406493509482e+01
8.368315051817631911e+00
-7.233282120527377401e+00
1.445327982004016576e-01
1.077033047021399170e+01
1.604984891709892736e+01
-4.031555004421940680e+01
1.810763995759316458e+00
2.892543327076348447e+01
-5.184354275483866559e+01
1.706085759081568654e+01
-6.549203289170610276e+01
-6.053526192115965543e+00
-8.321867313335786775e+00
-2.909956238823042440e+00
-6.833065302905481531e+00
-1.412554364619884950e+01
-5.354453622780170008e+00
6.715190263724991837e+00
-1.497720817331561705e+01
6.778524087491149430e+00
4.919269334180964393e+01
-3.402192315725082494e+01
-1.483535431528784443e+01
2.234848567366620387e+01
1.347106592496288613e+01
2.456155643929816534e+01
1.185038097636783760e+01
1.183228582018362829e+01
-9.022243857598539307e+00
-2.753702021115859111e+01
-2.537016993258771436e+01
-1.516333401720531526e+01
2.614246189291264955e+00
-2.368464236133814893e+01
-7.845982507444709597e+00
4.091415989041067292e+00
1.335813632290484065e+01
-5.728840339087120981e+00
3.346370395205973125e+01
-3.246423440013586514e+01
-2.186334003038581386e+00
-1.729562970163197377e+00
1.544113504530074721e+01
-2.201932057300679446e+01
-1.394176057271306490e+01
1.052329568028466156e+01
2.519315961615829735e+01
4.188427897444563541e+01
1.789760343143265686e+01
2.345128830899986383e+01
-1.565881806824909006e+01
3.529613844819289170e+01
3.703693171040373500e+01
-1.413235431009297827e+00
1.913187484133126759e+01
2.112585649943808619e+01
-1.317462851980826599e+01
4.755449061497017738e+00
3.398280121498351036e+01
-1.351274035303217147e+01
-5.107786218605724571e+00
-3.374653303634062240e+01
1.330157431685944402e+01
-7.180647355680122246e+00
1.104268086177569330e+01
3.280777955405596913e+00
-2.229369805892489609e+01
2.549900539121063048e+01
2.243843372009357040e+01
-1.504381520761212698e+01
1.066761166527997062e+01
-3.416453292192528579e+01
-2.970977387607612741e+01
1.385418256204320642e+01
-3.812333288990868141e+01
-1.719735117054274909e+01
2.893249528421108607e+00
4.624207295277395247e+01
-1.423793874719609676e+01
-6.854863163228770873e+00
-1.008088777580965711e+01
6.269040419754034588e+01
7.815146295607178217e+00
-2.409102258888445647e+01
3.960807130315930635e+01
3.506361102915883521e+01
1.756426786788841810e+01
4.200661521864464021e+01
4.804719800213375436e+01
-4.174282243406988613e+00
-1.548528088737961639e+01
-1.620385552830180131e+01
1.613467270040776214e+01
2.098008173116522812e+01
-3.840903919330798999e+00
-1.292388333425245150e+01
-3.412531281158641150e+01
-1.410818056441391377e+01
-2.523101756488745195e+01
1.683653950915977759e+01
9.546607544438927562e+00
3.561824834021189190e+01
4.161565143583771942e+00
-1.315973153232442883e+01
-4.734097584416794291e+00
2.205551290512114804e+01
6.984980095406740475e+00
3.042661368343945583e+01
3.112760309345605947e+01
-6.733242218932332435e+00
-6.025636633895231853e+00
-5.611966526366359176e+01
2.826568039851090219e+01
-6.729559978700194733e-01
3.025848504304721587e+01
-1.210183190702725398e+01
-3.485582851615882305e+01
1.176763558653392394e+01
4.067784405094575106e+01
-1.461519522677539129e+01
3.687289629582375028e+01
-4.061128664835788982e+01
-1.285918409299537757e+01
-4.535367305258341730e+01
1.062973536416728848e+01
4.505552189515384498e+00
3.025578010740787249e+00
-3.466345299821773551e+01
5.050714095807830972e+01
3.021831927416803865e+01
4.902025578174743714e+00
-2.876917121734032889e+01
1.207728155562827510e+01
-1.298521459828485547e+01
-6.905687129422801718e+00
-1.334890436213822795e+01
1.021231088461722436e+01
-8.056925198718175807e+00
-1.122456067467919638e+01
1.160087092108153684e+01
1.443429278498926749e+01
-4.772645284906758434e+01
1.105607147148282365e+01
3.758044392291395752e+01
2.237605610050772498e+01
-5.832595845008468061e+00
8.451906791782306527e-01
-1.953754283790178192e+01
3.229180990643834548e+01
8.643111184975168726e+00
-2.317806837391174213e+00
-4.143707231517169021e+00
5.946144113506011308e+01
-1.790001905672141902e+00
1.357792020071610750e+01
4.151264822059145843e+01
5.347532306279208569e+01
3.454273394232785677e+01
2.253056959995595321e+01
-3.692276021843599665e+01
-2.517264675248983963e+01
1.913663816027754194e+01
3.877868318919524881e+00
1.757353940605236176e+01
8.818798378248004610e+00
3.413876227303512678e+01
-4.298602449251511359e+01
-2.707281758472157662e+01
-6.387305451022967873e+00
-4.746123197161004015e+01
1.060138792546329967e+01
2.444043926624004825e+01
3.764658644270241439e+00
-1.229795823496579033e+01
1.286020729449626288e+01
7.658832466107821801e+01
1.712276301589497507e+01
8.742488937090968193e+00
-2.603232283954221771e+01
-3.320525202546423316e+01
-8.127987781552121760e+00
1.832257688134137652e+01
-3.312659972264384578e+00
1.317050018693007729e+01
1.933809677183614895e+01
-3.162734161949578038e+01
1.447724218271093832e+01
2.445471819992746987e+01
3.124350087988568703e+01
-3.646247982126936904e+00
2.591745370403430115e+00
-5.546942134781119194e+00
-2.675763915578073693e+01
-3.842607732819669764e+01
4.398091841216480447e+01
-4.293252798157240591e+00
-3.059827019595367403e+01
3.008108737339668437e+00
-1.433051926528139575e+01
5.021982526643614619e+01
-1.289560424053701126e+01
-1.983002244588791996e+01
1.924751018272672809e+01
-9.099961138478249723e+00
2.464311446508898484e+01
7.378090459959878444e-01
5.375822677739256505e+01
2.917853499462780320e+01
2.212715445876781928e+00
-2.059526231771495475e+01
1.520514399249495341e+01
-2.981732652652247140e+01
-4.821712539910663509e+00
3.388781888119221719e+01
-1.547113124564342002e+01
-2.481683128925376991e+01
-1.339870655023059953e+01
2.765264287761993955e+01
6.981376980514191644e+00
-4.583664381169617741e+01
1.840212122590932609e+01
5.166588970092362842e+00
5.116094199354165539e+00
-2.782983955801643106e+01
1.605005847749310988e+00
1.867938887658051783e+01
2.648785446319492110e+01
3.645065529116958203e+01
1.598519080803131232e+01
2.176963938749537419e+00
-2.990059859115748964e+01
-2.585331802403024426e+01
-3.817630233225645497e+01
-7.285554848972708442e+00
1.754623865250349013e+01
-1.366802152655601788e+00
2.836911499054241403e+01
-1.809668298141127707e+01
9.069054121465512708e+00
-9.629826174171498110e+00
-1.653274094087106150e+01
3.383349528796919969e+01
3.900185520392398075e+00
3.481548819310972931e+01
2.656958334686009948e+00
1.231965721971450911e+01
-9.906216982298587936e+00
3.360264682701352967e+01
-9.206498457848795169e+00
3.475767334986228363e-01
-4.321399845496694070e+01
-5.303686250866206819e+00
3.955745884175411220e+01
3.538092367042119690e+01
1.489347279378616662e+01
-9.176014699197338587e+00
3.071005278262646243e+00
-1.159839267477613589e+01
-7.674561794065482445e+00
5.117044799178594872e+01
2.759738671955574318e+00
-1.453410908993473072e+01
-6.001419327601195874e+01
-2.630476448136098355e+01
-2.127422560226928283e+01
-3.552211713029223006e+01
-3.219127358965917551e+01
-3.832034236152117046e+01
-2.543996209248091134e+01
-1.761053878773060433e+01
-2.738539886377949983e+01
2.599343786358790354e+01
-1.152049414930706916e+01
-4.896999398838187290e+01
2.229293591383006401e+01
-1.689429373971044157e+01
-4.500152383904894293e+01
5.383940349057454000e+01
-1.442898307401802072e+01
9.504047605413290967e+00
2.221641230263648481e+01
4.993860025672233860e+00
1.475581458028270276e+01
1.784164568847756982e+00
1.036347043633902842e-01
-8.236641187632955052e+00
-4.186404034494529469e+01
6.603193508825540903e+00
-6.915250522453510484e+01
3.938729393388982203e+01
-2.364290144890233591e+01
-9.807038730437994900e+00
-1.010706211245837949e+01
8.343548899600749635e+00
-9.486087554017643697e+00
1.499982307194472497e+01
-3.069759283314589027e+01
1.989984927865683062e+01
2.398612668877715492e+01
5.814353242086141904e+00
6.363503250757560181e+00
1.201174194856599797e+01
5.062661860426970861e+00
1.535054828718139674e+01
-4.431404896256410098e+00
-3.907528199722203510e+01
5.329537045822661412e+00
-1.381403317994218582e+01
-3.022894231921782193e+00
3.074275627386666088e+01
-4.469201145285232712e+01
8.021498435028036056e-01
1.165969470730374269e+00
5.092718004846716440e+00
1.744706358973185445e+01
-6.781948935159896052e+00
4.624064334260248188e+01
2.450808324544752281e+01
-8.549541807730193455e+00
-4.198798584212681817e+00
2.100447201475901693e+00
4.286669497120851702e+01
-2.947717572031132249e+01
-5.738386620139061733e+01
1.716484490660019446e+01
-6.821891256712206086e+00
-9.330161804151217098e+00
9.224837761386297075e+00
4.238423956624728817e+01
2.474453656191880668e+01
-8.945172291506651163e+00
-2.933752679794284290e+01
-4.761738169909008889e+00
1.576496310839180204e+01
-8.541217150350917109e+00
-4.164800442616376586e+01
-3.407341892456571486e+00
-5.328282743576016856e+01
-2.834961868452205636e+01
4.591861657435875088e+01
-2.914223441528294245e+01
-3.822942741468966688e+01
-2.884665636930886734e+01
-2.067707477457933862e+01
2.025850274164844222e+01
4.719161850139847303e+01
-3.712474670532571963e+00
1.449317245278332678e+01
-1.190241771770934065e+01
-3.896278987613178657e+01
2.634282553082180200e+01
-2.647387990327956686e+01
1.463226210837456165e+01
1.791664545251927620e+01
-5.966307373596208663e+00
2.118868346599353458e+01
2.311394067450081735e+01
6.374208222895529730e+01
-6.670876789199155610e+00
-2.908322339331390083e+01
-3.532702021576398010e+01
-9.619286453656194169e+00
-1.884650082471631194e+01
5.313287125527742205e+01
-2.466653609950591886e+01
6.476310247070147241e+00
2.738120206710732418e+00
-1.237296248826864087e+01
-4.776825340520059626e+01
-3.527561926083251365e+00
5.545081894029561909e+01
9.761860130688347681e+00
4.215881015328818648e+00
-3.250723394718781378e+01
-3.233774548458404752e+01
-7.908622329231686621e+00
2.587128945069764541e+01
-1.431078208213753555e+01
5.785897047941722349e+01
-2.725626268861850576e+01
1.057747022410491411e+01
-7.712547594104592008e+00
-3.649752818815153432e+01
2.437382414680882903e+00
-2.886279310881445781e+01
-4.158690668091219322e+01
6.252033684744731090e+00
1.072563296512427655e+00
2.942279728895188384e+01
1.330144166071978873e+01
-1.892239416610804525e+01
1.212141086728365735e+01
-4.927090422957290627e+01
-2.693628139001992849e+01
5.023576021725890683e+01
4.643906220335054513e+00
-5.956026093847299308e+00
-1.676096489340977769e+01
-2.471892436609664401e+00
-5.564494536571203298e+00
5.016238555874051031e+01
2.345301485256486984e+01
-6.648142888546772156e+00
-1.966689028494329250e+00
-2.213556407717969776e+01
-8.828878329053793550e+00
-3.545788906533380214e+01
2.782390081378609636e+01
3.936329832504469550e+00
5.800854905115386373e+00
1.009388602115609501e+01
-4.509645998685115842e+00
-1.157916517320862937e+01
3.054788972628718291e+00
-6.093451238267590497e+01
-8.741728117894268735e+00
-5.784537116613108765e+00
-4.352601551541241065e+00
2.712511971682818057e+01
3.661882846362821198e+01
9.734429977692400371e+00
-5.360063591637982938e+01
3.502546819618510199e+01
-1.206117171665752608e+01
-2.108416110432679602e+01
-4.910477799147324873e+01
-1.694537938942414712e+01
3.498268203017272526e+01
1.721185672258047816e+01
5.679877051365195939e+00
1.896918036152658260e+01
-3.284783764188523492e+01
-2.620671205273686155e+01
3.177240541390861495e+01
2.190442416568529893e+01
2.704817762535859060e+01
2.782055042077573148e+00
4.775652296670727992e+00
3.068973452086419229e+01
5.436383709149143328e+01
-1.174401271239739231e+01
2.169780210441899726e+01
-1.458736644804895377e+01
-2.468535716127821900e+01
-1.952628135180401614e+01
-1.961911216991984475e+01
-8.149502581552525271e+00
-2.676777025859391301e+01
-1.102392546132824691e+01
-7.640583717388156515e+01
1.909648857142749989e+01
1.246567476703503985e+01
-2.672331999156874360e+00
-2.186393690046173788e+01
-1.041126879230333202e+01
-3.091078380683580917e+01
5.538524267201893281e+00
4.534784529170835299e+01
-1.240923051189361104e+01
-9.508538860479376353e+00
1.181633176744009006e+01
-2.874854285638318885e+01
4.762809152682667957e+01
8.267337549645041861e+00
7.821537120166397017e+00
2.784129158871309073e+01
-1.417181293955422916e+00
3.148285266592722564e+01
1.064171389504798526e+01
-2.210972322495052822e+00
4.610487788963595790e+00
-3.588781117589604719e+00
3.722813726099701626e+01
4.841799866685249754e+00
1.022102347446107729e+01
-6.538338198177825689e+00
7.902036966793431816e+00
-5.186025848328739585e+01
-1.979955000858427638e+01
-2.741757563297574052e+01
2.665880530100704959e+01
-1.798573038496192567e+01
-3.373875439548788790e+01
3.253697283819195718e+01
-6.837628998659297963e+00
2.277067790776260381e+01
-5.062780062814931625e+01
1.043991636027627656e+01
2.913576391433508661e+00
3.440319220851904447e+00
-6.534430991683763068e+00
-4.094104736134738687e+00
2.850726650828278608e+01
1.019034217273997456e+00
-2.851863822403319659e+01
-1.052932097246993237e+01
1.236371509226721344e+01
-6.459168569524194936e+01
-4.940748325570892518e+01
7.185424736219943043e-01
7.883757776220299718e+00
-2.639072105527277046e+01
-1.076480965875987295e+00
5.901009307657187719e+01
1.571112533933262512e+01
-3.020177976973195655e+01
5.247187074009843855e+00
-5.202708159120959408e+00
7.023708822431636634e+00
-1.997800990106873087e+01
1.234792197011159232e+01
1.476368523480152817e+01
-3.884563469802230884e+00
6.256354966020879260e+01
-4.429306583061929814e+00
-1.770958984057091357e+01
1.336265177635425516e+01
2.405441410864580121e+01
-1.893559130740675300e+01
-1.022623217301312337e+00
5.485829355872003532e+01
-1.557672355453405544e+00
3.290947803440928965e+01
8.197683322315242549e+00
-3.909233993355833547e+00
-1.271189679779934067e+01
2.923890338227570851e+01
-3.130749374309971245e+01
-5.883838468338353778e-01
-1.018888702214755426e+01
-2.223860836586576539e+01
8.413781875579381619e+00
1.489389067227179453e+01
2.428950570272661480e+00
-2.346189948499954880e-01
-2.229325548145152425e+01
9.066069636057562775e+00
-1.836180796977586738e+00
-1.267664197227837519e+01
-1.128637087362378821e+01
9.238903014752935405e+00
-2.106522794643524321e+00
-2.117870567053120112e+01
-6.106193433326558306e+01
5.855204804057905221e+00
1.080090269888384569e+01
-2.715457574283482245e+01
-1.336487339360468241e+01
4.631735617554460305e+01
6.285474686849937598e+00
2.210966877195539837e+01
4.840730234802251175e+00
2.231098779439123803e+01
3.208384526518614166e+00
-2.181798675628493811e+01
-6.091953018820035481e+00
3.049583494430123665e+00
1.762792728697772304e+01
4.223417042468315685e+01
2.754504214609943347e+01
1.698559608140072896e+00
9.570808812457414660e+00
3.393065436448929972e+01
1.480369139673764778e+01
-3.882738374726909569e+01
-1.544955819181598144e+01
6.264432315620524605e+00
4.775566249505516225e+00
1.381367465235356917e+01
-2.901356487932778805e+01
3.941143650399148157e+00
2.423850902107892580e+01
2.679498896137300790e+01
-2.408093739087976815e+01
1.668511658021998301e-02
-1.260062812980805802e+00
-9.535324458094748934e+00
-1.590681207057933477e+01
-8.669279644388382167e+00
-4.930084069017695469e+00
5.667808217554579642e+00
2.370246827518212740e+01
-1.730432716464635234e+01
4.534462989011899481e+01
1.839095301721229703e+01
1.505382050912919567e+01
1.985471559063194036e+01
1.518762522046174368e+01
2.037083561055689174e+01
3.065723749947056831e+01
-2.551925790401716654e+01
3.489236098718298962e+01
-6.394758243723224211e+01
1.773993152606269774e+01
-5.990949160793581996e+01
4.675612127506195748e+01
4.225439954096530926e+01
-5.267722756288605979e+00
-2.698596099869084242e+01
-2.378250361007141578e+01
-3.083725175181305644e+01
-3.551394267684059969e+01
3.171970655965640162e+01
2.357435402199709529e+01
1.339594179277281683e+01
1.586826997477976420e+01
2.504176815464126094e+01
-2.195342514290155123e+01
-9.927714672957080211e+00
3.092471986812021356e+01
-7.329638502258532640e+00
2.992570190073615777e+01
4.175235237575810743e+01
-3.236827225073930947e+00
-4.104551357238329956e+01
2.810375470901135486e+00
-1.437249688955704485e+00
-5.717721130376901328e+00
4.176795306099734262e-02
-3.653267553352839059e+01
-7.038845678660209160e+00
4.970672732080258172e+00
7.468040486553022106e+00
2.739051031597503538e+01
-2.393309868217077963e+01
3.122267589201118199e+01
-2.236971776148769209e+01
1.439228978474335463e+01
2.263475687594826269e+01
