---------------------
  #    meV     cm^-1
---------------------
  0   10.7      86.3
  1   12.9     104.4
  2   14.7     118.9
  3   18.0     145.3
  4   19.4     156.3
  5   22.8     183.9
  6   32.9     265.3
  7   39.3     316.9
  8   41.2     332.4
  9   45.2     364.4
 10   64.1     516.9
 11   89.6     722.9
 12  129.4    1043.8
 13  142.7    1151.2
 14  145.1    1169.9
 15  179.9    1451.0
 16  181.8    1466.0
 17  182.9    1475.2
 18  199.1    1606.0
 19  362.9    2926.8
 20  370.3    2986.8
 21  373.8    3014.8
 22  437.9    3531.8
 23  473.0    3815.2
---------------------
Zero-point energy: 1.795 eV
