---------------------
  #    meV     cm^-1
---------------------
  0    4.0      32.0
  1   10.3      82.9
  2   13.2     106.4
  3   17.9     144.6
  4   31.6     255.2
  5   42.8     345.3
  6   44.9     362.5
  7   67.9     547.6
  8   74.1     597.6
  9  120.1     968.6
 10  136.3    1099.2
 11  144.6    1166.0
 12  162.6    1311.8
 13  178.1    1436.8
 14  179.8    1450.2
 15  181.8    1466.2
 16  185.0    1492.0
 17  362.7    2925.4
 18  374.9    3024.0
 19  381.6    3078.0
 20  415.0    3347.1
---------------------
Zero-point energy: 1.565 eV
