-3.458406221579838302e+01
-2.011726267851955186e+00
-7.123643306634903638e+00
2.400091643466821267e+01
-1.188644966607925824e+01
-9.186738306424274469e+00
-2.399457575824820310e+01
-5.017025209307749378e+01
-2.140437123560973021e+01
-2.253157798702500259e+01
-2.094251552903719471e+01
4.256318408563263489e+00
1.988727511485222976e+00
-1.068469275596228840e+00
1.718173554372285139e+00
2.644110068278644121e+01
-1.017847298125651889e+01
-7.173534130559716004e+00
1.171174636736986940e+01
-6.175687475264788873e+01
3.096081527325013383e+01
-1.328185645041037333e+01
-2.395116009015000103e+00
-5.581846877569432763e+00
-9.602703879201612835e-01
-2.109641041891194391e+00
4.788470649348101915e+01
-1.500781355842320863e+01
-3.993692842576933799e+00
-3.028983551334199831e+01
3.912643784399506330e+01
-4.313052601025631816e+00
-2.129885117411868123e+01
1.118517495868178457e+01
-2.046840915341562095e+00
1.299538049460255706e+01
-5.399053520797565398e-01
2.714401172833092346e+00
1.890160202984237969e+01
-5.448656748646499182e+01
3.036840636499013613e+01
8.110453312269299886e+00
-6.251980103400171629e+00
-1.742262983486222083e+01
6.878759466403010947e+00
-1.093251184825874134e+01
2.483248523866382129e+01
1.983788299242598896e+01
-1.278005669810193012e+01
-1.632067023974803988e+01
-1.725899035869377940e+01
-2.074421569433621926e+01
1.054699392425766291e+01
-2.700432903363645210e+01
8.274076555398664823e+00
3.452268260903380792e+01
3.980368542038137036e+01
1.853660692251709463e+01
8.268086640804796161e+00
1.730740290077199006e+01
5.077189320533318551e+01
8.557290026907878655e+00
-2.976725989922977789e+01
-6.017309931733223038e+00
-1.404953247093510527e+01
3.317108223825560742e+01
-3.927244498522037475e+01
-3.425512324260080277e+01
-1.746141702545185126e+01
-9.794175514591074716e+00
-2.232175598753306645e+01
1.566161997476000067e+01
5.181365101768051318e+00
7.803574136904302350e+00
-2.162051016210430632e+01
-1.891433470864740229e+01
-3.264774723364623554e+01
1.797489193313612077e+01
-1.872627295307260198e+01
1.691399806340041323e+01
-5.401567175240692187e+00
-1.484799471796983994e+01
-2.858680291806818730e+01
-8.492689080190530149e+00
-6.093894814730447251e+00
-6.843657461394215602e+00
2.231668097959526875e+01
4.182916215058719445e+01
-2.457260825906865875e+01
-4.285093947294800643e+01
-1.075072528427590157e+01
5.932985760432180200e+01
-3.239499973115754017e+01
1.787778586713986329e+01
-6.502404641947464370e+00
-3.328817878865145019e+01
1.375553088260852519e+01
1.949624346154789123e+01
-9.659239713916036862e+00
1.831758832182941887e+01
-1.340333610304173817e+01
-3.121733322095221297e+01
5.242294149560422056e+01
2.498455586573254550e+01
1.414020512024575282e+01
7.850946354072391387e+00
1.494313107356047965e+01
4.510957671780340661e+01
-1.472378859392697059e+01
3.346729510822655129e+00
-7.554609042047303546e+01
8.767273782796777937e+00
-3.701220463115527082e+01
7.762498758592329295e+00
1.218880144031768964e+01
-1.994619640566219232e+01
-2.828609933996710879e+01
1.211855982443125868e+00
-1.684452167613966367e+01
2.133019684175840780e+01
-2.775545910140689898e+01
-3.076772143449090890e+00
-2.009560529373563043e+01
-1.946989963485748376e+00
1.107897345305346448e+00
1.246265655251428939e+01
4.334421768062384217e-01
-2.875299219380053728e+00
3.557687905120017291e+01
5.036501305487401225e+01
2.720131915310072657e+01
3.930171923284521540e+01
-6.461790577179129968e+00
5.555645103961381892e+00
2.938509977356471836e+01
-4.979201696851447423e-01
-4.207682092270346175e+01
-2.256347686401561603e+01
-2.804841867870173644e+01
-1.532801839061827565e+01
1.586116915344851463e+01
-6.574030252590063128e+01
-9.266998848189444971e+00
2.452968956500492936e+01
-2.073350973328609825e+01
-1.726770783366532669e+01
3.301405345799054203e+01
2.462693024500859451e+01
-1.833034889470363282e+01
1.541089456621295994e+01
-1.407037251795136967e+01
1.890653730726625525e+01
1.833240781745587356e+00
7.324580162582932985e+00
-4.723111123892810070e+01
-2.619157875433311489e+01
-4.800150856652180664e+00
-9.169296205408823397e-01
-2.261448539874652397e+01
6.022845955962384323e+01
-9.667022794105037065e+00
-1.788509927537911892e+01
1.969993069686393028e+01
-2.543520285668336811e+01
-2.028298571411237106e+01
1.810843634935758928e+01
7.101017725733029806e+00
8.510108176845619710e+00
8.715904612114144356e+00
-6.126411486069400780e+00
8.835709738599177854e+00
3.228445860164261205e+01
-1.466352829430414317e+01
1.063169458117695854e+01
5.040164260533971685e+01
1.812022879027665567e+01
-4.182310658366645839e+00
-1.134919480755865351e+01
8.624217304734295908e+01
-1.182676033072596056e+01
2.077412545210998474e+01
1.434686260496872023e+01
1.629989543638319560e+01
4.897460009994449592e+01
2.655134133399201346e+01
-1.494284178700556964e+00
1.343207995330413951e+01
2.720801192082188891e+01
1.994390660232883761e+01
-3.224153958799632846e+01
5.220680921356995441e+01
-4.647855124922212156e+01
-6.809065431839108840e+00
3.049183533177252059e+01
8.309204447235082114e+00
4.166309279332097049e+00
1.568597024281077523e+01
1.240606886983815116e+01
1.906453509538297908e+01
-3.466127077590044792e+01
2.203975920582877279e+00
-1.473102359615421619e+01
-3.699460665315683627e+00
-2.472094836476571800e+00
-5.949671966319296956e+00
-3.183887703629295629e+00
4.639140546334976989e+01
-4.686301952143054450e+00
-1.438731044121497860e+01
-1.427062875757645344e+00
7.205323424067628935e+00
-3.301105011274856338e+01
-2.835139668653613398e+01
-2.008233903063499781e+01
-3.423838532983609184e+01
-8.863688984497596124e+00
-2.311907294384052136e+01
1.008887900562152140e+01
7.207001896579967593e-01
-6.925832113475877350e+00
-4.569369420780603264e+00
3.177964427899567568e+00
-8.096263276318111934e+00
3.771020895676643647e+01
-4.788708987001825790e+01
-8.400271338061795490e+00
-7.474177858152494025e+00
8.822568932635988403e+00
1.249711567595082329e+01
-2.601942883653362060e+01
-8.405078005162607724e+00
2.377965429450145507e+01
-1.112573012745229306e+01
8.808400583000491224e+00
1.885859089997964588e+01
-1.619502528883543846e+00
6.168304694000460131e+01
-7.718750478530012060e+00
-1.750749202524002612e+01
1.771180292548422130e+00
-1.359230959281850915e+01
3.021150180443576971e+01
-2.343352401815545250e+01
6.718005664755764883e+00
3.136635581392170025e+01
-6.999643578361428808e+00
6.540535325348673723e+01
7.079438337195495023e+01
-3.669373356352707560e+01
3.259866736621792427e+01
1.203107038326828615e+01
-3.078748242598116747e+01
9.164968044676228942e+00
2.323420871734467141e+01
2.375081753840819943e+01
1.269971580088437690e+00
9.382003842844653718e+00
4.114365877935756544e+01
-1.298024560805109218e+01
7.896250597924602488e+00
3.965617957384438341e+01
-2.043469896413516551e+01
-1.101675680166528082e+01
3.092952603756142338e+01
1.586840587026839700e+01
4.179753602776679600e+01
1.665977409921856633e+01
6.002894355101261681e+00
1.472637853273221253e+01
2.235807472063686419e+01
-2.960944666666568992e+01
3.788025436581534677e+00
1.367308900625269352e+01
6.425923275552463565e+00
1.307136171023032034e+01
-3.380903928522113233e+01
1.765787538885490449e+01
-2.359317707869371361e+01
-1.839738710537503152e+01
1.180783366630885212e+01
-6.434930119678000437e+00
3.195091361661258134e+01
-9.202770194872528009e+00
1.661090081387982309e+01
1.787151786807129383e+01
4.289418400326813696e+01
3.010555889536513519e+01
2.693149321956629194e+01
-1.808939473425198230e+00
-4.625923103400054970e+00
-1.764743350217605666e+01
4.408674041890745343e+01
4.384988279409176926e+01
2.155839642239624254e+01
-1.388340794461625194e+01
2.746203878565057721e+01
-2.825395629180377455e+00
9.835118525502707598e+00
3.647709021821637521e+01
-6.667716223377198048e-01
-4.382207615337222251e+00
-1.111460134708926262e+01
-3.230351079783656587e+01
5.273903929155068226e+01
2.793658927220792521e+01
-3.297447531519034669e+01
-9.080430464913916921e+00
1.452106193902793407e+01
-5.495454034033372182e+00
3.502808591684259909e+01
6.931705006079511122e+00
4.412691003710853010e+01
1.916695078093790983e+01
-1.253081303813701197e+01
1.105232670457758104e+01
-3.451414723388694483e+00
-1.515376594810095412e+01
8.666941961308651798e+00
8.271722755249527381e+00
5.186475442770178290e+01
4.357562219676449899e+01
3.065117895502058332e+01
3.684085199258129251e+01
4.799936740709398464e+00
-1.433078053234095250e+01
7.911507465645513548e+00
-1.845631285214998130e+01
-2.967378483296608493e+01
-3.075859001966858841e+01
-1.724461506913428366e+01
-6.013627882487543275e+01
-1.929845434387786440e+01
-4.792183103506307873e+01
1.299016439066588013e+01
-2.561309758917845514e+01
2.575013960156232429e+01
-5.475983443028225395e+01
-1.649151955183184270e+01
2.368434428444891182e+01
1.158115444680311157e+01
-4.913158134656983123e+01
3.129347573173492947e+01
-1.431946486127884555e+01
2.976296679903525444e+01
-1.280402141910258251e+01
-4.336518616986236907e+01
7.916167945451988430e+00
-3.601015958278685503e+01
-4.114361953123193416e+00
-1.665822657540346086e+00
2.259674701524517104e+01
6.974718960477309793e+01
-2.386705322620807124e+01
-1.933080948790903619e+01
-2.321368137971063561e+00
-6.307936770365245138e+00
-4.468134657425299139e+01
-3.082735109030383569e+01
2.645854325962493192e+01
-1.175412272224122034e+01
1.122104914559002964e+01
-2.716264895745231911e+01
-9.089569422601528004e+00
-2.293990629301180206e+01
2.854215657518720661e+01
5.245256900837091507e+00
-1.235212839521045680e+01
-9.419542364329828388e+00
6.570558963403001940e+00
-4.505472721675459979e+00
2.383602398371263575e+01
-1.425242708683140336e+01
5.539148972354439593e+00
1.964873023604084779e+01
7.576565345682354291e+00
-1.177489726437826789e+01
8.510463165468087254e+01
3.255773297880485018e+01
2.357123817460369253e+00
5.644670561994644231e+00
-3.467033396816742652e+01
1.860978326867487453e+01
-4.231258287671866469e+01
-1.610104210186722185e+01
-3.046422523858092291e+01
-1.096625284536736444e+01
3.145683445469859407e+01
-3.137614219936163806e+01
1.326393553047579843e+01
-2.138169030244768010e+00
1.145136855971799150e+00
-1.984631760607959450e+01
-2.455338112638733605e+01
-3.127007438222676683e+00
-1.976471686205739076e+01
-1.094650997981111118e+01
-2.288590565453128534e+01
-5.134246919127775755e+00
-1.922758644292849795e+01
-2.778872471037126957e+01
1.154604973444433114e+01
-7.943740982033773435e+00
1.355362145505404214e+01
4.704193970794001700e+00
-4.216382975225496921e+01
-2.904652968057611417e+01
-2.529463200608779516e+01
1.792643563162152986e+01
-1.358539947022279648e+00
-3.431062158132975526e+01
3.262854711876931901e+01
-2.167798699435491727e+01
3.165094639728917514e+01
-1.753200322324456906e+01
-2.673708635263255928e+01
1.309859754545720989e+01
-3.761135247461956510e+01
-1.906466142639001760e+01
3.430368363864147341e+01
1.045729916029040396e+01
-2.433956288265233070e+01
3.005564910104850185e+01
-1.004880536682270531e+01
-2.105862205543627397e+01
-1.683416190254743583e+01
-2.775046574298386304e+01
1.535850431922837345e+01
-4.980287650742030792e+01
-4.386727659949022495e+01
-5.636295800672769474e+00
-1.667696063928590888e+01
-3.274386089121873766e+01
4.071099325431140414e+01
7.432121094056347488e+01
-1.522981868062464628e+01
-2.005489511897252441e+00
-3.355966880403914843e+01
3.631889761824413654e+01
1.129570705388422880e+01
-1.327488258748775252e+01
-2.018589316460746375e+01
8.168695968535963914e+00
-3.214562787396823751e+01
-9.803779329140866139e+00
-4.815793147222049697e+01
2.020033179407596435e+01
6.103504283699891175e+00
-9.709510520102071496e-01
-5.761519091647699042e+00
-2.219128906165326498e+01
-6.085406145389328003e+00
7.270324080009623913e+01
-1.016041337644355735e+01
-2.664941995235381000e+01
-3.872680969791832695e+01
7.732512186732435566e+00
-2.079693948253015634e+01
6.035860813004617853e+00
1.680757202002232020e+01
4.248874197181237378e+00
1.734779134266976541e+01
8.377769601047418746e+00
3.246663690674034797e+01
1.458577173769749891e+01
-1.941360824722346479e+01
2.660755869975155008e+01
1.935274505383313226e+01
6.849069217100662854e+00
2.351013888718324552e+01
-1.575543245652090718e+01
4.089729413080871723e+01
1.306185516675349234e+01
-1.757732968952296915e+01
-3.259881701012393052e+00
-1.001937740654165054e+01
1.133866666228414033e+01
-1.290381096517968729e+01
-4.389924054107567031e+00
-7.099227225662048113e+00
4.489309793149038796e+01
3.062195800565828563e+01
-3.597489041239906271e+01
-4.512264382006108576e+00
-2.925861968781543965e+01
-8.035218755544093483e+00
-1.308891753854118178e+01
4.759903473138280106e+00
-5.522415042151784803e-01
-1.594301572264464539e+01
9.419879781625823512e+00
-4.568181723160385843e+00
-5.187720744204234791e+00
4.778125072373208582e+01
8.001066299802982229e+00
-4.578919506202230849e+01
-2.201671177338289453e+01
5.314415074445975051e+01
1.511643011115302215e+01
-5.279028370904256917e+00
5.923846830875471881e+01
-8.927922346425873457e+00
-5.069155126015942869e+00
-4.486143291567600500e+00
8.577312077409487756e+00
1.729636808766318978e+01
2.426202347862364661e+00
1.606986778261301652e+01
-7.084546494504706970e+00
-1.951683531534094129e+01
-2.311390902016538718e+01
-2.657831620942579320e+01
2.283673682288684859e+01
7.173179952178436736e+00
2.114724837291510084e+01
7.723187193149129826e+00
4.948592512586071734e+01
1.035393714894247097e+01
-4.472360024432941827e+01
-1.900692101904078868e+01
3.389079932469613254e+00
-1.614130136523880310e+01
3.502076308640627644e+01
-7.701609501203506625e+00
9.313013429876093596e+00
2.923287804404193935e+01
-4.139219353680840641e+01
8.291562018630511943e+01
1.149932094850248632e+01
1.322440052549370648e+01
2.004926532529250949e+01
4.135392849948146932e+00
-2.294221782463239379e-01
1.941942067684422568e+01
-2.053889420199357119e+01
4.600927018006831304e+01
4.068755693647450755e+01
-2.311418424516902803e+01
8.895939406141565087e+00
3.877805860313145558e+01
-1.139904688206425476e+01
9.686045058035517741e+00
2.088593228160189597e+01
2.246852542105622774e+01
-4.232680997294511371e+01
-5.697396815321553731e+00
-1.698242241148292919e+01
-1.700272037826721316e+00
-4.400251257567617813e+00
9.785244284004193105e-01
-6.913675513989289811e+00
-1.761497688606152678e+01
7.319622494304084626e+00
3.808046019143517924e+00
2.940188457581215076e+01
-2.427002155309797615e+01
2.418988557495993064e+01
2.617500539265209625e+01
-6.898329765744108499e+00
4.514379592542414343e+01
-3.772712481552881059e+01
-5.713371155017161129e+01
-4.796806136694796052e+00
-4.402430610308442738e+00
-6.728226938876105123e-01
4.431630399899692208e+01
-2.702571918821782049e+00
2.372995345046840043e+01
2.977278343836624686e+01
2.070662294901518408e+01
-6.392201484009603973e+00
3.301582855372782888e+01
-8.808427656783280213e+00
-1.963623651474802045e+01
-2.267196478635443668e+01
5.999833404471608844e+00
1.956959035839886951e+01
-7.375808139053248169e-01
1.927882109193416227e+01
3.049038235131718011e-01
3.356819904285417522e+01
9.579446952898251766e+00
5.002839403848710731e+00
-2.091285933808194386e+00
1.783629539823789401e+01
2.079224664608886997e+01
9.525380333522718956e+00
-9.838446528417392756e-01
-3.046225775772343525e+01
1.612259190569556466e+01
1.053174689454914414e+01
1.966137579249713241e+01
1.558712047113627364e+01
2.001455441398022828e+01
-4.789232389392608980e+00
1.726283528451045868e+01
-1.487733279181907164e+01
-3.817166658579935756e-01
-2.999443042796821146e+01
-1.700582598589426198e+01
2.225942299452798068e+01
-4.987253242353010307e+01
1.467432805314879829e+01
8.785341823454416499e+00
4.596462215599839851e+01
-1.045982293098244043e+01
1.845667567559933175e+01
-5.512851684562804166e+00
-2.680770062948088750e+01
-3.759998032237331245e+01
-6.483967012489330273e+00
-4.892792986682628964e+01
6.497812230996999006e+00
-1.099820068722987010e+01
1.707494821458929124e+01
1.305029985049219476e+01
-1.581012619072740222e+01
-1.618973023262333299e+01
2.264923279488886365e+01
-3.405112673394070555e+01
-6.759366781711833028e+00
-1.047055023984108857e+01
1.514260199759186420e+01
5.350913732562787573e-01
1.490903347291265391e+00
-1.044344242176217108e+01
3.032045768136271136e+01
-3.069375381538475267e+01
3.761863290936616977e+00
3.332041089560644309e+01
-2.035909488128322664e+01
1.717328363986126760e+00
-1.416499889357396569e-01
-3.600403215271604296e+01
-2.212437826631395410e+01
-2.744349082573210197e+00
1.562141083975527778e+01
1.826443069246667505e+01
3.385278674093797235e+00
-5.339219984468002167e+00
9.842103579373940647e+00
-2.351761591599930057e+01
-1.095702362130282381e+00
-2.869999782310574687e+01
-1.544430571565428068e+01
2.689035648094807129e+01
-1.578692266564738134e+01
3.754223320407467668e+01
-1.330318973247258896e+01
1.810591253854548199e+01
1.397215911429576352e+01
-3.507078191603553563e+01
-1.388097250414624284e+01
4.839762247100367176e+00
-2.311922022889606865e+01
-2.083443750158629371e+01
-4.832597501232964987e+01
-2.989408397372380932e+01
-2.824070708250420125e+01
-2.429383143512063725e+01
4.522678788350873447e-01
1.007212385389622966e+01
3.786949177327329608e+00
1.346951997021451142e+01
-3.139960891527394438e+01
8.441702216840099027e+00
1.493767821699729836e+01
-3.723957756503419603e+01
-3.439672525954065918e+01
-2.335681986424378920e+01
-1.504312949570997660e+01
8.977259557043851146e+00
-7.278914350794707389e-01
-2.327790656911378164e+01
1.655621878975233585e+01
-1.320463693793510629e+01
2.776325922983781425e+01
-4.919661146180905575e+01
3.499068831833579907e+01
-5.000842158316523012e+00
-2.216388218327642790e+01
-1.383601692622397650e+01
1.039178008803446573e+00
2.473200253422758621e+01
-4.075203247279245033e+01
-6.528877939989769175e+00
-1.119394515142450075e+01
2.471894470196605198e+01
4.619311580185853927e+01
-5.493737498481573311e+01
5.137812661344776188e+01
2.295674366783221387e+01
-4.123357358958368479e+01
-1.764471053424239244e+01
4.378287600437903393e+01
3.283306192701746795e+01
-1.150931771424575345e+01
-3.232867628907342805e+00
7.918945509168231922e+00
4.124154050728975562e+01
-3.136487521348351493e+01
7.006019340807768003e+00
-4.616850598760365187e+00
1.506993930499584167e+01
-4.010596287318416842e+01
-1.829837099975453185e+00
-1.679408911572900820e+01
2.638367584089385787e+01
2.325672995115264996e+01
-4.824614142599148181e+01
-2.639200550724621053e+01
-1.192428644245848091e+01
-2.352416743434001489e+01
-6.436001475957837670e+00
-1.121994765800744176e+01
2.483957280632895959e+01
2.320455109621909173e+01
-1.162601747659522289e+00
-2.537181190697209843e+01
-4.700234305610970864e+01
2.628073327943241111e+01
-2.712481067627182085e+01
-2.010775389932527446e+01
3.273771028656803139e+00
-1.984711174236140607e+01
-2.158905971962801118e+01
-1.581973758920582895e+01
-2.645971661758434834e+01
-1.431751754445168245e+01
-2.869424799353006961e+01
3.089066454417608298e+01
3.390991953917956891e+01
-3.656295437559322181e+00
-1.211220516096585698e+01
-2.479647836738081423e-01
2.512144825629900424e+01
-4.746580770894048840e+01
-1.096721067386511095e+01
2.717333284522635495e+01
3.918589464429831537e+01
-9.265078266193484069e+00
5.458334280172664421e+00
3.031715967237821019e+01
9.166366281158516927e+00
-5.429714110665031512e-01
-2.458490661619310913e+01
1.115929298171289474e+01
-1.915460831522290164e+01
-5.779153611224387532e+00
-1.073725038070173810e+01
-9.085933156654533605e+00
1.253389720034280685e+01
4.369114511987709193e+01
-1.316819547725415873e+00
1.887949835248434738e+00
-5.029688306013601107e+01
-1.046130017623426056e+01
-1.986483325988439219e+01
-1.187251787097238775e-01
-2.595721267677606647e+01
4.714111784966272012e+01
4.482033484775502075e+01
7.733787896798347106e+00
-1.091889364462119261e+01
9.192001714375706456e+00
1.137871921185347901e+01
-2.636915391768953754e+01
-4.666235732997392915e+00
1.049061234137980136e+01
7.351117275530455686e+00
3.045377502782672252e+01
2.233056962772317888e+01
-1.169846008658441860e+01
1.436974582283042423e+01
-5.479558058448910174e+01
-6.608539313596324405e-01
4.820090786929407045e+01
6.582660638777952045e+00
-1.160930167711399008e+00
1.689877447151835099e+01
-1.584342045523844078e+01
4.967366615628476723e+01
-9.194730907292793631e+00
4.445358440061590954e+01
2.165991930861324732e+01
-2.238724454879582026e+01
1.789133040130869290e+01
-1.691813096364587921e+01
-3.998280516998505618e+01
-3.565576389272138158e+00
-3.078526140102945163e+01
-2.906397955420760582e+01
-2.732012328595999406e+00
1.998341828002151033e+01
-5.377500093345588539e+00
-1.730168510740571719e+01
4.966165571573412763e+00
-3.828433962700580651e+01
-3.897265406805530574e+00
-4.588827386466778080e+01
2.697588249583051834e+01
-6.443419795316032150e-01
-2.762307667193226735e+01
-9.160493863685744031e+00
1.023865667144761460e+01
-1.957365025327784736e+01
-2.525467939272645879e+01
5.220375593913979628e+01
-1.338810645248807418e+01
-2.226679905718981445e+01
1.511463324127214491e+01
-9.787169509185972061e+00
3.028046114484699558e+01
-2.544524328064198926e+00
3.858098125774304776e+00
5.984492082235726684e+01
-6.882994650374229195e+00
-2.029579784169712298e+01
-2.383488928480107916e+01
-2.816397665941241257e+01
-1.894476688703093714e+01
1.499964789556753431e+01
1.503691633900760394e+01
1.232301567707506251e+01
4.071168617985557603e+01
1.837498470940431616e+00
1.158781103213590313e+01
-3.521475399900309355e+01
1.489617756464099330e+00
-1.029835967175986866e+01
-1.477196778807922328e+01
-1.930157864148725366e+00
1.867033210933743703e+01
2.117478210439514896e+01
-3.781582501331559598e-01
6.772041520523828240e+00
1.527514822893676438e+01
1.932190975739295880e+01
-1.357208754909976278e+01
-7.017189809969920589e+00
3.813282631004142331e-01
-1.279882365899857177e+01
-2.788153020304719121e+00
-1.990163593475136850e+01
4.402469285376008656e+01
3.566700784947300917e+01
-9.046031639820284909e+00
8.890111711759971058e+00
-2.568991201660459467e+00
-1.664433825092817187e+01
1.978955351320340128e+01
-5.299077540986047552e+00
2.219116710763341871e+01
-2.905538309314274414e+01
9.970691546185662446e+00
-5.517039529773455797e+00
-2.989318134171799102e+01
-1.355379627779518614e+01
1.483981231772564513e+01
-5.067089148007119093e+01
2.388400251623602344e+01
2.587607258744671412e+01
-5.543122267494529964e+00
-3.323271379595595931e+00
-1.768247610404387160e+00
1.386177848067490004e+01
-1.813820004755632453e+01
2.005232919822386251e+01
1.692474307477064599e+01
-5.458826822412868296e+01
-1.965770155538899644e+01
1.319552565004041611e+01
-4.710402935094776922e+00
2.410942691973004059e+01
-3.540059813633493491e+01
-2.987908023881857389e+00
-2.324964267035298704e+01
-7.143307551172786418e+01
4.270971732897785955e+01
-3.240374916924002946e+01
-3.397841187454981338e+01
4.958095155880762661e+00
7.203232121243250674e+01
6.361002087110705361e-01
-1.561743349870903330e+01
-1.744529148120022910e+00
-3.043207822408390939e+00
-4.757343086488448591e+01
-3.402745449435087721e+01
4.551088663875491136e+01
-5.694633724263781005e+00
-2.093241406421969231e+01
2.740465136222792353e+01
-1.992898669659144417e+01
2.049592740284458614e+01
2.958872899841841075e+01
-3.171428794461282052e+01
-1.559247996481744281e+01
-1.930803832165577205e+01
-9.968916047572861316e+00
-9.772964090151852190e+00
-5.782297574554036146e+00
7.941362004618326864e+00
-1.896425296569774588e+01
1.576506624986237171e+01
3.217685138697252256e+01
-4.998785966183703522e+00
-1.132889857936325484e+01
8.105239298327887809e+00
3.110865080429459795e+01
2.898526556023685430e+01
5.449023900098779905e+00
-3.081533945190926715e+00
-4.839191305987441183e+00
-2.819796982199274282e+01
2.136796155442397094e+01
-1.238772488772843872e+01
1.104725936753027327e+01
-7.764149546725832352e+00
1.499972646765195350e+01
1.015990331506828426e+01
-4.472060122956429495e+01
-1.479853303128675179e+01
-4.364900754895491275e+01
-1.981059359161548628e+01
2.934091641048354404e+00
-9.558546571823370641e+00
1.814380859906701460e+01
-1.667676416969533193e+01
2.062818166231878081e+00
5.965919203648695657e+00
3.929192742290058504e+01
1.991961658206685115e+01
-1.679269873971594507e+01
-6.844549255802832022e-01
6.739410992689556679e+00
2.129950321882662934e+01
1.921035722253066069e-01
3.032391469871137701e+01
1.246560117197629936e+01
5.029128856112004087e+01
1.049312711035781831e+00
3.636617489204141407e+01
-1.500322137809264689e+01
-2.092123716176479320e+01
2.442697322343150290e+00
5.197955534863240246e+00
1.487753775032379622e+01
-7.873326324868514803e+00
-7.589728904048932634e+00
1.440115867949179318e+01
-2.690768629720116678e+01
-3.061193668581020688e+01
4.399823103815313630e+01
-3.308810934105849810e+00
-2.169315102630536529e+01
-2.235784224669899345e+00
-7.481000236421948557e+00
2.362145703318867618e+01
1.836226258434584224e+01
-1.120993550919365589e+01
4.731997842521025177e-01
-1.467712758046792487e+01
-1.959271621535077657e+01
-1.483410049546017717e+01
-5.365663300568415650e+01
5.467944703922000826e-02
-3.572476994000297168e+01
-3.090886207758489945e+01
-2.067253973222295826e+01
1.063629166549941374e+01
-2.022967117294135164e+01
1.283088676193441557e+01
-3.399818547570057348e+01
5.902959831924476930e-01
-2.298210187262923654e+01
4.765882048791112879e+00
6.241667741365333200e+00
1.852897876054834114e+01
-1.165270383770260310e+01
-8.846142389934641415e+00
1.640824300882433562e+01
3.288051885242283845e+01
1.822967519964163330e+01
4.610027524487691153e+00
-3.981426690756629938e+01
-9.454638068549527929e+00
-1.754695445785040420e+01
-3.352405369035506055e+01
2.243614464091280070e+01
-2.015331573100638707e+01
-1.821589921639301224e+00
-1.557089787601718456e+01
-5.534384936952551470e+01
2.869402576156039686e+01
-9.769760967898946546e+00
2.249465538940393117e+01
-3.961784120084612937e+01
3.741723514761235947e+01
2.041233307200656100e+00
-1.596947169949847378e+01
4.797684838261943696e+00
-1.154830657532187388e+01
-3.636023403735273973e+01
8.015929511981582323e+00
1.979880713913172485e+01
9.670831611978769615e-01
-2.011020908803675411e+01
-9.092102261821963793e+00
9.736365080539030714e+00
1.771941833677342970e+01
3.497329936692290886e+01
1.313966347375270516e+01
-1.289279241692483424e+01
5.298676308389200784e+01
1.329766932824258063e+01
2.356339167061396012e+01
-1.014557220055388598e+01
1.552338313715989671e+01
1.088709127205817140e+01
-3.440815952409144529e+01
-1.144675824955029952e+01
-2.270469777798905753e+01
-2.049436149178947630e+01
-6.713782496661735877e+00
-7.695991117938319803e+00
-2.342996936028987420e+01
-6.149059092378318780e+01
-1.603529779559229240e+01
6.916333324470883781e+00
5.059232243953317720e+00
7.718643346488406110e+00
2.573951918290600815e+01
7.776047065269303005e+00
1.803484621024472290e+01
-2.309497160555827122e+01
2.537922659910810808e+01
-2.523520783346037888e+01
-3.991973266874191495e+01
1.219501882680702920e+01
-2.397104431930455348e+01
-2.178028521373762771e+01
-8.798356593912586732e+01
-6.428861528910481127e+00
4.526604740731414722e+01
2.352404195445006962e+01
-5.687728811543934171e+00
-7.669452589308576762e+00
2.096977770826688925e+01
3.692242131495487456e+01
-2.309993074703471194e+01
-5.969122406229189437e+00
-1.889540064378942930e+01
-1.948963631826831033e+01
-1.705240446634848439e+01
7.020130388093740237e+00
3.925898643727373383e+01
-3.618548636556727160e+01
-3.113670778974125142e+01
1.829081956034855239e+00
-5.915726474108453203e+00
-7.384664887221820351e+00
-5.005753451864262615e+01
3.492714908444987998e+01
1.330517274136644801e+01
5.225488977821235892e+00
2.686264653773658040e+01
-1.821213888986679663e+01
1.717223038153728965e+01
1.542846370935066602e+01
2.010468060620411279e+00
-3.373873573710323370e+00
4.898674385309238488e+00
-8.771997503872249524e+00
2.816864257258070836e+01
-2.222591988200503010e+01
2.391573680815133685e+01
5.350424067185571175e+00
8.022118812629685181e+00
1.262985292414896321e+01
-4.829294808916353077e+01
4.689365663714454513e+00
-3.719719923338269041e+01
-2.718977354679499570e+01
-2.719082362479286985e+01
-2.771991437396951596e+01
2.879990046436091689e-01
9.311390616779235074e+00
2.765151348764814543e+01
4.797168919301071810e+00
7.983265242229673930e+00
-3.897403057640690349e+01
-1.415286332027733351e+01
1.889089223129755624e+01
-1.131060125291405427e+00
-2.714940140921839884e-02
-4.921269098664254216e+00
1.944068653390165480e+01
-5.066070930102836201e+01
6.246396526702053364e+00
1.124088258045799193e+01
2.400108530648356009e+01
2.052514127183705028e+01
-3.140758484951209084e+01
6.249224468154835677e+00
3.244115751365711731e+00
2.621448681406207015e+00
3.311312017778845984e+00
-1.045367192098265718e+01
-1.957842520893024130e+01
1.050372084502524217e+01
3.337462519998803145e+01
-2.761993493900263275e+00
6.412532211490912459e+00
9.439113412218915755e+00
-1.423638708248009266e+01
-1.508618165406227263e+01
-6.623022128903021155e+01
-2.047070845706355158e+01
-3.030622900345146320e+01
-3.704531370841806392e+00
-3.746415176498817345e+01
4.165682025646253805e+01
-1.736970445169743016e+01
-2.975768817571162117e+01
-8.582595440977797807e+01
3.686235327909787429e+01
7.403482263656059104e+00
3.395541345286034129e+00
-3.477454190951718260e+01
4.903312643933190884e+00
-1.107220147988988401e+01
-1.818375960053804619e+01
6.499675267366601616e+00
1.873190528344665040e+01
4.057946819229400148e+00
-1.179929819270643065e+01
-1.279935999422150417e-01
1.536742357225762134e+00
8.720167288076368095e+00
-3.523983765951721381e+01
4.003830915371205634e+01
-2.378487063225408349e+01
-1.661184455297694740e+01
-2.716722193684319109e+01
-5.769901299035011988e+01
4.992494720573240841e+00
-2.905137356331621845e+01
-1.055797176967733009e+01
1.809357083162780100e+01
-1.434875044436424218e+01
-1.916324853010507923e+00
-6.525400324957175258e+00
-1.112906830071955255e+01
1.768059081557805001e+00
3.009909165607520265e+01
-2.787767276391596738e+01
5.518531317973378236e+01
-1.255146515433801824e+01
1.853106146800742238e+01
-7.629538112720922527e+00
6.310967870547120384e+00
-6.032002099796557104e+00
2.431288125772402964e+01
3.398123031024849894e+01
1.061841234165659387e+01
2.551635887956573612e+01
-1.973611704624440222e+01
-3.679060357711836815e+00
-1.235850379534150534e+01
3.806571950570486251e+01
3.194511147083352398e+01
2.414405386331134196e+01
-8.517657311965535882e+00
-1.542280494015386694e+01
1.379417560451869207e+01
-1.558453764616919557e+01
-6.885781281539379961e+00
-3.192258401506158805e+00
-1.636071548472271786e+01
2.753109007153850030e+01
-4.570176380896668888e+00
2.103590728570897284e+01
1.085553127752083569e+01
9.572732148591711621e+00
-1.833235924268973349e+01
1.467052477242285136e+01
-1.014842126388484189e+01
-6.539833485913277400e+00
-1.732320467203805947e+00
-2.665672683339317928e+01
4.131940287560445313e+01
-1.474795444466427696e+01
-1.776036374097770931e+00
1.234146724144375185e+01
1.065925388612839697e+01
4.108415737547392155e+01
-9.523879622266349543e+00
4.175771112515403161e+01
3.746273725084094508e+01
-5.190655742131178840e+01
2.808761745429457335e+00
-1.028328843499654965e+01
8.695707075603451131e+00
3.294169848914805243e+00
1.101614853057731125e+01
3.453030368095834746e+01
5.412568723333822618e+01
-4.161612632964056502e+01
4.190645833315954860e+01
-5.426160906868915390e+01
-4.501471368963471065e+01
-8.007384309464228522e+00
3.710123960982514291e-02
4.036006816091824589e+01
1.982025576502456943e+01
-6.662862671044564422e+00
-4.943148445761701737e+01
3.911832414249315804e+01
-2.313270279617870528e+01
9.984223021804154996e-01
-3.960762828058697949e+00
6.976013622846002704e+01
-1.403069772970343365e+01
-5.916210583083608299e+01
1.735124209702769349e+01
-9.014365841011355940e+01
6.374337813491464999e+00
-2.021212961785235507e+01
-1.020670629431504040e+01
-1.503317445983908840e+01
-3.239428945933252635e+01
2.120207890755008862e+01
-2.106663913015030687e+01
-6.510069094122115985e+00
-4.370911533403355520e+01
-2.419917208903655137e+00
-2.897820279602949967e+01
-4.133767475773316846e+01
-6.294019370397501234e+01
5.079638716235109541e+00
-1.973158594610970340e+01
3.479884737029010466e+00
-7.816505683776085789e+00
-4.502536782879622024e+01
-3.602228505781652501e+01
-3.022156207655200433e+01
-3.142040620004317475e+01
2.952601867892136767e+01
2.819023571616668278e+00
-2.761430849349136452e+01
-1.203368107256159192e+01
-1.360884979727012478e+01
2.230662102093096877e+01
-1.720965561866113092e+01
-4.236646277442822850e+00
-1.555878152776526235e+01
-1.979318904584738448e+01
-2.242971256908612077e+01
2.046108504021673014e+01
-8.621275156148129781e+00
-5.132145048828806466e+01
4.271323230528275872e+01
2.438961005195718457e+01
1.456595965379506197e+00
-4.329240756545016211e+01
-4.150040336633509241e+01
3.808143514560754284e+00
3.895732500081408034e-01
-1.753486260183001377e+01
-2.537098000870763670e+01
1.738663594719764660e+01
-3.060306915132287031e+00
1.458995260756688594e+01
2.717213280595314018e+01
1.759673989361655799e+01
1.770650683259815139e+01
1.325257997841330493e+01
-1.157262017676723076e+01
-8.265386685048895288e+00
-1.205486775204915517e+01
-2.036169450160429051e+01
-2.369694760371157827e+01
-3.531958150711267308e+01
-2.064730475161545797e+01
-5.660210932471272827e+00
-4.261215733755409474e+01
-7.928444745873321153e+00
2.026012842565620531e+01
-4.379815196779884445e+01
1.651754012610564359e+01
1.490722304561606393e+01
-3.990139212343774489e+01
-3.146521910552198165e+01
-9.527171104521045208e+00
9.747733178466774007e+00
-2.184505226357026686e+01
4.012904829261591999e+01
3.561481833116127405e+01
-4.289731782703739782e+01
2.480200790742293293e+01
1.930178210077232848e+01
4.856635724346745064e+00
1.203150926135714371e+01
-2.376649634575097991e+01
-7.241725688790850768e+00
4.618789600751938451e+00
1.068613475551379111e+01
2.348422660628320102e+01
-2.845652338722303654e+01
-3.334146883583287035e+00
8.306555300956446786e+00
3.001139750163389408e+00
-1.653834869329393342e+01
1.213802160057286983e+01
-1.418865825082559695e+01
-1.141410174568440539e+01
6.395333488416952150e-01
-3.381244555199330648e+01
1.648282126545332460e+00
-9.364369059936962003e+00
-7.690128367977308699e+00
4.687700681396648861e+00
-3.018064102419577921e+01
3.299279470565295469e+01
-1.402296421783157143e+01
-7.413460239058809975e+01
-4.744309058208099827e+01
2.057530603451266416e+01
-2.251522136366438076e+01
-1.045555620362875970e+01
-1.458485237018899028e+01
-1.021619292270992219e+01
-5.604140396601351881e+01
-3.515996564423289783e+00
-3.465141875286872164e+01
-1.918178345725010558e+01
1.179820401152363729e+01
4.378346055601386411e+01
1.578345632289167355e+00
-5.594476760954307792e-01
3.313865701823149834e+01
-3.085360933329748434e+01
1.776760008013540215e+01
4.226422742130239385e+00
-2.653425647885035232e+01
-1.419217239681950105e+01
1.239227509976967667e+01
3.607318226101412506e-01
6.762294808334203822e+00
5.732988646671628885e+00
-1.317345726033801157e+01
-1.808835512056180050e+01
-2.782886371755012078e+01
2.742826348223564992e+01
-3.590020940404155425e+01
-2.666366120383085558e+01
6.925728676178522392e+00
-4.840379975316666616e+01
1.254877382708704658e+01
3.570658901434791233e+01
-4.029666626677716579e+00
6.466904999406906995e+00
-1.604454036167433628e+01
-1.225484160983236848e+01
5.787228404628706357e+00
2.117015543204085759e+01
-2.161596523314552343e+01
1.504546519028602347e+01
-5.894453394496423471e+00
1.737032782382357254e+00
1.290015704716211076e+01
8.292900040327310762e+00
-7.177232448488574335e+00
1.312376364183194255e-01
1.067532377698341861e+01
1.592856208352623071e+01
-3.998505435736359459e+01
1.824134322403551778e+00
2.866540994797691866e+01
-5.140443865521126554e+01
1.690866873958475480e+01
-6.493308991577777078e+01
-5.997367917733704701e+00
-8.251152539920369122e+00
-2.895283073843984312e+00
-6.779752117717322335e+00
-1.398769337051498951e+01
-5.316442433929637446e+00
6.638013814230205867e+00
-1.486199804613000808e+01
6.707240436477860612e+00
4.877020165640018945e+01
-3.372952039717119987e+01
-1.469996910091145992e+01
2.217213901307729884e+01
1.337960958760314156e+01
2.435188186113036579e+01
1.176459836594923658e+01
1.172109701827855588e+01
-8.947616975566859310e+00
-2.729144865844151013e+01
-2.516724945636059374e+01
-1.503126889958218015e+01
2.593732929254272790e+00
-2.350546181099457499e+01
-7.780741396364952323e+00
4.052607401594514158e+00
1.323527444631008620e+01
-5.689167547872251873e+00
3.318393415408014846e+01
-3.218402630530653141e+01
-2.181793284438583669e+00
-1.697577500016587138e+00
1.529565485411249171e+01
-2.181150963840150325e+01
-1.381197072311448437e+01
1.043285949781688871e+01
2.496400123486438360e+01
4.153378528473083975e+01
1.774322810842653553e+01
2.324339834158023166e+01
-1.551966135728649832e+01
3.500810208761822651e+01
3.671503224098452733e+01
-1.408809453446281168e+00
1.896857207401654932e+01
2.093560350871851483e+01
-1.306441051622446992e+01
4.725635712851470771e+00
3.368341143466756193e+01
-1.339191813099569117e+01
-5.077627348681971853e+00
-3.344143173902700994e+01
1.319370539495253070e+01
-7.132005375926553370e+00
1.093691582005445184e+01
3.244818466243586386e+00
-2.208842384149100013e+01
2.527773056133381147e+01
2.225195782630501640e+01
-1.491967064312939328e+01
1.059447240899216069e+01
-3.388982899534704529e+01
-2.944792209351967927e+01
1.372094108641539378e+01
-3.778390755794129063e+01
-1.705544847394564556e+01
2.867507978897720022e+00
4.583611853931549263e+01
-1.412327667573555345e+01
-6.799600544537398150e+00
-9.990076986967949324e+00
6.214048168296278618e+01
7.727573771481687004e+00
-2.388765813591257370e+01
3.927735294496437746e+01
3.476881818648477207e+01
1.740447506241352471e+01
4.164147302684327201e+01
4.764308638965351861e+01
-4.140637114114667838e+00
-1.534133959642852574e+01
-1.606863839983680009e+01
1.601221375886836995e+01
2.080609588267830645e+01
-3.811184279643939021e+00
-1.281543519255109231e+01
-3.384047188293574493e+01
-1.398526435901167986e+01
-2.501892186618050573e+01
1.668661584870163495e+01
9.476221424457889952e+00
3.532710779961877279e+01
4.117128606545946923e+00
-1.304783588183624943e+01
-4.690638699152225755e+00
2.185459061646155021e+01
6.927810387826809801e+00
3.015046991597753845e+01
3.085845727163291485e+01
-6.681180776222532813e+00
-5.989902120090370374e+00
-5.563389071367993211e+01
2.802370623812742423e+01
-6.656110242055888193e-01
2.999778478365576007e+01
-1.198894286949403210e+01
-3.455016252828507106e+01
1.168458719156196857e+01
4.032780399092011692e+01
-1.448586836028668046e+01
3.656111338464921801e+01
-4.027424509660494323e+01
-1.274000639284761860e+01
-4.496185057953283604e+01
1.053000332423442842e+01
4.450246355081958427e+00
2.995971761422907775e+00
-3.437846143170042978e+01
5.009277945815347266e+01
2.996198958290995051e+01
4.877870834534121514e+00
-2.853312787720784627e+01
1.198475312732639964e+01
-1.287448141250411027e+01
-6.858333777312054735e+00
-1.324625066664771111e+01
1.012496651866695530e+01
-8.001986166568713088e+00
-1.114092395731773877e+01
1.150648763322726609e+01
1.430833024460773117e+01
-4.728614069795588648e+01
1.096909699890514389e+01
3.726490970482893772e+01
2.218084392625681289e+01
-5.764034318320351957e+00
8.406245418854894069e-01
-1.936256273267699157e+01
3.200187174966890780e+01
8.583856491524272769e+00
-2.303094563245934978e+00
-4.126619964567112220e+00
5.892881263701113426e+01
-1.767774399866340218e+00
1.343469618792357778e+01
4.115983111362371005e+01
5.300022709260454690e+01
3.425876005879760555e+01
2.233758989398745598e+01
-3.662437805965585369e+01
-2.496253625582292557e+01
1.896168855222991567e+01
3.849065443356948890e+00
1.741572243322113422e+01
8.765045174196885114e+00
3.384370544345370035e+01
-4.260429603606404214e+01
-2.683046355609243960e+01
-6.354098139082566377e+00
-4.704465939490589221e+01
1.051513285340465131e+01
2.422859520036386982e+01
3.734044592002135232e+00
-1.220605243566521381e+01
1.276335118772129817e+01
7.594290387531600572e+01
1.696854646721658355e+01
8.658390128417295273e+00
-2.579874371573444591e+01
-3.291077664079466558e+01
-8.057320892391381051e+00
1.818143035595537071e+01
-3.270342982476279303e+00
1.305465694051278547e+01
1.918179335723232271e+01
-3.132729346573285056e+01
1.433136711912680994e+01
2.426776610102911036e+01
3.096242063934346334e+01
-3.609642654029386222e+00
2.583238257245568548e+00
-5.510605150576864730e+00
-2.653235887426538397e+01
-3.807827521637437940e+01
4.358863659499767351e+01
-4.244749522179631640e+00
-3.031774663472099007e+01
2.985397465542064310e+00
-1.420217511932258958e+01
4.980331949271217695e+01
-1.280766752879935666e+01
-1.966479025952136794e+01
1.908697650622704600e+01
-9.016717720221166132e+00
2.441618338453389470e+01
7.335932475858442103e-01
5.330196329746291894e+01
2.894637209834656844e+01
2.188336164907401127e+00
-2.041638692218921847e+01
1.507026268508448652e+01
-2.955123258066781489e+01
-4.792171880709389598e+00
3.358959650767559424e+01
-1.533902774298422855e+01
-2.460545941474742904e+01
-1.329756385810551933e+01
2.741986748544405827e+01
6.923356214614635462e+00
-4.543555331403698005e+01
1.823346431029824544e+01
5.098071243210881676e+00
5.060479587732487516e+00
-2.760502380682993362e+01
1.587868036278507589e+00
1.851936707007604355e+01
2.625259195236124299e+01
3.615016748507569844e+01
1.583053085596752396e+01
2.139716632950012354e+00
-2.965530866310001556e+01
-2.564992100300486300e+01
-3.784694828298324865e+01
-7.214455292220350202e+00
1.739088437159662703e+01
-1.359568196284740793e+00
2.813057094618716292e+01
-1.793203775378367482e+01
8.992414900379117171e+00
-9.550335065873227336e+00
-1.640309048783301904e+01
3.355904652341641992e+01
3.878971626234203995e+00
3.451280084473222587e+01
2.621208138024996970e+00
1.220674833306834728e+01
-9.855541964781991737e+00
3.331598983847246132e+01
-9.141323136817703698e+00
3.540487563064163012e-01
-4.284942112941462256e+01
-5.259225236664761383e+00
3.922985822070836548e+01
3.505393438551604390e+01
1.478212656091668720e+01
-9.112179442567637011e+00
3.063749341118850111e+00
-1.150732176102245319e+01
-7.618880215383427412e+00
5.074685118519744975e+01
2.759945819263577960e+00
-1.439808114908643688e+01
-5.948246283597192985e+01
-2.607015962089413108e+01
-2.109788094072496278e+01
-3.520416173849585562e+01
-3.189141644462924319e+01
-3.798227038441072523e+01
-2.521973256208066516e+01
-1.746970112830382504e+01
-2.716687264530315815e+01
2.577200849464285426e+01
-1.142452949973767318e+01
-4.852622834779219829e+01
2.208273942744489204e+01
-1.672412398364526709e+01
-4.462568059224541628e+01
5.337081602104547073e+01
-1.431353481013667306e+01
9.427223498578086947e+00
2.202884829123786403e+01
4.944114016727041871e+00
1.465450157829428690e+01
1.786281636140429896e+00
1.057490192696324272e-01
-8.171407836542073255e+00
-4.149958354706964769e+01
6.554571134025877654e+00
-6.856263879663492844e+01
3.906113788602959858e+01
-2.344397808186602106e+01
-9.740348785718623503e+00
-1.003598524376718615e+01
8.254368408257674261e+00
-9.402596348825568384e+00
1.485838701107187632e+01
-3.042726142130221945e+01
1.971911973139654606e+01
2.377841315756455742e+01
5.750573043090128067e+00
6.316531956981293661e+00
1.190306410721909458e+01
5.021448224364291946e+00
1.520043429883281760e+01
-4.384524472935908079e+00
-3.874962045849561321e+01
5.279053424380265369e+00
-1.366848155413057953e+01
-2.998666893193160377e+00
3.049378082721227656e+01
-4.429830844769303155e+01
7.834222372069348239e-01
1.164666168173795313e+00
5.058265211679611184e+00
1.728646211265089505e+01
-6.708273116319581675e+00
4.584825560058823157e+01
2.429708011233842058e+01
-8.477434287327561435e+00
-4.150245749756265923e+00
2.090342555284109949e+00
4.249481504097661855e+01
-2.924329120683097472e+01
-5.690098777292115528e+01
1.702872826934395789e+01
-6.782865755211901160e+00
-9.250795418457684605e+00
9.133028333274864963e+00
4.200127600751977752e+01
2.453081358003490209e+01
-8.861425049164438406e+00
-2.908193998786941847e+01
-4.721068340574781530e+00
1.562453647566339399e+01
-8.466499847257978217e+00
-4.130804022233883188e+01
-3.378933896405101223e+00
-5.282663365242309794e+01
-2.812645966103781348e+01
4.551066621210922847e+01
-2.890035908531120867e+01
-3.788213597025597323e+01
-2.858619009871151917e+01
-2.049223218530156032e+01
2.009854274094359994e+01
4.679526415271793383e+01
-3.688102561525738565e+00
1.435800866125238429e+01
-1.181645872946393183e+01
-3.863524602850829126e+01
2.608901840968622921e+01
-2.624035119435876595e+01
1.449850183644704771e+01
1.776646590249907831e+01
-5.909528044561938032e+00
2.098158850069890491e+01
2.292263098551172362e+01
6.319276091599104461e+01
-6.611289435057642550e+00
-2.883635060483862844e+01
-3.501345147544191150e+01
-9.552318357022976159e+00
-1.867791771328451844e+01
5.265975181608828848e+01
-2.444014405468362838e+01
6.435629432493023216e+00
2.720268091500514629e+00
-1.227169438711355554e+01
-4.735996896142069090e+01
-3.491191473520473210e+00
5.496826801381860150e+01
9.685963328563857999e+00
4.184903260228310273e+00
-3.224824697312386945e+01
-3.208370664670781025e+01
-7.853507185188156825e+00
2.564806884525017949e+01
-1.417815752265545370e+01
5.737215600167542107e+01
-2.704065944571919999e+01
1.048692613780346505e+01
-7.633529044767726646e+00
-3.620994378194666297e+01
2.403030435390519415e+00
-2.861149849972844095e+01
-4.124275472821420863e+01
6.202356467270931262e+00
1.056986393742590735e+00
2.918548861749260936e+01
1.317884149624785550e+01
-1.875868019103659634e+01
1.199521618013011448e+01
-4.886109672368029067e+01
-2.671419782656511188e+01
4.978889864199044979e+01
4.609697177795979428e+00
-5.921727664028821891e+00
-1.662228283491953107e+01
-2.454709484619797877e+00
-5.532615040293137554e+00
4.972579923818801717e+01
2.325413833513702144e+01
-6.598246650139060421e+00
-1.945688655299250058e+00
-2.195071739617246109e+01
-8.751993041730258938e+00
-3.515700831322442355e+01
2.757179340162293002e+01
3.897407148877050531e+00
5.751123767124568076e+00
1.002629337906762430e+01
-4.460054291854255837e+00
-1.147758111448712803e+01
3.050510604804841819e+00
-6.041699684687371530e+01
-8.665403660381031159e+00
-5.738767877964903619e+00
-4.322154953493900109e+00
2.687466163402210384e+01
3.631395846688798201e+01
9.667140639219610421e+00
-5.315715869205671851e+01
3.472142959763846193e+01
-1.193773210635728788e+01
-2.089626379516317911e+01
-4.867267072285783058e+01
-1.678728822307591884e+01
3.470331450084388081e+01
1.704589462608674921e+01
5.595181801790033660e+00
1.880063870983039465e+01
-3.258747198390938138e+01
-2.598477663757660139e+01
3.147275947624794412e+01
2.170322746407181569e+01
2.681165863756166345e+01
2.772206381317673163e+00
4.711539908181777037e+00
3.043699672435698744e+01
5.388117183378872710e+01
-1.164016293991241469e+01
2.149678131769928768e+01
-1.448436718719619876e+01
-2.446822822923483187e+01
-1.935412458420277915e+01
-1.946176380471285938e+01
-8.095861848471628264e+00
-2.654448543195070442e+01
-1.092166039623725737e+01
-7.575436988784524317e+01
1.893942394249151562e+01
1.235028838892417724e+01
-2.659252438758819892e+00
-2.166520182382981830e+01
-1.031074074073390534e+01
-3.064547454210338628e+01
5.485524196878373004e+00
4.495737143309935391e+01
-1.232815667950012539e+01
-9.416884115956136725e+00
1.171172799605227510e+01
-2.851115100199164232e+01
4.720465837838022338e+01
8.187764714145409073e+00
7.791354822629386945e+00
2.758467821346312121e+01
-1.393617572087293865e+00
3.120892757929590289e+01
1.054947761274286222e+01
-2.188832053357714358e+00
4.556326474682535377e+00
-3.535614425013477558e+00
3.689782042755274460e+01
4.797907629128786766e+00
1.012568077640588626e+01
-6.481801755297738055e+00
7.842983530608464093e+00
-5.142655791467859672e+01
-1.959859744330742615e+01
-2.719275550267241215e+01
2.640785174362684984e+01
-1.782522660594074182e+01
-3.345960637711175423e+01
3.224336536083433202e+01
-6.777995733064955175e+00
2.256492968542704602e+01
-5.017652064358429698e+01
1.032800091753069616e+01
2.891190503033001846e+00
3.432090164857982018e+00
-6.495103906910514979e+00
-4.057630719052838231e+00
2.827282884163626164e+01
1.005748980892747113e+00
-2.828433351965892939e+01
-1.043534333936996461e+01
1.226050988006198850e+01
-6.402987217319173396e+01
-4.896077436015574591e+01
7.136246691948144871e-01
7.828793517161699356e+00
-2.615937472455222235e+01
-1.064420237335980346e+00
5.851288151023709361e+01
1.554556739194083548e+01
-2.994192502222108487e+01
5.204360424187697731e+00
-5.162873939883596108e+00
6.962725232079030491e+00
-1.981100953964187283e+01
1.224764251774480428e+01
1.463951843335712510e+01
-3.843144649487413744e+00
6.202969778289623548e+01
-4.391412204659872032e+00
-1.754734783184034086e+01
1.322971132561968943e+01
2.386296400368144077e+01
-1.875577758758950608e+01
-1.017142073883562148e+00
5.438902422275401705e+01
-1.560901019183745575e+00
3.265472688034978432e+01
8.118428835507870645e+00
-3.870456043147058267e+00
-1.262236431839522766e+01
2.898419285300916215e+01
-3.102978642059073877e+01
-5.770458946247174481e-01
-1.010575483834617216e+01
-2.203281015234196616e+01
8.353192627081766020e+00
1.476820807101695543e+01
2.408509622335486711e+00
-2.135719321287865569e-01
-2.210169013450845910e+01
8.987328741252738951e+00
-1.828007313956419466e+00
-1.257216580753735258e+01
-1.118464857770707255e+01
9.151410873790808864e+00
-2.068606092291020104e+00
-2.099463431030136462e+01
-6.053801872152010333e+01
5.827142596591002643e+00
1.070518526246377178e+01
-2.693123590969324255e+01
-1.326085497719748219e+01
4.591864431225367582e+01
6.243050390198106925e+00
2.190283491378653480e+01
4.798920815285157460e+00
2.211973352533659920e+01
3.189827584293396967e+00
-2.161873306558740637e+01
-6.061354271772259494e+00
3.023533768140822531e+00
1.748526743307928655e+01
4.185687880471192557e+01
2.732260166443788307e+01
1.691742815241866538e+00
9.499801201275573703e+00
3.363985377581042258e+01
1.467023794251524649e+01
-3.847561600632263890e+01
-1.532330350292258458e+01
6.187321363687573239e+00
4.732403573104932093e+00
1.369460502835630678e+01
-2.876115936052977418e+01
3.915195371534508695e+00
2.403522629623670070e+01
2.657075282345398648e+01
-2.387954954519520356e+01
2.553581314970188032e-02
-1.242317205022175131e+00
-9.441125294512005439e+00
-1.577488045315174503e+01
-8.601082444917892644e+00
-4.901863685028324369e+00
5.628339847935393436e+00
2.350406724477020504e+01
-1.715639918061012281e+01
4.495363986734213313e+01
1.821764772843525293e+01
1.490811458216234087e+01
1.967240223699334578e+01
1.505086513006665072e+01
2.021597551609691834e+01
3.039336007863805378e+01
-2.528952312714442030e+01
3.459104448302764467e+01
-6.339333833981280009e+01
1.758913956286373192e+01
-5.939815650941190484e+01
4.637446694682898851e+01
4.186768979099500143e+01
-5.228261773112592437e+00
-2.676499334428262955e+01
-2.358848601233427189e+01
-3.057009534442795484e+01
-3.520659896159156688e+01
3.145130458307917820e+01
2.336446346694560816e+01
1.328056921988817862e+01
1.571829313803726791e+01
2.485342159649727023e+01
-2.177300428628001328e+01
-9.860592576957174060e+00
3.064779394508029498e+01
-7.258796232064355536e+00
2.967486140253845406e+01
4.139225875831490953e+01
-3.215989602156064109e+00
-4.069519884885323791e+01
2.784599179093049770e+00
-1.455227465007681076e+00
-5.664450921151342300e+00
4.923178466833633138e-02
-3.622151246674820868e+01
-6.975351403582152443e+00
4.914316732478500427e+00
7.410429827292162486e+00
2.715222320138133227e+01
-2.373516598877577621e+01
3.094761419334508901e+01
-2.217061730143777254e+01
1.426307563843735693e+01
2.243136139638528448e+01
