---------------------
  #    meV     cm^-1
---------------------
  0    5.9      47.3
  1   10.7      86.5
  2   16.0     129.1
  3   22.2     179.3
  4   24.6     198.2
  5   36.2     291.7
  6   71.2     574.1
  7  123.6     997.1
  8  125.5    1012.4
  9  128.9    1039.4
 10  151.0    1217.7
 11  164.6    1327.3
 12  178.3    1438.0
 13  184.4    1487.1
 14  185.5    1496.4
 15  200.8    1619.7
 16  369.1    2976.9
 17  379.4    3059.7
 18  384.2    3098.7
 19  420.8    3394.1
 20  430.8    3474.6
---------------------
Zero-point energy: 1.807 eV