-3.480880136675857273e+01
-2.031371288116616824e+00
-7.171727204918560972e+00
2.416429075436671781e+01
-1.195320340383490532e+01
-9.254132315101827544e+00
-2.414635652858498815e+01
-5.050350815364998880e+01
-2.153599216137867955e+01
-2.270262704308055390e+01
-2.109411716196648001e+01
4.258938582448672960e+00
2.001649165802916741e+00
-1.067282592967131905e+00
1.735253343757605649e+00
2.661120085726952311e+01
-1.025366127789344262e+01
-7.240609689371368063e+00
1.180997594637005932e+01
-6.215447976048250922e+01
3.118531997431600189e+01
-1.337728510678527982e+01
-2.417955298208990911e+00
-5.614070314658007987e+00
-9.806558680714374532e-01
-2.136272483132984235e+00
4.820265246128158765e+01
-1.509352230545313489e+01
-4.024644610027394265e+00
-3.051234676591680284e+01
3.941777165605424216e+01
-4.355399618903319947e+00
-2.146286800009130502e+01
1.126020759594448606e+01
-2.058877002965431302e+00
1.309269107973031510e+01
-5.436524400678592883e-01
2.716775685631702686e+00
1.902497397440669857e+01
-5.486114926850208917e+01
3.056353482885165818e+01
8.153732186726216469e+00
-6.277918980447338981e+00
-1.753961223360838773e+01
6.926371536811672058e+00
-1.097760208907459401e+01
2.501689951437833770e+01
1.996474533494938441e+01
-1.287017750405084371e+01
-1.644959852749241236e+01
-1.739351285526225865e+01
-2.086722443945966887e+01
1.059869970661654293e+01
-2.719579116739095070e+01
8.325983930019333457e+00
3.473190277562913764e+01
4.006925229650831000e+01
1.864676809524866030e+01
8.325836149509285633e+00
1.740636865453285509e+01
5.110347181722289633e+01
8.647622553546000290e+00
-2.996734077862877399e+01
-6.048727574694396480e+00
-1.414262808518179781e+01
3.341031041398743184e+01
-3.953376761001707962e+01
-3.448228752474108205e+01
-1.756557255913712368e+01
-9.819133413256906806e+00
-2.248390694307965987e+01
1.576301776172965674e+01
5.235551029970508807e+00
7.860142447280082934e+00
-2.175690490889047979e+01
-1.905104258354188573e+01
-3.286419155301736339e+01
1.811513655037896342e+01
-1.884999252897723920e+01
1.701437429861255168e+01
-5.423613559428163811e+00
-1.496213999952672680e+01
-2.879463881320349827e+01
-8.565874341966832617e+00
-6.158028877389256195e+00
-6.902219814125544417e+00
2.245281925730980177e+01
4.209133944250606874e+01
-2.472781747764127758e+01
-4.314301265267224039e+01
-1.081989123947450082e+01
5.973518629086424880e+01
-3.259517894377894720e+01
1.801263070981431724e+01
-6.546385547385966674e+00
-3.350575271925760035e+01
1.384259735296362237e+01
1.962200262932967121e+01
-9.729456761481714011e+00
1.844417630875113900e+01
-1.350646540347111113e+01
-3.141698370758678038e+01
5.277800767107765978e+01
2.518258413605781243e+01
1.423316246726531631e+01
7.911317656281283917e+00
1.503678305079010613e+01
4.540339501530613120e+01
-1.480496364508715601e+01
3.354427734489775048e+00
-7.606966551864348958e+01
8.831411944943312164e+00
-3.726781665628055862e+01
7.803114213250609055e+00
1.226543402379985537e+01
-2.007413174360812036e+01
-2.848330364630709255e+01
1.243947047786718940e+00
-1.695698458063165504e+01
2.148890250651686529e+01
-2.793787882923943044e+01
-3.112316809013179864e+00
-2.023327743277695845e+01
-1.968174687007177681e+00
1.109967640238537001e+00
1.252981760466403216e+01
4.485257230550701024e-01
-2.888426393931808889e+00
3.580065060992505721e+01
5.070250931746630840e+01
2.739069278569787258e+01
3.957146196714852238e+01
-6.497275690187777286e+00
5.605200012091216877e+00
2.956828448337239479e+01
-5.174562642203142104e-01
-4.233708431546193651e+01
-2.269301637075702160e+01
-2.822499109899911218e+01
-1.542777218832834052e+01
1.596150159238706578e+01
-6.619092378192499382e+01
-9.337969503391377657e+00
2.470067193929968141e+01
-2.087011897567779783e+01
-1.741570432586757988e+01
3.322228123345882977e+01
2.480448707917051365e+01
-1.844533034130898841e+01
1.550684456320061599e+01
-1.415737184546054550e+01
1.903959915578558437e+01
1.859456542183522743e+00
7.368414091180056857e+00
-4.752650409602036063e+01
-2.636414757184829938e+01
-4.808318426465973516e+00
-9.133692886971980229e-01
-2.274950163338831999e+01
6.064022279086680101e+01
-9.730599206319993755e+00
-1.798671136731417164e+01
1.985515038758637729e+01
-2.561240582042869107e+01
-2.041365952888972402e+01
1.822431079716108115e+01
7.146747299153588528e+00
8.533024654679252308e+00
8.777936226096016981e+00
-6.175215969642806613e+00
8.880860020964121304e+00
3.249828500888071403e+01
-1.476541260488085072e+01
1.070790855422245613e+01
5.072158185114129481e+01
1.825397441089410222e+01
-4.205850541619781779e+00
-1.142835427982591057e+01
8.680993603611531739e+01
-1.191577878182968675e+01
2.090804915190594215e+01
1.443823865079744451e+01
1.642551906181559218e+01
4.931994303473959462e+01
2.673953570851642780e+01
-1.508110507967463931e+00
1.353143203956005891e+01
2.740518799613363399e+01
2.008511091087873979e+01
-3.244903948317869435e+01
5.256057863507669481e+01
-4.677079957721991832e+01
-6.872956455486551874e+00
3.071041960207749355e+01
8.351955893550606191e+00
4.218101641464954810e+00
1.578556521424960124e+01
1.248055655892596860e+01
1.918403021465167058e+01
-3.490597289090680988e+01
2.228389925043245512e+00
-1.482138356681087998e+01
-3.747219767663551693e+00
-2.491147801055262789e+00
-5.998785673586361611e+00
-3.209880273699724285e+00
4.667888734815568341e+01
-4.710260116601233449e+00
-1.449227594673357089e+01
-1.421013101439207560e+00
7.257987001526757354e+00
-3.325187801054246961e+01
-2.852757089523913692e+01
-2.021537311374038381e+01
-3.448900772380045510e+01
-8.944776968711266818e+00
-2.328094256360327208e+01
1.015625554120433094e+01
7.148158283047081341e-01
-6.964358000966001327e+00
-4.600962812963146575e+00
3.200507371274625257e+00
-8.167285522739931025e+00
3.794800817146737870e+01
-4.819562268142894368e+01
-8.455151617138902509e+00
-7.528233607574307484e+00
8.875996025863656769e+00
1.257609114112158011e+01
-2.620920798146835295e+01
-8.491731202967912395e+00
2.392704093962060341e+01
-1.119155595930040192e+01
8.862538201842795615e+00
1.897918514295757575e+01
-1.640120472416640496e+00
6.211861340177608781e+01
-7.801881614134970278e+00
-1.762814013479606956e+01
1.781702851341378846e+00
-1.368358037742132183e+01
3.041760894740578181e+01
-2.359271464285474451e+01
6.764861060605085186e+00
3.158456371522547101e+01
-7.028567961732306912e+00
6.584616730860631151e+01
7.126462583326377853e+01
-3.694054598021671154e+01
3.281830538955129839e+01
1.210483352806497237e+01
-3.098369945841963613e+01
9.242652673088002757e+00
2.337427839103828831e+01
2.389757672755004592e+01
1.280706297772411517e+00
9.445593749688498519e+00
4.139191205165116116e+01
-1.307533246283344397e+01
7.938642609366521441e+00
3.991220974479847428e+01
-2.056061658785247914e+01
-1.107379214667140843e+01
3.113381157435860302e+01
1.596479579298114970e+01
4.209909254809218737e+01
1.675709061704154124e+01
6.037266386193095968e+00
1.481886838670173745e+01
2.250308713240144698e+01
-2.978427987001556687e+01
3.805601675759533009e+00
1.375702155164024987e+01
6.474141373939687583e+00
1.316043866074403468e+01
-3.402815060117597312e+01
1.780002003341860473e+01
-2.376031250139487838e+01
-1.851205771980396264e+01
1.187516602313140623e+01
-6.470192738882218464e+00
3.218278647998431552e+01
-9.287888378377402887e+00
1.672669159324198063e+01
1.801119829993530175e+01
4.319453759415127081e+01
3.029996059046619195e+01
2.709357634210663690e+01
-1.830529975411451460e+00
-4.672718632985464637e+00
-1.774724668040238384e+01
4.438288302678338937e+01
4.415009964079521865e+01
2.170160128319511017e+01
-1.397881371202156231e+01
2.765529504086302381e+01
-2.840267985549104424e+00
9.902590189921561148e+00
3.670936792268960858e+01
-6.572682870820045764e-01
-4.401102688604709101e+00
-1.121488365709097934e+01
-3.250336351692629933e+01
5.310611763048819967e+01
2.811736417740530669e+01
-3.320212423035469129e+01
-9.160508845220391549e+00
1.461565840647997661e+01
-5.525966976861226954e+00
3.526426172577905760e+01
6.986971590402873744e+00
4.444164282376812025e+01
1.928176828989449731e+01
-1.264964001454069376e+01
1.115152685024149548e+01
-3.476023041977327921e+00
-1.527368451290382723e+01
8.753754829443238350e+00
8.358261757879972720e+00
5.220301202839117138e+01
4.386307842940105672e+01
3.085309582646229387e+01
3.710620721828638580e+01
4.820595750691595072e+00
-1.443375494092356348e+01
7.977801088855727585e+00
-1.857503577068694156e+01
-2.985445022466974763e+01
-3.096273959272866705e+01
-1.735762258941073810e+01
-6.053000269721843551e+01
-1.943480892285211326e+01
-4.823091352018067823e+01
1.307132436709638590e+01
-2.577189724707596952e+01
2.592048225616835566e+01
-5.511142410603427066e+01
-1.661934177635603760e+01
2.385664026852592201e+01
1.167626048201914557e+01
-4.946666918178447503e+01
3.151924501422558933e+01
-1.439909724062593455e+01
2.995794138236529136e+01
-1.290271689172868719e+01
-4.365370158261657707e+01
7.968184264643966230e+00
-3.624327474978315422e+01
-4.142105227184458727e+00
-1.661026310314088761e+00
2.274940610548718212e+01
7.021264647829536898e+01
-2.403931533270758791e+01
-1.948127482909998776e+01
-2.335126773610994633e+00
-6.331478221819793362e+00
-4.498953271900052187e+01
-3.102584389003888532e+01
2.664399866851988463e+01
-1.183649806996592702e+01
1.129817113598519995e+01
-2.734241507508608038e+01
-9.154164488509678677e+00
-2.309905966961159152e+01
2.874058909711513365e+01
5.312929451921149848e+00
-1.243723543672848564e+01
-9.471682452442422573e+00
6.613675530167142824e+00
-4.528903149203046041e+00
2.398379815417825967e+01
-1.434601294912124558e+01
5.554274966031584881e+00
1.976771772005383809e+01
7.640732860868695298e+00
-1.184339731155392883e+01
8.568721918192682097e+01
3.275066732889766996e+01
2.384374183488070287e+00
5.698766146452726389e+00
-3.487499717908315233e+01
1.873203458058623028e+01
-4.259913513256799433e+01
-1.621418866976438267e+01
-3.067557832107843296e+01
-1.103635758493368257e+01
3.167068744049731777e+01
-3.158831566477761044e+01
1.333764904706956145e+01
-2.145587816622651189e+00
1.160734243343327421e+00
-1.996841991897210278e+01
-2.472413400632902380e+01
-3.129805549245020302e+00
-1.991083448378146414e+01
-1.102989723506456698e+01
-2.302388242222932035e+01
-5.165261220870227987e+00
-1.934751297337548692e+01
-2.797064199556433550e+01
1.161526934467801908e+01
-7.989052960798403547e+00
1.365108686716089892e+01
4.732563825849460670e+00
-4.244206871598162678e+01
-2.924909429445040132e+01
-2.545505298516741277e+01
1.804283928585562080e+01
-1.382783051568978294e+00
-3.453574676994641379e+01
3.283941064211654748e+01
-2.182223652629147637e+01
3.186033694254015813e+01
-1.763475002455663443e+01
-2.691787178274063308e+01
1.320609578898489644e+01
-3.787813452873623987e+01
-1.918089900132540038e+01
3.452367234665268825e+01
1.051470180978060398e+01
-2.448650950172157081e+01
3.023579874387541366e+01
-1.010288138995866802e+01
-2.119215748821369516e+01
-1.693787891461258255e+01
-2.793232623302924367e+01
1.544988559870459000e+01
-5.013656780928778289e+01
-4.414819495204412192e+01
-5.673993377209285427e+00
-1.680008006298470491e+01
-3.295113940194796953e+01
4.098825785100950725e+01
7.483290145653228365e+01
-1.532625067777408390e+01
-2.029394447194448503e+00
-3.377540687369202033e+01
3.658884629174400516e+01
1.135565498487699188e+01
-1.332909696020078627e+01
-2.033109683524195077e+01
8.239185316294765471e+00
-3.236627494634547020e+01
-9.850199267383601409e+00
-4.847683722813809482e+01
2.030992620513040947e+01
6.145903444993990661e+00
-9.771902270374539512e-01
-5.796221711757880257e+00
-2.231054033264410918e+01
-6.132424379514304746e+00
7.317856420921393124e+01
-1.025058807251605231e+01
-2.680840377454597956e+01
-3.899006474779388043e+01
7.776742129986445207e+00
-2.093710382722058228e+01
6.063916862420590803e+00
1.691640318000744969e+01
4.269378881831940475e+00
1.745305404271777405e+01
8.424786099399327099e+00
3.269523892918283536e+01
1.470393871010288933e+01
-1.953979830740190948e+01
2.679048427147326095e+01
1.947741829100974087e+01
6.893263135255921270e+00
2.364828043067220165e+01
-1.585917049188659433e+01
4.115580307409425131e+01
1.315292172324780395e+01
-1.769897376803032785e+01
-3.266243322872899313e+00
-1.008144916425439419e+01
1.142262800831721847e+01
-1.300976159304669011e+01
-4.412443129666939967e+00
-7.132496409446900998e+00
4.521827544456158421e+01
3.082831698847033408e+01
-3.622053618840112676e+01
-4.521760911330517274e+00
-2.945304839282391640e+01
-8.114274279009720203e+00
-1.315917137754257027e+01
4.783553127890002088e+00
-5.656331286551754545e-01
-1.603032363114661507e+01
9.486594016211185476e+00
-4.589211198235226163e+00
-5.209839555811363709e+00
4.811815582254482138e+01
8.063082044533018689e+00
-4.610117730580285667e+01
-2.216390272366351155e+01
5.350285739906621529e+01
1.521022592856530764e+01
-5.313364363688720005e+00
5.962193885918968306e+01
-8.993922760436049657e+00
-5.116155651876823640e+00
-4.518299993649804946e+00
8.618346589908384203e+00
1.741080619736807122e+01
2.441156413836949923e+00
1.616194158997794261e+01
-7.150617611383424332e+00
-1.963297171262742324e+01
-2.325901930931560457e+01
-2.674339918497832969e+01
2.300055476459058923e+01
7.230117023141481525e+00
2.127302066619940746e+01
7.771034619223598838e+00
4.982259582481620441e+01
1.042357511369380063e+01
-4.502058763199914893e+01
-1.913195571016434826e+01
3.414994348064446683e+00
-1.624068204408634131e+01
3.525410989385588323e+01
-7.733540520923725126e+00
9.383668532005792429e+00
2.942816648724569006e+01
-4.167157406048079338e+01
8.346060804454211279e+01
1.157431727927441045e+01
1.332257118129348328e+01
2.018246523501835554e+01
4.133281779062770056e+00
-2.455882046158421872e-01
1.954715434217172287e+01
-2.065722701536623163e+01
4.632247575488401026e+01
4.095483791635554383e+01
-2.324704480420027153e+01
8.933531660508151617e+00
3.903412213357884752e+01
-1.148298339876927798e+01
9.762698902599595385e+00
2.103035306618902922e+01
2.262523672379631989e+01
-4.259337767150282161e+01
-5.736511986796472229e+00
-1.709050604048763233e+01
-1.694993889838855239e+00
-4.406014785829110991e+00
9.708132249761547428e-01
-6.964892324812211655e+00
-1.771120939029299279e+01
7.362018639173811607e+00
3.839771951475171363e+00
2.959141876563513662e+01
-2.442656199382125237e+01
2.433740263667709769e+01
2.634083086060689993e+01
-6.940363786123128875e+00
4.544681884345142464e+01
-3.798429079923269569e+01
-5.752728473103048401e+01
-4.833965413771720065e+00
-4.431291985889060925e+00
-6.803838209364130307e-01
4.461028542998547408e+01
-2.708756483364886947e+00
2.389110279918600099e+01
2.995491157718515751e+01
2.085886306384145428e+01
-6.431248231312167718e+00
3.325132924675699542e+01
-8.874262489628279127e+00
-1.976018788286779682e+01
-2.280432235011102193e+01
6.023185377518124994e+00
1.969010386331390805e+01
-7.549521298829233729e-01
1.941438740214795189e+01
2.767179946873454810e-01
3.380457186902479805e+01
9.646565464061680473e+00
5.044003374793945227e+00
-2.097543465883290992e+00
1.795093522170166267e+01
2.095334418023485057e+01
9.589970755865863339e+00
-9.992926977927254484e-01
-3.066061861207909445e+01
1.623700018818330193e+01
1.060999209831911116e+01
1.978036845442598235e+01
1.570024868530795459e+01
2.016267953060766160e+01
-4.834791078740209969e+00
1.735805117141836718e+01
-1.498206339424814360e+01
-3.749779988500563377e-01
-3.020056507699646886e+01
-1.714347565770930260e+01
2.240554651443059697e+01
-5.019761309729416610e+01
1.477641056953939369e+01
8.831709204332639729e+00
4.627465606972461387e+01
-1.054690816992381031e+01
1.855922779130446543e+01
-5.574015019011028471e+00
-2.699986273818898042e+01
-3.786660208495322877e+01
-6.523827706996044640e+00
-4.924583082174076054e+01
6.546955241165335337e+00
-1.105673114981076210e+01
1.719671422650822024e+01
1.314033853592860623e+01
-1.589790048558620583e+01
-1.627044442494747045e+01
2.280502832283511339e+01
-3.426244826607146621e+01
-6.803405002478882579e+00
-1.053952221098452924e+01
1.522370731886222117e+01
5.191253684926380174e-01
1.521143356047318207e+00
-1.050790075835861614e+01
3.052847288680379734e+01
-3.088131853775024638e+01
3.780962822936828616e+00
3.352795562189842826e+01
-2.047958763670349924e+01
1.720120338783274860e+00
-1.553280911476235815e-01
-3.624368687665099031e+01
-2.228313361901007283e+01
-2.765447122019971005e+00
1.572797581731121142e+01
1.840728752709532046e+01
3.397395034188917862e+00
-5.385002005948763326e+00
9.919738400069036288e+00
-2.368078975139422937e+01
-1.090711594168482179e+00
-2.888139859807446896e+01
-1.556178008974579541e+01
2.706567815608880778e+01
-1.589372838667330257e+01
3.778178157174673402e+01
-1.337694007486987857e+01
1.823111550240217582e+01
1.406443213006431847e+01
-3.529527380159139227e+01
-1.398660309598891160e+01
4.893211025089669874e+00
-2.327543796838243395e+01
-2.097143085884064817e+01
-4.866748077944805573e+01
-3.009398166121212626e+01
-2.842847358784152334e+01
-2.446007041382495117e+01
4.559987194853931669e-01
1.014998938240782422e+01
3.798866232184579417e+00
1.356992458066383378e+01
-3.161024029022709669e+01
8.480929279694692013e+00
1.500883374501535172e+01
-3.748914272711880358e+01
-3.461919251273241116e+01
-2.350681690461317430e+01
-1.513422902813763926e+01
9.040625389839362924e+00
-7.363933435313470000e-01
-2.344087066642957851e+01
1.667388141184744654e+01
-1.328618156884407142e+01
2.795440080142347483e+01
-4.953942490276699573e+01
3.522859357900512123e+01
-5.038694374736468973e+00
-2.229226643398208552e+01
-1.394594506071874918e+01
1.049824914124947384e+00
2.490116907404576452e+01
-4.101207254096837573e+01
-6.591548932613477518e+00
-1.125678650223870392e+01
2.488783847713426667e+01
4.650221227164409044e+01
-5.529525412593375222e+01
5.173002738892876096e+01
2.312656846298661151e+01
-4.152455910020205465e+01
-1.777116038594596148e+01
4.406788574816689419e+01
3.305760604612902398e+01
-1.155894460199561991e+01
-3.253369774263319414e+00
7.956687784052995482e+00
4.151246526312667129e+01
-3.155870789039120439e+01
7.051299324332759966e+00
-4.645509046195137159e+00
1.517711766840392329e+01
-4.036760517855838515e+01
-1.853874202376587732e+00
-1.690584574345923485e+01
2.656344578570102044e+01
2.340837999264317659e+01
-4.856246676182968258e+01
-2.656516044571783652e+01
-1.200901426839368469e+01
-2.367983696235311442e+01
-6.485350295186250946e+00
-1.129440642582484600e+01
2.500936380090450939e+01
2.336041616844079272e+01
-1.174939350704960361e+00
-2.554332760872311070e+01
-4.731668652007951437e+01
2.646046775414259855e+01
-2.730658323664849263e+01
-2.022594766813080014e+01
3.295634958733437259e+00
-1.998096005364865846e+01
-2.174496552822526496e+01
-1.591164325472671948e+01
-2.660954269518808246e+01
-1.441867910661536456e+01
-2.887718639304611656e+01
3.109387174099372686e+01
3.412327886599021554e+01
-3.682602488330246615e+00
-1.219158866892684046e+01
-2.322030963633778811e-01
2.526095786464435378e+01
-4.777177661964303468e+01
-1.103827286986526701e+01
2.737543853869129862e+01
3.943134470132233105e+01
-9.318754419842406378e+00
5.483138244168628717e+00
3.050265275455356573e+01
9.219996962515438099e+00
-5.741407454195268656e-01
-2.473192686343912783e+01
1.121875717219927537e+01
-1.927247750332122678e+01
-5.805923369104505127e+00
-1.082301164989721087e+01
-9.150343852367882391e+00
1.262867797590155305e+01
4.397871056913795940e+01
-1.323331109369618730e+00
1.911344952233193339e+00
-5.061719737915308315e+01
-1.050083347322748750e+01
-2.000597042845240026e+01
-1.076351558469923475e-01
-2.613854167740089451e+01
4.745545664420026810e+01
4.513639799882059833e+01
7.799900236787884467e+00
-1.097693707399983509e+01
9.266878772740042791e+00
1.146524597086693120e+01
-2.654100665503990797e+01
-4.697909912108002572e+00
1.052872630976327173e+01
7.405807087641477438e+00
3.064703375983721401e+01
2.248486414341363115e+01
-1.176162393449550336e+01
1.445763376825597391e+01
-5.513329544170570529e+01
-6.676935247870900980e-01
4.853011756184210412e+01
6.639865986992504077e+00
-1.160403361533440147e+00
1.699068600959404307e+01
-1.595713989539832234e+01
5.000442115249013852e+01
-9.248013340352969180e+00
4.475435795357961410e+01
2.180213931594988708e+01
-2.252597161466133002e+01
1.800611826862899534e+01
-1.703863265058161858e+01
-4.023217859267072072e+01
-3.586112141122555386e+00
-3.099546044259397348e+01
-2.924607128867040728e+01
-2.757185907799694746e+00
2.010026329948959756e+01
-5.421990588774136199e+00
-1.742804278781761695e+01
4.990353943318467600e+00
-3.854640704595720990e+01
-3.917731639042866476e+00
-4.621374987719548244e+01
2.717188696175362850e+01
-6.567937473829772443e-01
-2.779599700552489594e+01
-9.211103773436988718e+00
1.031491057149330004e+01
-1.970099359536857264e+01
-2.542439684758858220e+01
5.252014002644250468e+01
-1.348425136564415538e+01
-2.243062439299092148e+01
1.522177842224338917e+01
-9.841469153018913119e+00
3.048817261874975060e+01
-2.526482263065304323e+00
3.901792013467414222e+00
6.024478530626754491e+01
-6.931515204660769314e+00
-2.042548282851595332e+01
-2.395779931854349343e+01
-2.836789495071582223e+01
-1.908289053405508184e+01
1.510749062794189967e+01
1.512783762354825967e+01
1.241707572346612665e+01
4.100541769488216914e+01
1.864405385711194185e+00
1.165360927353019349e+01
-3.544262900672575256e+01
1.495874231773854035e+00
-1.037018574417049877e+01
-1.487764784080627578e+01
-1.925113787321151904e+00
1.879091673616935054e+01
2.131909950487425931e+01
-3.727810830767275263e-01
6.830489868967731582e+00
1.538362696845538657e+01
1.946923799306449610e+01
-1.367839303186887889e+01
-7.063287892961341186e+00
3.865411630603006188e-01
-1.289265277581239388e+01
-2.802520075594827631e+00
-2.000979066842046450e+01
4.431022112085926778e+01
3.591069410183769151e+01
-9.107628056496821500e+00
8.924828186771293304e+00
-2.585621327126482072e+00
-1.672713794395556874e+01
1.990795399702048485e+01
-5.338236451190994103e+00
2.233220491295858778e+01
-2.924767212019563090e+01
1.005129098359418549e+01
-5.558637492603509145e+00
-3.011584816739724602e+01
-1.366160680244263403e+01
1.495052669627074948e+01
-5.099500210481052420e+01
2.402741245070899367e+01
2.605817768823044389e+01
-5.574070454189744339e+00
-3.360516017509965536e+00
-1.792536317823561376e+00
1.396158156649272541e+01
-1.828538111855147008e+01
2.016921883128732418e+01
1.703192199891086034e+01
-5.496427209549176496e+01
-1.980463454025806413e+01
1.328600772444150735e+01
-4.746963469787885970e+00
2.425897050427342094e+01
-3.561144762189559287e+01
-3.018899977345711250e+00
-2.341852456790835646e+01
-7.189843705760507930e+01
4.300741108991664419e+01
-3.261753035474561102e+01
-3.421353222913120362e+01
4.980112751300872276e+00
7.248406858560178989e+01
6.625853958850456138e-01
-1.569944037072335163e+01
-1.750080954497093444e+00
-3.063375950953506788e+00
-4.791000992043285578e+01
-3.422872718638892309e+01
4.580740205844556101e+01
-5.726580540247169893e+00
-2.108934122007165968e+01
2.759997751969035562e+01
-2.005646002936225258e+01
2.061864840910033081e+01
2.978476220122563234e+01
-3.192872646489816191e+01
-1.567489555176581462e+01
-1.942897104719793333e+01
-1.002615619003017855e+01
-9.837235570803883888e+00
-5.816246513460953338e+00
8.017556100195690760e+00
-1.909362693030904268e+01
1.586334515789515365e+01
3.239281301087275722e+01
-5.055012697082631234e+00
-1.139579650811862166e+01
8.158149624485986351e+00
3.132414083068164246e+01
2.917453066786467275e+01
5.466325960566450703e+00
-3.098933417624721187e+00
-4.858922196880271827e+00
-2.838555006579812812e+01
2.150352284441396478e+01
-1.247488957256790343e+01
1.111826493422699969e+01
-7.836135227260569991e+00
1.511286208661479691e+01
1.022482179610466346e+01
-4.500361083406059493e+01
-1.490348864665293149e+01
-4.394828468351663275e+01
-1.994506272370705346e+01
2.956093345814117868e+00
-9.625469805655143318e+00
1.826573850072117011e+01
-1.678580732693180266e+01
2.071628981505391209e+00
5.996618344325781891e+00
3.956517164245877893e+01
2.004504929034952454e+01
-1.688842473443477488e+01
-6.837667006836198880e-01
6.775475008382784381e+00
2.144995942045363790e+01
1.837201198210323128e-01
3.051873904265795545e+01
1.256539039029733829e+01
5.063473595706591368e+01
1.067529406589073915e+00
3.660764778746430181e+01
-1.511590320500550888e+01
-2.107400178754738818e+01
2.462560619257999406e+00
5.208904124291450444e+00
1.498164678555889395e+01
-7.909229311253966443e+00
-7.639839900803252704e+00
1.450470923144046864e+01
-2.707119213120392942e+01
-3.082073213227967301e+01
4.429166507777046036e+01
-3.342920162198140588e+00
-2.183578735242444679e+01
-2.247412613458209307e+00
-7.538693101681133157e+00
2.375717253384519267e+01
1.849911268074194481e+01
-1.129134629028220616e+01
4.774404098854461154e-01
-1.477307539799065239e+01
-1.970887631203243018e+01
-1.493687327299994649e+01
-5.402083679688468010e+01
3.629617621591307852e-02
-3.596607544438643345e+01
-3.112778221424520098e+01
-2.082673672403439014e+01
1.071835516120967213e+01
-2.038746989618420002e+01
1.291210546780227020e+01
-3.421972529983839451e+01
5.816042488851280723e-01
-2.314540439543600669e+01
4.803609755623881483e+00
6.276654331600134640e+00
1.863467594223959622e+01
-1.173004151396025918e+01
-8.896845138800074437e+00
1.650933874430667458e+01
3.310200311700553755e+01
1.834625115938715112e+01
4.665178386499178487e+00
-4.008762623252924584e+01
-9.505397034592817818e+00
-1.766208552918442365e+01
-3.375797581803209368e+01
2.260168714409024915e+01
-2.028053277297709656e+01
-1.845562090980109815e+00
-1.565288349436927717e+01
-5.571425472819814217e+01
2.888808852195212751e+01
-9.822189344526066179e+00
2.264352078613285357e+01
-3.989062726021124661e+01
3.765422520952671448e+01
2.058547213499451800e+00
-1.607396481166050961e+01
4.831867362995950543e+00
-1.164998159092831997e+01
-3.660718791492018909e+01
8.073549603290771870e+00
1.990588127044632927e+01
9.756492602523962887e-01
-2.023779584322255687e+01
-9.139286426750800274e+00
9.792440422659495880e+00
1.784818937248442694e+01
3.520761428568279428e+01
1.323682657439337618e+01
-1.298075973062219646e+01
5.333160959445720550e+01
1.340466524223442946e+01
2.371987497248425569e+01
-1.021520999509061767e+01
1.561865850092230801e+01
1.095516163522074748e+01
-3.463434096443577914e+01
-1.153226173981045122e+01
-2.284842921747011246e+01
-2.062424193790468507e+01
-6.750300153715556917e+00
-7.743415383736476088e+00
-2.356848318923337615e+01
-6.190305380107746203e+01
-1.613417488821283996e+01
6.975689784881922151e+00
5.079206786024826670e+00
7.763505634114707732e+00
2.592556102559569808e+01
7.827054085616033774e+00
1.815499476623529063e+01
-2.324079862678627251e+01
2.554358970247761818e+01
-2.539044624500860436e+01
-4.020074972710341399e+01
1.225583199536231405e+01
-2.412573354491576083e+01
-2.192967279855517404e+01
-8.858203635982775381e+01
-6.455851822332775214e+00
4.557727634689496199e+01
2.368894849425041116e+01
-5.732640665248823097e+00
-7.698463478682754157e+00
2.110308603877433598e+01
3.715866748316524593e+01
-2.324731716758218170e+01
-6.010829242575141507e+00
-1.901627425433355256e+01
-1.963215852683345020e+01
-1.716360772646871879e+01
7.061243277119373829e+00
3.954271290638860137e+01
-3.641229207337812568e+01
-3.132668599683350408e+01
1.837668418825501249e+00
-5.960814140429079089e+00
-7.435869345899302374e+00
-5.041366786893951257e+01
3.514151688106102256e+01
1.340228022915636075e+01
5.259386272712621491e+00
2.706667001558976438e+01
-1.833150414434863507e+01
1.729266660605603434e+01
1.553074804709507362e+01
2.008383346753362275e+00
-3.388130155976867286e+00
4.931322336934456985e+00
-8.823311802556933259e+00
2.836303689680867990e+01
-2.239297620243016240e+01
2.408499679459569620e+01
5.371637730796123833e+00
8.060223293017827473e+00
1.272312524534055456e+01
-4.859497492172894795e+01
4.719799425613331323e+00
-3.742247231911119343e+01
-2.736861935519639388e+01
-2.736710926170789548e+01
-2.790356583013880254e+01
2.948272008237040609e-01
9.366405757743066829e+00
2.784274121262275514e+01
4.834923923145073132e+00
8.029383399983068159e+00
-3.924367522620627824e+01
-1.425138222229200835e+01
1.900344414976785856e+01
-1.133245372468422829e+00
-3.129758156833872818e-02
-4.944676060116421468e+00
1.958836211615074774e+01
-5.100459749804343801e+01
6.298171077529058692e+00
1.134001475894908140e+01
2.416068516352260076e+01
2.066039742106865873e+01
-3.162535899513689230e+01
6.282080763887762487e+00
3.254591791762592834e+00
2.622477926589397157e+00
3.327752878780614765e+00
-1.051424401928076691e+01
-1.971365195817575966e+01
1.056411934711492506e+01
3.361729968820526437e+01
-2.787866638297202826e+00
6.448881709578188293e+00
9.494118510953569512e+00
-1.433397228008244895e+01
-1.519097687425556842e+01
-6.666564989273086894e+01
-2.059505723302117985e+01
-3.048308760701061715e+01
-3.731911929831710495e+00
-3.769445190978157711e+01
4.194299793845829072e+01
-1.749085232260580369e+01
-2.996326101412762455e+01
-8.642660398248176534e+01
3.710242255366921427e+01
7.451518211437900163e+00
3.420467586119713133e+00
-3.499995938035226573e+01
4.916268334564051656e+00
-1.112998830650209925e+01
-1.829904775997887612e+01
6.549105436181207551e+00
1.884718806077751196e+01
4.076123596786558778e+00
-1.185601016291553833e+01
-1.326139174501577145e-01
1.529597427934021425e+00
8.797371215858618143e+00
-3.546285815233635219e+01
4.029683688315174095e+01
-2.394694224264699756e+01
-1.670402855062352643e+01
-2.732337943881447018e+01
-5.806494978584601085e+01
5.022475550811527967e+00
-2.925621488829756345e+01
-1.063280558766865624e+01
1.822289676992022578e+01
-1.443590868006830874e+01
-1.934025093473223933e+00
-6.557321357063358391e+00
-1.121068200547699689e+01
1.779987847931185030e+00
3.028157895107088393e+01
-2.806844435301562157e+01
5.552801472761038326e+01
-1.263175565927554089e+01
1.866000988467555999e+01
-7.672035590923698578e+00
6.358338574852588465e+00
-6.094830246260642070e+00
2.449278835028792400e+01
3.421648974509187724e+01
1.068766154585684092e+01
2.568915962989144930e+01
-1.986957240281911652e+01
-3.697832298042111887e+00
-1.244388157784305804e+01
3.831361625690712458e+01
3.215526934159390748e+01
2.430302894821193149e+01
-8.539826105030556391e+00
-1.552749555211747179e+01
1.389593759783589633e+01
-1.569132429860262334e+01
-6.943788456104300622e+00
-3.220820358203752676e+00
-1.646317213865599172e+01
2.772407581822093903e+01
-4.603706030286616624e+00
2.118542999982021513e+01
1.092259127418933673e+01
9.634475871024129390e+00
-1.846369899300358952e+01
1.478990033923619762e+01
-1.022142047735266601e+01
-6.569531964222619536e+00
-1.739103301064943707e+00
-2.684229410466969057e+01
4.162111453128841276e+01
-1.485153893245952972e+01
-1.794479490273772626e+00
1.240880872791532852e+01
1.072509845403135387e+01
4.135716592506506117e+01
-9.575384226544684907e+00
4.204030751069440441e+01
3.770308536820286349e+01
-5.224788622422801154e+01
2.843955240754596048e+00
-1.037436158768545624e+01
8.748831288522154637e+00
3.323754061984146801e+00
1.108635449452123112e+01
3.477173865593386637e+01
5.447337078838317836e+01
-4.189790774179527943e+01
4.220181817241473254e+01
-5.460864394377816211e+01
-4.531231265542815123e+01
-8.047231576597368985e+00
2.505641060264451880e-02
4.061217113313013272e+01
1.997009670015665961e+01
-6.741444344376020581e+00
-4.974733282989082284e+01
3.936822902499648080e+01
-2.327824963572555816e+01
9.743574178993981150e-01
-3.979485245622960576e+00
7.021857803045742230e+01
-1.412754659622470399e+01
-5.955363059915043777e+01
1.745540853219972632e+01
-9.073655896372861207e+01
6.412989583076026179e+00
-2.035199133443164499e+01
-1.027044330785644988e+01
-1.514169240041006503e+01
-3.262292344208785266e+01
2.136021130186679073e+01
-2.120839132567338225e+01
-6.542112633401586663e+00
-4.399364727042990353e+01
-2.438008839060728405e+00
-2.915549916528448193e+01
-4.164360939859989230e+01
-6.336409819775485630e+01
5.113972299991672799e+00
-1.986443924074930578e+01
3.492446362170085195e+00
-7.874688357712273046e+00
-4.532486332006459406e+01
-3.625132690514870148e+01
-3.041479617593608964e+01
-3.163103473431527846e+01
2.972630180468804895e+01
2.846372528681243352e+00
-2.780538302302261400e+01
-1.212440705556343801e+01
-1.370399280948967657e+01
2.244960795119001773e+01
-1.733286866708006713e+01
-4.277505001582529331e+00
-1.566216399892203981e+01
-1.993814058845318016e+01
-2.257202626790990507e+01
2.061161226828788529e+01
-8.689932304914407268e+00
-5.166428537081139893e+01
4.300880295652174823e+01
2.457548547595259691e+01
1.489349092147648435e+00
-4.358040618211015271e+01
-4.177334581426879367e+01
3.819553987942128970e+00
3.931334120592850923e-01
-1.762786077349107927e+01
-2.553756936511578601e+01
1.751058119794254253e+01
-3.085499117713197847e+00
1.468151431142496222e+01
2.736870533194303334e+01
1.772298053335707380e+01
1.782384381860705957e+01
1.333941117204634530e+01
-1.164638039226196042e+01
-8.317512945575813887e+00
-1.213248216979839711e+01
-2.050477501557588766e+01
-2.387274978894186006e+01
-3.554989251332834499e+01
-2.079592301708242985e+01
-5.711313187695381544e+00
-4.291785430961624570e+01
-7.968093047975742138e+00
2.038106966487530514e+01
-4.406287391649095753e+01
1.663694767766754978e+01
1.500062652475733671e+01
-4.018400509263051390e+01
-3.167756608816387143e+01
-9.593727522429361443e+00
9.817563785747054794e+00
-2.201747721285994430e+01
4.040147910607657877e+01
3.586095276594122083e+01
-4.318741099133518446e+01
2.499519046391225174e+01
1.944584198677887343e+01
4.889259339726578446e+00
1.213502476701521005e+01
-2.392405380200395371e+01
-7.295576115650931115e+00
4.628799782547616815e+00
1.075410882943948820e+01
2.365164707138836064e+01
-2.864730759636090340e+01
-3.344763972435487176e+00
8.383178513936684340e+00
3.024394308854795099e+00
-1.663157058543722400e+01
1.220472168924347756e+01
-1.429088648189099331e+01
-1.147496462764216574e+01
6.587686820210194583e-01
-3.404401333375479055e+01
1.665314189788659860e+00
-9.442011147592268117e+00
-7.740377634932997353e+00
4.698689907445952940e+00
-3.038868229251102093e+01
3.319844954837236628e+01
-1.410205877405746833e+01
-7.460877470565949920e+01
-4.776476717909881131e+01
2.071217252009918752e+01
-2.265495193217458336e+01
-1.051769787132258216e+01
-1.467775026480006062e+01
-1.027629109638553473e+01
-5.640130774875058250e+01
-3.546764615490246797e+00
-3.489540693038981090e+01
-1.930113559644036059e+01
1.188978670667256665e+01
4.406323485332382006e+01
1.583608184734821123e+00
-5.703975036758350825e-01
3.334925496003516798e+01
-3.104295009151556428e+01
1.789900732579954479e+01
4.272325934019789884e+00
-2.669773578622204013e+01
-1.427156054805669783e+01
1.246324534964998065e+01
3.699470449908517367e-01
6.809059831948818697e+00
5.795725349241934055e+00
-1.325582710272988152e+01
-1.820440142560755703e+01
-2.803971790505039507e+01
2.759893988123630493e+01
-3.613940306089354237e+01
-2.683874204663311502e+01
6.965724981415959860e+00
-4.871556637083072872e+01
1.262061025191121644e+01
3.593490489542460864e+01
-4.046735564701528176e+00
6.526860363355964978e+00
-1.615616833966197419e+01
-1.234255006269700061e+01
5.827302661479905055e+00
2.129475438031030166e+01
-2.176177563258293901e+01
1.515567253334580755e+01
-5.953277645493756154e+00
1.724249444336635406e+00
1.297749698441853639e+01
8.342670131683064483e+00
-7.212244865203665256e+00
1.202265324878339925e-01
1.073447056421173329e+01
1.603430050979980592e+01
-4.025728983471323374e+01
1.858489553812091799e+00
2.886889539446858777e+01
-5.175771986567764316e+01
1.702801072883291056e+01
-6.537008459061684107e+01
-6.029523404887314086e+00
-8.306212238562039829e+00
-2.939015989937388440e+00
-6.818259351711589034e+00
-1.408797090523867723e+01
-5.332196284404744802e+00
6.710225307403774764e+00
-1.494120508857129437e+01
6.753206269777450643e+00
4.910301943266378544e+01
-3.395956167447698704e+01
-1.479964718668119872e+01
2.233267999279058813e+01
1.347255253752294379e+01
2.450302965481467510e+01
1.181895826592732135e+01
1.181253714737405858e+01
-9.018224432788684908e+00
-2.747776399347669951e+01
-2.531703205193315398e+01
-1.512311342722473739e+01
2.584381786254581925e+00
-2.367197963945199035e+01
-7.835579285221022872e+00
4.077475270535913410e+00
1.331944941317544817e+01
-5.720960600258685247e+00
3.338823538299433835e+01
-3.238542168063634108e+01
-2.194909745258343037e+00
-1.719263596982536058e+00
1.540533719240552557e+01
-2.197722809121133736e+01
-1.392072557839625802e+01
1.050918040194213177e+01
2.515505344518376774e+01
4.178937723097141088e+01
1.786122915550299695e+01
2.340543173572488911e+01
-1.561928048613792441e+01
3.525273850736289205e+01
3.693566302900859455e+01
-1.438978320928868015e+00
1.911917668203733456e+01
2.107993761902379504e+01
-1.316306224990421470e+01
4.750064100504658882e+00
3.393661356299116960e+01
-1.348850358533675831e+01
-5.118318936044602196e+00
-3.366231180130331069e+01
1.329596199744096907e+01
-7.175579664077119446e+00
1.099754934320873190e+01
3.270082638043220413e+00
-2.223406780000172489e+01
2.544404477823815114e+01
2.240494602204523744e+01
-1.503797042109515303e+01
1.065811467101629972e+01
-3.411184134899428955e+01
-2.965660581239485083e+01
1.380855559455829962e+01
-3.803530257264323211e+01
-1.717240562341580912e+01
2.877629135019617479e+00
4.614217062734884678e+01
-1.422389189660276543e+01
-6.836482929033294909e+00
-1.004468043486531315e+01
6.256874383127551198e+01
7.776835145799907423e+00
-2.405101927916510363e+01
3.952732243857377625e+01
3.499783046182906787e+01
1.750811456530715304e+01
4.192575407566795320e+01
4.794863881398275396e+01
-4.163301748727711526e+00
-1.546349465052460914e+01
-1.616875989049492546e+01
1.611085902242621160e+01
2.097318301691132092e+01
-3.829983276929013414e+00
-1.288455088766892231e+01
-3.405757612399364120e+01
-1.407805558111795108e+01
-2.519565892188848011e+01
1.681887369032317281e+01
9.537229733153367306e+00
3.553946038592067680e+01
4.156802394944349999e+00
-1.314625573166006234e+01
-4.728406887269905212e+00
2.199821113842389764e+01
6.980660486122928887e+00
3.036667045574253621e+01
3.107615503006343260e+01
-6.726557626239667798e+00
-6.013473043569163679e+00
-5.598557893534166396e+01
2.821764876938163980e+01
-6.841814516164959059e-01
3.020269402376464996e+01
-1.206450306621472635e+01
-3.476076908053128989e+01
1.175987656709507512e+01
4.058021641308499738e+01
-1.456724292708623381e+01
3.681279904557800364e+01
-4.053723045811814529e+01
-1.283759804485406164e+01
-4.528834871504994908e+01
1.060814110828300727e+01
4.492444507313535951e+00
3.003724319421905875e+00
-3.461586596933676674e+01
5.045503199928708682e+01
3.015557692633871056e+01
4.914031544048043543e+00
-2.871867718140501324e+01
1.205759984695114895e+01
-1.296046731041268174e+01
-6.902140984329037110e+00
-1.334535695918583542e+01
1.019565630213707408e+01
-8.053412596776212240e+00
-1.120702643879050697e+01
1.158129320495788761e+01
1.439517430164889333e+01
-4.760925481110882629e+01
1.106000784667767789e+01
3.751736042823230832e+01
2.234548298944886824e+01
-5.814739385245978553e+00
8.347106640689787582e-01
-1.948893219934470267e+01
3.220438638410132626e+01
8.629774964709923779e+00
-2.326889974383959725e+00
-4.162311523629341536e+00
5.934056827788748478e+01
-1.766451104086627311e+00
1.352357886925520347e+01
4.143292698166118271e+01
5.334160520972108088e+01
3.448817936640767812e+01
2.249251326332176859e+01
-3.685698702174028085e+01
-2.512250272938297257e+01
1.909717286566845473e+01
3.851928422860481760e+00
1.753790558800400845e+01
8.825675821438295543e+00
3.406776008296495206e+01
-4.288427938501258296e+01
-2.701777941424467144e+01
-6.376236411653394498e+00
-4.737238911832443478e+01
1.059166290042848857e+01
2.437469458580400783e+01
3.777803620260158368e+00
-1.228348920046852299e+01
1.284223496989713453e+01
7.647158739240296654e+01
1.706177249945716312e+01
8.713216259722969426e+00
-2.598414575579684538e+01
-3.314865991904417797e+01
-8.099752187026865613e+00
1.827172299940400535e+01
-3.280197539079097169e+00
1.312313358978592248e+01
1.931496933965252083e+01
-3.156277422116642128e+01
1.440934604168359101e+01
2.444415046555684512e+01
3.118037156716354730e+01
-3.652347138357470158e+00
2.597439729219217952e+00
-5.543904774929629298e+00
-2.670773270373169339e+01
-3.833982491506995416e+01
4.388730889821771797e+01
-4.278421121115584924e+00
-3.051664214504235417e+01
3.017677816152215087e+00
-1.429185053628377489e+01
5.012375202354664339e+01
-1.289909139366125146e+01
-1.980081470400267563e+01
1.920823916827646372e+01
-9.063016540745479688e+00
2.458403443148108636e+01
7.182072695179897437e-01
5.366088391689683590e+01
2.914388427023919448e+01
2.211872780165347052e+00
-2.055336998843857543e+01
1.515119896762860208e+01
-2.975005090145828035e+01
-4.831212391177473364e+00
3.382237408470403750e+01
-1.543734383493199402e+01
-2.478824332712056844e+01
-1.339017043233886284e+01
2.762360091477194146e+01
6.975708012567082505e+00
-4.573455867146795129e+01
1.833511395381756870e+01
5.120445634719828831e+00
5.087601515449208023e+00
-2.780394338011842592e+01
1.603040196816778007e+00
1.864355714378986306e+01
2.642014446889804447e+01
3.638040823403840562e+01
1.593773182000750843e+01
2.169898018884936164e+00
-2.985477460142195127e+01
-2.581862512577762914e+01
-3.810809979588570684e+01
-7.254188148001389891e+00
1.750356336012751512e+01
-1.351295126288043491e+00
2.833225067867431335e+01
-1.804428157932579779e+01
9.081936987563494768e+00
-9.599595708237615099e+00
-1.649349967922461602e+01
3.376455451396631702e+01
3.902495290344944578e+00
3.473318245132043103e+01
2.612797513723080556e+00
1.229384184525061130e+01
-9.939217734472862276e+00
3.354201192839234125e+01
-9.174944092241389626e+00
3.506071510333521601e-01
-4.313749090493357130e+01
-5.297399202245259175e+00
3.948839208205637874e+01
3.529236885510366051e+01
1.488478773625454465e+01
-9.179631491214280459e+00
3.089423013000129004e+00
-1.158641859523874018e+01
-7.664717316666269653e+00
5.108006936840870083e+01
2.782261981118381300e+00
-1.448497398705214323e+01
-5.988294256102394542e+01
-2.625527325631634312e+01
-2.123136961106384035e+01
-3.543682705908486241e+01
-3.209733941240472177e+01
-3.824453766968775881e+01
-2.537732266423797256e+01
-1.760190020065118688e+01
-2.735794635376365136e+01
2.594725371833482086e+01
-1.151311785505026819e+01
-4.885969095456124478e+01
2.220831882811671676e+01
-1.683867727441686313e+01
-4.493431552205950652e+01
5.374078194852286572e+01
-1.440477381922229227e+01
9.492645502555490111e+00
2.215926866277351337e+01
4.964878766102913232e+00
1.476659240416651642e+01
1.784398760240193837e+00
1.083029743831751546e-01
-8.213322771366776465e+00
-4.175171992781065455e+01
6.576858056736227809e+00
-6.902576687810687872e+01
3.931606144170923756e+01
-2.360215052111038858e+01
-9.812368979541702174e+00
-1.013123631191888308e+01
8.295755422768241516e+00
-9.465189529873896390e+00
1.496214012945451088e+01
-3.064591552827361909e+01
1.984585320014562626e+01
2.391211897754108406e+01
5.799592673434631251e+00
6.344757993164023446e+00
1.197465180368664051e+01
5.053978568218553846e+00
1.531502986641720554e+01
-4.393329444256281135e+00
-3.899992678950916059e+01
5.305520386802811572e+00
-1.376730656871842484e+01
-3.001964881808987684e+00
3.067564413460374340e+01
-4.458642614164031670e+01
7.757680808655891269e-01
1.170969933278570352e+00
5.093909650401855060e+00
1.740911511459485439e+01
-6.766792985658973691e+00
4.618063021001137258e+01
2.446242509755715844e+01
-8.537791308681526914e+00
-4.201082116086098495e+00
2.101111111749233373e+00
4.278643990911166384e+01
-2.945164912109783018e+01
-5.728096581476847859e+01
1.712948526437847363e+01
-6.805197382788847449e+00
-9.289754423911006143e+00
9.206498551519473494e+00
4.228052342061911872e+01
2.469269188506743262e+01
-8.926453857117905955e+00
-2.927990873021192897e+01
-4.759009728573616371e+00
1.572795367035997316e+01
-8.522310363914925802e+00
-4.159179694720262432e+01
-3.393091422151357506e+00
-5.318580321052517945e+01
-2.832443856776762914e+01
4.581516520559087269e+01
-2.908866038925256703e+01
-3.812577407635680515e+01
-2.876611155043309509e+01
-2.063803806382202310e+01
2.020628021017918741e+01
4.709126006867729330e+01
-3.713607561324465678e+00
1.447048524951790682e+01
-1.188434716745010178e+01
-3.890036561296625450e+01
2.626304079330673602e+01
-2.639946147406544696e+01
1.459401437033639581e+01
1.788307447119764504e+01
-5.931327627123266666e+00
2.112270393059901608e+01
2.307536570324051439e+01
6.361201233770651697e+01
-6.655621789752387940e+00
-2.903660807268377653e+01
-3.526056649099552942e+01
-9.621338337826209397e+00
-1.878260182182151539e+01
5.301659624303147211e+01
-2.459691394724416114e+01
6.484988492059967413e+00
2.744497027289270363e+00
-1.236123219074492141e+01
-4.765157260574102338e+01
-3.514268489062402523e+00
5.533101262456047209e+01
9.745063456179309469e+00
4.205646423886605589e+00
-3.246317452311429008e+01
-3.231724175913382169e+01
-7.912360529637595619e+00
2.583269632181406905e+01
-1.425267559937648798e+01
5.775936303774670932e+01
-2.720081864960710050e+01
1.055131408682574090e+01
-7.703212746699421132e+00
-3.645632041503043297e+01
2.423422729423236888e+00
-2.882022965673922954e+01
-4.152067352993714167e+01
6.233036341284105220e+00
1.079164458081066869e+00
2.937392495431271300e+01
1.326234971375135530e+01
-1.888023274836623955e+01
1.207193965974261118e+01
-4.916698525855687762e+01
-2.690908839676620801e+01
5.012828511004794052e+01
4.643963062049188295e+00
-5.961952498681284851e+00
-1.672738250772906099e+01
-2.463064643215830074e+00
-5.577856277688567843e+00
5.002473905709783253e+01
2.339049382757746542e+01
-6.647150456375186423e+00
-1.967644034292845845e+00
-2.209410083084775778e+01
-8.809578710615653563e+00
-3.540611900248225652e+01
2.773676157465192205e+01
3.926060108593702580e+00
5.804970768681130266e+00
1.008737037264533853e+01
-4.501581833532174670e+00
-1.155938921922871110e+01
3.070174328887053328e+00
-6.083754922979041169e+01
-8.707490427657972987e+00
-5.770971566154798893e+00
-4.356965049992922445e+00
2.708144492820571259e+01
3.654757984038215568e+01
9.744779436795624861e+00
-5.350558219585001041e+01
3.497286339138668154e+01
-1.201846304333378157e+01
-2.104567272756557372e+01
-4.899548557586688702e+01
-1.688261948035901128e+01
3.493000220646352716e+01
1.713936556196802030e+01
5.606974453367115530e+00
1.892356573345884385e+01
-3.281207212195548095e+01
-2.616245796502258258e+01
3.168949284289629986e+01
2.185526694785829704e+01
2.700076271839105857e+01
2.781161317944821576e+00
4.733335613789137142e+00
3.064940896929451242e+01
5.423674673390814860e+01
-1.172365482407025183e+01
2.163448909341286708e+01
-1.456475265227322780e+01
-2.461413710935937615e+01
-1.947182131732350285e+01
-1.957302928081580262e+01
-8.160331982595664613e+00
-2.673314407755790967e+01
-1.100666886724616234e+01
-7.625062114023720028e+01
1.905599487195433994e+01
1.244161579467260381e+01
-2.673869102423942934e+00
-2.180718002984792747e+01
-1.038198427410128488e+01
-3.086522374390293066e+01
5.501116256466190180e+00
4.525422219677929547e+01
-1.241649252348560140e+01
-9.471326526910814891e+00
1.179357315469172818e+01
-2.868415680727356332e+01
4.751621650873843805e+01
8.241796814371809887e+00
7.849185720863431470e+00
2.778145601686259170e+01
-1.389861383588538501e+00
3.143718045201165978e+01
1.061760241699101925e+01
-2.204689583359623839e+00
4.612224776521642866e+00
-3.534412537630458928e+00
3.715855647141188456e+01
4.809953045981643527e+00
1.018363495085543491e+01
-6.502285005479251367e+00
7.881927125419338154e+00
-5.177164093265002975e+01
-1.972021821935283015e+01
-2.737679809158828448e+01
2.659295815522267503e+01
-1.794346156527282687e+01
-3.367967533425132842e+01
3.245638134083037585e+01
-6.820675005792082857e+00
2.272201216366255494e+01
-5.050550718110281423e+01
1.039213957997266569e+01
2.915043931547444345e+00
3.464863011332852238e+00
-6.548973515536431478e+00
-4.076999637320795955e+00
2.844638448416534970e+01
1.006212218563263150e+00
-2.847754847194855188e+01
-1.049510087209422693e+01
1.233274247205008578e+01
-6.444419294168406509e+01
-4.929649766682618406e+01
7.279421299979844662e-01
7.874636607241470188e+00
-2.632685150732717716e+01
-1.060930330386781861e+00
5.891052428560038834e+01
1.566429792546813360e+01
-3.014835188047936754e+01
5.241268475193862741e+00
-5.204665290598079253e+00
6.985906982339976423e+00
-1.993516901361505234e+01
1.231932750530048537e+01
1.474332072400528659e+01
-3.884513541505697276e+00
6.246318615319228229e+01
-4.423297171937804251e+00
-1.765630184393046420e+01
1.331694680221193039e+01
2.401114969813642119e+01
-1.886879021581333404e+01
-1.023713751350783241e+00
5.473441529032993458e+01
-1.568787256786549733e+00
3.286127272472015193e+01
8.160654142064458938e+00
-3.909051513308916981e+00
-1.270991847561589339e+01
2.918386422731640550e+01
-3.123915477076820935e+01
-5.766416544194044036e-01
-1.016551054590522085e+01
-2.218323973547304462e+01
8.401967857558354069e+00
1.485059629757642341e+01
2.415353298467579179e+00
-2.131897837608676127e-01
-2.225735456503184651e+01
9.062997327773828715e+00
-1.823948084974162498e+00
-1.266836521651794101e+01
-1.126212074418276643e+01
9.215655435221435710e+00
-2.057678931808766265e+00
-2.112856502425347571e+01
-6.091266640694860257e+01
5.866827354282051488e+00
1.076129672360110590e+01
-2.711328523999542028e+01
-1.335717825899030231e+01
4.621342373782690061e+01
6.272805854948714455e+00
2.205034974143029558e+01
4.838761217514701229e+00
2.226510806349146776e+01
3.191290954553608117e+00
-2.176481093050966820e+01
-6.085488587153307094e+00
3.046183380604901458e+00
1.759620136838378812e+01
4.214224842481797850e+01
2.751539222896835213e+01
1.687996355859382902e+00
9.539157048985288156e+00
3.385745625513948198e+01
1.477923120049479166e+01
-3.874707948036368066e+01
-1.541391158823313390e+01
6.221241863210849488e+00
4.776624313630776442e+00
1.379816174152101382e+01
-2.895220242449772741e+01
3.960080030998000211e+00
2.417566164703673337e+01
2.675917717767640625e+01
-2.404395789061987898e+01
9.171033245223725316e-03
-1.246370591723433563e+00
-9.500931441711031766e+00
-1.589920472329185941e+01
-8.656963384957009566e+00
-4.928606084625499761e+00
5.649330951789011124e+00
2.365279473633384555e+01
-1.728716931370929899e+01
4.525047815381600458e+01
1.834422711492135250e+01
1.499315591004770454e+01
1.979201219739000805e+01
1.514716411327331969e+01
2.033557952008963809e+01
3.060010811216031357e+01
-2.545144229315452122e+01
3.483193913859629731e+01
-6.380473645765925994e+01
1.770803226460321156e+01
-5.981137747461497156e+01
4.669155083476829304e+01
4.213429472782694063e+01
-5.275280044185080897e+00
-2.693623087490257717e+01
-2.374993568543467859e+01
-3.076664305595755877e+01
-3.544369832623002026e+01
3.164990792149626486e+01
2.353633790155646466e+01
1.337296691222169898e+01
1.583286272638889614e+01
2.501622770130430240e+01
-2.192183315383135778e+01
-9.933424323366637054e+00
3.085105858993706818e+01
-7.297860253984950418e+00
2.987271805821237081e+01
4.168422674380178705e+01
-3.233128487903410786e+00
-4.096901738720026742e+01
2.785700386554367469e+00
-1.460914581078259999e+00
-5.708766398822888277e+00
6.081136123839314678e-02
-3.647446323420035696e+01
-7.039485468321345252e+00
4.938428493852981660e+00
7.438213224070153728e+00
2.734231244775682512e+01
-2.390171083980864353e+01
3.115444009649593227e+01
-2.231744720881496846e+01
1.434757378724569321e+01
2.259423278102912747e+01
