---------------------
  #    meV     cm^-1
---------------------
  0    8.2      66.4
  1   11.2      90.2
  2   12.8     103.0
  3   19.7     158.8
  4   23.3     187.5
  5   23.3     188.0
  6   27.9     225.1
  7   34.1     274.8
  8   45.5     366.7
  9   66.7     538.3
 10   67.7     545.8
 11   84.0     677.5
 12  118.0     951.6
 13  134.0    1080.7
 14  144.1    1162.6
 15  164.8    1329.3
 16  179.7    1449.7
 17  182.6    1472.7
 18  183.1    1477.2
 19  373.2    3009.9
 20  383.7    3094.6
 21  389.1    3138.4
 22  461.7    3724.1
 23  465.0    3750.3
---------------------
Zero-point energy: 1.802 eV
