[[-407.4608522 ]
 [ 355.07520327]
 [-270.43859116]
 [ 181.96951952]
 [-112.42114004]
 [  70.89708492]
 [ -53.68357028]
 [  50.70097121]
 [ -52.46894117]
 [  53.74509682]
 [ -53.316521  ]
 [  51.75555812]
 [ -49.50293542]
 [  46.33469656]
 [ -41.91741972]
 [  36.47092394]
 [ -30.90361629]
 [  26.37249873]
 [ -23.68878613]
 [  22.97342893]
 [ -23.73653552]
 [  25.21906285]
 [ -26.72454634]
 [  27.75387203]
 [ -27.98244377]
 [  27.21635332]
 [ -25.42347504]
 [  22.8089975 ]
 [ -19.84233724]
 [  17.15203438]
 [ -47.88169967]
 [ -32.52687393]]