[[-407.45582476]
 [ 355.06674588]
 [-270.42759909]
 [ 181.96270506]
 [-112.42459448]
 [  70.91116623]
 [ -53.70293903]
 [  50.71874356]
 [ -52.48037521]
 [  53.74934953]
 [ -53.31680177]
 [  51.75584938]
 [ -49.50364601]
 [  46.3339128 ]
 [ -41.91621986]
 [  36.47698924]
 [ -30.92741883]
 [  26.42050353]
 [ -23.7597474 ]
 [  23.05936193]
 [ -23.82576191]
 [  25.29782998]
 [ -26.77906715]
 [  27.77359386]
 [ -27.96320406]
 [  27.1617202 ]
 [ -25.34334472]
 [  22.71717087]
 [ -19.75498758]
 [  17.08591333]
 [ -47.88126207]
 [ -32.52575847]]