-3.540908519486916362e+01
-2.040041158746106476e+00
-7.306052424013984137e+00
2.456006986527708591e+01
-1.217345017110311289e+01
-9.410316531157320696e+00
-2.461489558239958342e+01
-5.142088765007279960e+01
-2.194504571344212707e+01
-2.306840928085131281e+01
-2.137176070390023597e+01
4.319620411249152525e+00
2.028851903804664403e+00
-1.094051650490484917e+00
1.779896877903141217e+00
2.705022705362341640e+01
-1.046380177175890935e+01
-7.363488246037150020e+00
1.194535332797755700e+01
-6.323874239686788457e+01
3.166858192577426223e+01
-1.354244146586501074e+01
-2.477816159113537253e+00
-5.726995581185363449e+00
-9.417774557423967963e-01
-2.220060599938562973e+00
4.906842149928925778e+01
-1.527676326827580056e+01
-4.146268521933905049e+00
-3.099160393337969310e+01
4.007179039074446791e+01
-4.437043604214963466e+00
-2.181612354450749081e+01
1.146301798112997261e+01
-2.092515362513779564e+00
1.327667610658650688e+01
-5.508011231022749143e-01
2.776756599132852443e+00
1.929805385083061964e+01
-5.584095983591419099e+01
3.112179109564661417e+01
8.284185020776718034e+00
-6.393181033172254502e+00
-1.785337093676093545e+01
7.039885449687631080e+00
-1.116174950807868527e+01
2.543454736124118654e+01
2.030216939750602023e+01
-1.307566312638260797e+01
-1.670466277463225424e+01
-1.760631487049863608e+01
-2.124229363609710930e+01
1.078071923148996802e+01
-2.769524672251668562e+01
8.494200225719964692e+00
3.533819214238698692e+01
4.072447384953196092e+01
1.898356678922326068e+01
8.536845299543472265e+00
1.772513047794728891e+01
5.197544741097306087e+01
8.800696828954585271e+00
-3.049724422207828667e+01
-6.169712036890643958e+00
-1.440691788204830459e+01
3.397658821754737346e+01
-4.029395743855644696e+01
-3.501075326381931063e+01
-1.785116233857903012e+01
-1.000739289088500072e+01
-2.288651170595471740e+01
1.603746623570795293e+01
5.323767315233737918e+00
7.986977795022681903e+00
-2.211460222564311096e+01
-1.938262090934344428e+01
-3.339554387846558825e+01
1.840762975310957472e+01
-1.914273181797152290e+01
1.728982062775307327e+01
-5.491883276101909850e+00
-1.522570754063082177e+01
-2.930543614968778598e+01
-8.667395848580554230e+00
-6.249050459495265386e+00
-7.060989957074767176e+00
2.285312146124145016e+01
4.277647795359322913e+01
-2.516267585201080337e+01
-4.391358794362902529e+01
-1.100174657839608017e+01
6.077738751072078571e+01
-3.312085976921972019e+01
1.827695133546853867e+01
-6.652640331536531448e+00
-3.412110253392660297e+01
1.414248713811670655e+01
1.997424697480968803e+01
-9.822241759942471617e+00
1.869366671160770466e+01
-1.371170746807047180e+01
-3.197204618730984294e+01
5.367054723253255588e+01
2.556248340045704026e+01
1.449662456619711293e+01
8.013138913778192318e+00
1.522074233355934325e+01
4.619829038414823685e+01
-1.510216154551242163e+01
3.398710454340239551e+00
-7.737675766694542290e+01
9.051961862059940245e+00
-3.788734541027058356e+01
7.942422334585330645e+00
1.248598581811640429e+01
-2.040840370569372908e+01
-2.896399552722331805e+01
1.214946039601102257e+00
-1.721101870365933451e+01
2.185612282958143737e+01
-2.836364858671579015e+01
-3.135786386528366165e+00
-2.059311477482228270e+01
-1.999509072012017441e+00
1.126208025534253920e+00
1.271876893065359582e+01
4.112235557159920063e-01
-2.978822754871771394e+00
3.642098753529856481e+01
5.156069795059012506e+01
2.782484934610145189e+01
4.025164128867743329e+01
-6.657167860145627003e+00
5.653754503940319864e+00
3.011773795097985840e+01
-5.075091604875723306e-01
-4.309166296841127064e+01
-2.310284394394019358e+01
-2.869305307264716021e+01
-1.570533875658794187e+01
1.619466732085675176e+01
-6.730619485669933511e+01
-9.429792083544384695e+00
2.511137425552554703e+01
-2.126289022623842584e+01
-1.762902842931003988e+01
3.374811979183965605e+01
2.525848530409538739e+01
-1.873915777588916853e+01
1.575615516535813754e+01
-1.439549338612036422e+01
1.939511162057988969e+01
1.950689439703069183e+00
7.515265811499233450e+00
-4.835971232394864927e+01
-2.683982071815021442e+01
-4.947735011693282559e+00
-9.390542567127697637e-01
-2.319090161560660590e+01
6.161562291400173308e+01
-9.875378080514508383e+00
-1.827320640917858441e+01
2.023983620438434627e+01
-2.605523381979327979e+01
-2.074756185821513554e+01
1.849111058196507429e+01
7.222403458790665809e+00
8.675021503932100586e+00
8.882013642674451148e+00
-6.251768125445352098e+00
9.017166465099904826e+00
3.308075541779528095e+01
-1.504485174999192054e+01
1.089174970058596159e+01
5.158669136782479114e+01
1.851290729971441351e+01
-4.288690500371956205e+00
-1.157960379418590691e+01
8.828897234714810338e+01
-1.210651011735048144e+01
2.125439513736159824e+01
1.471139663881803017e+01
1.670425107160493639e+01
5.018156894174495619e+01
2.714689800464674363e+01
-1.563293128512039942e+00
1.372608966395802099e+01
2.782925076251183327e+01
2.044654048788578393e+01
-3.306218056707621145e+01
5.342774917893433440e+01
-4.762953902316533572e+01
-6.980539323950139874e+00
3.123357571666680599e+01
8.456895733777873403e+00
4.192870766649036796e+00
1.610017007586136373e+01
1.263958404222643139e+01
1.952835296097757123e+01
-3.546295754409328538e+01
2.243668643218541092e+00
-1.505007329577529163e+01
-3.780005958926736298e+00
-2.470892892373967697e+00
-6.081192958717529962e+00
-3.264033254309225640e+00
4.752693183414990585e+01
-4.778964681838715478e+00
-1.476638839553443461e+01
-1.459207214398293928e+00
7.366393770252955164e+00
-3.380942595467324452e+01
-2.898142172607003886e+01
-2.053171065294925768e+01
-3.503378366157585333e+01
-9.074562654189225697e+00
-2.365514298622939293e+01
1.037157594279862849e+01
7.261365340153105308e-01
-7.115326540240403119e+00
-4.694938543487410243e+00
3.254831795504486536e+00
-8.348132112920524150e+00
3.855331502448387937e+01
-4.903603585942713039e+01
-8.567115795760400943e+00
-7.676786158489495193e+00
9.038264989587162290e+00
1.271659544431597055e+01
-2.662709343259530215e+01
-8.580976841454571513e+00
2.436282206939839057e+01
-1.140678177177603914e+01
8.977429423540513653e+00
1.933390170830996624e+01
-1.614778535365900325e+00
6.317256110212497333e+01
-7.898049695548934324e+00
-1.796409241862488670e+01
1.813996669378951765e+00
-1.392686773931552580e+01
3.091890154326534912e+01
-2.399669764666526106e+01
6.857807691890002388e+00
3.210375569281049479e+01
-7.219241665282453368e+00
6.692169957891053400e+01
7.249275764119283849e+01
-3.759471468970809838e+01
3.333934838097749775e+01
1.228314173669247111e+01
-3.151227455782067466e+01
9.427178829914751645e+00
2.377315253632450265e+01
2.433516621908495381e+01
1.328766626815820473e+00
9.557303067188342993e+00
4.211300458366008570e+01
-1.326168624296060727e+01
8.020840944818054652e+00
4.061786926691161170e+01
-2.092743059234867076e+01
-1.128072135101157869e+01
3.166393015684643331e+01
1.625382099910084577e+01
4.280050741101979384e+01
1.704878399594173288e+01
6.162194347859440313e+00
1.507470442794709697e+01
2.288833688350027273e+01
-3.024771554908055293e+01
3.861400066971810929e+00
1.395226071720982119e+01
6.545236389043338932e+00
1.336287702171415503e+01
-3.461520334315325442e+01
1.806349955042162492e+01
-2.413522402322729477e+01
-1.881232205277107283e+01
1.203219430796502820e+01
-6.586123112005935809e+00
3.267039723556754893e+01
-9.455384506548512036e+00
1.698403029131145558e+01
1.824634483885438385e+01
4.390951252195322496e+01
3.081244227767505350e+01
2.760855140348801484e+01
-1.927597497520707748e+00
-4.707811138734854239e+00
-1.807915398252731620e+01
4.511269130912666014e+01
4.490901510671375263e+01
2.206322428189406537e+01
-1.422319372758221334e+01
2.811149365911609266e+01
-2.914121356842372279e+00
1.011890872375756345e+01
3.735298691609494881e+01
-7.212211203506342372e-01
-4.520018274312121775e+00
-1.138824794292355591e+01
-3.304883337699618551e+01
5.397136901326675229e+01
2.856907482565867440e+01
-3.376943899139614302e+01
-9.315835017168780041e+00
1.488233252649716576e+01
-5.681411783354008094e+00
3.584911309666640733e+01
7.125849666077272104e+00
4.513960652785425509e+01
1.954801093362826236e+01
-1.285299428796685106e+01
1.130950552491857763e+01
-3.543772509697021178e+00
-1.550944348155405805e+01
8.880091602782869131e+00
8.489946476433431144e+00
5.302612427519383687e+01
4.458096133322918320e+01
3.136847214077727131e+01
3.771785125849658016e+01
4.891825095915606880e+00
-1.467070173792427568e+01
8.057660136529534611e+00
-1.892809781782009182e+01
-3.037469799012540506e+01
-3.154194540925686852e+01
-1.768474689199663885e+01
-6.155978404765460255e+01
-1.974034289978605727e+01
-4.907209588625124752e+01
1.324294127038843705e+01
-2.624023801885079976e+01
2.636115178288144989e+01
-5.600933613556219370e+01
-1.684240668939779084e+01
2.426527273888945047e+01
1.185035503114268352e+01
-5.026955887474709783e+01
3.201071123521137451e+01
-1.469191096015282483e+01
3.049562315002002322e+01
-1.320421278481927629e+01
-4.441312534406586110e+01
8.155511662252791893e+00
-3.689001507485022557e+01
-4.236776173003704571e+00
-1.669993574532249170e+00
2.318141306750501940e+01
7.137000934983211664e+01
-2.444291034780295035e+01
-1.981273925726948448e+01
-2.380501805167682505e+00
-6.476488349561833502e+00
-4.572757489584870427e+01
-3.159609122939951931e+01
2.712787298915648648e+01
-1.204000517603662956e+01
1.143418463491406101e+01
-2.780488706902417562e+01
-9.278747793509182884e+00
-2.349646353990684133e+01
2.917480738071445501e+01
5.408937590758569058e+00
-1.263769715054860399e+01
-9.622776192384009164e+00
6.724705173784030876e+00
-4.657498588714105381e+00
2.440381193036287755e+01
-1.459584088697886273e+01
5.643947581643772082e+00
2.007757058963206021e+01
7.754945825837808115e+00
-1.205314968358922556e+01
8.712021320466266161e+01
3.330712442757661051e+01
2.448094659126311967e+00
5.720458728534936199e+00
-3.548986113309547363e+01
1.902841204713379852e+01
-4.328383356722615360e+01
-1.649559420203456739e+01
-3.120083044738458966e+01
-1.118826578287746543e+01
3.218230089841932795e+01
-3.213386416703841064e+01
1.357466951704304847e+01
-2.161336437705983826e+00
1.174265663281317984e+00
-2.029591103100895566e+01
-2.510341104138424839e+01
-3.152553085085799012e+00
-2.027644959592653606e+01
-1.125869282748445244e+01
-2.339795540125950879e+01
-5.242634927267182832e+00
-1.965430392833533801e+01
-2.846612311099644899e+01
1.189552495784828068e+01
-8.160320761769355613e+00
1.384480645585281877e+01
4.849061652379575094e+00
-4.315579538360903200e+01
-2.975599327573053898e+01
-2.589168829231671509e+01
1.842442818983090547e+01
-1.386681308358632236e+00
-3.516980181324933596e+01
3.337822327092116126e+01
-2.221906339182760348e+01
3.236091182762140761e+01
-1.793198450888433371e+01
-2.739181532160694132e+01
1.343108250235854939e+01
-3.854124353647246437e+01
-1.952817939899142630e+01
3.513717134113568363e+01
1.069978047923933673e+01
-2.486829357117568406e+01
3.078584404971390143e+01
-1.030968044521802085e+01
-2.155000032642112728e+01
-1.726677052855498573e+01
-2.840712219036987563e+01
1.569285794448899907e+01
-5.095626135016200919e+01
-4.491649351382829991e+01
-5.751087826241757739e+00
-1.704484911438436257e+01
-3.353340659044415872e+01
4.166851728408215649e+01
7.608210066332223676e+01
-1.559530482353704883e+01
-2.007786265645478352e+00
-3.439985086075605381e+01
3.713753924156924313e+01
1.159260309304943348e+01
-1.357705569389514721e+01
-2.067126454086684362e+01
8.357483408234742228e+00
-3.294206487667678118e+01
-9.995651873738154336e+00
-4.935889410161868796e+01
2.067658673513665235e+01
6.293959496305092216e+00
-1.030260494167634988e+00
-5.847164838687035626e+00
-2.272110613415429725e+01
-6.206571303205635104e+00
7.445290141934285089e+01
-1.036231345451597008e+01
-2.726904167058049211e+01
-3.962090367668027113e+01
7.917989501379054218e+00
-2.126211835447196563e+01
6.153200715802995546e+00
1.722973535540783985e+01
4.316594125218557565e+00
1.779420280868229298e+01
8.588114566478935785e+00
3.322134664479733601e+01
1.495717920352325336e+01
-1.985443400098873923e+01
2.722689819343389672e+01
1.981415277374682660e+01
7.027682749235978577e+00
2.404995416887152260e+01
-1.608842753991452668e+01
4.184262911493340198e+01
1.334891741314000235e+01
-1.801517879467976968e+01
-3.355311448808015129e+00
-1.023212107884856437e+01
1.157509748436200425e+01
-1.326971514511410533e+01
-4.477819547573417935e+00
-7.302243029475903313e+00
4.592710595119558548e+01
3.138519836896807647e+01
-3.689923954680290308e+01
-4.595254031511927906e+00
-2.996911802407481673e+01
-8.212889434775831887e+00
-1.340728534836451757e+01
4.887880551485409342e+00
-6.052781620391787243e-01
-1.630870611860493113e+01
9.603146825008366250e+00
-4.689375739640929908e+00
-5.344568657155733149e+00
4.889848764314308482e+01
8.213957788250347392e+00
-4.683353044946280619e+01
-2.252609632877573631e+01
5.436778251805498030e+01
1.545494686004718687e+01
-5.382528915101318034e+00
6.068634319670066191e+01
-9.182594977105168255e+00
-5.166461405754574798e+00
-4.594666912894467714e+00
8.801344723139010284e+00
1.768119071987272051e+01
2.474202925573500522e+00
1.645425918072209015e+01
-7.247270692390856084e+00
-1.997052008392421385e+01
-2.361425308361826580e+01
-2.726266139209525363e+01
2.337818047667519750e+01
7.373379928893804447e+00
2.165664650943575253e+01
7.919886869779048766e+00
5.064652370884692800e+01
1.058288040850756317e+01
-4.570065226538150682e+01
-1.944200369807078488e+01
3.492555065264454583e+00
-1.651774441276566563e+01
3.582818650575038077e+01
-7.953520038249621393e+00
9.539513348556127426e+00
2.992100045021592791e+01
-4.240237513287195270e+01
8.487842513324864058e+01
1.176256154954873523e+01
1.350629461453468139e+01
2.053139466025908177e+01
4.258691440865504774e+00
-2.664015581863736770e-01
1.987276093149463918e+01
-2.101574013650525785e+01
4.708239651186848107e+01
4.164909381274584632e+01
-2.362961968646337141e+01
9.167798649378653408e+00
3.973134133818703617e+01
-1.167935203310671000e+01
9.881833996042644230e+00
2.138657606726444271e+01
2.303434878535313146e+01
-4.333681184150691479e+01
-5.835536377070866365e+00
-1.740293471045408324e+01
-1.800003672499542517e+00
-4.507573071673409260e+00
1.013496918741680020e+00
-7.126722221621747622e+00
-1.802944765625579748e+01
7.495820748185238358e+00
3.918563961270592699e+00
3.011240055079985467e+01
-2.484386260336306407e+01
2.473718340599890553e+01
2.682133290202324361e+01
-7.098345305696511787e+00
4.619966380448441612e+01
-3.860417393228240712e+01
-5.848200442442715996e+01
-4.861559443779587042e+00
-4.526209853644104442e+00
-6.548777410132515797e-01
4.531665944517740741e+01
-2.776077551964561962e+00
2.428872515973623081e+01
3.051071717859477417e+01
2.118615732945005448e+01
-6.444185901181242571e+00
3.382101609350451099e+01
-9.033810726140146130e+00
-2.013384023475720142e+01
-2.324570156475803628e+01
6.113439455683554513e+00
2.009613576667516099e+01
-7.673451041370071835e-01
1.974598719469190655e+01
3.370916592903085984e-01
3.434973231860480780e+01
9.847438724823902589e+00
5.090722311485947671e+00
-2.122741208425338755e+00
1.826368137037778894e+01
2.129663428819753790e+01
9.758799479175650049e+00
-1.020220436500324013e+00
-3.115564926474642249e+01
1.650140698551656016e+01
1.078106582765806820e+01
2.015418698834790945e+01
1.599402488763790586e+01
2.046503019758863218e+01
-4.901925713314142286e+00
1.765568705140483985e+01
-1.520539215329404215e+01
-4.259118278377513889e-01
-3.070951621692537969e+01
-1.742622828472562446e+01
2.281232341032185928e+01
-5.107050343730314523e+01
1.505546411831349474e+01
8.960126538242775496e+00
4.705502049738898052e+01
-1.073905012026895633e+01
1.887974426130972461e+01
-5.646320642339105689e+00
-2.743130862145119764e+01
-3.851006244037620263e+01
-6.636921196321075911e+00
-5.012297690186558441e+01
6.656098779299895796e+00
-1.128119720742612841e+01
1.747495134383673587e+01
1.329888374082452174e+01
-1.618160613039827922e+01
-1.658045450781088448e+01
2.322591809732267265e+01
-3.478021992458401002e+01
-6.917747271267728593e+00
-1.069900634555804686e+01
1.546234447678740764e+01
5.243586457002891166e-01
1.525928108525292259e+00
-1.069045468488656070e+01
3.101775738016726791e+01
-3.137041148308423999e+01
3.904267448272605634e+00
3.411370413524244327e+01
-2.081628219808888502e+01
1.745259588604184842e+00
-1.645799311363589368e-01
-3.692339906486816403e+01
-2.269227368687867852e+01
-2.823858756202973552e+00
1.598479801492935337e+01
1.865574957793731414e+01
3.482494497424795554e+00
-5.431729471413518695e+00
1.010519606709812024e+01
-2.409544400115655094e+01
-1.124451015919618158e+00
-2.937499001085453187e+01
-1.576698041829011743e+01
2.754062061049197041e+01
-1.616018421109725978e+01
3.843473425435010427e+01
-1.360306698212096421e+01
1.858443281726277974e+01
1.432183668160344325e+01
-3.589317000113379663e+01
-1.425211041617826879e+01
4.896770457227574980e+00
-2.359812103031626407e+01
-2.137776552462639046e+01
-4.939831287500533108e+01
-3.064408515051536597e+01
-2.893758651087478029e+01
-2.488873704188267766e+01
4.899095111870224173e-01
1.034148894843841049e+01
3.871188762495194169e+00
1.376993809787133038e+01
-3.215109903478465014e+01
8.628675741053598358e+00
1.524986781358798282e+01
-3.814501211159431193e+01
-3.517946976818751637e+01
-2.384560925088521799e+01
-1.539653902493745363e+01
9.230226174154154251e+00
-7.598635068096086798e-01
-2.386203831667077324e+01
1.696860391043276195e+01
-1.347478822641917873e+01
2.843672324264971962e+01
-5.032114307550000376e+01
3.578355806531646977e+01
-5.083079797831409508e+00
-2.273409367651220236e+01
-1.420297302300541276e+01
1.036199577546483397e+00
2.532879398335502330e+01
-4.170418114400706600e+01
-6.681793458336954927e+00
-1.143674480155876694e+01
2.530037783333798984e+01
4.723395417393767559e+01
-5.621209011289721502e+01
5.259550605738621698e+01
2.351473265282061220e+01
-4.222791081403686064e+01
-1.807942980750694062e+01
4.479848726778004675e+01
3.358700583076307566e+01
-1.180412587398194546e+01
-3.334968158837511965e+00
8.125455508344337829e+00
4.222054474556387049e+01
-3.212884352036509483e+01
7.200783121431840073e+00
-4.704521668979751325e+00
1.545836964318982609e+01
-4.104622442373937474e+01
-1.863630109163722182e+00
-1.721569677490330008e+01
2.700865058627910287e+01
2.378814091962497912e+01
-4.936237148148330789e+01
-2.702626609966401361e+01
-1.220457349931621138e+01
-2.404574364342705906e+01
-6.606958896725402042e+00
-1.152294708868789996e+01
2.543795176100641697e+01
2.378667480600458362e+01
-1.248679419973257154e+00
-2.591103541982110414e+01
-4.807463822636373152e+01
2.686414056764454017e+01
-2.777591027603631346e+01
-2.055590120138592169e+01
3.366517185931343192e+00
-2.029801123119416673e+01
-2.209791598704657645e+01
-1.621262880932255968e+01
-2.710556731517482376e+01
-1.465316797830334750e+01
-2.938636938077206651e+01
3.167081194837108171e+01
3.475598329652763852e+01
-3.720973528987542522e+00
-1.242481222261119456e+01
-2.311923744629211797e-01
2.573468437558801725e+01
-4.863700574352463946e+01
-1.128569023061956500e+01
2.783270956978077493e+01
4.006044027451471834e+01
-9.471433947289540356e+00
5.646383945513093749e+00
3.101517887074831492e+01
9.385777082051404818e+00
-5.599839454521600146e-01
-2.513352654938455544e+01
1.140667097966144183e+01
-1.962716798311154776e+01
-6.001673145905641604e+00
-1.095805304743700503e+01
-9.300484256878576161e+00
1.279307363348459603e+01
4.473851684184967326e+01
-1.393542167945156507e+00
1.935153474008984631e+00
-5.151405336638374877e+01
-1.075196293487152843e+01
-2.035323924251787275e+01
-7.741150967854082410e-02
-2.649066073174000735e+01
4.825011441707124504e+01
4.592515173257226024e+01
7.967566543427921033e+00
-1.117836581287801323e+01
9.366992382446625243e+00
1.169328769253469602e+01
-2.696065819245310990e+01
-4.731152426885898876e+00
1.071111917040229855e+01
7.541606814805220438e+00
3.115403303854714068e+01
2.289736129175301471e+01
-1.200308695276407889e+01
1.474114082708635465e+01
-5.611251867477460564e+01
-7.298574053168565001e-01
4.936555255602178249e+01
6.772536049992027074e+00
-1.169417900906751129e+00
1.728825659298655637e+01
-1.615903394934836967e+01
5.088777133745738013e+01
-9.406993548737375477e+00
4.551498143488208825e+01
2.214502410685843614e+01
-2.292615663122785463e+01
1.830829497424660701e+01
-1.729283799348769435e+01
-4.091191834555615969e+01
-3.649269183857398957e+00
-3.153124364545510616e+01
-2.975547627509439508e+01
-2.779913060792878809e+00
2.045204890047648405e+01
-5.480007342565599515e+00
-1.773602716818101044e+01
5.074916173019602184e+00
-3.916777993797643376e+01
-3.974612380533280032e+00
-4.697260740718405714e+01
2.772050872534063615e+01
-6.998233631107098063e-01
-2.827051185867858862e+01
-9.457878893196053127e+00
1.046755127954597242e+01
-2.000586684984204311e+01
-2.583670917199822270e+01
5.337366133247464006e+01
-1.373215869897708785e+01
-2.282996351933638834e+01
1.547155015251428267e+01
-1.000094693814531155e+01
3.095037918384230835e+01
-2.568560714954685409e+00
3.923713219369659555e+00
6.120854979786844297e+01
-7.067610803453106882e+00
-2.078180919940777471e+01
-2.444347256589401240e+01
-2.887130436934131694e+01
-1.937700420891246722e+01
1.539757888422121823e+01
1.536738417545012680e+01
1.267866233049376490e+01
4.164382985397645598e+01
1.848104225983234983e+00
1.185049068283635165e+01
-3.605963111296370016e+01
1.506863208116300257e+00
-1.059504156862999480e+01
-1.509567327740882092e+01
-1.958751108716398903e+00
1.913082843253110354e+01
2.166068788742444440e+01
-3.968852420492847699e-01
6.861324191767380398e+00
1.566226566040558765e+01
1.981636567006725613e+01
-1.383099232316895666e+01
-7.135393730814371338e+00
3.961900932468722658e-01
-1.310608861981148721e+01
-2.901064625810164443e+00
-2.035675741285143658e+01
4.499913099954649454e+01
3.644794702596755087e+01
-9.219454844952792882e+00
9.078531062287879649e+00
-2.627769785647792844e+00
-1.701307283729830999e+01
2.025940446742612977e+01
-5.399173284321250321e+00
2.265824934418373005e+01
-2.972785098808952142e+01
1.017668698422238549e+01
-5.604732025376961246e+00
-3.057432381598613347e+01
-1.381329807077622718e+01
1.514918106663796493e+01
-5.192261398271456585e+01
2.441393375878476490e+01
2.648856318264648735e+01
-5.670965995111748370e+00
-3.385272499605534335e+00
-1.766782597794360754e+00
1.421526390711443355e+01
-1.854342224158099839e+01
2.050232721749264897e+01
1.735672720395700708e+01
-5.589620462195227901e+01
-2.011752386675956927e+01
1.350293349631926887e+01
-4.868040014530748749e+00
2.466965380669222441e+01
-3.622412291839697218e+01
-2.992133794720359674e+00
-2.378609343430697010e+01
-7.311273158586175214e+01
4.371749183327855803e+01
-3.322089772884601189e+01
-3.479991612347991747e+01
5.072787519011043855e+00
7.374731095249120472e+01
6.564115133389663015e-01
-1.599285350042225673e+01
-1.764669153281772651e+00
-3.107253147995812981e+00
-4.874851001626352343e+01
-3.484055744922938658e+01
4.660799743456025368e+01
-5.829727493655695980e+00
-2.142835491100393597e+01
2.807832042663915217e+01
-2.039883258698670332e+01
2.100854773017522348e+01
3.025452626176083015e+01
-3.248920178897085975e+01
-1.599486182969386050e+01
-1.975386558269292436e+01
-1.015430006700029253e+01
-1.005768737821965431e+01
-5.915191998282580244e+00
8.124017253411921047e+00
-1.941645926146363621e+01
1.614557188222082118e+01
3.296196169452287705e+01
-5.136199880361978387e+00
-1.155337973389276840e+01
8.273505590233156681e+00
3.182380551994816642e+01
2.968152723543882132e+01
5.525034967623810189e+00
-3.172380293743486845e+00
-4.956600684289568903e+00
-2.888704258489588028e+01
2.187915188027672286e+01
-1.273263603842188019e+01
1.131265565727369449e+01
-7.930752138526486306e+00
1.534561785416690327e+01
1.040325458887964771e+01
-4.581828280492410954e+01
-1.515242089286442706e+01
-4.468251224697698376e+01
-2.031990425748216467e+01
3.037668696575337890e+00
-9.776245890906295699e+00
1.856394669974271494e+01
-1.703886815352132089e+01
2.084255086922581768e+00
6.096308014838143663e+00
4.026650397257225222e+01
2.042200205175495853e+01
-1.717730786928433062e+01
-6.886550726749618434e-01
6.937602268731495769e+00
2.177509775262147684e+01
2.346448472827944443e-01
3.104747065861226929e+01
1.282636021286688432e+01
5.145642650795241479e+01
1.114716920098359765e+00
3.724457085082761409e+01
-1.533325162100115335e+01
-2.145063427373638376e+01
2.529621715355290235e+00
5.333763738602272042e+00
1.523998303529748455e+01
-8.050712874523469509e+00
-7.777985363246301631e+00
1.471626349561362446e+01
-2.755721461621027402e+01
-3.131310980752274986e+01
4.499747072525283897e+01
-3.367138516593968234e+00
-2.223843964817746865e+01
-2.304712064673317684e+00
-7.638714529922765450e+00
2.412629041636272120e+01
1.881615234831809857e+01
-1.144096430823611854e+01
4.509023480625558022e-01
-1.505183662958043556e+01
-2.004620335941376652e+01
-1.523028328380877383e+01
-5.491703461857716206e+01
2.290573764757652953e-02
-3.661670639884005141e+01
-3.163621160292215961e+01
-2.118698639581805310e+01
1.086777385044467792e+01
-2.072862470864782836e+01
1.312049426275660835e+01
-3.478355720471800794e+01
6.019371750106756735e-01
-2.353633636343394997e+01
4.829617925577593951e+00
6.384885611532567395e+00
1.895445145522788266e+01
-1.191330184484732513e+01
-9.116118616863730040e+00
1.677609408085534426e+01
3.368494273051058485e+01
1.865557829484353647e+01
4.698411013410918713e+00
-4.074941196510419417e+01
-9.630537288743511226e+00
-1.791260794595063999e+01
-3.434702545063294110e+01
2.296090773628515080e+01
-2.059358089253538537e+01
-1.878040873280980350e+00
-1.593382565057075340e+01
-5.666337211538137808e+01
2.942254578171124990e+01
-9.986073848747537340e+00
2.300707293676055087e+01
-4.058274308200529390e+01
3.828501683148604684e+01
2.089588937883405606e+00
-1.636375622074858782e+01
4.854453522478792138e+00
-1.183037353342683673e+01
-3.725705557365435538e+01
8.252843767534244535e+00
2.021642571065957839e+01
1.001793339316236597e+00
-2.059390910650108708e+01
-9.282773792868937335e+00
9.985624369280003521e+00
1.814139183928054422e+01
3.581748182783597656e+01
1.342707906211899171e+01
-1.321010238850706742e+01
5.418581872121414733e+01
1.363320831015268908e+01
2.411591256445847620e+01
-1.033473022814132491e+01
1.592848417109743764e+01
1.111723119842659457e+01
-3.522917169100793444e+01
-1.171641166349255059e+01
-2.322094899726705464e+01
-2.093998313819162149e+01
-6.851050831414909226e+00
-7.855270409301112977e+00
-2.394856659913574504e+01
-6.298577084979581286e+01
-1.640281232146107016e+01
7.117862185713079270e+00
5.166919476858424787e+00
7.880697194595228439e+00
2.633916126685986114e+01
7.996526009402174395e+00
1.845233921092085438e+01
-2.370693233957516100e+01
2.595559298187720287e+01
-2.583278083078167242e+01
-4.082846873927474007e+01
1.246645623470902819e+01
-2.449474891286195088e+01
-2.231901230258441160e+01
-9.007921082221821507e+01
-6.568441272712448153e+00
4.632001553772477109e+01
2.409137899682667694e+01
-5.804076448825696843e+00
-7.832130006553995827e+00
2.142242838402617622e+01
3.777454174390820185e+01
-2.364635301710686122e+01
-6.150748640484437146e+00
-1.931596876543011376e+01
-1.992982923993844224e+01
-1.749146590255178779e+01
7.220932051355152481e+00
4.020377373397292331e+01
-3.707496536455494152e+01
-3.188502085539136033e+01
1.866271350035333398e+00
-6.041334044688738913e+00
-7.641747766755820237e+00
-5.122820201363578008e+01
3.569013371578952842e+01
1.360071380180409051e+01
5.290531193745305671e+00
2.753081711928176389e+01
-1.861784212431795993e+01
1.760741017433679900e+01
1.581891524433027030e+01
2.114768828193945183e+00
-3.483077901649028973e+00
5.031247090096949037e+00
-8.969755654488384522e+00
2.877951479165393778e+01
-2.277708943651330742e+01
2.446269020960329499e+01
5.498560351725330975e+00
8.200359245642601991e+00
1.288582506044122056e+01
-4.938044304739943868e+01
4.751431917966641549e+00
-3.807010499883719490e+01
-2.784545106066271458e+01
-2.784976953283846512e+01
-2.835270849067222798e+01
3.051189455896974323e-01
9.508241416843205229e+00
2.828913332458388652e+01
4.920664474605565886e+00
8.160037090701653284e+00
-3.988244593186948350e+01
-1.452060589651961209e+01
1.935154617943979360e+01
-1.121992171988281939e+00
-3.695003635348825810e-02
-5.075391617955801848e+00
1.990105516205240122e+01
-5.186725292349359506e+01
6.419837100572184596e+00
1.154622794747619707e+01
2.455672781927078674e+01
2.102830033263288101e+01
-3.215150194436638742e+01
6.420563169437315310e+00
3.324796353953402672e+00
2.729874967332932556e+00
3.348899624983232570e+00
-1.072833226622617531e+01
-2.007677401311819665e+01
1.074722877785670505e+01
3.413809840870464996e+01
-2.817923442450933180e+00
6.601427361907383329e+00
9.615982386858320297e+00
-1.460492395251198161e+01
-1.543168047256290265e+01
-6.782091433340735875e+01
-2.101130888806319774e+01
-3.101842904545449642e+01
-3.820275770119081926e+00
-3.834868135542228629e+01
4.265560054065426243e+01
-1.778788339993559475e+01
-3.042976193359686476e+01
-8.786784084257305949e+01
3.777787251937863289e+01
7.568480157529194230e+00
3.407639943366092439e+00
-3.557403001213225480e+01
5.009525012436881752e+00
-1.127224319446844447e+01
-1.859965069066961263e+01
6.598018887081867234e+00
1.915726733230386003e+01
4.164828232972226374e+00
-1.206563114640778167e+01
-1.180744520622738492e-01
1.581745703308115480e+00
8.901168381513173244e+00
-3.612268400267513613e+01
4.095846629976397679e+01
-2.433014455402889098e+01
-1.698389153074257862e+01
-2.780293678680567382e+01
-5.905239160646692653e+01
5.108038694195208507e+00
-2.971790682313104526e+01
-1.083827085546244007e+01
1.851999348281327684e+01
-1.469312538526583012e+01
-2.011098597710201830e+00
-6.680566159482950184e+00
-1.143366477903407485e+01
1.800949269498154592e+00
3.079990068073584553e+01
-2.858625911687210674e+01
5.651711691012133087e+01
-1.284007770819974326e+01
1.899954655678408244e+01
-7.806163827600286709e+00
6.482543680693325427e+00
-6.164312048465262706e+00
2.491516352460882899e+01
3.482701376830872420e+01
1.086827727164079249e+01
2.620660729759740804e+01
-2.019002670277056666e+01
-3.725883452484325176e+00
-1.269689846255579369e+01
3.890388876393109285e+01
3.267332401244044604e+01
2.467342556308489065e+01
-8.772581419961682059e+00
-1.579309373306855946e+01
1.410976617559620649e+01
-1.591522413549338921e+01
-7.037769584524312450e+00
-3.294102017122568782e+00
-1.677112012912755290e+01
2.821114748428705354e+01
-4.683352530487518095e+00
2.151752190412261712e+01
1.106969460739509614e+01
9.812790097343800255e+00
-1.877322668509203396e+01
1.505176908960683591e+01
-1.034011452258175723e+01
-6.656311868063340853e+00
-1.770340581845573524e+00
-2.731825056295053855e+01
4.231008730929346484e+01
-1.513843864515014204e+01
-1.764295619998222264e+00
1.262609135067268795e+01
1.089736671521697531e+01
4.205493532645621713e+01
-9.838375261540704741e+00
4.275558805394830131e+01
3.837812204946983741e+01
-5.317464081135483411e+01
2.886529103271698204e+00
-1.051040110840338571e+01
8.838351741653866611e+00
3.331097262914511248e+00
1.127488777574995993e+01
3.536683252164954183e+01
5.535168036729489671e+01
-4.262676317082261335e+01
4.289988702878258664e+01
-5.553500022060391927e+01
-4.606312168868154799e+01
-8.196193271283192416e+00
7.675065674646930347e-02
4.136351315957412567e+01
2.028059619892030696e+01
-6.835207797079675629e+00
-5.060727673976194296e+01
4.002673959343155730e+01
-2.372293618323374176e+01
1.049799203744157694e+00
-4.015946457926474977e+00
7.148357419162553583e+01
-1.438466627920615792e+01
-6.054281029436407380e+01
1.779408423885706725e+01
-9.229493740707692950e+01
6.553279776114322885e+00
-2.071045711362815211e+01
-1.042281897819575320e+01
-1.539665954335754350e+01
-3.315954834657168249e+01
2.169371170915692915e+01
-2.152602558595033244e+01
-6.655143121399476058e+00
-4.474551798681034143e+01
-2.488733148557770392e+00
-2.965974072873393652e+01
-4.228717705215001388e+01
-6.445841560150330452e+01
5.208764202785687303e+00
-2.016683917855633013e+01
3.515032906362705489e+00
-7.967609116847370387e+00
-4.608561257336219796e+01
-3.684983287527767004e+01
-3.094134247306658381e+01
-3.211882399420665024e+01
3.021897606586497886e+01
2.935185191237863478e+00
-2.824511970857069798e+01
-1.229789921721965129e+01
-1.393924202517867172e+01
2.280822281921555472e+01
-1.765245436382885202e+01
-4.354555474449053776e+00
-1.588354151707335404e+01
-2.031377091846516691e+01
-2.292899318972905576e+01
2.097553144960718896e+01
-8.773568965721580071e+00
-5.246562573216795045e+01
4.376100447021065065e+01
2.498218719785639053e+01
1.496730311699309368e+00
-4.428069461250271388e+01
-4.249553831151979466e+01
3.957694590447658811e+00
4.229466084025261807e-01
-1.800885981280259784e+01
-2.601124172445553739e+01
1.783904723196445730e+01
-3.152096541098785565e+00
1.495135876449052148e+01
2.776109188095932723e+01
1.805560917697107470e+01
1.810265744666355658e+01
1.355116910467197222e+01
-1.187542328462512842e+01
-8.455695759153996960e+00
-1.228933303481078809e+01
-2.083288044126163641e+01
-2.429996113047246808e+01
-3.616843781027401405e+01
-2.113172298389568482e+01
-5.781682476680117588e+00
-4.362221192108233936e+01
-8.117735862923439072e+00
2.067576481045626124e+01
-4.482738997581441254e+01
1.690999354343905736e+01
1.524062392864644266e+01
-4.078555252711009871e+01
-3.220622473906504979e+01
-9.747274156894974340e+00
9.965971743904745495e+00
-2.235408217555658439e+01
4.109386862333816737e+01
3.647839250129766242e+01
-4.389182286524300025e+01
2.540588075919623634e+01
1.975630504865381454e+01
4.990105380674151547e+00
1.229371300047701254e+01
-2.431764565583006288e+01
-7.442190594114990176e+00
4.718261969524291999e+00
1.092745533291478921e+01
2.405128041751282097e+01
-2.919125733432444036e+01
-3.425450154149984883e+00
8.512289186455888057e+00
3.005777996016320230e+00
-1.698168000225000185e+01
1.241739245399192271e+01
-1.453558625499820778e+01
-1.165175168311297682e+01
6.464124620934228460e-01
-3.460469327618571356e+01
1.675062263587378197e+00
-9.579972151009371828e+00
-7.882973513951384348e+00
4.804324836569662693e+00
-3.088709618593114214e+01
3.373749142896625131e+01
-1.433895489327029793e+01
-7.589707044735231989e+01
-4.860275733496101225e+01
2.106376901965558091e+01
-2.301266514103821237e+01
-1.074959501247269600e+01
-1.497442031374397686e+01
-1.043047291235545515e+01
-5.741075676699898622e+01
-3.584905505402844028e+00
-3.544746209474806165e+01
-1.958522886032270094e+01
1.210921250445036890e+01
4.477573993877618364e+01
1.594421992817700584e+00
-5.381050595033940454e-01
3.392512805773702667e+01
-3.152918597684175950e+01
1.817459105044164858e+01
4.321826171988277565e+00
-2.713660144016370168e+01
-1.451947440215766960e+01
1.269386380987094753e+01
3.518476351841073324e-01
6.925985532434932423e+00
5.899719113013318861e+00
-1.349938777938729118e+01
-1.842007166772486926e+01
-2.842406430567956477e+01
2.807226749041674907e+01
-3.676391582477326381e+01
-2.728602966970815658e+01
7.130299437241163218e+00
-4.957303528334129794e+01
1.280816473357407403e+01
3.648955246707430433e+01
-4.153645840100182340e+00
6.622795432376165081e+00
-1.638928153957959921e+01
-1.251985210536253135e+01
5.951897412116181840e+00
2.167005176641406905e+01
-2.211330141048419051e+01
1.537193898877308129e+01
-6.040327063595384516e+00
1.739648664432138503e+00
1.320767805535234629e+01
8.517719246576376690e+00
-7.317484000116579068e+00
1.587771562861348684e-01
1.095133510037703672e+01
1.626673373829177649e+01
-4.089603093721900962e+01
1.815368676106459134e+00
2.938574507702966443e+01
-5.262211537316284193e+01
1.732159291165480397e+01
-6.647268050391070915e+01
-6.131164002048539174e+00
-8.450792172460495522e+00
-2.925268489419750040e+00
-6.916247216085196214e+00
-1.436154733875912370e+01
-5.423805938210875865e+00
6.850312314992891061e+00
-1.514929061804159716e+01
6.871348575509941270e+00
4.991784691329547741e+01
-3.453204819146910154e+01
-1.506892300150596498e+01
2.265838350555443981e+01
1.366339526463114851e+01
2.489841158021687306e+01
1.198762214024284845e+01
1.203944841634954344e+01
-9.138682279706415557e+00
-2.796482571274862039e+01
-2.574771029008542200e+01
-1.538112582500786374e+01
2.657961211423724990e+00
-2.401492658920147960e+01
-7.940460975115694708e+00
4.158706666488143355e+00
1.356422209643289989e+01
-5.805324943985155528e+00
3.395649918931788136e+01
-3.294245501161958600e+01
-2.226136672609925427e+00
-1.788364582111162449e+00
1.567884818528080615e+01
-2.237963629544569244e+01
-1.416327872756278339e+01
1.070074009204803112e+01
2.560891141583981323e+01
4.249051308613714895e+01
1.819133970207045081e+01
2.379500942605702107e+01
-1.589451198200032422e+01
3.580348548359415872e+01
3.758238373525315978e+01
-1.445180249750251278e+00
1.942854147361961736e+01
2.146294568332945119e+01
-1.335120102300268741e+01
4.813388509931542103e+00
3.449724924313494512e+01
-1.370742944358988780e+01
-5.196075291914780792e+00
-3.428560049680694277e+01
1.350507170947417990e+01
-7.274453079620741391e+00
1.122320299138425526e+01
3.341877881508196424e+00
-2.262713585481175116e+01
2.589346474744425564e+01
2.277718475576676838e+01
-1.525579365872795279e+01
1.079956285418212047e+01
-3.463873971981251998e+01
-3.016920099152734736e+01
1.407481649936619306e+01
-3.870220013900751610e+01
-1.747565697828758502e+01
2.955313193182860232e+00
4.694672955270854686e+01
-1.442363681044434998e+01
-6.946629649326396816e+00
-1.022354014555202184e+01
6.362582481954129321e+01
7.971054996160759742e+00
-2.442669897750413099e+01
4.017437262174786383e+01
3.557892547482088474e+01
1.785066211335725939e+01
4.263399605660293901e+01
4.872932690614106832e+01
-4.258566450092963862e+00
-1.572517052085581213e+01
-1.645702745748258167e+01
1.635455628510881354e+01
2.126597531520661732e+01
-3.890795375731045169e+00
-1.312702636387192001e+01
-3.462348047686484165e+01
-1.432616454635781622e+01
-2.560969320996275655e+01
1.707697052161124418e+01
9.673558178326004509e+00
3.613164096141269965e+01
4.206307056420229173e+00
-1.334859946131803099e+01
-4.806479551099400283e+00
2.239812071743745037e+01
7.075768062949066461e+00
3.087337129724042484e+01
3.159259456355147222e+01
-6.850857484180551182e+00
-6.088767814078813956e+00
-5.693212352690443367e+01
2.868261310409790354e+01
-6.798736250154320260e-01
3.068349556988971472e+01
-1.228933405545844693e+01
-3.539442726099235870e+01
1.193050796865012941e+01
4.129405349151201676e+01
-1.484597196059688429e+01
3.743788555823715569e+01
-4.121809081312153467e+01
-1.304539758092859358e+01
-4.601161434763406533e+01
1.081976649796800416e+01
4.590091262550004103e+00
3.065983258870517147e+00
-3.517336382558778496e+01
5.121703282715378691e+01
3.066428502904818743e+01
4.963787007312760124e+00
-2.915004532059913345e+01
1.224161359287651862e+01
-1.319202237426412694e+01
-6.997658529360137436e+00
-1.352007731559751846e+01
1.037413240315064655e+01
-8.145586459004448443e+00
-1.139166540592216847e+01
1.176620082062862593e+01
1.464145341860259464e+01
-4.845418741600065005e+01
1.120479871258260118e+01
3.812584258506139179e+01
2.270593938918321442e+01
-5.940385014145794784e+00
8.757861583750141676e-01
-1.983485447789450973e+01
3.279625273834170684e+01
8.772352624714159219e+00
-2.346613607897040765e+00
-4.180418228101700606e+00
6.037057769209508251e+01
-1.812471784676006337e+00
1.383095538832705529e+01
4.211196922936511555e+01
5.430659079434072822e+01
3.504873402330770205e+01
2.288350008371756417e+01
-3.743105517291201068e+01
-2.555931746510299263e+01
1.943207921851202968e+01
3.893835157834729443e+00
1.783044095366250303e+01
8.933099330807991123e+00
3.464110415304796220e+01
-4.364164093030888836e+01
-2.747701597453439604e+01
-6.489768673495944995e+00
-4.816613354411995829e+01
1.073758046743134287e+01
2.478049517604792129e+01
3.830798795002692714e+00
-1.247771063258841195e+01
1.304464558483510928e+01
7.771690984430881599e+01
1.739705507366284110e+01
8.887630872692398043e+00
-2.644645265349842589e+01
-3.370698906574710918e+01
-8.247685143492560655e+00
1.857464766033220371e+01
-3.376095666425896979e+00
1.334566824915430772e+01
1.960279648315474788e+01
-3.214962379491072397e+01
1.471458436065012165e+01
2.482709231720548360e+01
3.174188755088124481e+01
-3.709255295654600104e+00
2.617994114223279212e+00
-5.625876768570051922e+00
-2.716480787560760746e+01
-3.902706504419211342e+01
4.465251306574458567e+01
-4.364540025018627034e+00
-3.106799532668104291e+01
3.029383670960157815e+00
-1.456688685531613459e+01
5.096400040283378985e+01
-1.304909767673689203e+01
-2.011755242683994993e+01
1.951658858904204408e+01
-9.224160988962125884e+00
2.503279711888242787e+01
7.172929067895097432e-01
5.457248135110535259e+01
2.957361448630685175e+01
2.231945632997934581e+00
-2.089842109756389732e+01
1.544435444194101592e+01
-3.026889541595142674e+01
-4.878100684193981351e+00
3.441080871255688578e+01
-1.569008537308567952e+01
-2.518536314438418344e+01
-1.356978373483786982e+01
2.807119461215290812e+01
7.104527131273250973e+00
-4.655113180744548629e+01
1.870393422803253713e+01
5.265656519720295137e+00
5.192838478038908079e+00
-2.822056540490456200e+01
1.648315860943057487e+00
1.897397392630955437e+01
2.692745921820565513e+01
3.695796529362935701e+01
1.624133779480573025e+01
2.227498038626507082e+00
-3.033100360555562247e+01
-2.620847319592019176e+01
-3.877350536717585783e+01
-7.370789116793503126e+00
1.781275383295255210e+01
-1.409848574976500402e+00
2.878687182788246446e+01
-1.837587756982139808e+01
9.196589492029318080e+00
-9.775145091017435561e+00
-1.675702148345101961e+01
3.433009161642347351e+01
3.958170143618474413e+00
3.531743558923704995e+01
2.723152337268516021e+00
1.251082210421893848e+01
-1.001698996106023287e+01
3.410674917530830896e+01
-9.322668580095665902e+00
3.292603133595308762e-01
-4.385099397893850437e+01
-5.385315965267096772e+00
4.015986835758189955e+01
3.595152387412139205e+01
1.507053608910464249e+01
-9.288989349599816592e+00
3.068706844577121728e+00
-1.175343203663931035e+01
-7.766507223976844898e+00
5.190358881461942531e+01
2.777268858899788029e+00
-1.475366656923944220e+01
-6.093245972450812076e+01
-2.672726507623728054e+01
-2.157916999337754760e+01
-3.607348189974493380e+01
-3.268417958417373370e+01
-3.891418824156110645e+01
-2.580986343482021539e+01
-1.786427962374631306e+01
-2.776474170216940252e+01
2.637209230488272027e+01
-1.170152402324606555e+01
-4.978483038479919287e+01
2.266019130671151061e+01
-1.715657838949722702e+01
-4.566594345224339691e+01
5.466773413422063754e+01
-1.463301805520407584e+01
9.657111154941247833e+00
2.258103130895307231e+01
5.058568900823871672e+00
1.493013053741995577e+01
1.812543617326383583e+00
1.109610908713491995e-01
-8.343440318270182843e+00
-4.247641742772518114e+01
6.714174527154661121e+00
-7.019819432371861012e+01
3.993944894897407494e+01
-2.397835834542848943e+01
-9.922723293702262026e+00
-1.023256050028800246e+01
8.478046315463029003e+00
-9.637558797420282986e+00
1.525511032401902867e+01
-3.115057321622929010e+01
2.022904298426146852e+01
2.433070930687868838e+01
5.930449528468571430e+00
6.444877618044841938e+00
1.219752712289636065e+01
5.112350277210680360e+00
1.561228950612976973e+01
-4.514009662428421166e+00
-3.961687542096251491e+01
5.432706155084218835e+00
-1.404958059327242381e+01
-3.054781788837033218e+00
3.116759295816359554e+01
-4.538652902102469255e+01
8.044979321863081623e-01
1.168236567484797206e+00
5.155473491459900970e+00
1.770927449806865184e+01
-6.890910093423403993e+00
4.692800942581243362e+01
2.489893651516004525e+01
-8.690081189165432818e+00
-4.291329079019135406e+00
2.135475543007572696e+00
4.352911224720554628e+01
-2.990355206770044560e+01
-5.824552273054496254e+01
1.742943505741178001e+01
-6.882135946774681656e+00
-9.462084202402138544e+00
9.371160052139202890e+00
4.304871615477549085e+01
2.511285517601007200e+01
-9.088553098093996141e+00
-2.976158351411606873e+01
-4.831928686390163818e+00
1.600601103805680125e+01
-8.674105833077220495e+00
-4.224800766721261880e+01
-3.443312743386599095e+00
-5.406075788052724818e+01
-2.874311534290313830e+01
4.659195552448900912e+01
-2.956731773660646923e+01
-3.880991184449021603e+01
-2.930845193950683125e+01
-2.097444014843111404e+01
2.055697251762737210e+01
4.790360126345598957e+01
-3.738351196732850212e+00
1.471017427030795943e+01
-1.205932256939358638e+01
-3.951478650357212530e+01
2.677239460446995523e+01
-2.687218136533391544e+01
1.488929037181782178e+01
1.819119026621487478e+01
-6.074866384744666448e+00
2.156311305679938073e+01
2.346474913825863950e+01
6.467782547472071997e+01
-6.799767789186319078e+00
-2.947323649599857731e+01
-3.586469127744550178e+01
-9.743030488541997158e+00
-1.913525740842137779e+01
5.394535635693739550e+01
-2.503719404618402677e+01
6.555933242097593094e+00
2.787949092962861641e+00
-1.255114924660478692e+01
-4.846410265117549443e+01
-3.587467692015479770e+00
5.627918361134663883e+01
9.903460546424327049e+00
4.299054047648439791e+00
-3.294870574434209232e+01
-3.277065386934509661e+01
-8.016761182922770956e+00
2.623717187234109360e+01
-1.454660959655549846e+01
5.871404309808067978e+01
-2.762712163695891832e+01
1.073774515151364994e+01
-7.845741186991233462e+00
-3.700311431860032485e+01
2.487559594123212037e+00
-2.928705748938500619e+01
-4.219071712356469561e+01
6.329351185975212957e+00
1.076456290899969304e+00
2.984593769541748998e+01
1.350625447590350348e+01
-1.919765443958008433e+01
1.233920112458275753e+01
-4.997007545680413898e+01
-2.733568270450905402e+01
5.100775847024869591e+01
4.712241817634172492e+00
-6.043993324198766004e+00
-1.700884982786442379e+01
-2.490513224833307504e+00
-5.628312610144462269e+00
5.090002353527398782e+01
2.379613696175277937e+01
-6.751723447052540905e+00
-2.015708458494430033e+00
-2.248167818360879977e+01
-8.981505000679476325e+00
-3.598492945647555530e+01
2.825406956749412757e+01
3.996966114777421808e+00
5.878862285627235451e+00
1.021672348045208878e+01
-4.588303170660587682e+00
-1.174678745524320256e+01
3.049498791207945203e+00
-6.181869310340697155e+01
-8.858035366763488128e+00
-5.851873393933772149e+00
-4.408656901876483403e+00
2.755089620437902909e+01
3.713986641772036279e+01
9.861498884927414110e+00
-5.438980655242239948e+01
3.555058597689668431e+01
-1.226608173855484551e+01
-2.139292913267883023e+01
-4.983721338731769634e+01
-1.723284617398654461e+01
3.546279591233322037e+01
1.748150609708750380e+01
5.827361541316577132e+00
1.925319096041249622e+01
-3.331059439948847967e+01
-2.658428642297926103e+01
3.226179030258376201e+01
2.224680237953133144e+01
2.744996654554307725e+01
2.772981377925873403e+00
4.850045876954027335e+00
3.113683791858764494e+01
5.519472096594435584e+01
-1.193717121830827210e+01
2.201853962695838618e+01
-1.475123697433394909e+01
-2.506651929594168138e+01
-1.980098495387710500e+01
-1.988898884601016448e+01
-8.248890825496658863e+00
-2.715517588233856827e+01
-1.120160889389140380e+01
-7.752569473652417287e+01
1.937133724027256676e+01
1.267226251089320499e+01
-2.687395362669285248e+00
-2.218924234529345085e+01
-1.058436921767781769e+01
-3.133817412549063874e+01
5.634488216549613071e+00
4.602220402998850091e+01
-1.257043815937282716e+01
-9.652327214540022737e+00
1.195737904674217589e+01
-2.916764895739715868e+01
4.836910410853630538e+01
8.412225267003478280e+00
7.911558383372721437e+00
2.827688492077186311e+01
-1.434351993812640558e+00
3.195757255932124963e+01
1.078787471396427122e+01
-2.255594377623694413e+00
4.692552019695995114e+00
-3.642448264489502208e+00
3.782196412680167441e+01
4.915526760129154127e+00
1.037774358164406863e+01
-6.634633608406346639e+00
8.009932838375107167e+00
-5.263823349121361161e+01
-2.012900406171439727e+01
-2.780426320903706028e+01
2.709625676338956168e+01
-1.826785000754932753e+01
-3.424584648205836857e+01
3.302132860175254336e+01
-6.969115310233632954e+00
2.312194774911205286e+01
-5.140808640152704356e+01
1.062659925860309329e+01
2.959624194226393001e+00
3.451381953003533454e+00
-6.610382171445877475e+00
-4.143338068708544597e+00
2.894059031456016839e+01
1.060913394458651737e+00
-2.890218798310633019e+01
-1.069471688473045390e+01
1.256344576432216797e+01
-6.557330478204491442e+01
-5.015828648042945304e+01
7.380549226234336402e-01
7.988295447497343105e+00
-2.677558354239115346e+01
-1.098015916483689125e+00
5.989860051777833405e+01
1.598841924529773451e+01
-3.065062644812741155e+01
5.320059926863180522e+00
-5.275707479256169563e+00
7.131006945698665334e+00
-2.024439392250252467e+01
1.251716235236090213e+01
1.495627215060881099e+01
-3.942521795793823003e+00
6.347093156926044344e+01
-4.502529654877122312e+00
-1.799477954575712602e+01
1.358306012243434679e+01
2.442408274545550739e+01
-1.925378845816351259e+01
-1.029596120005059845e+00
5.568092914520337899e+01
-1.589064105047100384e+00
3.335551171061032960e+01
8.332894397143888909e+00
-3.986542438773263086e+00
-1.286643516434924095e+01
2.967712055416383521e+01
-3.179203842133415492e+01
-6.255732698154474747e-01
-1.034733219867484877e+01
-2.258931815601765436e+01
8.502242066436592083e+00
1.508654297209852757e+01
2.455962487210456402e+00
-2.532381929132725418e-01
-2.259413731727497066e+01
9.204467823572173302e+00
-1.876716664910617283e+00
-1.287538660297943949e+01
-1.146354221325594125e+01
9.427617679341210533e+00
-2.146077005759877920e+00
-2.149650107106094765e+01
-6.195931954599149094e+01
5.892949072272728017e+00
1.098996190371958903e+01
-2.753237657186281240e+01
-1.354983779325556270e+01
4.699550818259949381e+01
6.360634862231435704e+00
2.243934446571631725e+01
4.894091421900554906e+00
2.263462419022064864e+01
3.253514691439164608e+00
-2.215185855581100327e+01
-6.147919448166859979e+00
3.090698732279719252e+00
1.787677179656157023e+01
4.290096453093781292e+01
2.795046578687555439e+01
1.722846919934255538e+00
9.671424507740084664e+00
3.443853317692364158e+01
1.501231401692429657e+01
-3.943584034361973067e+01
-1.568420652755759193e+01
6.397237230087597482e+00
4.839603347651888043e+00
1.401078831979155126e+01
-2.946235183009639513e+01
3.982711387402069647e+00
2.457232098839899948e+01
2.719166057102373202e+01
-2.443083105518903153e+01
1.556405223544743421e-02
-1.277153448850668838e+00
-9.709318340376569267e+00
-1.613819248047363430e+01
-8.790559650374831335e+00
-4.969626025778509870e+00
5.746583687333043144e+00
2.405195941899785339e+01
-1.754811392383021484e+01
4.601701135213670568e+01
1.866473750240513141e+01
1.526562524319021463e+01
2.015514714316701017e+01
1.543509474104835277e+01
2.063728600322821194e+01
3.112577575842399824e+01
-2.592063265354653367e+01
3.540693295416628672e+01
-6.488697382984601347e+01
1.801993893721420648e+01
-6.079168990194182243e+01
4.743070071109013952e+01
4.290536525546072255e+01
-5.328734660104487375e+00
-2.740481612991857219e+01
-2.412692167780673458e+01
-3.131059102784945480e+01
-3.604056248575906807e+01
3.217127696798851844e+01
2.393148875469752568e+01
1.360039201402199183e+01
1.612340844279958674e+01
2.536447182311320603e+01
-2.228080175935889429e+01
-1.005483590751691736e+01
3.137523679992132486e+01
-7.434567895305463026e+00
3.034008674278793194e+01
4.235899907513368134e+01
-3.263810941103885810e+00
-4.164841544641569726e+01
2.840666484246128221e+00
-1.427166147555976039e+00
-5.808449594702210561e+00
5.668826987800912320e-02
-3.708580530351673588e+01
-7.162999995669679265e+00
5.064589088497539748e+00
7.554669893176438222e+00
2.778373168024211282e+01
-2.426535693918222591e+01
3.172776960528574364e+01
-2.270216718068763839e+01
1.460065561907777010e+01
2.298422904511559040e+01
