---------------------
  #    meV     cm^-1
---------------------
  0    9.6i     77.8i
  1    8.1i     65.1i
  2    6.3i     51.1i
  3    3.9i     31.1i
  4    5.9      47.5
  5    6.5      52.1
  6   10.1      81.2
  7   19.2     154.7
  8   20.3     163.3
  9   22.0     177.8
 10   31.6     254.5
 11   33.6     270.6
 12   40.5     326.8
 13   46.5     375.3
 14   71.4     575.9
 15   74.6     601.6
 16  126.6    1021.1
 17  141.9    1144.5
 18  145.3    1171.7
 19  180.4    1454.8
 20  181.6    1464.9
 21  181.8    1466.5
 22  300.5    2423.7
 23  367.4    2963.6
 24  376.0    3032.3
 25  378.4    3051.9
 26  470.1    3791.5
---------------------
Zero-point energy: 1.616 eV
