[[-411.09494305]
 [ 358.22030393]
 [-272.89114352]
 [ 183.79508311]
 [-113.76480549]
 [  71.86115701]
 [ -54.33587159]
 [  51.11585499]
 [ -52.73035533]
 [  53.92084973]
 [ -53.44933726]
 [  51.87490111]
 [ -49.62976258]
 [  46.47138116]
 [ -42.04315975]
 [  36.55264545]
 [ -30.91341261]
 [  26.29934367]
 [ -23.53929382]
 [  22.76320183]
 [ -23.48233157]
 [  24.93763125]
 [ -26.43687157]
 [  27.48700142]
 [ -27.76298241]
 [  27.05897361]
 [ -25.32662464]
 [  22.76477037]
 [ -19.85158246]
 [  17.22721363]
 [ -48.34692682]
 [ -32.84876782]]