---------------------
  #    meV     cm^-1
---------------------
  0   14.1     113.9
  1   15.8     127.1
  2   19.1     154.1
  3   21.6     174.1
  4   22.4     180.8
  5   23.5     189.5
  6   28.0     225.9
  7   30.9     249.3
  8   38.0     306.3
  9   66.2     533.8
 10   69.4     560.0
 11   73.5     592.9
 12   74.6     601.9
 13   94.4     761.6
 14  104.8     845.5
 15  127.2    1025.8
 16  137.4    1108.2
 17  153.1    1234.8
 18  182.9    1475.2
 19  195.4    1576.0
 20  366.2    2953.2
 21  415.4    3350.5
 22  432.3    3486.5
 23  467.3    3768.7
---------------------
Zero-point energy: 1.587 eV
