-3.433607658736499957e+01
-2.010729659876460573e+00
-7.073612043485447032e+00
2.383563457130382091e+01
-1.180332484969325435e+01
-9.124431203828976322e+00
-2.380426470987876542e+01
-4.980302875440474963e+01
-2.126650153174038849e+01
-2.239866978659227925e+01
-2.081661821930603651e+01
4.224186917257345186e+00
1.978012329163334471e+00
-1.050642050365311775e+00
1.704347511040197105e+00
2.626137319033034601e+01
-1.009788657413132285e+01
-7.138913779015453542e+00
1.163819826062342599e+01
-6.132840381105171446e+01
3.075464556849792075e+01
-1.321769293384477351e+01
-2.373497079879930638e+00
-5.545375891631081799e+00
-9.769242204042711819e-01
-2.097651506978408520e+00
4.754745817970339772e+01
-1.492225922575788388e+01
-3.959096091433082165e+00
-3.008597203813582155e+01
3.887659313909307457e+01
-4.300632602828343920e+00
-2.114865441414264069e+01
1.111780070387068520e+01
-2.038740249666062709e+00
1.289643461304180505e+01
-5.444640735613859306e-01
2.708431591003133576e+00
1.876121796084983373e+01
-5.410576826939293937e+01
3.015237081138079134e+01
8.060093791174963940e+00
-6.207313118680900743e+00
-1.730804126275158339e+01
6.837505998598913948e+00
-1.085515358812844511e+01
2.464777168046708766e+01
1.970433308538503070e+01
-1.270804036467279730e+01
-1.622016691739969474e+01
-1.715408709601143755e+01
-2.059890665572359580e+01
1.045529144753402306e+01
-2.680508787011331151e+01
8.210546154862470303e+00
3.428265105843031790e+01
3.952054683866884943e+01
1.841004616082754808e+01
8.200607441372028461e+00
1.717519678585159681e+01
5.042336519384133453e+01
8.505444264689401734e+00
-2.955368339290689761e+01
-5.971517522642841413e+00
-1.393384419648884887e+01
3.293838760860707282e+01
-3.898903540551617652e+01
-3.403101032299775852e+01
-1.732751541801930273e+01
-9.707641801314991881e+00
-2.217958418029328982e+01
1.555798052276271903e+01
5.139631612194307309e+00
7.750024143700443346e+00
-2.147106809805721994e+01
-1.878479523124167372e+01
-3.242491468557252432e+01
1.786026276271519464e+01
-1.859744834268459357e+01
1.678514163518575231e+01
-5.367577732217907460e+00
-1.474240900259408704e+01
-2.840433511381057485e+01
-8.447060300502243990e+00
-6.041146994702785378e+00
-6.791956216186065376e+00
2.215747797375573924e+01
4.152715775579754620e+01
-2.440389741330145057e+01
-4.254511692877910889e+01
-1.067790205553231431e+01
5.891499126180198687e+01
-3.217158023964886127e+01
1.776882268090039929e+01
-6.460291821727651040e+00
-3.306075569210531739e+01
1.365096820744059869e+01
1.938132091386034972e+01
-9.607042943584005457e+00
1.821231292244397082e+01
-1.331377373819498189e+01
-3.098636807089599188e+01
5.205370343932077049e+01
2.482385992532556429e+01
1.405367893051192141e+01
7.812529458006707728e+00
1.485983327076505134e+01
4.479900664572124924e+01
-1.461503074146424197e+01
3.330611579862249982e+00
-7.502595691312723147e+01
8.697318275877648830e+00
-3.676561508298816250e+01
7.710549317572713335e+00
1.210588782561245580e+01
-1.980298015200133932e+01
-2.809947993913272057e+01
1.214648648922036500e+00
-1.672971349681063202e+01
2.116890370724613035e+01
-2.758254757421346426e+01
-3.055699849686163816e+00
-1.995648411296902225e+01
-1.937903087510335354e+00
1.088456190096493970e+00
1.237234943068571624e+01
4.472762964248317985e-01
-2.851941473837484864e+00
3.531845045531081695e+01
5.001634975979204967e+01
2.701860575477624593e+01
3.905177391276723142e+01
-6.404644133207114010e+00
5.535298040525248098e+00
2.917936950320176948e+01
-5.204980228678266485e-01
-4.177555341143539636e+01
-2.238684019553080873e+01
-2.786552592433967845e+01
-1.521272723499706814e+01
1.576543755851494666e+01
-6.529116981436061451e+01
-9.228328540946620251e+00
2.436294142339592383e+01
-2.058420396829404808e+01
-1.717514646332159600e+01
3.279462070713168487e+01
2.445481272868107681e+01
-1.822243905730236690e+01
1.528989583517565620e+01
-1.396394224219501723e+01
1.876171649636868466e+01
1.811903733590696675e+00
7.281187606409176283e+00
-4.691666452703702817e+01
-2.601132774466277198e+01
-4.747221110050190873e+00
-8.978432539227503284e-01
-2.244290956184465813e+01
5.981793857694447070e+01
-9.614438034371573849e+00
-1.777182046560321282e+01
1.955026033546641884e+01
-2.526674664116286806e+01
-2.013812191535956231e+01
1.799166717176888142e+01
7.052505893820814720e+00
8.455540463047668709e+00
8.660302302409391473e+00
-6.083596351801872970e+00
8.793288261928978500e+00
3.205920464102304379e+01
-1.455056243194118792e+01
1.055645822989899330e+01
5.005416164155496972e+01
1.800468750410345820e+01
-4.161678614969162027e+00
-1.127819855076893418e+01
8.565490084155538852e+01
-1.173830561861225874e+01
2.062782597105959326e+01
1.422948042587424311e+01
1.619750012247867232e+01
4.862332084405238675e+01
2.637906134568459038e+01
-1.471941142799988000e+00
1.333948973786368697e+01
2.701707368613216431e+01
1.979405846457729012e+01
-3.199849995336387565e+01
5.185679811260808947e+01
-4.613803114195869171e+01
-6.771817545355020229e+00
3.028443492739629050e+01
8.248396485179217308e+00
4.162685760719398331e+00
1.557037443855298875e+01
1.234923089023243392e+01
1.893164526704242689e+01
-3.442997569808505887e+01
2.201338334237675554e+00
-1.463906347624964610e+01
-3.686646702951748011e+00
-2.474847065694916637e+00
-5.905909866412256903e+00
-3.162219572765934572e+00
4.606294774583753338e+01
-4.669158361963852144e+00
-1.427879926726348003e+01
-1.418257952871723404e+00
7.150883058250116164e+00
-3.278042609324847945e+01
-2.814375164250975558e+01
-1.995645373456568450e+01
-3.401183017219281624e+01
-8.801680448595782025e+00
-2.296370955413594928e+01
1.002172142621662942e+01
7.093499873860338312e-01
-6.868658510406476125e+00
-4.536547289705936237e+00
3.157114342496313952e+00
-8.048208230063153223e+00
3.746389072092060246e+01
-4.754913256797624399e+01
-8.349383566935777878e+00
-7.420997748881056566e+00
8.761478692948003300e+00
1.242144138373853934e+01
-2.584068178724999143e+01
-8.370554706415902047e+00
2.359781393496355761e+01
-1.103863254248343750e+01
8.754961781814188271e+00
1.872572132774138254e+01
-1.625019115738723485e+00
6.125927649387256224e+01
-7.686818812656611044e+00
-1.737898990479783379e+01
1.764543966353272708e+00
-1.348480168615006392e+01
3.001004055697575268e+01
-2.325340182390481658e+01
6.671534173751410890e+00
3.117614715356046418e+01
-6.936771713295939890e+00
6.495930278151138282e+01
7.030725611366671046e+01
-3.643127738534644777e+01
3.238345954994498754e+01
1.194090567793713831e+01
-3.057190549670077928e+01
9.099267989815452040e+00
2.306740597207621590e+01
2.356884758343855424e+01
1.260242491811979448e+00
9.316757974809775078e+00
4.084789014348262981e+01
-1.289391328543510440e+01
7.854981317330555157e+00
3.939754400946247870e+01
-2.029646666003782229e+01
-1.092145029811410950e+01
3.070577733402064524e+01
1.574757006175160257e+01
4.151938823808012557e+01
1.653011251037062834e+01
5.945632879010361194e+00
1.462502675242593853e+01
2.219211932270302157e+01
-2.940504004004900196e+01
3.754151321847928102e+00
1.357665760367332908e+01
6.386432125977137275e+00
1.297990785954434045e+01
-3.357229736273430376e+01
1.754674754454305230e+01
-2.343520315744359550e+01
-1.827290115377768132e+01
1.172873547563568764e+01
-6.395193625257121539e+00
3.173344848082541603e+01
-9.156970319372362610e+00
1.649871180204459620e+01
1.777316704270953096e+01
4.260290844974948499e+01
2.990535074605993060e+01
2.672441139699886037e+01
-1.796087494746529956e+00
-4.594653340614030412e+00
-1.752297897253879455e+01
4.377965432075362173e+01
4.354220527872794833e+01
2.140603069551188753e+01
-1.377882285254032979e+01
2.728399217532202670e+01
-2.819233233501790892e+00
9.766873951207898585e+00
3.621448438029247541e+01
-6.481688845897366491e-01
-4.333240961867261376e+00
-1.104048417075756561e+01
-3.206629672646599261e+01
5.237591282799746750e+01
2.773695437197329738e+01
-3.272834015390667162e+01
-9.005560288543577485e+00
1.442562451138439883e+01
-5.448183524607642880e+00
3.478126767016946275e+01
6.873772792858147795e+00
4.383602368592141829e+01
1.905178988696822273e+01
-1.245688141319982378e+01
1.099148269132544442e+01
-3.425820710618893372e+00
-1.506940256567341407e+01
8.614400099928332111e+00
8.220911112556393618e+00
5.152445187929308190e+01
4.328870683929704910e+01
3.042963792392005473e+01
3.659963515354547781e+01
4.766004901526358140e+00
-1.423753233793985373e+01
7.867861995332276592e+00
-1.832578440747028026e+01
-2.945500862528840003e+01
-3.054040850977889932e+01
-1.712416919786207359e+01
-5.972634247503560800e+01
-1.916214845386804200e+01
-4.759107262911737735e+01
1.291126332399377041e+01
-2.543736371792205375e+01
2.556166315248086107e+01
-5.438226303415245155e+01
-1.638165894044769288e+01
2.353656890292816684e+01
1.151005550056417803e+01
-4.879580333926576685e+01
3.110772416818139163e+01
-1.419830228898493374e+01
2.955717735469936969e+01
-1.270355898480016776e+01
-4.306435607519100017e+01
7.851670183485438770e+00
-3.575837604881149900e+01
-4.097801135756725444e+00
-1.658574414344513137e+00
2.244010473523799476e+01
6.927155198553748505e+01
-2.370565026095860617e+01
-1.919521423960958373e+01
-2.295527398044413303e+00
-6.267108009566754845e+00
-4.438443292784240413e+01
-3.060430289497381295e+01
2.627353556245243738e+01
-1.167569377689758880e+01
1.114179243442217171e+01
-2.697850388204093974e+01
-9.030110188603515553e+00
-2.278495192879381648e+01
2.836348804959349934e+01
5.208339699376494991e+00
-1.226319904425383811e+01
-9.354051115025185936e+00
6.530408677686615704e+00
-4.475468143420101796e+00
2.368179335138196961e+01
-1.415370555247341144e+01
5.482592746209888901e+00
1.951712425367890091e+01
7.534727958434132233e+00
-1.168075584414032164e+01
8.452601237308635973e+01
3.232685052843602591e+01
2.323900982642427948e+00
5.633137020699734876e+00
-3.442920154032560731e+01
1.848902022575688875e+01
-4.202208190983567704e+01
-1.597132435555738539e+01
-3.024371967590991517e+01
-1.089733976645791813e+01
3.123052978830287429e+01
-3.115955198463186093e+01
1.316434819310102711e+01
-2.118222577387570027e+00
1.142802003564554525e+00
-1.972345457964394200e+01
-2.440184008362047052e+01
-3.103564684518062222e+00
-1.964102536218069872e+01
-1.085714270939726589e+01
-2.273118661361188231e+01
-5.111089290635387528e+00
-1.909893334139624699e+01
-2.760059822319064438e+01
1.145781609920787503e+01
-7.888173709150208879e+00
1.347289001730061386e+01
4.663497096609322767e+00
-4.187689879330738307e+01
-2.885452361412534117e+01
-2.510042118931588107e+01
1.779425190814708913e+01
-1.340030459146532849e+00
-3.407003024033564031e+01
3.241296440874661755e+01
-2.151070876816649502e+01
3.143256650112216732e+01
-1.740218481822267904e+01
-2.655666446509542311e+01
1.301319263150298866e+01
-3.734227139131250794e+01
-1.893709906636144069e+01
3.407261538989340011e+01
1.037185482828243721e+01
-2.417141092380722966e+01
2.983902973620232757e+01
-9.978741813594922405e+00
-2.091265682657979141e+01
-1.671717984151874248e+01
-2.755145792537598481e+01
1.525980693974215541e+01
-4.947045445711529510e+01
-4.357058175258686106e+01
-5.600068767932782521e+00
-1.657180002427907084e+01
-3.251059231545634276e+01
4.042785126713442878e+01
7.380707766651156021e+01
-1.513443999296585218e+01
-1.997562473036424535e+00
-3.332176571808183496e+01
3.608369350638702144e+01
1.120275547851596798e+01
-1.318494061393175798e+01
-2.004586073739976371e+01
8.115653560094038710e+00
-3.191662013839678025e+01
-9.749039775511562311e+00
-4.782506853102367472e+01
2.005967651532557738e+01
6.054380763321148606e+00
-9.503715073232683608e-01
-5.720378787999663928e+00
-2.202195325560063566e+01
-6.039204404644550550e+00
7.217913657137864902e+01
-1.011224521695976364e+01
-2.645477981526678946e+01
-3.847311136241896179e+01
7.676984037305345510e+00
-2.065234877455439388e+01
5.997453474254854200e+00
1.668128418730443485e+01
4.227814778522756001e+00
1.720376346972767578e+01
8.308121688375777580e+00
3.224861694930336853e+01
1.449173964968717598e+01
-1.927466628673127502e+01
2.640469457923802565e+01
1.921673283791344033e+01
6.802478427832340913e+00
2.335470874463342739e+01
-1.563970729157400541e+01
4.062409553054573053e+01
1.297033454559781340e+01
-1.745376191526547416e+01
-3.225926632181158382e+00
-9.949349270094444364e+00
1.127846747354126933e+01
-1.281446060235634832e+01
-4.346720841939415436e+00
-7.042201633994011445e+00
4.459859018952982979e+01
3.040475107776924801e+01
-3.572726183606262396e+01
-4.475062387852929646e+00
-2.906628809388155332e+01
-7.999807214689724333e+00
-1.299503339882224395e+01
4.716290957182906141e+00
-5.420410711127026104e-01
-1.582944320900875823e+01
9.364341400949271588e+00
-4.540127742535290167e+00
-5.153322518327556168e+00
4.745961400262379470e+01
7.939994120178763382e+00
-4.547390277967958383e+01
-2.186356021603774025e+01
5.278046337414241407e+01
1.502168997570083775e+01
-5.249557040035313094e+00
5.880777086310087043e+01
-8.868066390741603300e+00
-5.043484245556271617e+00
-4.443249900212322245e+00
8.509406947159277479e+00
1.717506607364417448e+01
2.417873292540150487e+00
1.595686389544238182e+01
-7.049675304977327528e+00
-1.936376099247399907e+01
-2.296172154445837776e+01
-2.638830072682156924e+01
2.268501284162738330e+01
7.121410745744782389e+00
2.099571988538435363e+01
7.659358254998920756e+00
4.914697670772267202e+01
1.028092474610068052e+01
-4.443456185605958808e+01
-1.888084801970748572e+01
3.372240288459458668e+00
-1.603583121886330787e+01
3.477937950224082897e+01
-7.631709079122401818e+00
9.255179574152890609e+00
2.901992680520089607e+01
-4.108741381139844862e+01
8.235041400316575277e+01
1.141978128065383657e+01
1.313461610934507462e+01
1.990096468010327158e+01
4.096502674809869404e+00
-2.305839480791291862e-01
1.929971434715287160e+01
-2.039553986170588473e+01
4.568588821638863351e+01
4.039608330473804187e+01
-2.295369954184786820e+01
8.812774028842170537e+00
3.850221389406220851e+01
-1.131570834516041657e+01
9.616450293215251577e+00
2.075790365717957542e+01
2.231002386301608453e+01
-4.202880062401553118e+01
-5.668662907419104613e+00
-1.686726506789288749e+01
-1.667977885787081505e+00
-4.365099672590773139e+00
9.462191272873496928e-01
-6.862016109336195768e+00
-1.748611802043694752e+01
7.253334250699808194e+00
3.781919151960494219e+00
2.919097213254315903e+01
-2.409748312710817686e+01
2.400646117292643567e+01
2.598801534115857237e+01
-6.858942272599620082e+00
4.485114083821814290e+01
-3.747280657903687029e+01
-5.674551773172892410e+01
-4.775867720975842445e+00
-4.373859924164378299e+00
-6.780753609843941376e-01
4.401862857694117537e+01
-2.692293221988087737e+00
2.356647409734449639e+01
2.954781819602358439e+01
2.056727607954763926e+01
-6.377406021884439724e+00
3.279612804966399153e+01
-8.748258700776588626e+00
-1.948654621334333115e+01
-2.251347534358478697e+01
5.958470607928440188e+00
1.942784385930977464e+01
-7.320003251020494872e-01
1.915402477077952881e+01
2.864527869074322552e-01
3.335447766800054126e+01
9.517021320944508034e+00
4.977721981407356111e+00
-2.089686203215705973e+00
1.772156653658396408e+01
2.064161402299626502e+01
9.467892742044568877e+00
-9.754627879343331642e-01
-3.025261922752189037e+01
1.601187092820966029e+01
1.045636091147537172e+01
1.952871086573966863e+01
1.546842833418158136e+01
1.988224196612780759e+01
-4.766170979937882635e+00
1.712317719706442176e+01
-1.476650884509376738e+01
-3.676552661758591967e-01
-2.979671512649829879e+01
-1.688109882970411491e+01
2.209564674467198131e+01
-4.953136364275705716e+01
1.458275613884575250e+01
8.726102697087810611e+00
4.563745621809728448e+01
-1.040476069237860202e+01
1.832660775355829941e+01
-5.474044757105161807e+00
-2.662296377870197261e+01
-3.735422312881513562e+01
-6.430352098512450709e+00
-4.857159863986881732e+01
6.466651729988427633e+00
-1.090469981021729140e+01
1.694859451518777860e+01
1.296555031610176911e+01
-1.569358579340709525e+01
-1.605762307887448515e+01
2.249157991205112950e+01
-3.383018357313371638e+01
-6.706072294931743727e+00
-1.040486558738047052e+01
1.503971291652399955e+01
5.147107711513569939e-01
1.486181905565004513e+00
-1.038125319194278973e+01
3.012239300819251753e+01
-3.046955960309804823e+01
3.717428756807294121e+00
3.308638364343809712e+01
-2.021554145928872970e+01
1.700695562207215517e+00
-1.476504941009011418e-01
-3.574696402185672639e+01
-2.197503845973955094e+01
-2.736863939966621473e+00
1.551282359251516141e+01
1.814515092055094669e+01
3.355784380428303848e+00
-5.313158122646029824e+00
9.782862279742118972e+00
-2.336983479126786278e+01
-1.075946625123833655e+00
-2.849143120909872096e+01
-1.535006201195605513e+01
2.669312254750380475e+01
-1.567442089998235133e+01
3.727166492381104490e+01
-1.321140092338666250e+01
1.797346017126245954e+01
1.387675227862943927e+01
-3.483597079544343700e+01
-1.378288208890407418e+01
4.813392925036382053e+00
-2.296805355202620547e+01
-2.067994864904568431e+01
-4.800179015453522879e+01
-2.967769586510416957e+01
-2.804673481985716421e+01
-2.412658108065747342e+01
4.514248199079418100e-01
9.989604499752090305e+00
3.738447140798115242e+00
1.337646208004804826e+01
-3.117989709635529039e+01
8.383550061315759194e+00
1.482086939649870772e+01
-3.697926099595348859e+01
-3.416680179426660402e+01
-2.321282374087110156e+01
-1.492086223275045143e+01
8.914277703935908903e+00
-7.182554205721203289e-01
-2.311922333292737619e+01
1.644431937932861842e+01
-1.312204443665584108e+01
2.756496489218724832e+01
-4.886913845987140803e+01
3.475277014699820199e+01
-4.965295599929909542e+00
-2.198700743810036329e+01
-1.374592618338419214e+01
1.039207764074269846e+00
2.455097526636067684e+01
-4.047839334990984383e+01
-6.490474677456575137e+00
-1.112680170618520492e+01
2.455845776362777144e+01
4.588844014348076428e+01
-5.455289986147329273e+01
5.103299198441266071e+01
2.281417859683763538e+01
-4.094828000519372324e+01
-1.752072055397958650e+01
4.348486362271886208e+01
3.262231607165415426e+01
-1.141312638421555903e+01
-3.204248237532397070e+00
7.848903660863747689e+00
4.095096226332901779e+01
-3.113399094233470521e+01
6.953997167422983239e+00
-4.592553055896289038e+00
1.496620854673113854e+01
-3.983309381933270288e+01
-1.819024152449394194e+00
-1.668472832982143572e+01
2.620063963117556227e+01
2.310922071952940371e+01
-4.790640780567338197e+01
-2.620723522602938260e+01
-1.184582931926871652e+01
-2.336462495943200679e+01
-6.387333630590603661e+00
-1.114783257483971113e+01
2.467351534717079176e+01
2.304445885755427526e+01
-1.154253433090559611e+00
-2.521530496840495061e+01
-4.667509569961856641e+01
2.609446125863530597e+01
-2.694610034787935149e+01
-1.995904562596987830e+01
3.246418753519215272e+00
-1.970680241666402566e+01
-2.144031584210819119e+01
-1.569362694715533024e+01
-2.625470690452891631e+01
-1.422583333800582750e+01
-2.850290799958135324e+01
3.068044786597396012e+01
3.367361973497219196e+01
-3.622352212682415029e+00
-1.202536393151757466e+01
-2.490119954853753370e-01
2.494306342034712998e+01
-4.713486752834324989e+01
-1.087553729150141635e+01
2.699093066955055065e+01
3.890618051077819928e+01
-9.217227535900008206e+00
5.406859313699158065e+00
3.010963143635729011e+01
9.104723623600918359e+00
-5.556511848505465423e-01
-2.442571727247815261e+01
1.108518953754668246e+01
-1.901729460329440258e+01
-5.738242860837516446e+00
-1.066763403527460241e+01
-9.029614607520016989e+00
1.244926943889663562e+01
4.338086877126630014e+01
-1.288618877957503628e+00
1.883906341929460382e+00
-4.994028157829289682e+01
-1.037493082932758171e+01
-1.973076841597037401e+01
-1.102429591827274180e-01
-2.579257870919485640e+01
4.681044158750944462e+01
4.449908818382067466e+01
7.674363439755893523e+00
-1.082780278657520512e+01
9.128663240467020046e+00
1.130089780593985438e+01
-2.619400178418625558e+01
-4.635123764098693755e+00
1.040603570356830687e+01
7.302749467007089379e+00
3.024807834085234504e+01
2.217551710675084564e+01
-1.160893606866991945e+01
1.427528358975040135e+01
-5.441252243220143470e+01
-6.534973251316031906e-01
4.786525926431434641e+01
6.521067174915629039e+00
-1.149790321380862679e+00
1.678065417136801329e+01
-1.575419456927281558e+01
4.932721407520271839e+01
-9.122166254422111820e+00
4.415392914514052336e+01
2.151701884897581607e+01
-2.221137101369868105e+01
1.776879825229978849e+01
-1.682013171756247516e+01
-3.971437555060668956e+01
-3.531045980774138116e+00
-3.057591174373039422e+01
-2.885777121523369715e+01
-2.731603783684647624e+00
1.983513889274485109e+01
-5.334939355180779330e+00
-1.718882904987799520e+01
4.932877020944744118e+00
-3.803863303611771585e+01
-3.880875216522845506e+00
-4.556518246661477178e+01
2.677673337522219299e+01
-6.358834537438866619e-01
-2.742792520665004474e+01
-9.079811735072610190e+00
1.017310789409560812e+01
-1.943111841955069963e+01
-2.508611372320412158e+01
5.184548493136165348e+01
-1.328270547868950757e+01
-2.213150012150026669e+01
1.499713840656477259e+01
-9.704107566674167629e+00
3.007080148563549216e+01
-2.526679556481838063e+00
3.856580400095424466e+00
5.944006315675915175e+01
-6.839092937390972793e+00
-2.014656964576158771e+01
-2.364398937908322296e+01
-2.797311678595343665e+01
-1.880468629524824564e+01
1.488867680745693178e+01
1.492588121259589684e+01
1.222199401771988647e+01
4.043854477698880601e+01
1.835127883458227416e+00
1.149732150853488122e+01
-3.498804944400428951e+01
1.480410094272315291e+00
-1.022304818555622319e+01
-1.467075662494346489e+01
-1.904518243827283186e+00
1.853872280505336789e+01
2.103271198309994361e+01
-3.665552963635789752e-01
6.739293001755868318e+00
1.516304642665438962e+01
1.919185170582066746e+01
-1.349779844464879375e+01
-6.983973086511127804e+00
3.778674206566563498e-01
-1.270633987134931431e+01
-2.769947641044495867e+00
-1.975668830081988858e+01
4.373153939528853584e+01
3.543166687305540563e+01
-8.979053728823373604e+00
8.819506730888377888e+00
-2.547257696890456558e+00
-1.652167912277974438e+01
1.964312800653262769e+01
-5.265753356951790920e+00
2.205292893819657252e+01
-2.887118847766260643e+01
9.909796746113926247e+00
-5.488341369282181859e+00
-2.970076405453255575e+01
-1.347874106586777998e+01
1.475031451675172889e+01
-5.029779140366065349e+01
2.372801153344443037e+01
2.569670313379228332e+01
-5.509491248062396096e+00
-3.301496512431185693e+00
-1.762288382902966077e+00
1.376444069641638634e+01
-1.802358876548751709e+01
1.992222087239162320e+01
1.679926673637078238e+01
-5.423367871618074787e+01
-1.952458842588089283e+01
1.310812411142006084e+01
-4.663867865386720268e+00
2.392465640063981880e+01
-3.514856374143838025e+01
-2.966233150462983303e+00
-2.310058425099902024e+01
-7.094300222028758185e+01
4.241576747782943357e+01
-3.216885431415488483e+01
-3.373144751675141606e+01
4.926124851133394600e+00
7.152882168715306932e+01
6.227679223207758241e-01
-1.549047779285763227e+01
-1.735578916062763710e+00
-3.034005625011054974e+00
-4.724463452926801210e+01
-3.380210914857138249e+01
4.518349624594266345e+01
-5.644109991687514594e+00
-2.079688946029523322e+01
2.721972211981142209e+01
-1.980463228117226038e+01
2.035775680366748475e+01
2.939756237652608917e+01
-3.150633237301521206e+01
-1.547364215826198119e+01
-1.918019750552014102e+01
-9.906636148406732900e+00
-9.697481959046690747e+00
-5.719353248130403244e+00
7.883931395037734546e+00
-1.883008923498861265e+01
1.565415308253218996e+01
3.195627338278670493e+01
-4.970822943212116485e+00
-1.124703639205375794e+01
8.051475829519716854e+00
3.090481261734836949e+01
2.877868792799696962e+01
5.412555579507653647e+00
-3.042924962376815756e+00
-4.802025462538111356e+00
-2.799085165477426074e+01
2.120659165804434565e+01
-1.229184899166403255e+01
1.095509942013592308e+01
-7.722541537484005403e+00
1.490442356163362092e+01
1.009150814347942315e+01
-4.440659320797939813e+01
-1.470678937788733265e+01
-4.335352311484953702e+01
-1.966412848938904290e+01
2.913959963551477017e+00
-9.487215229641464020e+00
1.801838323727663749e+01
-1.656766775829704841e+01
2.050653498800741659e+00
5.932840338739595154e+00
3.902485151878192937e+01
1.977011420890356419e+01
-1.667525092640390127e+01
-6.757756589117747126e-01
6.679156593159092381e+00
2.115318042511741226e+01
1.907099996268186715e-01
3.011293241571183898e+01
1.236004109376717963e+01
4.995942851370801918e+01
1.037999154483060238e+00
3.611783188017879809e+01
-1.491521152230301084e+01
-2.077942165057816482e+01
2.433971007887976157e+00
5.147970010594576706e+00
1.478525489694771977e+01
-7.796196489246881356e+00
-7.546880875130007382e+00
1.431931967030361719e+01
-2.671844763264383005e+01
-3.039531530801423287e+01
4.370304114562358677e+01
-3.290347455285029810e+00
-2.154559674651993362e+01
-2.217349236912845356e+00
-7.439457165285091378e+00
2.345719876508054824e+01
1.823243468534107592e+01
-1.113539202157130603e+01
4.705520068174422477e-01
-1.457087807428702320e+01
-1.945979109015377162e+01
-1.473860560332127534e+01
-5.329524131558507349e+01
3.960679818641210659e-02
-3.546686013929493697e+01
-3.069588536463743367e+01
-2.053371617260904713e+01
1.056623418403205505e+01
-2.009015207370839562e+01
1.273901045403250976e+01
-3.375616562785041452e+01
5.790463080963945686e-01
-2.282664496190634651e+01
4.743892008161566309e+00
6.214066943670481180e+00
1.838562179341658975e+01
-1.157513102126858939e+01
-8.763968774246308158e+00
1.628819548861320499e+01
3.264210255994927934e+01
1.810341641345081598e+01
4.591667905706913189e+00
-3.953855889387413924e+01
-9.394652784613498397e+00
-1.744594808317253865e+01
-3.328993339956991804e+01
2.228318197037123127e+01
-2.001670763650008666e+01
-1.796012662037497876e+00
-1.545876585216586818e+01
-5.496497212906669461e+01
2.847761787732360972e+01
-9.698787536969746270e+00
2.234544897970170041e+01
-3.933700543825804630e+01
3.716368648754598780e+01
2.017505361160573329e+00
-1.585960214165978499e+01
4.767229474038401804e+00
-1.148130343078827309e+01
-3.611076049477216543e+01
7.948894969815597733e+00
1.964791012652393931e+01
9.713463765301639796e-01
-1.997058333820746157e+01
-9.028959469842106955e+00
9.649064391899486282e+00
1.759031249099794536e+01
3.473322503197717737e+01
1.305739815647098112e+01
-1.280508951015204389e+01
5.261136908880565954e+01
1.321697202877975741e+01
2.338799631447258776e+01
-1.008741214539844577e+01
1.540925776089895294e+01
1.079722514612319628e+01
-3.416699752190791628e+01
-1.136816302667273249e+01
-2.255296615936923033e+01
-2.034003592683731654e+01
-6.661902962433771336e+00
-7.659671691580456354e+00
-2.325279930040346699e+01
-6.106024440768371164e+01
-1.592079387402263890e+01
6.870325977128857176e+00
5.031691467797315909e+00
7.657517297451633453e+00
2.559174756767788494e+01
7.730661668823564980e+00
1.791368989899345365e+01
-2.292423425933655778e+01
2.521532953131787735e+01
-2.507491014693704301e+01
-3.967086732035687646e+01
1.211301484102381210e+01
-2.381290460012127141e+01
-2.162718723889022954e+01
-8.737871994640607909e+01
-6.386778794702792084e+00
4.495527956873718267e+01
2.336119403216825674e+01
-5.649030125613194286e+00
-7.627015405684545613e+00
2.081574831475160181e+01
3.667527466513821821e+01
-2.294393090250519407e+01
-5.922381180835316172e+00
-1.875775356088340118e+01
-1.937226018863339050e+01
-1.692583153335677792e+01
6.977434006139485945e+00
3.900256490973657719e+01
-3.592585403552183720e+01
-3.092230839236162865e+01
1.811582418663476801e+00
-5.865027243174154137e+00
-7.313964085646134095e+00
-4.972457390720353487e+01
3.468606911607480470e+01
1.323154925932755077e+01
5.194847109783818695e+00
2.667072325928921828e+01
-1.808717369228472904e+01
1.704517773667342695e+01
1.531704677305782525e+01
1.991110854510083072e+00
-3.342820272162246198e+00
4.854986273857655021e+00
-8.706989335001082964e+00
2.798047780678456320e+01
-2.207875716739610539e+01
2.374939547649950100e+01
5.302273136849208868e+00
7.955673360405825179e+00
1.256290994056189447e+01
-4.796950508113755518e+01
4.659922158003610093e+00
-3.693305024800469027e+01
-2.699913985713843090e+01
-2.700879892253468029e+01
-2.752792975081396776e+01
2.872189395033046821e-01
9.239528279995028015e+00
2.746807127669205784e+01
4.768977155093743647e+00
7.924936187163844181e+00
-3.871169178044499404e+01
-1.405477764913017324e+01
1.875546638858230608e+01
-1.127021325778130745e+00
-1.657375888726164703e-02
-4.874737741357137111e+00
1.931264753140570178e+01
-5.031625827457827427e+01
6.204563642954365577e+00
1.116078878472822566e+01
2.384197668096238587e+01
2.038164331119381956e+01
-3.119678766264905789e+01
6.182227894776644916e+00
3.218723684473644653e+00
2.584975528962587532e+00
3.288772768286349901e+00
-1.036717984996678865e+01
-1.942034364313607853e+01
1.043414409211398208e+01
3.315858452615248098e+01
-2.755842318679924574e+00
6.357708300835298587e+00
9.385928225998412699e+00
-1.411669742271517691e+01
-1.496913292328486023e+01
-6.575908831687002021e+01
-2.031610576475765129e+01
-3.007759683557574704e+01
-3.677387805023357714e+00
-3.720189438304137752e+01
4.137493709297848454e+01
-1.724612769446463290e+01
-2.955312240450578543e+01
-8.523848865145771470e+01
3.659598472829048887e+01
7.347145756965687724e+00
3.369398322788157429e+00
-3.453635898640439450e+01
4.870157119098735166e+00
-1.101115839563244947e+01
-1.805859623315288687e+01
6.478704408372838230e+00
1.860798689366316694e+01
4.029135285010994494e+00
-1.171399080252871272e+01
-1.428021859140926608e-01
1.525663673801687992e+00
8.688432874167801856e+00
-3.497844895091272122e+01
3.975577498628432949e+01
-2.363259267304302114e+01
-1.650282952688073479e+01
-2.696648710603909649e+01
-5.728188212192063844e+01
4.972322903222632817e+00
-2.883802701712687622e+01
-1.048835687679466844e+01
1.797849179524564533e+01
-1.424359437435933273e+01
-1.881481827423328923e+00
-6.472667734362602232e+00
-1.104437605832674762e+01
1.763030304510273538e+00
2.989395444574235228e+01
-2.768001412658033189e+01
5.478941690546159293e+01
-1.245601488681558067e+01
1.840519876566293078e+01
-7.569318436121236005e+00
6.267924483682982384e+00
-5.999329793581779313e+00
2.413998702993382039e+01
3.374229192300292368e+01
1.054259454652090966e+01
2.533241387181029580e+01
-1.961687059321390336e+01
-3.652031405095666372e+00
-1.227004215884113592e+01
3.782744936710511752e+01
3.173730559634259407e+01
2.399233131387734375e+01
-8.442371489957963604e+00
-1.532262013300103831e+01
1.370019721349263619e+01
-1.547949787005727273e+01
-6.833773234216209858e+00
-3.169587175118486755e+00
-1.622387582640400439e+01
2.734581971568860581e+01
-4.529361954511301747e+00
2.090818322010434116e+01
1.077695851448439512e+01
9.510562968252578742e+00
-1.820736316395820609e+01
1.457756561052687516e+01
-1.010251911921309897e+01
-6.506112420132126317e+00
-1.725290722497902607e+00
-2.647255810678012722e+01
4.103147939282479228e+01
-1.464371675030627529e+01
-1.774249846611979819e+00
1.224511021467368010e+01
1.057887860700310512e+01
4.078880368947767465e+01
-9.434416656674386559e+00
4.147377157466613085e+01
3.720129923909247793e+01
-5.154398921642115283e+01
2.786787474798160247e+00
-1.022587175111364388e+01
8.650490260687448085e+00
3.276636145032142622e+00
1.093712719297832336e+01
3.429450009621183426e+01
5.374487050422032297e+01
-4.133053523749126157e+01
4.162439626846719420e+01
-5.388513273513203217e+01
-4.468988864458664523e+01
-7.949900747637187237e+00
2.515736453403860651e-02
4.005316021011989847e+01
1.969857330714228283e+01
-6.614521429271633224e+00
-4.909974393259859937e+01
3.885560980830683064e+01
-2.295935932496587384e+01
9.749967102292202981e-01
-3.936990632279808722e+00
6.925582665193252296e+01
-1.393946100129861065e+01
-5.876404749169483921e+01
1.722718018005383556e+01
-8.952095778847507290e+01
6.320941306763629086e+00
-2.006607214555893393e+01
-1.014120291398254992e+01
-1.494148534747455415e+01
-3.217528973005195780e+01
2.106968579800177110e+01
-2.092900323318125189e+01
-6.457688017330156072e+00
-4.341522404210701325e+01
-2.403595128755824817e+00
-2.876659658249567997e+01
-4.106258488004556284e+01
-6.252306547685202531e+01
5.042794965239352223e+00
-1.959217009488537542e+01
3.446219544683344793e+00
-7.773502565571391187e+00
-4.471252110965252768e+01
-3.577397081280997071e+01
-3.000612454210494207e+01
-3.120344625446790587e+01
2.932341103588129272e+01
2.788524087896917081e+00
-2.743249082372980752e+01
-1.194871881114090684e+01
-1.351235634251281681e+01
2.215464560779996361e+01
-1.709479669759820553e+01
-4.215121947271065039e+00
-1.544429740437161058e+01
-1.964846749343487886e+01
-2.227434771388583101e+01
2.031129783254922927e+01
-8.581756245688978879e+00
-5.098204796374000125e+01
4.242562085719123388e+01
2.422033072521983854e+01
1.453894256040001665e+00
-4.298877401521764341e+01
-4.121255049031060480e+01
3.771582080170560403e+00
3.856801545086057104e-01
-1.738564343221332820e+01
-2.519777830847514366e+01
1.726645228951906574e+01
-3.036800840413206970e+00
1.447844831446957414e+01
2.700290248996964237e+01
1.746632923628634160e+01
1.760720035505393355e+01
1.316397276608372380e+01
-1.149306486188908139e+01
-8.206544293914859622e+00
-1.198238186112459758e+01
-2.021708275956586931e+01
-2.352483811918284573e+01
-3.508006568790227675e+01
-2.051393023930167914e+01
-5.627167844169008504e+00
-4.233922096169169436e+01
-7.862809907160908551e+00
2.011968066142609146e+01
-4.347328587238661157e+01
1.638692278344950637e+01
1.479833539793497721e+01
-3.964539812054238155e+01
-3.125172640619280173e+01
-9.449385719931001404e+00
9.695137144506560389e+00
-2.170414442119340492e+01
3.984054742882517530e+01
3.536345484804078865e+01
-4.260114250493614918e+01
2.464506858363722586e+01
1.917665587044427866e+01
4.821753501213720483e+00
1.197106147836652212e+01
-2.360446243973436253e+01
-7.178178308066534896e+00
4.584891303712709032e+00
1.061111103100370201e+01
2.332562657661483030e+01
-2.825167620181692740e+01
-3.287201476460325011e+00
8.248685661192610041e+00
2.982109924219088271e+00
-1.640993833766088983e+01
1.205652056630032121e+01
-1.409722231109410018e+01
-1.133979916245289132e+01
6.451101940175476557e-01
-3.357777440604114361e+01
1.654663096111498533e+00
-9.326468156717737656e+00
-7.633062346181333169e+00
4.625740825785157995e+00
-2.998350209911643560e+01
3.276734257716458387e+01
-1.393151534999186936e+01
-7.361786055369961446e+01
-4.711640182416211076e+01
2.044020863539914501e+01
-2.235877534295954661e+01
-1.037361545995315737e+01
-1.449100530737176484e+01
-1.013741740809335568e+01
-5.563806754059518767e+01
-3.511159471999008019e+00
-3.441975140395601329e+01
-1.905147714687032590e+01
1.172916411077824250e+01
4.348036690538785365e+01
1.561771713633419267e+00
-5.725336708275676756e-01
3.290681173669428006e+01
-3.062806585000741677e+01
1.765928399464112175e+01
4.211615563389415229e+00
-2.634322587500611235e+01
-1.408071811908257587e+01
1.230828468031745615e+01
3.516502779602106443e-01
6.701025667966096222e+00
5.692740283435199444e+00
-1.307484410359694493e+01
-1.797412009347431194e+01
-2.765169976492956039e+01
2.722652398754593150e+01
-3.564183163474894656e+01
-2.646851635045794637e+01
6.870376109264128672e+00
-4.807305013241884240e+01
1.245747333408789359e+01
3.547919233990558041e+01
-3.981862305990432560e+00
6.409920328930581945e+00
-1.592632181692354720e+01
-1.217356140005955467e+01
5.744983955065322334e+00
2.101890357184781521e+01
-2.147533146288273187e+01
1.496178298441429888e+01
-5.852055373762340196e+00
1.707379839680299938e+00
1.281389570120289534e+01
8.245954141178842178e+00
-7.132254846155248629e+00
1.317543373398564199e-01
1.061783371416794353e+01
1.581816116834187369e+01
-3.972010875407374897e+01
1.844363419466503728e+00
2.846733367387903968e+01
-5.106924116881094733e+01
1.678371644764398241e+01
-6.449555775043832284e+01
-5.953977766841619612e+00
-8.193533613887979072e+00
-2.891408113309580585e+00
-6.735253576885611437e+00
-1.388604295052834914e+01
-5.272706267879470943e+00
6.597626192138172030e+00
-1.475421920791684727e+01
6.658870069174525952e+00
4.842924730240397935e+01
-3.351002423151271614e+01
-1.459756623778133644e+01
2.202477645291074282e+01
1.331084260957530319e+01
2.418703480736580502e+01
1.168311824259787812e+01
1.165252013425688205e+01
-8.898212439129650875e+00
-2.710793021390848878e+01
-2.499786054681680980e+01
-1.490886466333925853e+01
2.561350313104782117e+00
-2.335683581719490576e+01
-7.741362982889782529e+00
4.032179476043168620e+00
1.314150926727347723e+01
-5.656597101947053119e+00
3.295536977538907308e+01
-3.193270967151960349e+01
-2.171681532815767923e+00
-1.671164378421513774e+00
1.517855138862002917e+01
-2.165104394540327348e+01
-1.371636250858517769e+01
1.036933401132726118e+01
2.479472669778094485e+01
4.124117666733601340e+01
1.762340218072085918e+01
2.307185972587812728e+01
-1.542040558115488480e+01
3.477699799460589247e+01
3.645796882749789347e+01
-1.410669537108276472e+00
1.885972742334541863e+01
2.079294209597352960e+01
-1.299131806622352769e+01
4.681957687812342783e+00
3.345283849982308766e+01
-1.331364207145981027e+01
-5.049211350565428802e+00
-3.319581002511574042e+01
1.311258094825626586e+01
-7.086097500297199758e+00
1.084543044121258504e+01
3.236733637102943817e+00
-2.193302371933182116e+01
2.509722008139107174e+01
2.210657120283178756e+01
-1.481827293856765948e+01
1.053014507091386065e+01
-3.366777073447610746e+01
-2.924288763414509518e+01
1.362497226538687300e+01
-3.752008499076846704e+01
-1.693109102077954020e+01
2.854378562127408259e+00
4.550569456167426807e+01
-1.403641364789862678e+01
-6.757732885669753387e+00
-9.912656764450758828e+00
6.171012171048715800e+01
7.651345783522309318e+00
-2.372681669597966447e+01
3.900104491293632236e+01
3.452709271474235209e+01
1.727711564369050734e+01
4.134139359742405873e+01
4.731623916694992715e+01
-4.120509598664575890e+00
-1.523796847054839532e+01
-1.596224358368726826e+01
1.590700340440855598e+01
2.067464225072674822e+01
-3.783945178510151663e+00
-1.272186116038878367e+01
-3.361772775201582419e+01
-1.389685147381560171e+01
-2.485242917885312863e+01
1.657304798925626699e+01
9.415545564988349270e+00
3.508330890342995190e+01
4.073066417896882285e+00
-1.295472267271628652e+01
-4.659641641100193965e+00
2.169802371064211144e+01
6.885189326636293572e+00
2.992666140671704511e+01
3.065152083074764278e+01
-6.646390776573099402e+00
-5.956310315738406302e+00
-5.523667837830726057e+01
2.783590121368579418e+01
-6.626518935756280371e-01
2.978091297874716759e+01
-1.188891421600543197e+01
-3.429473140669032460e+01
1.161156768520500471e+01
4.004978686749913663e+01
-1.438776789383813082e+01
3.631593933785728723e+01
-4.000211567917014577e+01
-1.264387263915918425e+01
-4.464904225174757357e+01
1.046812484836510748e+01
4.427233102000315057e+00
2.964604589616641306e+00
-3.414996140936716529e+01
4.975618197559106193e+01
2.976415093952954294e+01
4.858179100250936244e+00
-2.833161947831696637e+01
1.190116477485284463e+01
-1.280048471082733386e+01
-6.805759948406375770e+00
-1.315783595383317106e+01
1.005397015256388826e+01
-7.945680179454114977e+00
-1.106333606452662366e+01
1.141772616760215442e+01
1.420945632192105279e+01
-4.694136157997405689e+01
1.090412675612043358e+01
3.701254473775915699e+01
2.202449256129727928e+01
-5.714206748168450645e+00
8.377029182651583028e-01
-1.921898422461387668e+01
3.177562709985824085e+01
8.537706195117550578e+00
-2.291956144732921530e+00
-4.113090337747621561e+00
5.852064051751034413e+01
-1.740992448771095269e+00
1.333644830401485137e+01
4.087798621273820743e+01
5.262501972573096509e+01
3.403634728427914524e+01
2.218399760478084204e+01
-3.638208339226824251e+01
-2.478794906783261354e+01
1.883451685082735594e+01
3.826460350638313912e+00
1.729657287476695160e+01
8.717606071856650374e+00
3.359769112728417895e+01
-4.229861620372855668e+01
-2.664271322979544721e+01
-6.305825926269335469e+00
-4.671982448253871212e+01
1.044444486807029193e+01
2.404577283821251399e+01
3.732662032186965462e+00
-1.212203780171080325e+01
1.267951347800510575e+01
7.544406543507943752e+01
1.684604190112685274e+01
8.585442214150191376e+00
-2.562405945242343819e+01
-3.269127382833778483e+01
-7.993067542318627261e+00
1.805777174801104934e+01
-3.242735543101389339e+00
1.295084323317945518e+01
1.905131664396083124e+01
-3.109853174593763470e+01
1.421990148858708380e+01
2.413844211614411961e+01
3.075260368946493372e+01
-3.580463133547254984e+00
2.570953791059878313e+00
-5.486416613401857489e+00
-2.636365526621938216e+01
-3.780188491340013002e+01
4.330016189504236479e+01
-4.205939211217881279e+00
-3.010449265622280279e+01
2.966971377602021676e+00
-1.409102768201501021e+01
4.947225575744650428e+01
-1.273141099046063118e+01
-1.952227563271628696e+01
1.894280845979415062e+01
-8.950067098740419169e+00
2.424324510024268875e+01
7.181991555030435848e-01
5.294664337113812280e+01
2.875127993806932380e+01
2.161386464827202758e+00
-2.027065569831556502e+01
1.495083974391963011e+01
-2.934110487080049268e+01
-4.775700802840944448e+00
3.335014386098859518e+01
-1.523555933367381954e+01
-2.445321518072370282e+01
-1.321796426649547129e+01
2.723426482187994679e+01
6.888214308914946571e+00
-4.512114076998340551e+01
1.808980961784276076e+01
5.057539695906228872e+00
5.012203333377712511e+00
-2.743048099652997962e+01
1.552825949887193246e+00
1.839546247255104561e+01
2.607199583308835145e+01
3.590366891498769064e+01
1.570144897936014772e+01
2.123023541786622559e+00
-2.945089242708854727e+01
-2.548668015217066340e+01
-3.759881117122193928e+01
-7.161035075230699931e+00
1.725797296291901262e+01
-1.340767834758842980e+00
2.794207002238249515e+01
-1.780580036853359616e+01
8.941357917059804095e+00
-9.461976289513387428e+00
-1.629030296919924936e+01
3.333270602910031499e+01
3.864967359427112115e+00
3.427150755031459539e+01
2.586474029430803512e+00
1.212542327172979562e+01
-9.806912784922417359e+00
3.309138748277810294e+01
-9.072758737582617528e+00
3.543620615049674072e-01
-4.255275347060938884e+01
-5.230755408198703549e+00
3.896855082993448605e+01
3.480476384350680519e+01
1.469427310632862316e+01
-9.059452274866899302e+00
3.051686903708414889e+00
-1.142758287387322014e+01
-7.559411869892372238e+00
5.041005961137729230e+01
2.740985600357305429e+00
-1.428725801517444438e+01
-5.907757903565617141e+01
-2.590045493144342714e+01
-2.095332618595139706e+01
-3.496458855380672048e+01
-3.165972213817161673e+01
-3.770887018090837728e+01
-2.503979483617321478e+01
-1.736630785518093489e+01
-2.699483179706163583e+01
2.560087306147879715e+01
-1.135763700585084734e+01
-4.819320636945155911e+01
2.190832692710964125e+01
-1.660032734187196013e+01
-4.433702070854232602e+01
5.298922775347890024e+01
-1.421083833726584089e+01
9.373235370515857312e+00
2.187368974573291780e+01
4.896865837072255090e+00
1.456290120229252238e+01
1.782392092336237965e+00
1.032499276896423623e-01
-8.119528355938754771e+00
-4.120776320933561010e+01
6.497921235731674017e+00
-6.810731945268889831e+01
3.879234875258697457e+01
-2.328404002043566834e+01
-9.676222387873735897e+00
-9.979819034273702982e+00
8.167451356350843739e+00
-9.339003261583201265e+00
1.474623293426458304e+01
-3.020993093557780185e+01
1.957686315893323581e+01
2.360445687251773705e+01
5.711616960667853959e+00
6.274759819899458080e+00
1.182013307792421131e+01
4.979858189156175285e+00
1.508645166008315641e+01
-4.355190213683869160e+00
-3.846790732906092103e+01
5.239328459776515956e+00
-1.354450379843760288e+01
-2.979905100807940244e+00
3.027297161339760123e+01
-4.399023577590003242e+01
7.689203238957986741e-01
1.159215846764112712e+00
5.022973862172136705e+00
1.717335910109379427e+01
-6.665717206540534789e+00
4.554403594249532716e+01
2.415755084458579915e+01
-8.420384578244728857e+00
-4.121188099531110538e+00
2.062370821614251781e+00
4.220225406400970769e+01
-2.906514326421751093e+01
-5.651524086180938866e+01
1.691732452575143952e+01
-6.740087132621027877e+00
-9.178686998007705711e+00
9.072513512129830815e+00
4.171115817196189823e+01
2.436389709508020474e+01
-8.805608952319346372e+00
-2.887743383861800339e+01
-4.674639649132416253e+00
1.551458237759926817e+01
-8.395942218489409470e+00
-4.102759509729344245e+01
-3.339397646972031453e+00
-5.246395046362603409e+01
-2.793848390952206273e+01
4.518394731711586587e+01
-2.870578832430058469e+01
-3.760464351299214059e+01
-2.837691619107255292e+01
-2.034734870590686739e+01
1.996122684105498024e+01
4.646961963192266865e+01
-3.650733376510288508e+00
1.426141826411094371e+01
-1.174140187076432085e+01
-3.838294919975383124e+01
2.588622584605139210e+01
-2.604851754979267753e+01
1.439532051180964345e+01
1.765392663306481325e+01
-5.840134935709727415e+00
2.083608487097575335e+01
2.277075081454932359e+01
6.274443608296942898e+01
-6.572233148648592760e+00
-2.862934165081317417e+01
-3.477269980389155535e+01
-9.491443346145558735e+00
-1.851663344495887031e+01
5.229543621834022815e+01
-2.425716455119743387e+01
6.404370653992561557e+00
2.714258575640798199e+00
-1.219716899880766903e+01
-4.702324616681863745e+01
-3.460819335961588195e+00
5.459044552693939067e+01
9.604996343948570825e+00
4.151288756888334319e+00
-3.203439857253155765e+01
-3.189500119537319733e+01
-7.795236145785146675e+00
2.548411705667945171e+01
-1.407042253393740339e+01
5.699150673587919869e+01
-2.685242878789310339e+01
1.042143765669823097e+01
-7.582370858496631172e+00
-3.597431520326495047e+01
2.379088383629408554e+00
-2.839569628996673600e+01
-4.096768511494673248e+01
6.162112587294473087e+00
1.061196444051262233e+00
2.900254576966190712e+01
1.307670771937914367e+01
-1.862088488960010579e+01
1.190084498798898949e+01
-4.852285819687732271e+01
-2.653995040026080687e+01
4.943426587518628423e+01
4.596731797477843884e+00
-5.901372210449039812e+00
-1.652437617513734835e+01
-2.453391310325230279e+00
-5.501917234589541295e+00
4.936233487569879230e+01
2.308471347636687199e+01
-6.571442947963362258e+00
-1.941292359788803878e+00
-2.180139793643234469e+01
-8.695936167820832452e+00
-3.492825853120004354e+01
2.736666283903032948e+01
3.878484263046487968e+00
5.726036563353716247e+00
9.959454859113066050e+00
-4.421980481870257051e+00
-1.139614043120882414e+01
3.029043574329552513e+00
-6.000566955790137058e+01
-8.607142389252857129e+00
-5.702706759533185732e+00
-4.297837674616793890e+00
2.669255582217351730e+01
3.606081451980044505e+01
9.610389958275959543e+00
-5.279953172415643792e+01
3.448659033827021858e+01
-1.184485860827922465e+01
-2.075944007134953040e+01
-4.833577614708612202e+01
-1.667233286022812422e+01
3.446918056290753896e+01
1.690604941949891327e+01
5.520113635570794486e+00
1.866505041742411208e+01
-3.238333364816554649e+01
-2.579743285702326716e+01
3.123654086523228557e+01
2.154787608427376711e+01
2.663122758923410061e+01
2.744053319402581792e+00
4.663468772860596800e+00
3.024140361094296736e+01
5.349529900441413588e+01
-1.157038903929235829e+01
2.133574372547445819e+01
-1.438002745400132198e+01
-2.429311627724483458e+01
-1.921102862749681606e+01
-1.933304410029714404e+01
-8.049576217533569888e+00
-2.636418136024212799e+01
-1.084842112348749765e+01
-7.525052791145678555e+01
1.881148399546447081e+01
1.224713924561539358e+01
-2.649254276691102916e+00
-2.152118967133873184e+01
-1.023949278140202068e+01
-3.043392108372512439e+01
5.448656006068034685e+00
4.465311404788560878e+01
-1.226874003007429792e+01
-9.341351672142849338e+00
1.163738571273262323e+01
-2.831222184988089197e+01
4.686545066598821307e+01
8.124103734251967524e+00
7.765606163504855886e+00
2.739394797354538014e+01
-1.364460093173676114e+00
3.099244371066606618e+01
1.047966318352645487e+01
-2.174934191760783619e+00
4.520017123447871654e+00
-3.487221232115189196e+00
3.664146264357168548e+01
4.755865628503215703e+00
1.004734616500130073e+01
-6.441261615122868989e+00
7.800562532200132182e+00
-5.106837396931791773e+01
-1.945649736764795534e+01
-2.701174514406108074e+01
2.621327262694694582e+01
-1.769135435898078867e+01
-3.323735034580209913e+01
3.201176929188267195e+01
-6.723779065546239053e+00
2.240286540437179497e+01
-4.982764831605550171e+01
1.024883451322171979e+01
2.875217510368059948e+00
3.414010470496464222e+00
-6.450332710029357486e+00
-4.023586109543430211e+00
2.807938525566127552e+01
9.944805705522412609e-01
-2.809052249333515761e+01
-1.034889057594374151e+01
1.217484043641904634e+01
-6.357232175417914277e+01
-4.862368600363804916e+01
7.110007522151420289e-01
7.764702809413712714e+00
-2.597140909095912065e+01
-1.059615569305549343e+00
5.812027130835070921e+01
1.543071184652421834e+01
-2.974102027497264089e+01
5.175319685395024294e+00
-5.127746359302641110e+00
6.904022586826357610e+00
-1.967367135265249090e+01
1.215875087071222183e+01
1.454948709187294753e+01
-3.822361598036934538e+00
6.161072588111575499e+01
-4.370581009279831619e+00
-1.742546348517299748e+01
1.311395990470424522e+01
2.369091345657096781e+01
-1.862606621834987664e+01
-1.016877358169377743e+00
5.401134995747243295e+01
-1.555148796653156751e+00
3.245568894057251441e+01
8.049301745809344766e+00
-3.849534979995880235e+00
-1.256856898360217656e+01
2.880270049168663604e+01
-3.080239343846199773e+01
-5.626862925921329861e-01
-1.002977397165548723e+01
-2.187836875887253285e+01
8.304216498760645493e+00
1.467347011086033959e+01
2.402466441835741762e+00
-2.003451815954235826e-01
-2.195198453828709262e+01
8.933134702288668905e+00
-1.822105132577107156e+00
-1.249969733645988157e+01
-1.110692586782647595e+01
9.089021138187746374e+00
-2.046842389357038883e+00
-2.084822935380265108e+01
-6.011663650935190617e+01
5.805800666281982103e+00
1.063263603273900060e+01
-2.675967892016797123e+01
-1.317471917973017526e+01
4.559963995227626299e+01
6.194236193271379420e+00
2.173207954736943748e+01
4.764392948709883058e+00
2.197797696254941968e+01
3.170956871326694682e+00
-2.146436480359216148e+01
-6.015395477233738575e+00
3.000426396487540615e+00
1.736478955072655594e+01
4.156913639499748570e+01
2.714245305887587278e+01
1.676505968383196432e+00
9.443928948496676412e+00
3.340822081091138784e+01
1.457019076754411557e+01
-3.821051134281117356e+01
-1.521235009215223499e+01
6.132187635163546702e+00
4.703847249650891627e+00
1.359774431824781260e+01
-2.856213278422603707e+01
3.904118372499318923e+00
2.387402776546261407e+01
2.638208001730580321e+01
-2.372080393424386102e+01
1.204711661762303265e-02
-1.222614264163638609e+00
-9.363412660830476852e+00
-1.568033779586032495e+01
-8.547161063476494292e+00
-4.863224259686056428e+00
5.581536533844769110e+00
2.333953546207652607e+01
-1.704477699490870179e+01
4.464443228780515938e+01
1.808751049032733249e+01
1.480483331633527655e+01
1.952433915440182588e+01
1.494553975176572180e+01
2.007795761840028348e+01
3.018582564564812287e+01
-2.510766728451789476e+01
3.435541679503413093e+01
-6.295066771139451589e+01
1.747074335627284825e+01
-5.900333957883708536e+01
4.607778144252080210e+01
4.156534611097394816e+01
-5.198863023754398682e+00
-2.658351323743738703e+01
-2.342701796089875188e+01
-3.035196003609814852e+01
-3.495425642076685335e+01
3.124232481072985479e+01
2.320749741246568476e+01
1.319571715652489274e+01
1.561645896992428106e+01
2.468902040957382837e+01
-2.162309207680090140e+01
-9.809024061437810360e+00
3.043946720482079371e+01
-7.207644432822235103e+00
2.948606161989779650e+01
4.110248490570295132e+01
-3.201864605582796841e+00
-4.041188989310586521e+01
2.759904741648597337e+00
-1.462174294599371649e+00
-5.627509603671114746e+00
4.511012950135295796e-02
-3.598241965425387434e+01
-6.950532954679303543e+00
4.857525407830221909e+00
7.349657987321890573e+00
2.696089044046422600e+01
-2.357697537781510277e+01
3.074279364849724061e+01
-2.201988389203113172e+01
1.415192254474433753e+01
2.227744157498023014e+01
