-3.455823318000000199e+01
-2.049839169999999822e+00
-7.122253510000000176e+00
2.415978218000000055e+01
-1.200500079000000042e+01
-9.265124760000000848e+00
-2.382102478999999917e+01
-5.015120519999999971e+01
-2.152635594999999924e+01
-2.267202397000000147e+01
-2.113477380000000139e+01
4.318448990000000265e+00
1.951276870000000052e+00
-8.587741399999999636e-01
1.611371969999999987e+00
2.654210369999999841e+01
-1.012286177999999914e+01
-7.235839209999999966e+00
1.164180112000000022e+01
-6.193381056999999856e+01
3.104507282000000146e+01
-1.349768227999999937e+01
-2.384626529999999800e+00
-5.612767729999999844e+00
-1.107052230000000081e+00
-1.867801599999999951e+00
4.796076149000000299e+01
-1.505647223000000068e+01
-3.876359330000000103e+00
-3.022806429999999978e+01
3.927042992999999882e+01
-4.405661430000000323e+00
-2.116720048999999904e+01
1.125678560000000061e+01
-2.071940329999999886e+00
1.295905607999999987e+01
-6.356542200000000475e-01
2.911332369999999781e+00
1.900289850000000058e+01
-5.449220927999999731e+01
3.044941388999999887e+01
8.185965590000000347e+00
-6.145252590000000126e+00
-1.744231741000000113e+01
6.889744959999999807e+00
-1.109553885999999956e+01
2.470059451999999922e+01
1.988826458999999858e+01
-1.290194750999999940e+01
-1.622688872999999887e+01
-1.737726281000000128e+01
-2.074346539000000078e+01
1.051516750999999950e+01
-2.696084889999999845e+01
8.224342589999999120e+00
3.462884625000000227e+01
3.980996077000000355e+01
1.874726738000000026e+01
8.122169449999999458e+00
1.731889281999999852e+01
5.088890057999999783e+01
8.491594010000000026e+00
-2.986623708999999849e+01
-6.071630269999999996e+00
-1.402001321999999917e+01
3.318832024000000303e+01
-3.929876157000000347e+01
-3.457425423000000109e+01
-1.752814210000000017e+01
-9.813179990000000075e+00
-2.228760610000000142e+01
1.564883704000000009e+01
5.080289549999999821e+00
7.700368939999999718e+00
-2.182598644000000121e+01
-1.893623935000000102e+01
-3.267910342999999784e+01
1.802878236000000101e+01
-1.872218621000000027e+01
1.700448596000000023e+01
-5.487255399999999561e+00
-1.491298384000000077e+01
-2.866630899000000099e+01
-8.566320279999999343e+00
-5.985900459999999867e+00
-6.723752769999999934e+00
2.241958572000000061e+01
4.202558489999999836e+01
-2.451035557000000153e+01
-4.291162852000000072e+01
-1.087398300000000084e+01
5.949231913999999932e+01
-3.264414855999999787e+01
1.798335933999999980e+01
-6.475791300000000028e+00
-3.339065036000000219e+01
1.368440516999999979e+01
1.951519174999999962e+01
-9.863436860000000195e+00
1.854816282999999899e+01
-1.353233799000000026e+01
-3.115829564999999945e+01
5.236426036999999667e+01
2.483625057000000069e+01
1.431821882000000024e+01
7.867181940000000040e+00
1.501948894999999951e+01
4.526692649999999674e+01
-1.471784906999999976e+01
3.514774539999999892e+00
-7.564888234000000011e+01
8.638379970000000796e+00
-3.714859700000000231e+01
7.888634930000000267e+00
1.216400218000000066e+01
-2.004797437999999943e+01
-2.838405717999999922e+01
1.308735870000000023e+00
-1.698924360999999905e+01
2.112484862999999891e+01
-2.795753148000000010e+01
-2.929680199999999957e+00
-2.005533795999999924e+01
-1.901846160000000063e+00
1.090488509999999911e+00
1.255379068000000053e+01
4.768217599999999834e-01
-2.855394159999999903e+00
3.565048405999999659e+01
5.052810637999999699e+01
2.725839507999999967e+01
3.950692303000000294e+01
-6.434946739999999998e+00
5.686563419999999702e+00
2.947225656000000171e+01
-6.907891600000000132e-01
-4.225760895999999889e+01
-2.272922712000000089e+01
-2.826739247000000077e+01
-1.542936583000000006e+01
1.605286849000000160e+01
-6.578268882999999789e+01
-9.483179590000000658e+00
2.454389318999999858e+01
-2.075150778000000074e+01
-1.748126114000000086e+01
3.316177019999999942e+01
2.444929194999999922e+01
-1.851082024999999831e+01
1.523017456000000003e+01
-1.424572947999999961e+01
1.889789195000000177e+01
1.629062100000000068e+00
7.457481569999999671e+00
-4.751289933000000332e+01
-2.625516389999999944e+01
-4.892815340000000290e+00
-9.368866300000000535e-01
-2.257453442999999993e+01
6.039386626999999663e+01
-9.868354350000000608e+00
-1.825172737000000112e+01
1.960742858000000055e+01
-2.546647912999999974e+01
-2.032548372999999842e+01
1.826153005999999834e+01
7.180429519999999677e+00
8.743634260000000324e+00
8.754269349999999505e+00
-6.154931910000000173e+00
9.103275879999999987e+00
3.225248280999999650e+01
-1.470139939000000062e+01
1.052880706000000011e+01
5.067199353000000173e+01
1.822983076999999952e+01
-4.163014699999999735e+00
-1.146413292000000084e+01
8.635906873999999789e+01
-1.166575800000000029e+01
2.087958787999999899e+01
1.422050901000000067e+01
1.639394834000000145e+01
4.890017970000000247e+01
2.675426252999999832e+01
-1.346624009999999982e+00
1.347924137999999949e+01
2.725801085999999884e+01
1.993795769000000107e+01
-3.209148625000000266e+01
5.235051994999999891e+01
-4.656554706000000010e+01
-6.921418420000000182e+00
3.056219095999999880e+01
8.292664970000000579e+00
4.150394399999999706e+00
1.571947886999999966e+01
1.274888493999999994e+01
1.918288081000000034e+01
-3.471076622999999728e+01
2.148322369999999815e+00
-1.491798374999999943e+01
-3.688527609999999957e+00
-2.516806589999999844e+00
-5.915847499999999926e+00
-3.138041530000000190e+00
4.650867255000000000e+01
-4.773875720000000378e+00
-1.437236955999999921e+01
-1.532011250000000047e+00
7.222059390000000079e+00
-3.293766249000000101e+01
-2.835203427000000076e+01
-2.015768034999999969e+01
-3.435920338999999757e+01
-8.852709929999999616e+00
-2.318989507999999944e+01
9.914316579999999490e+00
7.161060299999999490e-01
-6.797156339999999908e+00
-4.560276290000000010e+00
3.203950040000000055e+00
-8.129041230000000340e+00
3.801037397999999712e+01
-4.787559742999999912e+01
-8.447514139999999117e+00
-7.542776459999999794e+00
8.901361870000000565e+00
1.271292569999999955e+01
-2.603703658999999959e+01
-8.403228880000000345e+00
2.386412698999999904e+01
-1.134015188999999957e+01
9.048124030000000317e+00
1.898940215000000009e+01
-1.696275610000000045e+00
6.174029578999999757e+01
-7.765813170000000376e+00
-1.747044045999999895e+01
1.836128610000000050e+00
-1.360613511999999936e+01
3.019344303000000096e+01
-2.330267436000000103e+01
6.692434890000000358e+00
3.148137717999999907e+01
-6.984023859999999750e+00
6.570885581999999658e+01
7.088399510000000703e+01
-3.673321954000000034e+01
3.272524870000000163e+01
1.199054010999999953e+01
-3.080925902999999977e+01
9.078654750000000107e+00
2.325828961999999933e+01
2.365197922000000119e+01
1.180022499999999974e+00
9.497854480000000876e+00
4.132384190999999873e+01
-1.305797586999999993e+01
8.243039930000000126e+00
3.982201624999999723e+01
-2.047506160000000008e+01
-1.102578203000000023e+01
3.092876426999999850e+01
1.597243025999999944e+01
4.173992797999999738e+01
1.668625249999999838e+01
5.905804149999999808e+00
1.476181008000000006e+01
2.243723445999999910e+01
-2.986011674999999954e+01
3.769222580000000100e+00
1.365588308999999967e+01
6.566844129999999780e+00
1.308626190000000022e+01
-3.386287432999999680e+01
1.771571242999999996e+01
-2.371218061000000077e+01
-1.851244954999999948e+01
1.191618429999999940e+01
-6.631231719999999719e+00
3.201122217999999719e+01
-9.235429930000000454e+00
1.657294956999999869e+01
1.799279612999999856e+01
4.311869174000000271e+01
3.034611900000000162e+01
2.699319506999999874e+01
-1.687661480000000047e+00
-4.588478760000000101e+00
-1.777167375000000149e+01
4.420105127000000067e+01
4.392068254000000138e+01
2.157480899999999835e+01
-1.378368623999999976e+01
2.751754048999999824e+01
-2.993137340000000091e+00
9.772167070000000066e+00
3.650892492999999916e+01
-5.574700099999999603e-01
-4.472350229999999982e+00
-1.121553111999999963e+01
-3.245278111999999737e+01
5.288876882999999651e+01
2.796981007999999846e+01
-3.297184917999999954e+01
-8.915308469999999375e+00
1.450593731999999925e+01
-5.436771020000000121e+00
3.511739279999999752e+01
6.829466009999999976e+00
4.425566438999999974e+01
1.925737724000000028e+01
-1.241901702000000007e+01
1.107723561999999973e+01
-3.315043610000000029e+00
-1.515985535999999989e+01
8.486419890000000521e+00
8.233282900000000737e+00
5.223975289999999916e+01
4.379066513000000072e+01
3.074078523000000018e+01
3.694366337999999672e+01
4.912553560000000097e+00
-1.439735658000000029e+01
8.027176620000000540e+00
-1.849533110999999863e+01
-2.979551165999999895e+01
-3.077751689000000113e+01
-1.703596373999999969e+01
-6.034142342999999897e+01
-1.921793995000000166e+01
-4.804770000999999979e+01
1.308295668999999961e+01
-2.571201969999999903e+01
2.564817432999999980e+01
-5.500677831000000140e+01
-1.670629698000000118e+01
2.382026348999999854e+01
1.158605123999999975e+01
-4.920747327000000126e+01
3.152756208999999998e+01
-1.436668813000000000e+01
2.972679232999999854e+01
-1.258343357000000040e+01
-4.339389656000000173e+01
7.707048399999999688e+00
-3.600418870000000027e+01
-4.331838630000000023e+00
-1.773497950000000101e+00
2.253630009000000101e+01
6.999851674999999318e+01
-2.391784147999999988e+01
-1.924262189999999961e+01
-2.203378289999999851e+00
-6.408560190000000212e+00
-4.479855879000000130e+01
-3.089973617000000061e+01
2.648904191000000097e+01
-1.187813601000000041e+01
1.131240535000000058e+01
-2.718131474999999853e+01
-9.121818870000000246e+00
-2.293723581000000067e+01
2.883116967999999858e+01
5.179921740000000163e+00
-1.244878504999999969e+01
-9.439923840000000510e+00
6.534990989999999833e+00
-4.408380750000000070e+00
2.392476336000000003e+01
-1.419384757999999991e+01
5.579792430000000358e+00
1.978183905999999936e+01
7.624970479999999995e+00
-1.183421449000000081e+01
8.529133312000000444e+01
3.273020921999999899e+01
2.256690900000000166e+00
5.744375139999999824e+00
-3.485655665000000170e+01
1.862693648000000124e+01
-4.235122717000000137e+01
-1.595670080999999918e+01
-3.053186738999999861e+01
-1.110888759999999920e+01
3.159621058000000104e+01
-3.135650590999999920e+01
1.313272287999999932e+01
-2.273968969999999867e+00
1.142969649999999948e+00
-2.008180541000000119e+01
-2.470876060999999879e+01
-3.298291889999999782e+00
-1.979258464000000117e+01
-1.085595831999999916e+01
-2.316060837999999933e+01
-5.171000760000000085e+00
-1.939347717000000060e+01
-2.786017405999999852e+01
1.142001510999999958e+01
-8.032862279999999799e+00
1.346463186999999984e+01
4.680341420000000419e+00
-4.216842170999999695e+01
-2.910042048000000037e+01
-2.526568523999999982e+01
1.794024205999999921e+01
-1.275897290000000073e+00
-3.428582406000000304e+01
3.282381938000000332e+01
-2.179498268000000039e+01
3.182538900000000126e+01
-1.760826133000000127e+01
-2.668644886999999954e+01
1.308582217000000014e+01
-3.754886950000000212e+01
-1.928397181000000060e+01
3.447906700000000058e+01
1.063352534000000027e+01
-2.451006088999999832e+01
3.017594323999999872e+01
-1.004721327999999936e+01
-2.108639412999999863e+01
-1.683855196000000021e+01
-2.780326030000000159e+01
1.539718421999999975e+01
-5.007314929999999720e+01
-4.414907743999999923e+01
-5.583668140000000335e+00
-1.672876516999999907e+01
-3.276819285999999920e+01
4.073819507999999701e+01
7.442949163999999485e+01
-1.543397490999999988e+01
-2.041373000000000104e+00
-3.371664839999999685e+01
3.639115896999999933e+01
1.123386559999999967e+01
-1.334180605999999969e+01
-2.029901495000000011e+01
8.130114750000000612e+00
-3.220462067999999789e+01
-1.008702161000000075e+01
-4.821386577999999901e+01
2.029622220999999982e+01
6.134047670000000174e+00
-8.399098299999999684e-01
-5.819827300000000037e+00
-2.220289146000000002e+01
-6.078543650000000298e+00
7.284979653999999982e+01
-1.015514167999999984e+01
-2.679680308000000011e+01
-3.879798294999999797e+01
7.785851720000000142e+00
-2.086238299000000040e+01
6.081612289999999810e+00
1.676965636999999987e+01
4.385150969999999759e+00
1.727652566000000078e+01
8.359309109999999876e+00
3.264924296000000226e+01
1.461519215000000038e+01
-1.952013550999999936e+01
2.646378319000000090e+01
1.945542092999999895e+01
6.787198629999999788e+00
2.384895515999999915e+01
-1.580712680999999975e+01
4.111395591000000138e+01
1.297001717000000021e+01
-1.750348458999999934e+01
-3.380436749999999879e+00
-1.018847822999999941e+01
1.147821120000000050e+01
-1.272793049000000032e+01
-4.313251320000000000e+00
-6.973381400000000063e+00
4.498101135000000284e+01
3.051796062000000020e+01
-3.585518153000000297e+01
-4.545503450000000001e+00
-2.928258531999999903e+01
-7.987026049999999877e+00
-1.323898574000000039e+01
4.727436029999999789e+00
-3.437331800000000270e-01
-1.601383828000000165e+01
9.236992020000000636e+00
-4.588121509999999681e+00
-5.215060440000000241e+00
4.785669754999999981e+01
8.072759070000000037e+00
-4.592510510999999696e+01
-2.228937180999999867e+01
5.331220452000000165e+01
1.523539311999999946e+01
-5.301455090000000148e+00
5.929020881999999659e+01
-8.818963139999999257e+00
-5.150269609999999609e+00
-4.504331200000000202e+00
8.527561000000000391e+00
1.736545939000000160e+01
2.517595200000000144e+00
1.613003635000000102e+01
-7.158308550000000103e+00
-1.965868310000000108e+01
-2.339253692000000129e+01
-2.660342314000000030e+01
2.307133260000000163e+01
7.091436459999999720e+00
2.129994497999999936e+01
7.768281990000000192e+00
4.954498029999999886e+01
1.036348983000000068e+01
-4.511268299999999698e+01
-1.909783810000000059e+01
3.470689240000000009e+00
-1.621512816999999984e+01
3.518955412999999766e+01
-7.545987679999999642e+00
9.219884379999999879e+00
2.923399651000000077e+01
-4.139083461999999969e+01
8.306467476999999633e+01
1.151044543000000075e+01
1.333107505999999987e+01
2.009543460000000081e+01
4.183722279999999571e+00
-7.853656000000000525e-02
1.946724207999999834e+01
-2.072798385000000110e+01
4.611882458000000184e+01
4.077125921999999747e+01
-2.331823436000000171e+01
8.888781579999999849e+00
3.881673081000000280e+01
-1.140870138000000011e+01
9.769474199999999442e+00
2.103300205000000034e+01
2.244217937000000163e+01
-4.259354875999999734e+01
-5.851231829999999690e+00
-1.711788488999999913e+01
-1.690138879999999899e+00
-4.460995490000000174e+00
9.220490000000000075e-01
-6.878033409999999570e+00
-1.775723264000000157e+01
7.203475700000000259e+00
3.912445319999999782e+00
2.950830041000000037e+01
-2.433851226999999895e+01
2.425126148000000015e+01
2.622634801999999965e+01
-6.957972599999999730e+00
4.543258963000000250e+01
-3.787272012999999760e+01
-5.734034444000000263e+01
-4.843027300000000146e+00
-4.257977989999999657e+00
-6.529134300000000168e-01
4.453268846000000281e+01
-2.850112569999999845e+00
2.369925431000000060e+01
2.967950000000000088e+01
2.069237599999999944e+01
-6.557055499999999704e+00
3.303732137000000080e+01
-8.709550919999999863e+00
-1.955011939999999981e+01
-2.290502246000000142e+01
5.897832870000000227e+00
1.954629870999999852e+01
-8.578630200000000317e-01
1.935504515999999953e+01
2.721256300000000072e-01
3.367149571000000208e+01
9.464744400000000724e+00
5.056617730000000144e+00
-2.299235630000000086e+00
1.787652761000000012e+01
2.070065672000000134e+01
9.613071689999999947e+00
-8.570399199999999551e-01
-3.059739177000000154e+01
1.611445003000000042e+01
1.052935277999999997e+01
1.970550529999999867e+01
1.557256289000000038e+01
2.007011024999999904e+01
-4.578975309999999688e+00
1.734888160999999940e+01
-1.497799718999999996e+01
-4.697201999999999766e-01
-3.007987599000000145e+01
-1.690173337999999958e+01
2.221692353999999980e+01
-5.006484550999999783e+01
1.469493768000000067e+01
8.976663240000000599e+00
4.620488770000000045e+01
-1.055142580000000052e+01
1.861888512000000162e+01
-5.529256379999999638e+00
-2.682710186999999991e+01
-3.767427423000000175e+01
-6.419606710000000049e+00
-4.906543123000000151e+01
6.642458740000000361e+00
-1.117052836999999954e+01
1.713093716999999927e+01
1.324432619999999972e+01
-1.585463241999999973e+01
-1.628313165000000140e+01
2.249112620000000007e+01
-3.432299026999999825e+01
-6.889384680000000039e+00
-1.057171029999999945e+01
1.520760910000000088e+01
4.798660699999999779e-01
1.481026039999999933e+00
-1.052581967000000063e+01
3.047544386999999944e+01
-3.072320394000000121e+01
3.752796329999999791e+00
3.350360830999999706e+01
-2.042438385000000167e+01
1.829629659999999935e+00
-2.201069499999999957e-01
-3.602294316999999779e+01
-2.221734689999999901e+01
-2.795010379999999905e+00
1.563732463000000017e+01
1.827742360999999960e+01
3.443735440000000203e+00
-5.266277569999999741e+00
9.756041689999999988e+00
-2.351514415999999841e+01
-1.121557960000000076e+00
-2.886938720999999930e+01
-1.557964291999999951e+01
2.692502486000000061e+01
-1.588516730999999993e+01
3.759225045000000165e+01
-1.342191679999999998e+01
1.807437497000000093e+01
1.400201088000000027e+01
-3.516537900000000150e+01
-1.387591158000000036e+01
4.929026470000000160e+00
-2.325832899999999981e+01
-2.066894668999999851e+01
-4.849269048000000026e+01
-2.988436018999999888e+01
-2.825831214999999830e+01
-2.425127774999999986e+01
3.540654799999999880e-01
9.773964919999999168e+00
3.757939649999999965e+00
1.332459498999999958e+01
-3.147820265000000006e+01
8.614328139999999578e+00
1.516577649000000072e+01
-3.724285754999999654e+01
-3.469668913000000288e+01
-2.361434725000000157e+01
-1.497545125000000077e+01
8.947230239999999668e+00
-5.760027300000000183e-01
-2.321167286000000018e+01
1.668941235000000134e+01
-1.325456860000000070e+01
2.782374229999999926e+01
-4.936358309999999960e+01
3.510387373999999738e+01
-4.901631540000000342e+00
-2.215905687000000057e+01
-1.365023178000000037e+01
1.122931359999999934e+00
2.455600125000000133e+01
-4.096030677000000253e+01
-6.524738880000000130e+00
-1.133832987999999986e+01
2.497305569999999975e+01
4.650513887999999696e+01
-5.511066387000000333e+01
5.144552350000000018e+01
2.298323373999999930e+01
-4.122782199000000247e+01
-1.773885190000000023e+01
4.386861400000000089e+01
3.300782496000000066e+01
-1.159768532000000008e+01
-3.104578130000000158e+00
7.840280820000000261e+00
4.115589580999999697e+01
-3.130243510000000029e+01
7.063306289999999876e+00
-4.585539889999999730e+00
1.516319979000000018e+01
-4.033076444999999666e+01
-1.915300699999999967e+00
-1.689694276000000173e+01
2.642628828000000141e+01
2.345987848000000042e+01
-4.845995659999999816e+01
-2.645207442999999969e+01
-1.202468902000000028e+01
-2.352008499000000086e+01
-6.414985960000000098e+00
-1.119552763000000084e+01
2.479534381999999937e+01
2.309236372000000159e+01
-1.149707959999999973e+00
-2.550290881999999826e+01
-4.729549670000000106e+01
2.630275376999999892e+01
-2.720925612999999998e+01
-2.015223873000000054e+01
3.238612020000000147e+00
-1.990588353000000055e+01
-2.168193528000000114e+01
-1.580901667999999916e+01
-2.644784462000000147e+01
-1.432132421000000022e+01
-2.866636868999999876e+01
3.091335332999999963e+01
3.403809470000000204e+01
-3.599754749999999781e+00
-1.223743428000000044e+01
-4.853901299999999752e-01
2.518050874000000050e+01
-4.758018907999999669e+01
-1.083518794000000085e+01
2.711784456999999904e+01
3.945271345999999824e+01
-9.413324729999999363e+00
5.422290330000000047e+00
3.056424082999999925e+01
9.293102389999999602e+00
-5.494834400000000452e-01
-2.478308373999999858e+01
1.149344842000000000e+01
-1.919984810000000053e+01
-5.822285919999999670e+00
-1.072466879000000084e+01
-9.147516279999999611e+00
1.255639470000000024e+01
4.384528900000000107e+01
-1.120352830000000077e+00
1.875747789999999915e+00
-5.045815832000000256e+01
-1.048438842000000015e+01
-1.979591230999999851e+01
-1.735614400000000113e-01
-2.601770953000000119e+01
4.701645340999999689e+01
4.478236446999999743e+01
7.635204640000000431e+00
-1.095321715000000040e+01
9.209513510000000736e+00
1.142213742000000032e+01
-2.659981949999999884e+01
-4.835661649999999590e+00
1.066352136999999978e+01
7.317217160000000220e+00
3.067787687999999946e+01
2.239196996000000084e+01
-1.167286599000000002e+01
1.440960953000000089e+01
-5.496151590000000198e+01
-5.371277100000000360e-01
4.819964977000000061e+01
6.424125160000000001e+00
-1.210062739999999915e+00
1.724371524000000022e+01
-1.596371184000000021e+01
4.980706701999999808e+01
-9.185567380000000171e+00
4.474917964000000126e+01
2.176075952000000058e+01
-2.248636094000000085e+01
1.790909764999999965e+01
-1.701892918000000066e+01
-4.010880327999999651e+01
-3.481991960000000219e+00
-3.074990607000000153e+01
-2.927290713000000011e+01
-2.738726690000000019e+00
2.000556435000000022e+01
-5.325794499999999765e+00
-1.732159009000000083e+01
5.076652410000000337e+00
-3.856561212999999810e+01
-4.024471010000000071e+00
-4.601456809999999820e+01
2.672703188999999924e+01
-4.432288600000000023e-01
-2.783479076000000063e+01
-9.110539920000000791e+00
1.023745367999999978e+01
-1.963101735000000048e+01
-2.533861913999999871e+01
5.256878796000000165e+01
-1.327385609000000066e+01
-2.222502276000000165e+01
1.517563851000000064e+01
-9.751118659999999494e+00
3.038209115000000082e+01
-2.825823399999999985e+00
3.849891490000000083e+00
5.995956799999999731e+01
-7.014857469999999928e+00
-2.035298823000000112e+01
-2.373848003999999889e+01
-2.813706355000000059e+01
-1.896511513000000093e+01
1.487126068999999973e+01
1.501196730000000024e+01
1.212357948999999913e+01
4.080129999999999768e+01
1.791042519999999971e+00
1.161691414999999949e+01
-3.536939499000000353e+01
1.544291269999999994e+00
-1.034855669000000056e+01
-1.497694757999999915e+01
-1.880411159999999970e+00
1.873199943999999917e+01
2.122859444999999923e+01
-3.173867200000000111e-01
6.826506580000000213e+00
1.533366810999999963e+01
1.930405401999999881e+01
-1.367011772000000036e+01
-7.158770890000000442e+00
3.788068399999999780e-01
-1.275292931000000074e+01
-2.787565400000000082e+00
-1.981505728000000133e+01
4.424988130999999925e+01
3.596878255000000024e+01
-9.153554079999999260e+00
9.046316360000000500e+00
-2.532414360000000197e+00
-1.671839221000000109e+01
1.977776247999999981e+01
-5.333607879999999746e+00
2.236053811000000024e+01
-2.926058640999999838e+01
1.007490068999999977e+01
-5.705702910000000294e+00
-2.992152072000000018e+01
-1.373611632999999976e+01
1.503099345000000042e+01
-5.060625394000000199e+01
2.405544268999999957e+01
2.596454337999999851e+01
-5.524066050000000061e+00
-3.268848950000000197e+00
-1.857090509999999917e+00
1.371872203000000034e+01
-1.819596282999999914e+01
2.036468490000000031e+01
1.679933537000000143e+01
-5.488769991000000203e+01
-1.953393983000000134e+01
1.327320416000000058e+01
-4.567819319999999905e+00
2.416089045000000013e+01
-3.560983533000000278e+01
-3.014682019999999962e+00
-2.325972799999999907e+01
-7.160961464999999748e+01
4.276064954000000284e+01
-3.240059709999999882e+01
-3.395407890999999978e+01
5.108219169999999920e+00
7.233063151000000346e+01
4.899126200000000209e-01
-1.561744009999999960e+01
-1.825801039999999986e+00
-3.090356869999999923e+00
-4.750921400000000006e+01
-3.424624321999999665e+01
4.558741609999999866e+01
-5.641117239999999811e+00
-2.098619619999999841e+01
2.738272244999999927e+01
-1.994529040999999836e+01
2.062543686000000065e+01
2.985994992999999909e+01
-3.184793765999999948e+01
-1.550499806000000014e+01
-1.934430429000000018e+01
-1.006764682000000022e+01
-9.783921069999999887e+00
-5.750476349999999570e+00
7.802897699999999936e+00
-1.903126666000000000e+01
1.585004217000000004e+01
3.227508825999999686e+01
-5.026320319999999953e+00
-1.142117941000000059e+01
8.233247410000000599e+00
3.120870327000000088e+01
2.892808524000000148e+01
5.548863690000000126e+00
-2.987677479999999886e+00
-4.809639739999999719e+00
-2.819666700999999875e+01
2.146651238999999833e+01
-1.234144492999999976e+01
1.112737073000000088e+01
-7.852331279999999580e+00
1.510072893000000072e+01
1.007319823999999997e+01
-4.474755274999999699e+01
-1.485202081000000085e+01
-4.375851190000000202e+01
-1.961855114999999827e+01
2.843039940000000154e+00
-9.522896890000000170e+00
1.811828646000000020e+01
-1.680278732000000019e+01
2.106048879999999901e+00
6.030453989999999820e+00
3.926852330999999907e+01
2.009161572000000007e+01
-1.686048070000000010e+01
-7.159705499999999834e-01
6.735529170000000398e+00
2.141832945999999893e+01
8.886452000000000240e-02
3.032301803000000007e+01
1.234312792999999964e+01
5.034176237999999870e+01
9.436413900000000243e-01
3.661897156999999936e+01
-1.503671167000000075e+01
-2.086564187999999831e+01
2.470552360000000114e+00
5.216173600000000299e+00
1.492293457000000068e+01
-7.829377019999999909e+00
-7.634829350000000403e+00
1.449872612999999966e+01
-2.697496806999999919e+01
-3.063908684000000093e+01
4.407532104999999945e+01
-3.304748500000000089e+00
-2.185895642999999922e+01
-2.057621720000000209e+00
-7.565414419999999751e+00
2.374289717999999993e+01
1.822273619999999994e+01
-1.129995994000000081e+01
6.187146999999999508e-01
-1.467853020999999991e+01
-1.964063120000000140e+01
-1.476194188999999923e+01
-5.374646394999999899e+01
1.393941599999999892e-01
-3.573420732999999672e+01
-3.092487625000000051e+01
-2.070127576999999874e+01
1.053959470999999937e+01
-2.015532276000000067e+01
1.282965291999999913e+01
-3.409494935000000027e+01
7.346486599999999534e-01
-2.288234174999999837e+01
4.883430760000000426e+00
6.282668390000000436e+00
1.866518785999999963e+01
-1.169337439000000067e+01
-8.768151169999999439e+00
1.651401093000000131e+01
3.305134436000000164e+01
1.830065936000000093e+01
4.461659560000000191e+00
-3.981901124000000181e+01
-9.577085820000000638e+00
-1.773019445999999988e+01
-3.346573240000000027e+01
2.258460606999999953e+01
-2.028632994000000167e+01
-1.722324919999999926e+00
-1.561304231999999992e+01
-5.547095128000000130e+01
2.861639727000000022e+01
-9.895066079999999431e+00
2.267570720999999878e+01
-3.955997121000000050e+01
3.766780710999999826e+01
2.099227459999999823e+00
-1.607858142999999984e+01
4.804152049999999896e+00
-1.152008995999999996e+01
-3.649312727000000223e+01
7.874393340000000130e+00
1.996245322000000044e+01
1.001305450000000041e+00
-2.018406547000000018e+01
-9.170704549999999955e+00
9.780778919999999488e+00
1.758061233999999828e+01
3.507701786999999882e+01
1.331984955000000070e+01
-1.286603346999999964e+01
5.313264655999999775e+01
1.328876842999999930e+01
2.357275154999999955e+01
-1.026832489999999964e+01
1.538797192000000003e+01
1.094799495000000000e+01
-3.459391169999999960e+01
-1.134257232000000037e+01
-2.282546358000000097e+01
-2.057387127000000149e+01
-6.842807930000000205e+00
-7.912335419999999786e+00
-2.358345406000000111e+01
-6.174463444999999950e+01
-1.617904608999999994e+01
6.853055610000000186e+00
5.210580160000000127e+00
7.659624870000000030e+00
2.577621342999999854e+01
7.783426389999999806e+00
1.806821960999999988e+01
-2.305132645000000124e+01
2.559909985000000177e+01
-2.538150806999999887e+01
-4.022929060999999962e+01
1.223929034000000016e+01
-2.406809568999999982e+01
-2.185774457999999854e+01
-8.816629717000000710e+01
-6.543749369999999566e+00
4.533610586999999725e+01
2.379975513999999848e+01
-5.798091939999999944e+00
-7.733283540000000400e+00
2.098126776999999876e+01
3.718726247000000029e+01
-2.327745059000000083e+01
-5.772260440000000159e+00
-1.894350817000000120e+01
-1.958216330000000127e+01
-1.709330011999999854e+01
7.060856720000000308e+00
3.924971330000000336e+01
-3.640157645000000031e+01
-3.115722351000000145e+01
1.811384380000000016e+00
-5.835725970000000373e+00
-7.219198610000000293e+00
-5.018252283000000347e+01
3.510385277000000315e+01
1.344259833999999998e+01
5.383901630000000438e+00
2.668687435000000008e+01
-1.824082063999999903e+01
1.702658083000000033e+01
1.535659970000000030e+01
1.994851209999999986e+00
-3.319253030000000049e+00
4.998448210000000280e+00
-8.854054420000000647e+00
2.816837963000000045e+01
-2.218896746000000064e+01
2.390794799000000026e+01
5.392636839999999765e+00
8.099223809999999801e+00
1.275446018999999964e+01
-4.868553812999999764e+01
4.848748229999999992e+00
-3.739870427000000319e+01
-2.732732155000000063e+01
-2.725845318000000006e+01
-2.768800729999999888e+01
2.361049600000000026e-01
9.290913740000000587e+00
2.769373067000000077e+01
4.760375579999999829e+00
8.105593810000000232e+00
-3.909554322000000326e+01
-1.401484868000000006e+01
1.899838040999999933e+01
-1.110835940000000077e+00
9.154336000000000417e-02
-4.877724009999999666e+00
1.943078287999999887e+01
-5.081781218999999794e+01
6.050725380000000264e+00
1.118146536999999974e+01
2.415298504000000079e+01
2.055867800000000045e+01
-3.148057168000000061e+01
6.210344680000000395e+00
3.254975369999999923e+00
2.660405719999999974e+00
3.368982770000000126e+00
-1.054404562999999939e+01
-1.938783073999999829e+01
1.047044119999999978e+01
3.350520869000000346e+01
-2.923120529999999828e+00
6.280482929999999797e+00
9.638495999999999952e+00
-1.417373446999999942e+01
-1.503518760999999948e+01
-6.627735918999999853e+01
-2.048043785000000128e+01
-3.047880981999999861e+01
-3.644133660000000052e+00
-3.754625993999999878e+01
4.172379930999999686e+01
-1.732701521999999983e+01
-2.994506791999999962e+01
-8.606401185999999370e+01
3.686548235000000062e+01
7.463015590000000365e+00
3.324140129999999971e+00
-3.489354043000000161e+01
5.183724100000000057e+00
-1.135982843000000031e+01
-1.834176682000000014e+01
6.575952509999999585e+00
1.881855928999999961e+01
4.084026749999999595e+00
-1.184519006000000019e+01
-1.652249699999999988e-01
1.567982530000000096e+00
8.794742270000000417e+00
-3.525361543000000353e+01
4.028286969999999911e+01
-2.381888561999999965e+01
-1.667732915999999932e+01
-2.712904591999999937e+01
-5.784313580999999971e+01
4.942607200000000311e+00
-2.899923657000000077e+01
-1.059473286000000058e+01
1.818954133000000084e+01
-1.436206963999999964e+01
-1.679562629999999945e+00
-6.554617819999999817e+00
-1.118935663000000069e+01
1.720284539999999973e+00
3.033331572000000165e+01
-2.790720530999999838e+01
5.512797460000000171e+01
-1.259054251000000058e+01
1.853430434999999932e+01
-7.392720839999999960e+00
6.405106899999999825e+00
-5.977043519999999610e+00
2.435261218999999855e+01
3.396708874000000122e+01
1.063734853000000058e+01
2.567086700999999849e+01
-1.990875377000000057e+01
-3.705765430000000027e+00
-1.224700722999999947e+01
3.836748467999999690e+01
3.214127292999999952e+01
2.436523661000000018e+01
-8.552898569999999978e+00
-1.551860150999999988e+01
1.388075865000000064e+01
-1.572284198999999916e+01
-6.920500989999999852e+00
-3.178746929999999971e+00
-1.626609105000000000e+01
2.749350412000000077e+01
-4.509879770000000399e+00
2.106772000999999861e+01
1.087256524000000013e+01
9.562872840000000707e+00
-1.830375121999999877e+01
1.469773986000000043e+01
-1.018766120000000086e+01
-6.825367039999999719e+00
-1.734352090000000013e+00
-2.672981781000000012e+01
4.142367286000000348e+01
-1.463986884000000011e+01
-1.901949700000000076e+00
1.242222894999999916e+01
1.078539645999999941e+01
4.116997115000000207e+01
-9.315132229999999680e+00
4.187723941000000139e+01
3.764144050000000163e+01
-5.210691108999999699e+01
2.798381099999999844e+00
-1.033439047999999971e+01
8.833519199999999572e+00
3.545436930000000153e+00
1.094171227000000002e+01
3.444009187000000338e+01
5.431316538000000094e+01
-4.175108299000000045e+01
4.195971277000000299e+01
-5.431806419000000119e+01
-4.513411820000000318e+01
-8.023857740000000405e+00
-3.664070999999999995e-02
4.040053746000000245e+01
1.994545188000000024e+01
-6.661618179999999612e+00
-4.969897455000000264e+01
3.929150586000000089e+01
-2.336891917000000163e+01
1.007163730000000035e+00
-4.088082270000000129e+00
6.978957622000000072e+01
-1.407781327000000005e+01
-5.935197892000000053e+01
1.731179566000000136e+01
-9.031439797000000169e+01
6.333036039999999645e+00
-2.014397913999999901e+01
-1.032598562000000086e+01
-1.491444143000000011e+01
-3.239421233000000200e+01
2.124786063999999897e+01
-2.115068888000000058e+01
-6.509377889999999667e+00
-4.384567331000000223e+01
-2.445406849999999910e+00
-2.899103116999999941e+01
-4.143036724000000248e+01
-6.337817900000000293e+01
5.224134920000000015e+00
-1.980663902999999948e+01
3.413024319999999889e+00
-7.972371009999999814e+00
-4.515428553000000278e+01
-3.623462684999999794e+01
-3.034699953999999877e+01
-3.152359776999999852e+01
2.974589286999999871e+01
2.716725690000000082e+00
-2.759498998000000114e+01
-1.196582992999999995e+01
-1.358656694999999992e+01
2.238291713999999999e+01
-1.705966633999999971e+01
-4.288853170000000326e+00
-1.553026707999999978e+01
-1.964544022999999839e+01
-2.247484674000000027e+01
2.038849585999999903e+01
-8.802537770000000705e+00
-5.160596720000000204e+01
4.263581520000000324e+01
2.440123157000000020e+01
1.452725529999999932e+00
-4.334680811999999861e+01
-4.153059813000000133e+01
3.921259880000000031e+00
3.342757599999999774e-01
-1.756158900000000145e+01
-2.536293889999999962e+01
1.741601757999999833e+01
-3.080420409999999887e+00
1.467722631000000000e+01
2.731412300999999943e+01
1.762376576999999855e+01
1.785879424000000171e+01
1.336759162000000067e+01
-1.149338528000000004e+01
-8.232555339999999333e+00
-1.228780060999999968e+01
-2.029699979000000098e+01
-2.361756951999999998e+01
-3.542106000999999793e+01
-2.069020161999999985e+01
-5.510302229999999746e+00
-4.273759187999999654e+01
-7.787628040000000418e+00
2.054277991000000014e+01
-4.387957639999999770e+01
1.640296040000000133e+01
1.499021128000000047e+01
-3.998067624000000109e+01
-3.147709602999999845e+01
-9.529256229999999661e+00
9.872934289999999891e+00
-2.182923157999999830e+01
4.012388118999999875e+01
3.554014698000000294e+01
-4.301590894000000276e+01
2.480363443999999973e+01
1.935117398999999949e+01
4.931024850000000015e+00
1.206530333000000077e+01
-2.390094656999999856e+01
-7.244854199999999800e+00
4.682509510000000041e+00
1.071870252999999984e+01
2.357591718000000114e+01
-2.841121919000000062e+01
-3.390199710000000088e+00
8.316220360000000866e+00
3.039586640000000006e+00
-1.649612846999999860e+01
1.221688271999999920e+01
-1.415693852000000064e+01
-1.166443371000000084e+01
6.722295600000000038e-01
-3.384094925000000131e+01
1.578006760000000064e+00
-9.506420789999999954e+00
-7.591067439999999777e+00
4.591253240000000346e+00
-3.032260709000000176e+01
3.320445845999999790e+01
-1.424336708000000051e+01
-7.422477847000000395e+01
-4.743439399999999750e+01
2.071771997000000098e+01
-2.255845739000000094e+01
-1.032797165000000028e+01
-1.463131276000000014e+01
-1.030824059000000048e+01
-5.620023579000000069e+01
-3.678108690000000180e+00
-3.477503758999999661e+01
-1.943393259999999856e+01
1.178256048000000078e+01
4.402043253000000078e+01
1.570543999999999940e+00
-7.009934199999999782e-01
3.320809607999999713e+01
-3.099081461999999831e+01
1.790581445999999843e+01
4.169747880000000073e+00
-2.653547468000000009e+01
-1.411294866999999975e+01
1.251693591000000083e+01
4.268080899999999733e-01
6.760383430000000082e+00
5.558935579999999987e+00
-1.318726271999999966e+01
-1.825553507000000053e+01
-2.804216986000000134e+01
2.761319144000000136e+01
-3.595401620999999892e+01
-2.678637952000000055e+01
6.811766300000000385e+00
-4.852363704999999783e+01
1.263864154999999911e+01
3.599492413000000113e+01
-3.937317730000000182e+00
6.233649690000000021e+00
-1.604350024000000019e+01
-1.219078917999999945e+01
5.664676749999999927e+00
2.129566643000000070e+01
-2.172769180999999961e+01
1.528122238000000088e+01
-5.790983390000000064e+00
1.686504760000000047e+00
1.313904072999999961e+01
8.410767169999999737e+00
-7.219670190000000431e+00
5.766314000000000162e-02
1.078800075999999919e+01
1.609111783999999901e+01
-4.014054354000000302e+01
1.992694980000000005e+00
2.858311945000000165e+01
-5.156839792000000244e+01
1.698069893999999991e+01
-6.520246217000000399e+01
-5.998650030000000299e+00
-8.264022790000000285e+00
-3.066383329999999852e+00
-6.838447580000000414e+00
-1.387762464000000051e+01
-5.314040460000000188e+00
6.362373240000000152e+00
-1.513662371999999934e+01
6.784660869999999733e+00
4.888215759999999932e+01
-3.388535215999999650e+01
-1.467715884000000059e+01
2.215556095999999897e+01
1.353089633999999997e+01
2.449285169999999923e+01
1.186763451999999930e+01
1.179469719999999988e+01
-9.001028599999999713e+00
-2.719928206000000159e+01
-2.531648884999999893e+01
-1.488808206999999939e+01
2.614012199999999897e+00
-2.359547152000000025e+01
-7.903512459999999962e+00
3.981672109999999876e+00
1.319819940000000003e+01
-5.733486820000000428e+00
3.324919564000000349e+01
-3.213550017000000025e+01
-2.287946729999999818e+00
-1.493091079999999904e+00
1.526860092999999985e+01
-2.163922785999999832e+01
-1.368093917999999931e+01
1.060834157999999938e+01
2.494611120000000071e+01
4.163649602000000272e+01
1.783359888000000026e+01
2.324017123000000140e+01
-1.555664121000000044e+01
3.518419293000000181e+01
3.696191728000000154e+01
-1.363398810000000072e+00
1.892429952000000171e+01
2.083149330999999904e+01
-1.304568219999999990e+01
4.617287450000000071e+00
3.356684452999999735e+01
-1.352314565000000002e+01
-5.150945459999999976e+00
-3.345345214000000311e+01
1.321393349000000050e+01
-7.122041420000000400e+00
1.094673827999999993e+01
3.329926570000000030e+00
-2.216264556999999868e+01
2.534410300000000049e+01
2.228598938000000018e+01
-1.480328613000000004e+01
1.071435935999999955e+01
-3.400572199999999867e+01
-2.936132167999999965e+01
1.365718968999999916e+01
-3.782803844000000026e+01
-1.687853536000000076e+01
3.033596639999999844e+00
4.589729778000000238e+01
-1.413700152000000010e+01
-6.903274670000000057e+00
-9.980949900000000596e+00
6.235756388000000072e+01
7.626570749999999954e+00
-2.399383302000000029e+01
3.943768160999999850e+01
3.496464586999999824e+01
1.739782651999999885e+01
4.163104452000000322e+01
4.771252058999999690e+01
-4.215484769999999770e+00
-1.523292913000000048e+01
-1.627732516000000018e+01
1.611175675999999868e+01
2.074865729000000059e+01
-3.816228699999999918e+00
-1.287724260000000065e+01
-3.408040531000000328e+01
-1.404876548999999919e+01
-2.494534987000000115e+01
1.658631849000000003e+01
9.529451950000000338e+00
3.563737695999999744e+01
4.073413549999999717e+00
-1.304843387000000021e+01
-4.519167079999999892e+00
2.186053069000000093e+01
6.950190609999999936e+00
3.004686296999999939e+01
3.093115775000000056e+01
-6.717502849999999803e+00
-6.166832280000000388e+00
-5.588580831000000160e+01
2.815782674000000085e+01
-7.124765199999999465e-01
3.010060186000000115e+01
-1.189026125000000000e+01
-3.452709008000000068e+01
1.173129400000000011e+01
4.033648512999999980e+01
-1.447252398000000007e+01
3.656896091000000126e+01
-4.042699594999999846e+01
-1.265754444000000056e+01
-4.485797174000000354e+01
1.045108029000000016e+01
4.455624679999999671e+00
2.881033840000000179e+00
-3.438870349999999831e+01
5.013020362999999691e+01
2.998861417000000174e+01
4.892428830000000062e+00
-2.855942638999999872e+01
1.220977674999999962e+01
-1.301059985000000019e+01
-6.823596229999999707e+00
-1.318615265999999941e+01
1.022276895000000074e+01
-8.034723279999999690e+00
-1.129393413000000024e+01
1.151340320999999989e+01
1.440953655999999938e+01
-4.724848850000000056e+01
1.095624412999999997e+01
3.734240635999999824e+01
2.220613542999999979e+01
-5.715695290000000206e+00
9.381059200000000375e-01
-1.944007736000000008e+01
3.210747872000000314e+01
8.703960809999999881e+00
-2.472269729999999832e+00
-4.184481940000000399e+00
5.887488417000000140e+01
-1.723863200000000040e+00
1.342521145999999987e+01
4.126187261999999834e+01
5.310667325000000005e+01
3.437542838000000245e+01
2.239491680000000073e+01
-3.684569839000000258e+01
-2.500232851999999895e+01
1.884045906000000059e+01
3.929879820000000024e+00
1.742473084999999955e+01
9.000533020000000661e+00
3.394211625999999882e+01
-4.270719627999999801e+01
-2.672777986999999911e+01
-6.392873670000000175e+00
-4.705325813000000323e+01
1.058414999000000023e+01
2.424453829999999854e+01
3.851551740000000112e+00
-1.232830487000000019e+01
1.295994830000000064e+01
7.621310619999999858e+01
1.687120983000000152e+01
8.573043379999999658e+00
-2.570442080000000118e+01
-3.303631331999999787e+01
-8.242420479999999827e+00
1.846793158999999918e+01
-3.218227039999999928e+00
1.320631470999999912e+01
1.930552206999999854e+01
-3.111257114000000001e+01
1.427077646000000044e+01
2.455893710000000141e+01
3.080014510999999899e+01
-3.449172599999999811e+00
2.562724030000000042e+00
-5.535073780000000276e+00
-2.660489361999999858e+01
-3.797863184999999930e+01
4.356222600000000256e+01
-4.108780920000000059e+00
-3.047021773999999894e+01
2.935048169999999956e+00
-1.415166666999999912e+01
5.010447891999999825e+01
-1.299329608999999941e+01
-1.973235745999999935e+01
1.920462081000000154e+01
-9.052965779999999185e+00
2.430171586999999889e+01
7.884067900000000240e-01
5.350527558000000283e+01
2.904848941999999923e+01
2.083387329999999871e+00
-2.037300003000000004e+01
1.507034196000000037e+01
-2.963252371000000096e+01
-4.934957630000000428e+00
3.360230786999999708e+01
-1.545944120000000055e+01
-2.459864177000000041e+01
-1.330131210999999958e+01
2.748510139000000052e+01
6.879616829999999794e+00
-4.548110894999999942e+01
1.816344229999999982e+01
5.246532690000000443e+00
5.002014589999999927e+00
-2.774037454000000125e+01
1.443496029999999930e+00
1.855234446000000048e+01
2.632799603999999860e+01
3.642126398999999992e+01
1.571951426999999946e+01
1.853937799999999969e+00
-2.973915093999999826e+01
-2.592343276000000074e+01
-3.797144739000000158e+01
-7.178332600000000063e+00
1.747685583000000165e+01
-1.399680169999999890e+00
2.829845335999999989e+01
-1.800861748999999890e+01
8.912221170000000470e+00
-9.554280009999999379e+00
-1.658452748999999926e+01
3.373438939999999775e+01
3.948619519999999827e+00
3.471028711000000300e+01
2.660268560000000004e+00
1.225740966000000043e+01
-1.005391936000000008e+01
3.336346701000000081e+01
-9.283170009999999195e+00
4.775013300000000016e-01
-4.301365169999999694e+01
-5.316930130000000254e+00
3.939927002999999672e+01
3.502200562000000161e+01
1.496259112000000080e+01
-9.047488129999999629e+00
3.196535219999999899e+00
-1.154280821999999951e+01
-7.478894880000000356e+00
5.100424931999999956e+01
2.758848870000000009e+00
-1.431894969000000017e+01
-5.955327442000000104e+01
-2.613421028000000135e+01
-2.122163537999999861e+01
-3.526272288999999915e+01
-3.188534449000000137e+01
-3.795880558000000349e+01
-2.534633793000000068e+01
-1.778672552999999823e+01
-2.717173786000000035e+01
2.590468720999999874e+01
-1.154371251999999970e+01
-4.850157549000000046e+01
2.217215699000000129e+01
-1.664797413999999876e+01
-4.470162507999999946e+01
5.334790430000000327e+01
-1.431051491000000020e+01
9.576834350000000384e+00
2.218194824000000054e+01
4.778405929999999913e+00
1.483337266000000021e+01
1.865773130000000002e+00
5.857901000000000080e-02
-8.362679599999999880e+00
-4.165570703000000208e+01
6.657674519999999596e+00
-6.881372066999999504e+01
3.911828768000000167e+01
-2.362426737999999915e+01
-9.734928630000000638e+00
-1.002123850999999988e+01
8.144729180000000568e+00
-9.494782640000000384e+00
1.480418517000000023e+01
-3.033848791000000134e+01
1.975601739000000023e+01
2.384495788999999988e+01
5.714131550000000281e+00
6.451735430000000271e+00
1.186243456000000052e+01
5.039314899999999930e+00
1.517528934999999990e+01
-4.417395120000000119e+00
-3.879822510999999707e+01
5.287660380000000160e+00
-1.340827194999999961e+01
-3.004753609999999853e+00
3.065302063000000032e+01
-4.442766736000000094e+01
8.515990599999999633e-01
1.228542040000000002e+00
5.125393149999999842e+00
1.728617446999999885e+01
-6.664806809999999970e+00
4.585554033999999746e+01
2.424557439000000159e+01
-8.506537299999999746e+00
-3.977966149999999868e+00
2.103101109999999885e+00
4.247266162999999750e+01
-2.941834477000000092e+01
-5.709236372000000159e+01
1.717113665000000111e+01
-7.163295289999999760e+00
-9.270006009999999463e+00
9.075705669999999614e+00
4.208713171000000131e+01
2.465892033000000083e+01
-8.833811049999999554e+00
-2.908057102000000071e+01
-4.668555439999999557e+00
1.571730368000000055e+01
-8.424833720000000525e+00
-4.151456396999999754e+01
-3.410277769999999986e+00
-5.284736301000000225e+01
-2.815792198000000113e+01
4.561999262999999871e+01
-2.899176183000000151e+01
-3.789178224999999856e+01
-2.865360238999999964e+01
-2.046466063000000091e+01
2.030414873999999870e+01
4.695231429999999762e+01
-3.828476989999999969e+00
1.437798860999999917e+01
-1.188744615000000060e+01
-3.877059114000000051e+01
2.610008935000000108e+01
-2.633136375000000129e+01
1.457082989000000062e+01
1.796669045000000153e+01
-5.893593440000000072e+00
2.083896949000000021e+01
2.298721198000000143e+01
6.315928334000000177e+01
-6.647426430000000330e+00
-2.889979008999999976e+01
-3.498096819999999951e+01
-9.546903269999999608e+00
-1.855738596999999857e+01
5.288938332000000031e+01
-2.452752080000000134e+01
6.396434400000000409e+00
2.767126639999999860e+00
-1.243378419000000079e+01
-4.757285689999999789e+01
-3.520691579999999821e+00
5.507360637000000025e+01
9.549312770000000228e+00
4.153978590000000359e+00
-3.239209994000000137e+01
-3.230054267999999951e+01
-7.728592240000000224e+00
2.577751101999999861e+01
-1.411361707999999915e+01
5.764621255000000133e+01
-2.725680257999999867e+01
1.039144186999999953e+01
-7.673494019999999693e+00
-3.663782909999999760e+01
2.308748940000000083e+00
-2.861453030999999925e+01
-4.140365718999999700e+01
6.225538639999999901e+00
9.596246999999999971e-01
2.930057779999999923e+01
1.306846726000000025e+01
-1.887101927999999873e+01
1.195341072999999987e+01
-4.903257121000000041e+01
-2.687960286999999937e+01
4.987025000999999946e+01
4.682570359999999710e+00
-6.050617639999999575e+00
-1.674762984999999915e+01
-2.526254840000000002e+00
-5.508935440000000128e+00
4.995912650000000355e+01
2.345474669000000034e+01
-6.609173469999999995e+00
-1.955857530000000066e+00
-2.202769259000000091e+01
-8.854670490000000171e+00
-3.526404244999999804e+01
2.761750698999999898e+01
3.939604290000000120e+00
5.807998330000000209e+00
1.015091538000000071e+01
-4.283666239999999625e+00
-1.140882610000000064e+01
3.089899850000000114e+00
-6.041947933000000148e+01
-8.956125939999999730e+00
-5.831696870000000033e+00
-4.395074880000000128e+00
2.684829822000000021e+01
3.647244401999999752e+01
9.695115100000000652e+00
-5.337085409000000169e+01
3.477089395000000138e+01
-1.178627226000000050e+01
-2.093371210000000104e+01
-4.871378233000000080e+01
-1.690736414999999937e+01
3.492599625999999802e+01
1.706584241999999918e+01
5.460108909999999760e+00
1.870661202000000145e+01
-3.262298332000000300e+01
-2.598566277000000113e+01
3.138132639999999896e+01
2.164436150999999953e+01
2.688302353999999994e+01
2.902916149999999806e+00
4.692704939999999603e+00
3.058077055000000044e+01
5.400138022000000149e+01
-1.180187925999999976e+01
2.151136736999999854e+01
-1.452229305000000004e+01
-2.443243565999999944e+01
-1.943974203999999872e+01
-1.953822333999999827e+01
-8.140384980000000326e+00
-2.672984791000000016e+01
-1.088165041000000066e+01
-7.609589474000000564e+01
1.908688481000000081e+01
1.225185330999999955e+01
-2.701489039999999786e+00
-2.170725429000000162e+01
-1.034910649000000049e+01
-3.064140052999999853e+01
5.654109120000000210e+00
4.508391213000000164e+01
-1.237013742000000072e+01
-9.443549909999999770e+00
1.185903859000000082e+01
-2.867283189999999848e+01
4.730938514000000339e+01
8.172521539999999973e+00
8.034624380000000343e+00
2.749913347000000030e+01
-1.374707829999999964e+00
3.113829992999999874e+01
1.046243957999999985e+01
-2.341682679999999905e+00
4.438235030000000414e+00
-3.498490959999999816e+00
3.692386314000000169e+01
5.002677750000000145e+00
1.011968582000000083e+01
-6.574547560000000068e+00
7.882992240000000095e+00
-5.153442065000000127e+01
-1.949297999999999931e+01
-2.714798601000000033e+01
2.633346712999999895e+01
-1.772809203999999994e+01
-3.366023202000000225e+01
3.231208730000000173e+01
-6.720919989999999622e+00
2.271587695999999923e+01
-5.022038254000000279e+01
1.042681029000000059e+01
2.934546539999999926e+00
3.594312490000000082e+00
-6.431011350000000348e+00
-4.151947459999999701e+00
2.831963690999999983e+01
9.193322200000000333e-01
-2.842450575000000157e+01
-1.045471180000000011e+01
1.237413579999999946e+01
-6.430395493000000329e+01
-4.907788247999999953e+01
6.644324999999999815e-01
7.907635919999999707e+00
-2.620674873999999832e+01
-1.141638719999999996e+00
5.874534349999999705e+01
1.546985081000000051e+01
-3.010572357999999937e+01
5.183660159999999628e+00
-5.172316290000000372e+00
7.038731600000000199e+00
-1.996444946000000087e+01
1.232166357999999917e+01
1.473959407999999982e+01
-3.614606010000000147e+00
6.213278067000000249e+01
-4.497199179999999963e+00
-1.753969413000000088e+01
1.300002645000000001e+01
2.401230651999999921e+01
-1.879817311000000046e+01
-1.095653079999999946e+00
5.457787156999999922e+01
-1.545449510000000082e+00
3.295436489000000080e+01
8.120699520000000504e+00
-3.806321849999999785e+00
-1.289870216999999997e+01
2.910369268000000176e+01
-3.098631638999999893e+01
-5.439080899999999552e-01
-1.010255820000000071e+01
-2.208613588000000050e+01
8.641167989999999577e+00
1.489537611000000084e+01
2.658438149999999833e+00
-1.786791600000000035e-01
-2.216676835999999895e+01
8.995564260000000090e+00
-1.885341909999999954e+00
-1.257630903999999994e+01
-1.115924361000000076e+01
9.130342230000000114e+00
-2.165886060000000057e+00
-2.097317144999999883e+01
-6.077449546999999797e+01
5.946516199999999586e+00
1.082847815000000047e+01
-2.688698863999999844e+01
-1.327010525000000030e+01
4.608935568999999788e+01
6.287389059999999752e+00
2.174402252000000146e+01
4.739407400000000159e+00
2.198294986000000151e+01
3.288004330000000142e+00
-2.157700744999999998e+01
-6.084524730000000048e+00
3.168554859999999973e+00
1.746153620999999845e+01
4.191298650000000237e+01
2.743697404999999989e+01
1.762634789999999896e+00
9.768426870000000761e+00
3.383066396000000253e+01
1.463411778999999946e+01
-3.853326315000000335e+01
-1.537893073999999949e+01
6.202770919999999855e+00
4.627763009999999788e+00
1.373481426000000027e+01
-2.882004571999999953e+01
3.989358950000000181e+00
2.414514039000000167e+01
2.666162600999999910e+01
-2.396919348000000127e+01
5.360900000000000257e-04
-1.265862150000000019e+00
-9.239576590000000422e+00
-1.591117090999999917e+01
-8.840496780000000498e+00
-4.944545839999999970e+00
5.672457910000000325e+00
2.359940319000000031e+01
-1.712708845999999951e+01
4.507394323999999841e+01
1.826890905999999859e+01
1.488240588999999936e+01
1.974638131000000030e+01
1.510690257000000081e+01
2.045940616000000034e+01
3.039334425999999922e+01
-2.527782437999999843e+01
3.470957239999999899e+01
-6.357731849000000324e+01
1.754302442999999911e+01
-5.947925886000000162e+01
4.654830430999999891e+01
4.174961202000000071e+01
-5.308308249999999617e+00
-2.685981719000000112e+01
-2.376782250000000118e+01
-3.080902389999999968e+01
-3.530640318999999749e+01
3.167274549000000050e+01
2.330648934999999966e+01
1.329564966999999953e+01
1.573880048999999914e+01
2.496964214000000126e+01
-2.183442962999999892e+01
-9.981809249999999523e+00
3.085297685999999828e+01
-7.303155379999999752e+00
2.985816214000000102e+01
4.140860838999999771e+01
-3.326601709999999823e+00
-4.076682797000000136e+01
2.845337919999999965e+00
-1.604531460000000020e+00
-5.615032290000000259e+00
-3.918786999999999965e-02
-3.628746610000000317e+01
-7.019189940000000405e+00
4.873135790000000078e+00
7.452696369999999959e+00
2.721751134999999877e+01
-2.369918789000000103e+01
3.107204185000000152e+01
-2.223639203999999836e+01
1.426730580999999987e+01
2.229193392999999901e+01
