---------------------
  #    meV     cm^-1
---------------------
  0   12.8     103.1
  1   15.9     128.0
  2   19.2     154.8
  3   26.8     216.0
  4   30.7     247.7
  5   39.1     315.1
  6   44.9     362.0
  7   64.4     519.7
  8   87.8     707.8
  9  113.3     913.5
 10  134.9    1087.9
 11  139.3    1123.3
 12  146.5    1181.5
 13  168.4    1358.0
 14  175.6    1416.4
 15  179.8    1450.2
 16  182.9    1474.9
 17  365.2    2945.2
 18  372.3    3003.2
 19  383.8    3095.3
 20  405.2    3268.5
---------------------
Zero-point energy: 1.554 eV
