[[-411.81363054]
 [ 358.93439979]
 [-273.48869103]
 [ 184.14000545]
 [-113.83539382]
 [  71.77054537]
 [ -54.23157082]
 [  51.07591152]
 [ -52.74224768]
 [  53.93553318]
 [ -53.43902564]
 [  51.84771062]
 [ -49.6125641 ]
 [  46.49226239]
 [ -42.12400622]
 [  36.70848755]
 [ -31.15135813]
 [  26.61335081]
 [ -23.90654634]
 [  23.14949785]
 [ -23.85094361]
 [  25.25363206]
 [ -26.66684494]
 [  27.60454399]
 [ -27.76426649]
 [  26.97428436]
 [ -25.20623126]
 [  22.64560456]
 [ -19.73540566]
 [  17.08744012]
 [ -48.45862152]
 [ -32.94683545]]