[[-412.87629936]
 [ 359.48686987]
 [-273.55205653]
 [ 184.03115111]
 [-113.7815821 ]
 [  71.78265728]
 [ -54.23048018]
 [  51.01211199]
 [ -52.62764425]
 [  53.80565266]
 [ -53.32264591]
 [  51.75474355]
 [ -49.53365984]
 [  46.40509571]
 [ -42.01309004]
 [  36.58035655]
 [ -31.03102495]
 [  26.52314714]
 [ -23.84708284]
 [  23.09911212]
 [ -23.78217163]
 [  25.15156208]
 [ -26.54129303]
 [  27.48522054]
 [ -27.67787153]
 [  26.92752194]
 [ -25.19495966]
 [  22.67274741]
 [ -19.81292207]
 [  17.22553286]
 [ -48.6404877 ]
 [ -33.0011603 ]]