---------------------
  #    meV     cm^-1
---------------------
  0    6.1i     49.5i
  1    4.9i     39.7i
  2    1.2       9.4
  3    5.4      43.2
  4    7.1      57.6
  5    7.9      63.8
  6   23.0     185.8
  7   30.8     248.3
  8   48.6     392.3
  9   68.0     548.4
 10   75.1     605.7
 11  148.9    1201.0
 12  175.3    1413.8
 13  177.7    1433.2
 14  300.2    2421.5
 15  367.7    2965.9
 16  376.9    3039.8
 17  381.6    3077.5
---------------------
Zero-point energy: 1.098 eV
---------------------
  #    meV     cm^-1
---------------------
  0    6.1i     49.5i
  1    4.9i     39.7i
  2    1.2       9.4
  3    5.4      43.2
  4    7.1      57.6
  5    7.9      63.8
  6   23.0     185.8
  7   30.8     248.3
  8   48.6     392.3
  9   68.0     548.4
 10   75.1     605.7
 11  148.9    1201.0
 12  175.3    1413.8
 13  177.7    1433.2
 14  300.2    2421.5
 15  367.7    2965.9
 16  376.9    3039.8
 17  381.6    3077.5
---------------------
Zero-point energy: 1.098 eV
