-3.395396974996741335e+01
-2.000264077224400694e+00
-6.990825413751856843e+00
2.357279396186338261e+01
-1.166982548616314830e+01
-9.021145901293550651e+00
-2.353820852198464308e+01
-4.924722996861632396e+01
-2.103293351573103820e+01
-2.214530696407825872e+01
-2.060843947975666879e+01
4.201471075335431848e+00
1.960087870542736255e+00
-1.046378342358877944e+00
1.679366285669900094e+00
2.596793676219959934e+01
-9.972786489588472136e+00
-7.052833543497385449e+00
1.150618806403593908e+01
-6.065094395470686095e+01
3.043112735188007889e+01
-1.307092968453588355e+01
-2.339260031328731060e+00
-5.476553281163248244e+00
-9.760416220324259484e-01
-2.067800711998032170e+00
4.700951088334255701e+01
-1.476432642886068436e+01
-3.909630593428232714e+00
-2.975978664141908325e+01
3.843624678078981560e+01
-4.247590219177808990e+00
-2.090441897971567187e+01
1.100158640253544462e+01
-2.016343804155042108e+00
1.276024010293940592e+01
-5.311398911506728382e-01
2.684124367383518006e+00
1.855477718509295215e+01
-5.349194731502100808e+01
2.979826890828718433e+01
7.976702926056461251e+00
-6.144671167538945156e+00
-1.711909808191841265e+01
6.753076357543676522e+00
-1.074306459235597799e+01
2.436721849506830040e+01
1.949258005234963775e+01
-1.255638901268707741e+01
-1.604893007798483495e+01
-1.696088111161100187e+01
-2.036605020719198933e+01
1.032811398447097417e+01
-2.650261066086170558e+01
8.118845505685499120e+00
3.391500370829666622e+01
3.909527874401747027e+01
1.820821247660941822e+01
8.101997714493947456e+00
1.698104099013016821e+01
4.985425248787282726e+01
8.406180997260719323e+00
-2.922174644247091635e+01
-5.898719421062196488e+00
-1.376956401836616806e+01
3.256697370952426240e+01
-3.854331257703348967e+01
-3.365306519420084896e+01
-1.713198898648808211e+01
-9.616655040223349715e+00
-2.193377000133958177e+01
1.538453509977335898e+01
5.073590204615982202e+00
7.676623171073686080e+00
-2.122822098933923485e+01
-1.857166551221078521e+01
-3.207253277907408062e+01
1.764710006380317964e+01
-1.839311777357597322e+01
1.659399793915778787e+01
-5.312048950110034085e+00
-1.456865547557515583e+01
-2.809204823175117127e+01
-8.360561219664276678e+00
-5.976949702380977669e+00
-6.717566094339048277e+00
2.190192687087702694e+01
4.108191714749079892e+01
-2.415015798413622861e+01
-4.207169505532800713e+01
-1.056434054923022359e+01
5.825670156157167412e+01
-3.180784609461063184e+01
1.756879710378655091e+01
-6.398693086316200151e+00
-3.269111561799854826e+01
1.349765284218055683e+01
1.916646432323923932e+01
-9.501534697458737355e+00
1.801262899575448273e+01
-1.316692937112009076e+01
-3.065091778406582534e+01
5.147339499094090343e+01
2.454652369249743060e+01
1.388743533503463823e+01
7.741750229099750413e+00
1.471795301850143289e+01
4.430229159624721547e+01
-1.444693972481162447e+01
3.296183167407072290e+00
-7.418716852397966477e+01
8.581584306182747923e+00
-3.635286991261230582e+01
7.623637930955368347e+00
1.196900982920732304e+01
-1.959870089588440578e+01
-2.777610522598513398e+01
1.210125675048914218e+00
-1.654917448539413272e+01
2.093310146127598159e+01
-2.728320452581875344e+01
-3.029047935763571786e+00
-1.973661429019644231e+01
-1.921883109972725379e+00
1.083922156268158687e+00
1.223611583560895610e+01
4.404791821109483863e-01
-2.818579197260021374e+00
3.492824627167027529e+01
4.946384442676060189e+01
2.671595279068845485e+01
3.860696732024666744e+01
-6.332825396185981504e+00
5.481813253305148237e+00
2.885318205357259558e+01
-5.102751325079282196e-01
-4.131236794420811975e+01
-2.212798043534431258e+01
-2.755651367980956934e+01
-1.504681867820292496e+01
1.558880807025809645e+01
-6.457527813006083761e+01
-9.127253567039758764e+00
2.410350010590859426e+01
-2.035230490006694026e+01
-1.697967888704238248e+01
3.244750585956006717e+01
2.418766837824540517e+01
-1.801237551213822030e+01
1.513031682845036130e+01
-1.379775411035339516e+01
1.854501428504345029e+01
1.786889740686774530e+00
7.202378437345728912e+00
-4.639727821983106537e+01
-2.573359675738241492e+01
-4.684072738012332593e+00
-8.779388302516650811e-01
-2.219694290963661842e+01
5.916544753122911970e+01
-9.508693686561173308e+00
-1.757230755387936938e+01
1.931726331889052517e+01
-2.498197067264117521e+01
-1.991126609617015220e+01
1.781736204087445685e+01
6.980796820885224463e+00
8.378974856762056334e+00
8.574549288061135144e+00
-6.011660631846041269e+00
8.701758688960666177e+00
3.170807996959187136e+01
-1.438073750923493321e+01
1.045096191103155547e+01
4.949885915876880915e+01
1.779969253376361848e+01
-4.120292802340884464e+00
-1.116082312091702988e+01
8.471115641122008810e+01
-1.159815301398674592e+01
2.040090602023937549e+01
1.406916167229820758e+01
1.602030446480772241e+01
4.807700855916340288e+01
2.608461431894096449e+01
-1.455167543713340450e+00
1.319564631089991735e+01
2.670961719604611062e+01
1.956851439733313214e+01
-3.163350420328259816e+01
5.129054197153681116e+01
-4.560820731250579030e+01
-6.686724871238492796e+00
2.995044078525339160e+01
8.171193482491197813e+00
4.132622451332281344e+00
1.538604831428889241e+01
1.221477734291778461e+01
1.872173290751740637e+01
-3.405395067026648803e+01
2.185559099292220253e+00
-1.447536738278552093e+01
-3.656075280255912219e+00
-2.467376359773766126e+00
-5.831791745203450006e+00
-3.127348533512844142e+00
4.553945124586576298e+01
-4.633031277928765235e+00
-1.411108447408453515e+01
-1.404922059821032576e+00
7.070868926764703133e+00
-3.241763761598525662e+01
-2.784646989992802446e+01
-1.974829389057182993e+01
-3.362530931941660128e+01
-8.701610858322460729e+00
-2.270052077564740856e+01
9.904435134936463214e+00
7.133925965773215694e-01
-6.783540059819358703e+00
-4.477704343230925588e+00
3.115716546252301100e+00
-7.941074966631433085e+00
3.706053435920988193e+01
-4.701531150893220001e+01
-8.265496731310548739e+00
-7.339488051216555675e+00
8.668830921365412223e+00
1.229233822376156127e+01
-2.556299526414477441e+01
-8.266072204592973094e+00
2.332802082912295560e+01
-1.090571721961864426e+01
8.656146125712922412e+00
1.851746134685511436e+01
-1.608258767603871320e+00
6.056873043520761257e+01
-7.596212353503176473e+00
-1.716701740017236943e+01
1.749312848548612465e+00
-1.332358416620624553e+01
2.969130946779939961e+01
-2.299811460197241786e+01
6.596380722030403376e+00
3.083254473131106010e+01
-6.852773591121035679e+00
6.423565842357095335e+01
6.952385856885553039e+01
-3.601390173506274550e+01
3.202041058389528416e+01
1.181646052835947103e+01
-3.023797483554378118e+01
8.983580275978894747e+00
2.280343288812952096e+01
2.330833814409220395e+01
1.251982535730491009e+00
9.210073537034020319e+00
4.040066116105396077e+01
-1.275311537442222232e+01
7.783165317363774705e+00
3.897787235799012251e+01
-2.008460841171631728e+01
-1.080540369763420472e+01
3.035844187530826588e+01
1.557062143337908111e+01
4.105613150469014272e+01
1.636379151265083465e+01
5.868757410930754759e+00
1.446868908723425307e+01
2.194808884722708342e+01
-2.909112083379878300e+01
3.714404591733057259e+00
1.343873669873496368e+01
6.321070772805910565e+00
1.283715301999892233e+01
-3.319305351724764819e+01
1.734822931984189154e+01
-2.318233333686663400e+01
-1.805631425659401401e+01
1.159917922903728282e+01
-6.326280816084448588e+00
3.137543162149631826e+01
-9.037589462738765178e+00
1.631604286901966816e+01
1.758223532111298937e+01
4.212181494649795610e+01
2.957641280073071499e+01
2.642492597614366900e+01
-1.760053295099851312e+00
-4.550061052236202386e+00
-1.731963352963668967e+01
4.330195182567811685e+01
4.306099670348288555e+01
2.117070560147811875e+01
-1.362731559839480155e+01
2.697981864066741764e+01
-2.771093516450804373e+00
9.646488946706298861e+00
3.581892968127871768e+01
-6.380170919154011244e-01
-4.280648624987691164e+00
-1.090528982802533164e+01
-3.171177827081515943e+01
5.178605734227301127e+01
2.743296593381302273e+01
-3.235546280516288675e+01
-8.906585340331432121e+00
1.428137874378106176e+01
-5.379353698157927965e+00
3.441517299078063985e+01
6.779486413005599843e+00
4.336697866769759457e+01
1.885574753621006039e+01
-1.231504602078416610e+01
1.086656481476555314e+01
-3.384417948047286018e+00
-1.490730655270374427e+01
8.519473400973595290e+00
8.115116118243463461e+00
5.095596301679256612e+01
4.282187503001902940e+01
3.008831250996203721e+01
3.618581344312212877e+01
4.710306758185097920e+00
-1.406454681004345275e+01
7.786124214936023691e+00
-1.811967108037207197e+01
-2.913627489868547826e+01
-3.019725087296558286e+01
-1.692937610046493546e+01
-5.907131874554647766e+01
-1.894949255135720989e+01
-4.706507146899544125e+01
1.277643921450507669e+01
-2.515269011719336589e+01
2.528440226900875132e+01
-5.379816890303863630e+01
-1.619704124545421564e+01
2.326288936828933629e+01
1.138635824880847736e+01
-4.826199433381691506e+01
3.077464550722305603e+01
-1.402723482119861842e+01
2.923588480654248656e+01
-1.255905993084365946e+01
-4.259112111013263302e+01
7.773003919725482547e+00
-3.537749542445897077e+01
-4.055325938264587649e+00
-1.649343386836072511e+00
2.219213897168528149e+01
6.850802362000428047e+01
-2.343936608794891185e+01
-1.897309373558191226e+01
-2.268929987541412174e+00
-6.202101963039012844e+00
-4.388925142697987525e+01
-3.025503342047585420e+01
2.596570617945070580e+01
-1.154185844357039059e+01
1.102758213381895303e+01
-2.669204075636488938e+01
-8.945553803843182550e+00
-2.252792322083290344e+01
2.805478861968470028e+01
5.145573833710443523e+00
-1.212276225646667172e+01
-9.261931536076531302e+00
6.467547386957498645e+00
-4.430684343799725866e+00
2.343356670169171707e+01
-1.400040629197502540e+01
5.425970264314173619e+00
1.929501362227648542e+01
7.461689248141340158e+00
-1.155597401594877738e+01
8.358703755831658100e+01
3.197500728020558824e+01
2.293231373390923977e+00
5.582677161874244121e+00
-3.404837191522085504e+01
1.828967062660566967e+01
-4.156874408110724062e+01
-1.578863249351900322e+01
-2.990851345023551744e+01
-1.077461685115645196e+01
3.086787619471573407e+01
-3.080982235812665238e+01
1.302318433261471853e+01
-2.087047419585303487e+00
1.136072383024512078e+00
-1.950665997617986136e+01
-2.413031538884686711e+01
-3.073157269492014620e+00
-1.941756951743795412e+01
-1.072585975816673454e+01
-2.249122763537747005e+01
-5.052338274484483804e+00
-1.889827706470600788e+01
-2.729069607387182828e+01
1.132136773593018120e+01
-7.800411596354265953e+00
1.333020636861922981e+01
4.598765589481537575e+00
-4.140646073859293352e+01
-2.852997384765005506e+01
-2.481106132826553790e+01
1.759309756545599157e+01
-1.327211186189998671e+00
-3.369816825953293460e+01
3.204713510922381658e+01
-2.126349759723354538e+01
3.108991754031134747e+01
-1.720982384940680276e+01
-2.627358800622008062e+01
1.286897849570152630e+01
-3.692818426931064124e+01
-1.872417602567637118e+01
3.368633352123970326e+01
1.024985163168798863e+01
-2.391806450439366927e+01
2.951683240267952613e+01
-9.858708837294273053e+00
-2.068570490496693992e+01
-1.653463527351189555e+01
-2.724364579966362498e+01
1.508403671473946162e+01
-4.891034510217735942e+01
-4.309043261776929512e+01
-5.532520746447687543e+00
-1.638319809086300438e+01
-3.214419296829781558e+01
3.999024584371579749e+01
7.299004650378643078e+01
-1.495802215136214386e+01
-1.980274692292482541e+00
-3.294683935676805220e+01
3.568589958296189479e+01
1.107851479900989489e+01
-1.304721063106103429e+01
-1.980986049586717002e+01
8.028136564711218170e+00
-3.156409046081661529e+01
-9.644552205987338311e+00
-4.728972981142928234e+01
1.984669914245853306e+01
5.970553067439027473e+00
-9.441359556818724741e-01
-5.657493705790784588e+00
-2.178539978322044135e+01
-5.970518646985397027e+00
7.137405692394189316e+01
-9.998605064229479922e+00
-2.615692455693456964e+01
-3.804874417133891029e+01
7.590933112612106015e+00
-2.042847413180697913e+01
5.942118977521509748e+00
1.650084503253742696e+01
4.175268618955328748e+00
1.700119112821007406e+01
8.212980908066256802e+00
3.188351894140828335e+01
1.431852544604350896e+01
-1.906078412059189020e+01
2.611196785336652226e+01
1.900262525218255405e+01
6.726963465706745637e+00
2.309229009265420984e+01
-1.547731934310093749e+01
4.019054344634150766e+01
1.284024883871440537e+01
-1.726696390842946727e+01
-3.184813246401427378e+00
-9.836462956296145421e+00
1.115044674503616307e+01
-1.266454096337359658e+01
-4.307691597787410842e+00
-6.966796375197532143e+00
4.410726448399321953e+01
3.006922070923920387e+01
-3.532358315001924609e+01
-4.434244491582660430e+00
-2.874609035984516936e+01
-7.921824211966765006e+00
-1.284282858033425612e+01
4.674403786489790491e+00
-5.340008341543800441e-01
-1.566008602981636955e+01
9.274369716479128556e+00
-4.501156600861484947e+00
-5.092873970535322314e+00
4.693930479234848008e+01
7.847296110273404679e+00
-4.495356231977554984e+01
-2.161007685534917755e+01
5.218880141294164332e+01
1.485737511485484674e+01
-5.191909513583311764e+00
5.814087521699289596e+01
-8.769052722211739592e+00
-4.983542152198140229e+00
-4.392691674459001661e+00
8.419089147885330249e+00
1.698414744798561316e+01
2.393078135686550922e+00
1.577815868683774170e+01
-6.962874790606576880e+00
-1.915248151398037635e+01
-2.270850451231494560e+01
-2.609246762997446467e+01
2.242911428343782632e+01
7.040011378934906361e+00
2.076229511257955451e+01
7.571558535363095643e+00
4.860445692236504556e+01
1.018306860993242680e+01
-4.395032866440755015e+01
-1.867783920501457118e+01
3.329725136943828545e+00
-1.586831834056516755e+01
3.440433250460881709e+01
-7.544693984696550615e+00
9.161743657756673542e+00
2.870543265134055844e+01
-4.063026797040561178e+01
8.144551852003951353e+01
1.128772379320974295e+01
1.299021394737553692e+01
1.967621809643296160e+01
4.046200944251722831e+00
-2.207073401085040132e-01
1.910283106104364492e+01
-2.017054608782362379e+01
4.518604884667581700e+01
3.994605782191258925e+01
-2.270766432418523095e+01
8.707295059789657898e+00
3.807981749543290562e+01
-1.119307023304604343e+01
9.517581752801675066e+00
2.053023091247616350e+01
2.205608053868215279e+01
-4.156419561163309595e+01
-5.600522333351591442e+00
-1.668476928516761859e+01
-1.647192240779446593e+00
-4.311832812874069276e+00
9.255254278972984139e-01
-6.769558415955771125e+00
-1.728993749148480674e+01
7.166118672033974235e+00
3.732381219743501788e+00
2.886161603816982435e+01
-2.383779374106509863e+01
2.373783326128102544e+01
2.570115539117219328e+01
-6.793562834635366698e+00
4.436184010031296054e+01
-3.705674266851909238e+01
-5.611862220059513362e+01
-4.727684746030785590e+00
-4.324509857129442025e+00
-6.899305402252480235e-01
4.352960308207261875e+01
-2.656953086983889989e+00
2.329370448402696070e+01
2.923041132020004795e+01
2.033368428513551862e+01
-6.326506973579455462e+00
3.243804796469692064e+01
-8.641038202226113185e+00
-1.927090731791594180e+01
-2.226011573251210507e+01
5.901812376318531506e+00
1.921908847852509439e+01
-7.218680596503617153e-01
1.894902651482033207e+01
2.856500835219293322e-01
3.298187762271783185e+01
9.407783432826022363e+00
4.919767624912729787e+00
-2.056002488217075097e+00
1.752521167364780297e+01
2.040525104113056898e+01
9.356916054142828898e+00
-9.639245370746891695e-01
-2.992710568022910422e+01
1.583326560473473421e+01
1.034130537662534266e+01
1.931175336590558089e+01
1.529306011276703714e+01
1.966232042437039951e+01
-4.719417788979157535e+00
1.693932316300708862e+01
-1.458670503118446504e+01
-3.626033698587889376e-01
-2.946585101766339676e+01
-1.669217896278794910e+01
2.185815463482603604e+01
-4.897224618189591183e+01
1.441152918721655851e+01
8.637679634872029055e+00
4.511956431755308472e+01
-1.028106980702261808e+01
1.812069870444961595e+01
-5.397555332868762434e+00
-2.632753555733868467e+01
-3.693346024243152215e+01
-6.354074056668913784e+00
-4.802465306288386415e+01
6.386294096157541844e+00
-1.077310321929385495e+01
1.675515854372493152e+01
1.281821271305568644e+01
-1.552091657487096654e+01
-1.587396964556512557e+01
2.223372123341150797e+01
-3.347215815457444421e+01
-6.625510203358686567e+00
-1.029170236529490268e+01
1.489858933098841831e+01
5.184690034348307108e-01
1.461567121158722671e+00
-1.027203929078915223e+01
2.978736495242588944e+01
-3.013615945519967454e+01
3.661212355780435246e+00
3.271726394605977362e+01
-2.000250281398128038e+01
1.683897034080331423e+00
-1.260468836613881649e-01
-3.533904660043416612e+01
-2.172453028440784806e+01
-2.701634918502403337e+00
1.534644098613760832e+01
1.794772002391650290e+01
3.306180446095197567e+00
-5.267543798886777040e+00
9.681188116450556436e+00
-2.311590630666520951e+01
-1.081473542103964292e+00
-2.818079824165971559e+01
-1.516855537018545874e+01
2.638570865332772541e+01
-1.550162864683238695e+01
3.685546578060129264e+01
-1.306488656683376348e+01
1.776930368806601734e+01
1.371793911132650123e+01
-3.444195787702530964e+01
-1.362694477306260410e+01
4.770957537657707803e+00
-2.272029258303354027e+01
-2.045187765614753772e+01
-4.748105178216280819e+01
-2.934159383477890515e+01
-2.772359780241987437e+01
-2.386354669843797183e+01
4.432153624885444287e-01
9.870940900420308139e+00
3.686582493555036422e+00
1.323487129328903578e+01
-3.083718485241723783e+01
8.292457724913447237e+00
1.464916001255637923e+01
-3.657151215482895878e+01
-3.378418816574281891e+01
-2.296020375972932470e+01
-1.476388161029557722e+01
8.802975835371199764e+00
-7.194666234856867959e-01
-2.288147732729181172e+01
1.625514150435714100e+01
-1.299093972600721258e+01
2.725461102329344953e+01
-4.833277883576644740e+01
3.436001805686376542e+01
-4.907868068660484084e+00
-2.173740355818147663e+01
-1.360050414645667161e+01
1.027157683506167984e+00
2.429082639778423669e+01
-4.002957888634906425e+01
-6.425168421397927432e+00
-1.100104955723638511e+01
2.428367989487911416e+01
4.538391816179700555e+01
-5.393980486431365762e+01
5.046494201080923858e+01
2.256521884625992413e+01
-4.049677962276869891e+01
-1.732411638681163879e+01
4.301499859314110097e+01
3.225931715708662750e+01
-1.128204917301769683e+01
-3.168517439785773604e+00
7.777922701739811373e+00
4.050729343095484580e+01
-3.079048270179423241e+01
6.872012784813165354e+00
-4.547737447747280726e+00
1.479384191872225074e+01
-3.938918838533223266e+01
-1.801450529934086831e+00
-1.649680882662059744e+01
2.592099448399963535e+01
2.286296964204638016e+01
-4.736559779703145523e+01
-2.590359229232389282e+01
-1.171380074301720242e+01
-2.312052229743235188e+01
-6.316712266880898596e+00
-1.103081023940812599e+01
2.440093002977695846e+01
2.280000264599891580e+01
-1.135978181819979227e+00
-2.495404647954243416e+01
-4.615388443896128479e+01
2.581974377317897051e+01
-2.664488021302658893e+01
-1.975017840934188484e+01
3.207092328541676807e+00
-1.948538243483336885e+01
-2.120185529114877454e+01
-1.551784791290544518e+01
-2.596160657727560306e+01
-1.406968783517203647e+01
-2.819981687206362153e+01
3.033374933169114129e+01
3.330542817988614956e+01
-3.591369611744539725e+00
-1.188831453947176442e+01
-2.468541000715731570e-01
2.466885854523883381e+01
-4.661332541811137276e+01
-1.075360107359944095e+01
2.668242327497017641e+01
3.847027938859810092e+01
-9.116429517179312825e+00
5.350622535916386369e+00
2.978596377698193010e+01
9.000361770891338153e+00
-5.459746179115256837e-01
-2.415498048260718633e+01
1.095521905301114884e+01
-1.880297415885155488e+01
-5.664776285623247531e+00
-1.056402810842982376e+01
-8.924977801472124384e+00
1.230656637315277635e+01
4.289931229732793838e+01
-1.257323964948341199e+00
1.857644768843982774e+00
-4.938738549253085353e+01
-1.025526101614531171e+01
-1.950808892936723282e+01
-1.012640209707456052e-01
-2.552698575937094461e+01
4.630192236860125377e+01
4.400101214367367675e+01
7.581064985582045779e+00
-1.070816132337364479e+01
9.032525032551689037e+00
1.115890879315612949e+01
-2.591372862221081164e+01
-4.576145334218836069e+00
1.030215447982942578e+01
7.214119514639818931e+00
2.991548637157967505e+01
2.192775613438459459e+01
-1.149064304201814934e+01
1.411352955385261509e+01
-5.379515262251814534e+01
-6.447175637812065929e-01
4.733459129592870340e+01
6.439270227928034274e+00
-1.138739339742301127e+00
1.660023825431937894e+01
-1.557606940939558982e+01
4.877049918132287587e+01
-9.023234616798802676e+00
4.365498365347303888e+01
2.129071535414180971e+01
-2.196067720562695058e+01
1.757262478225344182e+01
-1.663882401227344587e+01
-3.927153077598757136e+01
-3.495637459827037219e+00
-3.023142762846958931e+01
-2.853457031274274414e+01
-2.700822881086097027e+00
1.961348812932521923e+01
-5.280932158482457339e+00
-1.699311077223171651e+01
4.878959498681069817e+00
-3.762079660271737680e+01
-3.846030101758707076e+00
-4.505618462666086543e+01
2.646950470802113387e+01
-6.355474962195302169e-01
-2.712428151759917228e+01
-8.961514029200500886e+00
1.004475904421389032e+01
-1.921972050542928656e+01
-2.481550537498510778e+01
5.127611351332147649e+01
-1.313077014594404091e+01
-2.188383630039322725e+01
1.481881394399685803e+01
-9.594130307835612825e+00
2.974230527660551004e+01
-2.505709060437823155e+00
3.822375784810319033e+00
5.878783814593037960e+01
-6.760960392701917954e+00
-1.993589400976418347e+01
-2.339009942580321422e+01
-2.766071635347611846e+01
-1.859985750273187932e+01
1.472555244374865424e+01
1.476281828481467073e+01
1.207653184985299788e+01
4.000121842949653228e+01
1.817557738293601233e+00
1.137209967304022484e+01
-3.460041688916560076e+01
1.463388418962750848e+00
-1.009269215250583329e+01
-1.449499576677374080e+01
-1.886303990827116195e+00
1.833139951568222159e+01
2.079447797232143103e+01
-3.612934547620376691e-01
6.679451238145759362e+00
1.498636190520944389e+01
1.897493363042573833e+01
-1.335766639124932453e+01
-6.921174572366226130e+00
3.801676443624870672e-01
-1.256636099012081331e+01
-2.731839388699455640e+00
-1.955023934019155263e+01
4.325408523044795572e+01
3.504174243608724737e+01
-8.862853278256807243e+00
8.722302311929411189e+00
-2.511943285519397051e+00
-1.634795352567684290e+01
1.943068412604075235e+01
-5.218009640587183640e+00
2.181788088253051683e+01
-2.855274704771075633e+01
9.796185918987703189e+00
-5.425057791626841208e+00
-2.937892419666917476e+01
-1.333227541808184924e+01
1.458534145849628771e+01
-4.973604672245723179e+01
2.347236575742101650e+01
2.540906247605079216e+01
-5.453323159796308772e+00
-3.257859932187770369e+00
-1.743208263355541021e+00
1.361459191331232432e+01
-1.781464397698448465e+01
1.969902328248850409e+01
1.661777754918185224e+01
-5.362338210535926919e+01
-1.930319901018170015e+01
1.296281784914238600e+01
-4.616110905381049179e+00
2.366312052513136166e+01
-3.476721171801415267e+01
-2.933484733266709554e+00
-2.283876881258473901e+01
-7.015753692199290015e+01
4.195505595845382629e+01
-3.181064854062287850e+01
-3.335995693253958194e+01
4.863809893774288184e+00
7.074049489468889362e+01
6.208617558115889778e-01
-1.532783580072060658e+01
-1.720874769752470002e+00
-3.018945316805570656e+00
-4.672243236125095223e+01
-3.343229037631218148e+01
4.468846582911705667e+01
-5.573300905403414163e+00
-2.055846193253847787e+01
2.690624852803853173e+01
-1.959061733571993358e+01
2.012607736809934522e+01
2.906455148268745603e+01
-3.116027073001954761e+01
-1.530441913572764179e+01
-1.897080330295455042e+01
-9.810283188804248766e+00
-9.584562657890231208e+00
-5.661662872723468354e+00
7.795886169378547947e+00
-1.861628121100989830e+01
1.546957588452808352e+01
3.158557683068621458e+01
-4.910264784069198640e+00
-1.112494098286455824e+01
7.966101596109780303e+00
3.055626316499134987e+01
2.846500482274204558e+01
5.360936025296467733e+00
-3.012578390757255420e+00
-4.749006231868548866e+00
-2.768098397833789193e+01
2.096479400639552182e+01
-1.215527480875068278e+01
1.082924785365452180e+01
-7.627327205334665905e+00
1.474728738374443537e+01
9.974741909634929016e+00
-4.392035036335022369e+01
-1.453679280403935081e+01
-4.286800151680479587e+01
-1.945137235130960107e+01
2.884741375289451071e+00
-9.379683533827886777e+00
1.781950601259984523e+01
-1.638242642715445641e+01
2.023031512765172124e+00
5.867090467249909125e+00
3.858619349260027320e+01
1.954695198802497202e+01
-1.650817786221970351e+01
-6.616899739707662320e-01
6.599527727036104352e+00
2.091277377084359301e+01
1.835700989248607584e-01
2.977398656781170416e+01
1.221837060684444864e+01
4.942276950282399639e+01
1.020495646560306113e+00
3.570629669191770006e+01
-1.476085214437584625e+01
-2.054431263335283830e+01
2.402147740150212485e+00
5.104177743282832580e+00
1.462294612651871262e+01
-7.700062437051258257e+00
-7.459108906477510459e+00
1.415272664072900000e+01
-2.640697507457329607e+01
-3.006105169807047162e+01
4.323644829837692782e+01
-3.251070861776042875e+00
-2.130306458564931660e+01
-2.192283567224137641e+00
-7.375555543559357830e+00
2.321065019763642567e+01
1.802379386416308193e+01
-1.100110634192412817e+01
4.526155426955540406e-01
-1.440520662631170978e+01
-1.924692491486905510e+01
-1.457811113847606066e+01
-5.272142241123819417e+01
3.359224474414190809e-02
-3.506778406819196903e+01
-3.036238341423604936e+01
-2.030396666982511533e+01
1.045285374291631797e+01
-1.986028997918353411e+01
1.260206951303648282e+01
-3.338842182507825385e+01
5.785300157932340426e-01
-2.258079653705248546e+01
4.689969955776092547e+00
6.137344813154079759e+00
1.816882237788468046e+01
-1.143514914385579573e+01
-8.661456958326027689e+00
1.611457070880334186e+01
3.226899527841804627e+01
1.790196387400544609e+01
4.549740286057726735e+00
-3.909489679987972011e+01
-9.297227499622835012e+00
-1.725776962251114810e+01
-3.291265990610997960e+01
2.203573815913688350e+01
-1.979727471336417466e+01
-1.773341021235978587e+00
-1.527887841190471363e+01
-5.435396280803541913e+01
2.816064364501971795e+01
-9.592015936821326250e+00
2.209986597424710908e+01
-3.890082739847009918e+01
3.675063383511357529e+01
1.996685347362216589e+00
-1.568015429055861176e+01
4.730695610659040540e+00
-1.135633193350903980e+01
-3.569333602351542822e+01
7.854279142749575726e+00
1.943509703766406460e+01
9.591944518812738352e-01
-1.974523863698004789e+01
-8.923771319700506410e+00
9.537204190306681539e+00
1.739804556243254297e+01
3.434586138187400195e+01
1.291098579497941046e+01
-1.266823484454761228e+01
5.203994411065961856e+01
1.306649057175003747e+01
2.311691252375330663e+01
-9.970709963307172075e+00
1.524118347784960292e+01
1.068618173690217077e+01
-3.377224474564246748e+01
-1.124892771758051424e+01
-2.230088747161228824e+01
-2.012068480158413308e+01
-6.584400045410973235e+00
-7.586628208820513919e+00
-2.299847433386946705e+01
-6.037552041726155494e+01
-1.574277801108769026e+01
6.790533541482943747e+00
4.982562835505575549e+00
7.566708715228742221e+00
2.531103701472392231e+01
7.650856059827528810e+00
1.771619805339508957e+01
-2.266667879553830289e+01
2.493818153490002487e+01
-2.480411429063690321e+01
-3.923417124396803501e+01
1.200122020025679603e+01
-2.355231158534587621e+01
-2.138645959756102854e+01
-8.640114894194388739e+01
-6.306157297601941991e+00
4.445460117822642587e+01
2.309488885806550940e+01
-5.581788765579801748e+00
-7.563650208201096348e+00
2.058628352004876660e+01
3.627535076917592960e+01
-2.267288296993325503e+01
-5.859022989392656200e+00
-1.856087325950232980e+01
-1.915809120172275470e+01
-1.672292796515423419e+01
6.906222772329051907e+00
3.857667675431162024e+01
-3.552780718543951366e+01
-3.057464761836200751e+01
1.788127592661396648e+00
-5.819790998656969805e+00
-7.216711159717572599e+00
-4.917926116333262598e+01
3.430698300312224092e+01
1.308078875035886313e+01
5.153139922315478572e+00
2.637087617415117791e+01
-1.788467759570444215e+01
1.685510438594767990e+01
1.514310788610558234e+01
1.968713557399809133e+00
-3.310168017321235112e+00
4.794120376175854403e+00
-8.612427750743904653e+00
2.769074078043381348e+01
-2.183343026237486129e+01
2.348527672936009481e+01
5.247021913475549582e+00
7.873752191783097487e+00
1.242080184189347847e+01
-4.744296122916951219e+01
4.618039067154768418e+00
-3.652079989797300641e+01
-2.669956299861779314e+01
-2.671604670312734697e+01
-2.723485277554158301e+01
2.730369165169008738e-01
9.140284553604118400e+00
2.717047220568744592e+01
4.709148702269082776e+00
7.836608748076407949e+00
-3.828698291803033271e+01
-1.390569661927698775e+01
1.853120140937650717e+01
-1.127595463186516156e+00
-1.438403453363434892e-02
-4.807818429343228672e+00
1.910862846251419001e+01
-4.975455825769162743e+01
6.138818317218589726e+00
1.103567422978457557e+01
2.357500753957958750e+01
2.016433977748503281e+01
-3.085509675158621690e+01
6.105981697353001891e+00
3.180070409365683304e+00
2.562408223507162575e+00
3.260371660414023154e+00
-1.023388040584043779e+01
-1.920882890479596483e+01
1.032018466241754595e+01
3.278203990498167286e+01
-2.708886224505420159e+00
6.278338519212525171e+00
9.279492693278484694e+00
-1.395324183992694600e+01
-1.480485199468711244e+01
-6.503010781040117649e+01
-2.007956301699569224e+01
-2.974482541543171976e+01
-3.623695242068919242e+00
-3.678924441448967286e+01
4.090983752624867975e+01
-1.704841383519675446e+01
-2.923229606851086260e+01
-8.428013960120836146e+01
3.618176770557050759e+01
7.263500228194573083e+00
3.336445258886456600e+00
-3.414714641412467699e+01
4.806550952781606156e+00
-1.089625968619272101e+01
-1.786196312746616499e+01
6.425214507587860169e+00
1.839412884624775302e+01
3.981622718073701606e+00
-1.158821342758227502e+01
-1.430136989533252745e-01
1.496272525726027425e+00
8.596541346353262725e+00
-3.457781384800136237e+01
3.932342217283349584e+01
-2.337770790515095598e+01
-1.631966721654480779e+01
-2.667814027098160068e+01
-5.664627147088734915e+01
4.920130584569129439e+00
-2.851616818548728816e+01
-1.036415301195335559e+01
1.777166015116813469e+01
-1.408987254034545344e+01
-1.853876662035190748e+00
-6.408027163141426286e+00
-1.091551323059775314e+01
1.749707024496114371e+00
2.956225280035422998e+01
-2.736296313705513228e+01
5.419069295140243980e+01
-1.230429294849233202e+01
1.818790363875319827e+01
-7.494309629848785903e+00
6.205738606935177870e+00
-5.941827971891967763e+00
2.386017945221635728e+01
3.337684125885084541e+01
1.041614883862593643e+01
2.504373333096731358e+01
-1.939745279108866782e+01
-3.621540369006776672e+00
-1.213601695934431746e+01
3.740816521168915187e+01
3.137600405363986056e+01
2.373121641150447658e+01
-8.339497359505571694e+00
-1.514839900826007124e+01
1.354263436983755753e+01
-1.530731405695762248e+01
-6.750421406054613271e+00
-3.129518691235105621e+00
-1.604828186710084026e+01
2.703287392577300352e+01
-4.474007904915836775e+00
2.067933043674634774e+01
1.067511973880705689e+01
9.404799260931270055e+00
-1.801264072830237239e+01
1.441061799377190766e+01
-9.995741739086412281e+00
-6.439151819332323612e+00
-1.703402187508373800e+00
-2.616999686222453647e+01
4.057457311160931113e+01
-1.448272137970941742e+01
-1.752079044520968409e+00
1.212328062123924610e+01
1.046117475001814512e+01
4.033578820901065143e+01
-9.321850016525047522e+00
4.101834889728530698e+01
3.678232766962538847e+01
-5.095670351146088706e+01
2.761909373982646798e+00
-1.011483095497030149e+01
8.550657325862999869e+00
3.234965190320792772e+00
1.081912961378509408e+01
3.391752383486210931e+01
5.315635398582224980e+01
-4.086043133963138985e+01
4.115633214079684876e+01
-5.330294368283941253e+01
-4.419191801041173306e+01
-7.863641082952199213e+00
2.298961450779302140e-02
3.960429021009900907e+01
1.946626713328737424e+01
-6.533988037774179247e+00
-4.856263581741974633e+01
3.842800152909260447e+01
-2.269447442732280251e+01
9.701220582863925301e-01
-3.889111083126039148e+00
6.848539655365473777e+01
-1.377886671540522912e+01
-5.811447685486206183e+01
1.703413308766704404e+01
-8.853590693115116039e+01
6.244097166446223923e+00
-1.984287352430420981e+01
-1.002524993802472864e+01
-1.477828214151716679e+01
-3.181971317626369000e+01
2.083966533041331815e+01
-2.069714641666547550e+01
-6.410741510938635201e+00
-4.292682720419281850e+01
-2.382076595062756041e+00
-2.846769996714505879e+01
-4.060316762011160563e+01
-6.181624115387938900e+01
4.972360009437608142e+00
-1.937826855323947939e+01
3.421599805305220343e+00
-7.681544470352321241e+00
-4.420881022314750908e+01
-3.538858975267232410e+01
-2.966719716165005138e+01
-3.085972097890373789e+01
2.898991682061864594e+01
2.752915513326314567e+00
-2.713550669641907120e+01
-1.181937484282883588e+01
-1.335857758681072482e+01
2.191035815391668962e+01
-1.690985879397499403e+01
-4.159773961027141809e+00
-1.526809235585727720e+01
-1.942787123174500152e+01
-2.203502977174716193e+01
2.008621507294810726e+01
-8.496324035917723450e+00
-5.042779932783008690e+01
4.196042642409591394e+01
2.394775210377889607e+01
1.441264420496850107e+00
-4.251793900106741830e+01
-4.076305748306793930e+01
3.716250900908391941e+00
3.662513652085976901e-01
-1.717918911213439515e+01
-2.492325069869526288e+01
1.705730516939877361e+01
-3.002679190078538340e+00
1.430545868364623630e+01
2.670675772252826619e+01
1.727499390141120728e+01
1.740739358771882905e+01
1.302019757654163001e+01
-1.135444601006901166e+01
-8.111775685220763421e+00
-1.185323294678678963e+01
-1.999211987631440479e+01
-2.327103218411150465e+01
-3.469420180202183701e+01
-2.028591192903365936e+01
-5.576400916394533169e+00
-4.186086273870216701e+01
-7.786572576685898639e+00
1.989484073097127492e+01
-4.300187166314765363e+01
1.619842733526289180e+01
1.462661207837334132e+01
-3.922376476228834008e+01
-3.090913799981584020e+01
-9.355798256097315857e+00
9.593362466414760092e+00
-2.145822673070165365e+01
3.939144395064191428e+01
3.496661841944452931e+01
-4.212801928399801454e+01
2.436554033147035625e+01
1.897396307607155563e+01
4.754020595104634594e+00
1.184061083129601855e+01
-2.334137331700318896e+01
-7.090131527546247980e+00
4.535382578241410556e+00
1.049954474181927822e+01
2.306716833245441478e+01
-2.793374971625483738e+01
-3.243861997685712595e+00
8.153495733549078750e+00
2.945808917196103494e+00
-1.623135441242582999e+01
1.191193432796556806e+01
-1.394318650315128139e+01
-1.121437246152969180e+01
6.366415025337630595e-01
-3.320460977329703667e+01
1.640910089013004836e+00
-9.211792431700303041e+00
-7.556781239568095998e+00
4.583704610210133978e+00
-2.965530306184786014e+01
3.240882673738533981e+01
-1.377052023624783317e+01
-7.280695538170920145e+01
-4.658600704631989231e+01
2.021071547987951078e+01
-2.212802054735169577e+01
-1.026656271578872293e+01
-1.432666221183830402e+01
-1.002524279598192436e+01
-5.501776984600496689e+01
-3.471869053096781954e+00
-3.404506187877649381e+01
-1.883952713761237874e+01
1.161210007804419320e+01
4.300549756401997570e+01
1.549391117077988156e+00
-5.637564153237377695e-01
3.255023985320504210e+01
-3.028353815647714953e+01
1.745848022851566128e+01
4.171956841930878568e+00
-2.606605648102765826e+01
-1.392691532232757368e+01
1.217131439890516731e+01
3.559052049138742291e-01
6.620350413662826838e+00
5.641216346019348293e+00
-1.293375932980609377e+01
-1.779091229714811107e+01
-2.735317865884354660e+01
2.692014722284662298e+01
-3.525447431457621406e+01
-2.616671941922220412e+01
6.802142145006044416e+00
-4.754003168188164352e+01
1.231442005539358320e+01
3.509943324132154885e+01
-3.927403849143509262e+00
6.346984131702818388e+00
-1.575724462340545529e+01
-1.204687272068557036e+01
5.678961931963840470e+00
2.078257452219923707e+01
-2.124234072759479375e+01
1.479684719361733869e+01
-5.780191008476009529e+00
1.696217506099742423e+00
1.265808457362780359e+01
8.144086622535070319e+00
-7.048196634418481210e+00
1.269169533602791944e-01
1.050762840716407709e+01
1.563841232271599324e+01
-3.928742076582206266e+01
1.822281158745568064e+00
2.815546846297102590e+01
-5.050219580921270790e+01
1.659646964496820942e+01
-6.378470815155243656e+01
-5.888375449589107191e+00
-8.103049975760072243e+00
-2.845503369792425019e+00
-6.660813484914058336e+00
-1.372882033167189775e+01
-5.226176019644015014e+00
6.527901165735173095e+00
-1.458661137363755600e+01
6.573702562511627434e+00
4.789003527697320806e+01
-3.313443862047606103e+01
-1.443437236741763741e+01
2.179023388496113967e+01
1.317313445932629179e+01
2.391145006656200422e+01
1.155959568381362956e+01
1.151712217118053161e+01
-8.796199384938034882e+00
-2.680562249067618552e+01
-2.472372675207120096e+01
-1.476017354399692039e+01
2.540726637390619658e+00
-2.311380908923723609e+01
-7.656021895485700668e+00
3.984955429869501131e+00
1.300041993354381020e+01
-5.596011476447632305e+00
3.258556001385443324e+01
-3.159033137134684921e+01
-2.140306337916683788e+00
-1.648320910927767002e+00
1.501476221205243178e+01
-2.140420480588520746e+01
-1.356649982570172597e+01
1.025424083997169866e+01
2.451162994177425958e+01
4.078982261339432114e+01
1.742568804131516913e+01
2.281807271800070680e+01
-1.524204049541848960e+01
3.438963211208050552e+01
3.605724386798115688e+01
-1.401886581200528781e+00
1.865239030134188170e+01
2.056129422689153330e+01
-1.285552705052592160e+01
4.642477190891298733e+00
3.308375859506679717e+01
-1.315617262389477560e+01
-4.999214889567497266e+00
-3.282176460115178429e+01
1.297580781202094613e+01
-7.012191048454752718e+00
1.072111900043842070e+01
3.196204770149137175e+00
-2.168216048341084345e+01
2.480944502623012227e+01
2.187077049040092902e+01
-1.466209075247959959e+01
1.043083429237232451e+01
-3.329580012227825137e+01
-2.890892868097765955e+01
1.347287798805558623e+01
-3.710229750067976795e+01
-1.675486522615225482e+01
2.830053628094219675e+00
4.499431494855281954e+01
-1.388662036802631405e+01
-6.670959788373494348e+00
-9.807678581536777074e+00
6.100989612523969186e+01
7.566871313100982377e+00
-2.346528302449269177e+01
3.856481814715755263e+01
3.414926727450054500e+01
1.708978964286001201e+01
4.088736513361675406e+01
4.680175676711462529e+01
-4.071868299913177225e+00
-1.506966428304026806e+01
-1.578101245909175532e+01
1.573605288056555196e+01
2.044896117399619584e+01
-3.742037276253213918e+00
-1.258781081003652957e+01
-3.324383399722125176e+01
-1.374253756664145953e+01
-2.457742822639409042e+01
1.639521369667093609e+01
9.310974459478359222e+00
3.470438973800645499e+01
4.019329472844077600e+00
-1.280147171583769250e+01
-4.605490251564500426e+00
2.145253007486100216e+01
6.799281426777213255e+00
2.958839352134833689e+01
3.030572934590372824e+01
-6.578176418086400190e+00
-5.902190788497385654e+00
-5.462746639903650703e+01
2.752679229434839669e+01
-6.440442091281965986e-01
2.943692968810023558e+01
-1.174678737794653927e+01
-3.392074721697433404e+01
1.149976983837751376e+01
3.961198663902884221e+01
-1.423488758358814721e+01
3.592153861047779628e+01
-3.956880810608876686e+01
-1.249779102717887724e+01
-4.414780537627200374e+01
1.035210777146947692e+01
4.358128238949404931e+00
2.938943991883206763e+00
-3.377875946291709397e+01
4.921477331944959133e+01
2.943418262297808496e+01
4.808315213151956868e+00
-2.802545349120975970e+01
1.177337330559819861e+01
-1.265040611067138343e+01
-6.737580680545192990e+00
-1.302401025181211480e+01
9.938734800983603179e+00
-7.865151503997282134e+00
-1.095197923996653344e+01
1.129825166777538925e+01
1.404847622541109331e+01
-4.641096240307626886e+01
1.078389995047004390e+01
3.660280983414615719e+01
2.177770721482886529e+01
-5.641273375365560838e+00
8.276880876138577037e-01
-1.900565714149078644e+01
3.142194019504756852e+01
8.448196301376810879e+00
-2.266824998183381012e+00
-4.070594693938119235e+00
5.787424902448591979e+01
-1.731454521808529989e+00
1.318666183450037011e+01
4.042322901946343450e+01
5.204001757891282409e+01
3.367541111878992410e+01
2.193747233137131047e+01
-3.598993199206972804e+01
-2.451789406098347968e+01
1.862668189955324749e+01
3.776185540973102661e+00
1.709710338094059523e+01
8.634067592051877682e+00
3.322265270151626737e+01
-4.182662330997642641e+01
-2.633863497109905438e+01
-6.250076037935997419e+00
-4.620026633085180379e+01
1.033419072500646507e+01
2.378560946817960087e+01
3.685071745438278867e+00
-1.198842216732492716e+01
1.254564196529807418e+01
7.461162325166901610e+01
1.666184316124775933e+01
8.492943967224277912e+00
-2.533851194573836096e+01
-3.232143384736048120e+01
-7.892057809053753203e+00
1.786438754949040231e+01
-3.201959724939172247e+00
1.279960677028289240e+01
1.883534978093103973e+01
-3.074849815983833423e+01
1.405732909168085598e+01
2.386895268484636290e+01
3.041644077091069676e+01
-3.539374312131542410e+00
2.556649157794652183e+00
-5.432612831565137412e+00
-2.607641983865926250e+01
-3.736715962390172763e+01
4.281887792108086188e+01
-4.158333648941578531e+00
-2.976414063350703998e+01
2.936009368870656999e+00
-1.394100528771649294e+01
4.892779821884212765e+01
-1.260054019408067916e+01
-1.930251273017029234e+01
1.872621742715568871e+01
-8.849281804071637225e+00
2.398017831359203456e+01
6.948167080029179488e-01
5.236418581386089954e+01
2.844234201005049201e+01
2.141784349615811323e+00
-2.005015416289452901e+01
1.479345120811325387e+01
-2.901276879342265147e+01
-4.721422608059924642e+00
3.298011121422763381e+01
-1.506258125002958081e+01
-2.418882206151843661e+01
-1.307326317514491620e+01
2.693489566850377059e+01
6.823330423408251022e+00
-4.461986808591744591e+01
1.788654858657703528e+01
4.988504379936330224e+00
4.951275537428315943e+00
-2.712775065840213529e+01
1.547040071994899790e+00
1.819490798458683400e+01
2.578521009059569735e+01
3.550652002305133692e+01
1.552463076370660033e+01
2.098873252292648317e+00
-2.913112570363901455e+01
-2.520571346225059983e+01
-3.718379340757986995e+01
-7.075668030145777720e+00
1.706185217405842991e+01
-1.328797128979857689e+00
2.762399793512764745e+01
-1.760344235618396169e+01
8.839069047632193588e+00
-9.360149386785209913e+00
-1.611654756548429646e+01
3.297833354828381403e+01
3.829040010863167254e+00
3.388954108144724842e+01
2.560488137898346395e+00
1.197996716096901082e+01
-9.718101968394933010e+00
3.273785412422819263e+01
-8.982161971462758743e+00
3.526566732357760969e-01
-4.208064244646953966e+01
-5.170403030664459720e+00
3.854869474572529953e+01
3.440770954562478323e+01
1.453844050527520437e+01
-8.975488420752242291e+00
3.022085183403390829e+00
-1.130574744820233946e+01
-7.492071084851716023e+00
4.985854922156639901e+01
2.717740834303128850e+00
-1.413178151739674604e+01
-5.841161763879891566e+01
-2.560450146088906820e+01
-2.072574599442103249e+01
-3.457922346361542054e+01
-3.129335771734150740e+01
-3.729476388300022904e+01
-2.475797997334288425e+01
-1.716644394512883309e+01
-2.671173822096110939e+01
2.531553341149310299e+01
-1.122389688903126626e+01
-4.765051296008732606e+01
2.165635374721711059e+01
-1.640399544033427759e+01
-4.385699667182690575e+01
5.240696460196731721e+01
-1.405298905003901311e+01
9.268441254619659730e+00
2.163134185495516704e+01
4.841711009424415124e+00
1.441052852651515082e+01
1.774789017313622708e+00
9.975581305229574980e-02
-8.026002573982694344e+00
-4.074992257898071557e+01
6.429091103336297408e+00
-6.735396889286391797e+01
3.836789400889131230e+01
-2.302045510049248378e+01
-9.570717294188966662e+00
-9.880669130307012438e+00
8.074816385222032267e+00
-9.221989047181835986e+00
1.458006422496686127e+01
-2.987391263628055071e+01
1.936027627241946902e+01
2.334470134473564684e+01
5.633253711621733828e+00
6.205330804864502170e+00
1.168990220077208164e+01
4.929933708759108413e+00
1.491057752592092811e+01
-4.311261656954300747e+00
-3.804962752112338364e+01
5.183835341409519515e+00
-1.339524883356517648e+01
-2.957231570511709151e+00
2.993962082941177982e+01
-4.349657561476355738e+01
7.533569685328416199e-01
1.154918558592925137e+00
4.967026385918813958e+00
1.697997953578500585e+01
-6.579625258925773323e+00
4.503332329580825899e+01
2.389585517546828441e+01
-8.335647379347683739e+00
-4.074558020493668664e+00
2.051247012341676168e+00
4.173447201423323349e+01
-2.874692693739086735e+01
-5.589669850848395072e+01
1.673357902308626421e+01
-6.665639568416068528e+00
-9.073826699498468429e+00
8.970713781996835223e+00
4.124769130709827891e+01
2.409695224468492825e+01
-8.708494286343210433e+00
-2.854691403606977929e+01
-4.621915371121495753e+00
1.533660177759602483e+01
-8.310197608425852422e+00
-4.058004650184466300e+01
-3.300203038827461910e+00
-5.188515120545228854e+01
-2.764129579249521385e+01
4.467403220833061539e+01
-2.839587329209332722e+01
-3.718799355952134533e+01
-2.805795247807029824e+01
-2.011778973497588652e+01
1.974897453663834312e+01
4.596785064609233018e+01
-3.613057226936490451e+00
1.409296725623086388e+01
-1.162543790171083913e+01
-3.795799039430981026e+01
2.557908791373307267e+01
-2.575823366175961837e+01
1.422736541150641187e+01
1.746765629279251897e+01
-5.783634703295888357e+00
2.060147584802899701e+01
2.252502752246360274e+01
6.205257138676475392e+01
-6.499123865319745619e+00
-2.830726489832581194e+01
-3.438317388887548987e+01
-9.398781868687443364e+00
-1.832096367582681751e+01
5.169971212715026354e+01
-2.397132902321968118e+01
6.344568246854080940e+00
2.683290620744571697e+00
-1.206262458671423587e+01
-4.650880343056149968e+01
-3.418536024300976806e+00
5.398317425864469499e+01
9.507195285771210536e+00
4.109604558542258701e+00
-3.168909331597404844e+01
-3.155224606795661657e+01
-7.720575084922661091e+00
2.518733079792559693e+01
-1.391171950605061625e+01
5.635966937806676924e+01
-2.656325176987283498e+01
1.031722700644434099e+01
-7.485278953372585420e+00
-3.557564910431764815e+01
2.345456721414763024e+00
-2.807095954646081282e+01
-4.051838163357047051e+01
6.103609019500652266e+00
1.040650614834589760e+00
2.869069087248088579e+01
1.293554842326368970e+01
-1.840804954354058509e+01
1.175770960322080327e+01
-4.799275647964568492e+01
-2.624778379522064142e+01
4.887769009975174583e+01
4.551503217232784948e+00
-5.826017716366550303e+00
-1.634581059472674269e+01
-2.433352280071574114e+00
-5.453096637370720146e+00
4.881712941648115134e+01
2.282537628376352146e+01
-6.500797835614207543e+00
-1.904466594558016368e+00
-2.156617670724718394e+01
-8.610438247267552470e+00
-3.454627721430523479e+01
2.705811178906786552e+01
3.837995089718674535e+00
5.656504618498104264e+00
9.860106275315942526e+00
-4.375716083410306823e+00
-1.127244948607270381e+01
3.010746087911086555e+00
-5.935312820075907325e+01
-8.497179692846628996e+00
-5.637766947480969293e+00
-4.251932724146243459e+00
2.638463459670575162e+01
3.565983005175840503e+01
9.510338399066256443e+00
-5.221979897192404962e+01
3.409523244888004001e+01
-1.169866878448812031e+01
-2.052754211461194700e+01
-4.779647227037425239e+01
-1.647328806131751833e+01
3.410182055152138503e+01
1.671582940981278398e+01
5.452470339421580547e+00
1.846186591114101816e+01
-3.203628947506499003e+01
-2.552116844342150159e+01
3.087885788347006155e+01
2.130318058946866699e+01
2.632747058993587075e+01
2.714601979831670064e+00
4.596163907007962734e+00
2.990957057386876272e+01
5.290285943903799648e+01
-1.142920683022779826e+01
2.109871319696060255e+01
-1.424230843120142254e+01
-2.402945874328165843e+01
-1.899393163053895250e+01
-1.912311667587843544e+01
-7.971499549060723666e+00
-2.607438231134284479e+01
-1.072635712922448192e+01
-7.440908095729933791e+01
1.859666656703296894e+01
1.210832967412328998e+01
-2.624613265862869582e+00
-2.128257907820022865e+01
-1.013415788795333583e+01
-3.008788356639689709e+01
5.382586746745516848e+00
4.415793238240672736e+01
-1.213975331327759477e+01
-9.228982621332974645e+00
1.149889065525917431e+01
-2.799856491416012005e+01
4.633803896756365504e+01
8.035853238033077162e+00
7.690684771866358460e+00
2.708365787385727685e+01
-1.341921946392062637e+00
3.064678762243823940e+01
1.036269103600911023e+01
-2.145142888072882670e+00
4.464401040747731031e+00
-3.445342198351710294e+00
3.621774187997471017e+01
4.703400090302721992e+00
9.939116170121479854e+00
-6.363942354245864408e+00
7.725597326777815965e+00
-5.051466592734249161e+01
-1.923748952007133539e+01
-2.671265619960126969e+01
2.591731553048074943e+01
-1.748685756091680332e+01
-3.287159687192593083e+01
3.166017200846255264e+01
-6.656108081148701672e+00
2.214246326934093645e+01
-4.927907111692934450e+01
1.012485148671095025e+01
2.846483550646894400e+00
3.377296806143249341e+00
-6.381832520972011480e+00
-3.975454181028965195e+00
2.778695685657081782e+01
9.902963406456137818e-01
-2.778780663548883467e+01
-1.022694363722321498e+01
1.204032260013670452e+01
-6.285941477525727805e+01
-4.807052002826986126e+01
6.966621990682710930e-01
7.685763939091735608e+00
-2.568137344374221698e+01
-1.055474936657333274e+00
5.746889482059219745e+01
1.525561792332314326e+01
-2.940329687988361229e+01
5.121422746622556588e+00
-5.078490666392347919e+00
6.827253503709840743e+00
-1.945250983986741744e+01
1.202167542525874211e+01
1.438535005295483415e+01
-3.780354802083110144e+00
6.093521962873427356e+01
-4.312779929145222013e+00
-1.723718074775939613e+01
1.298097278419493250e+01
2.342927003887166393e+01
-1.841559331531300359e+01
-1.009247558967889091e+00
5.340983694420323502e+01
-1.553239411492484123e+00
3.210309664265938068e+01
7.960788493838379054e+00
-3.803892397763632971e+00
-1.242715480819964569e+01
2.848270437112979891e+01
-3.047237938905108479e+01
-5.576455088064022902e-01
-9.922443962459482236e+00
-2.163554329098138851e+01
8.215390160276566434e+00
1.450747201681300957e+01
2.370286888754918664e+00
-1.906129870458244113e-01
-2.170542158240931485e+01
8.830246011346346791e+00
-1.797539360021119137e+00
-1.236480141811524902e+01
-1.098603331036769504e+01
8.990119367397312544e+00
-2.011929172341524463e+00
-2.061757666288733049e+01
-5.945969641481218559e+01
5.746485894186285748e+00
1.050829961901064280e+01
-2.648560861258870602e+01
-1.302851904364865732e+01
4.509517576623488821e+01
6.134845203383051171e+00
2.148632420438241297e+01
4.719042455175099349e+00
2.174461654626418294e+01
3.141191982555397999e+00
-2.121783855606722113e+01
-5.961347373270015737e+00
2.964371678467784932e+00
1.717979979448594463e+01
4.111485238069764137e+01
2.685088959517244689e+01
1.674106798388436346e+00
9.339188887561476804e+00
3.303218299157686033e+01
1.441259625550110002e+01
-3.777080182643365447e+01
-1.505584305522796740e+01
6.052583413916806876e+00
4.654699219612524530e+00
1.344186328459775837e+01
-2.824407317377415438e+01
3.873665633475042114e+00
2.361583667547002108e+01
2.609209634593660354e+01
-2.345988371976005737e+01
2.553942235394401905e-02
-1.203324221524979976e+00
-9.261864402917382222e+00
-1.550225294570483214e+01
-8.450231157828881123e+00
-4.818156935304990895e+00
5.529962949977033304e+00
2.308460416934787673e+01
-1.686218302920593715e+01
4.413972713722853314e+01
1.789079798400237564e+01
1.463820218656323391e+01
1.929805687018462734e+01
1.477215688835410390e+01
1.985549859413110596e+01
2.985207317557323847e+01
-2.483055660702083145e+01
3.397788706486825561e+01
-6.224720459255885885e+01
1.728037084377299948e+01
-5.835484073217725154e+01
4.557630530018428772e+01
4.110355684298923507e+01
-5.142721753954674568e+00
-2.630054027229070357e+01
-2.316833046510075178e+01
-3.000928824800337225e+01
-3.455672922356112053e+01
3.090578417288031687e+01
2.294621741262120906e+01
1.305387455842854649e+01
1.542429356447343025e+01
2.442791939381976363e+01
-2.138937717753123025e+01
-9.706471016979890010e+00
3.008385655350652854e+01
-7.119699656554487888e+00
2.914953675585061887e+01
4.064501832272114257e+01
-3.159252745368068105e+00
-3.996538093495155408e+01
2.726406528244467609e+00
-1.459844856556809845e+00
-5.568456349008101824e+00
6.133408842367771285e-02
-3.558689606057549781e+01
-6.869026083437631769e+00
4.798520300776653258e+00
7.270979623292689098e+00
2.665675843173637816e+01
-2.331502258372712788e+01
3.039488033615373297e+01
-2.176169854605140586e+01
1.398962489194676095e+01
2.203510788485142768e+01
