[[-411.81474951]
 [ 358.93400086]
 [-273.48984923]
 [ 184.13951204]
 [-113.83618128]
 [  71.76975552]
 [ -54.23221443]
 [  51.07533437]
 [ -52.7430862 ]
 [  53.93513768]
 [ -53.43975196]
 [  51.8472001 ]
 [ -49.61310409]
 [  46.49176813]
 [ -42.1245175 ]
 [  36.7080298 ]
 [ -31.1517564 ]
 [  26.61286809]
 [ -23.90690266]
 [  23.1491395 ]
 [ -23.85137293]
 [  25.25337213]
 [ -26.66721061]
 [  27.60421901]
 [ -27.76448229]
 [  26.97390345]
 [ -25.2063876 ]
 [  22.64527867]
 [ -19.73561889]
 [  17.08725357]
 [ -48.45905135]
 [ -32.946878  ]]