---------------------
  #    meV     cm^-1
---------------------
  0    8.5      68.2
  1   12.4      99.8
  2   14.7     118.2
  3   20.5     165.7
  4   22.7     183.2
  5   28.4     229.0
  6   34.8     281.0
  7   39.1     315.6
  8   46.0     370.7
  9   64.2     518.1
 10   70.9     572.1
 11   72.8     587.0
 12   73.7     594.3
 13   83.0     669.1
 14  140.9    1136.1
 15  149.3    1204.0
 16  199.2    1606.3
 17  265.4    2140.5
 18  380.3    3067.5
 19  451.7    3643.3
 20  464.0    3742.4
---------------------
Zero-point energy: 1.321 eV
