-3.451738386610719544e+01
-2.009993140447363658e+00
-7.113523109828115309e+00
2.395470354019783343e+01
-1.186557055486571244e+01
-9.173350972635233802e+00
-2.394681120947345221e+01
-5.007127924177815714e+01
-2.137550920955274592e+01
-2.249531556017683442e+01
-2.090048143833553240e+01
4.247934440334855566e+00
1.986597812451904588e+00
-1.062053625724658446e+00
1.717890312808691533e+00
2.639077573780872399e+01
-1.016018360077192995e+01
-7.167571015651660105e+00
1.168139584766004191e+01
-6.164421660814993231e+01
3.090055116589134343e+01
-1.326010576305503719e+01
-2.389131459803236268e+00
-5.576081012003925252e+00
-9.606826424645760198e-01
-2.108354835637442193e+00
4.779559563321529936e+01
-1.498254367036987844e+01
-3.991671531856354704e+00
-3.022912538117017789e+01
3.905624407671803056e+01
-4.314871440617210396e+00
-2.125533417771657696e+01
1.116950876295471318e+01
-2.044667024468282079e+00
1.295961643552143983e+01
-5.415765217660464259e-01
2.716948191379046307e+00
1.885567309366891209e+01
-5.438856208450656027e+01
3.031529550219940461e+01
8.098675476487088076e+00
-6.238362556853019214e+00
-1.739793008565625598e+01
6.866538734937364552e+00
-1.091535665043900849e+01
2.477718368681217953e+01
1.980004380269213016e+01
-1.276266242024331632e+01
-1.628635725084126307e+01
-1.722339225321695722e+01
-2.070629990392883357e+01
1.052148895275480811e+01
-2.695239875818708697e+01
8.259523401476201343e+00
3.446128893528084802e+01
3.972295627081992109e+01
1.850460965668888491e+01
8.254667579669686006e+00
1.727473336541481785e+01
5.067675916791699819e+01
8.540921637766984986e+00
-2.971053185651832251e+01
-6.007968933833694791e+00
-1.401783469082948841e+01
3.310713983997143828e+01
-3.920557015283449687e+01
-3.419026394864482654e+01
-1.742283045272949948e+01
-9.772509623947541968e+00
-2.228602956020321813e+01
1.563322414926041404e+01
5.164851039333086646e+00
7.785518246591692559e+00
-2.157903961385414249e+01
-1.888165233346316541e+01
-3.258444256175795317e+01
1.794392808914443549e+01
-1.869000678384806235e+01
1.687685903926764297e+01
-5.390425683660096112e+00
-1.481847527636682571e+01
-2.853903375091861960e+01
-8.473921713504751096e+00
-6.071877405470047506e+00
-6.831424019100325040e+00
2.227764874674312168e+01
4.174293215128118106e+01
-2.452626799896312093e+01
-4.277208072264919281e+01
-1.073062399712365789e+01
5.921906577133512428e+01
-3.233579368046441260e+01
1.784500484335359261e+01
-6.492103622836964405e+00
-3.323103460747739746e+01
1.373077252937027026e+01
1.946932921098860447e+01
-9.642051993281995692e+00
1.828690009942124561e+01
-1.337360264667495358e+01
-3.115467973285535663e+01
5.231658091871122451e+01
2.493935893302517570e+01
1.412505788274751239e+01
7.838472506914143878e+00
1.491671318176612715e+01
4.502761751977655535e+01
-1.469732814057314130e+01
3.344522787082631510e+00
-7.540537760099857678e+01
8.753627103185920078e+00
-3.694353485353033761e+01
7.751280750947216802e+00
1.216964699133714589e+01
-1.990559371264203037e+01
-2.823793834657860202e+01
1.205375066734177381e+00
-1.680812593860912330e+01
2.128191029898854936e+01
-2.771000501364823521e+01
-3.062489773500089996e+00
-2.005613402179749016e+01
-1.947883690483024566e+00
1.101079698951863861e+00
1.243796424140555246e+01
4.313814896464691628e-01
-2.871455944513570557e+00
3.550672251018997372e+01
5.026993928614616891e+01
2.714860022793707373e+01
3.924162700354236222e+01
-6.449944291943332075e+00
5.547152425425991851e+00
2.933831917281258939e+01
-5.079533897109058671e-01
-4.199917336339555618e+01
-2.251766936946336983e+01
-2.799941644506762373e+01
-1.529548047887374196e+01
1.583456507350524589e+01
-6.561373510251604557e+01
-9.252598835345736461e+00
2.448125052602971152e+01
-2.069142607369778375e+01
-1.723339065000698156e+01
3.295160263230212649e+01
2.457510509897895190e+01
-1.830442387960115980e+01
1.536999609376843523e+01
-1.404443689289755071e+01
1.886806124279092245e+01
1.829889373926022245e+00
7.316459781554826236e+00
-4.714947921540574072e+01
-2.614312952702174897e+01
-4.794219597008520850e+00
-9.088781922815014624e-01
-2.257306201929890221e+01
6.010517303978588188e+01
-9.658205729314488508e+00
-1.785860898611748837e+01
1.966282513801206733e+01
-2.539146914111229592e+01
-2.024362194684529470e+01
1.807110263605153477e+01
7.084700341606946949e+00
8.500305416630055788e+00
8.695927865521341005e+00
-6.114222215824042905e+00
8.826349721397775738e+00
3.222490393462301483e+01
-1.463791437532043460e+01
1.060681971528239842e+01
5.030949732388591400e+01
1.808725248154895837e+01
-4.181416142849457174e+00
-1.132541131942254964e+01
8.608587174609473891e+01
-1.179974760334823713e+01
2.073067834121732744e+01
1.431351508708746678e+01
1.627200773685185453e+01
4.887861741446727137e+01
2.650358061247607111e+01
-1.491266169457992063e+00
1.340513410244216175e+01
2.715047710996003616e+01
1.990754876274084495e+01
-3.218217925271864033e+01
5.210697733699322498e+01
-4.639214858436741196e+01
-6.800863571726999623e+00
3.043511143324552393e+01
8.288434064832696180e+00
4.157171720120004466e+00
1.566115316488477305e+01
1.238940177693922351e+01
1.903276108054379279e+01
-3.459448830778978845e+01
2.197154154012707750e+00
-1.470663523656912730e+01
-3.694283913977038480e+00
-2.464789033745887536e+00
-5.934237781397126099e+00
-3.178880206594612901e+00
4.631046946384228136e+01
-4.681662242503193738e+00
-1.436078577895189312e+01
-1.426424880813321749e+00
7.188726184135035169e+00
-3.294496846183636762e+01
-2.828866025663961636e+01
-2.004659275277816732e+01
-3.417376438153524987e+01
-8.843534126678353147e+00
-2.307800983121081018e+01
1.007742550372374524e+01
7.168267960838861086e-01
-6.916282114174322260e+00
-4.563426940290256084e+00
3.173262023066612869e+00
-8.085877870414094559e+00
3.764062282808589543e+01
-4.779781847805097073e+01
-8.386528351836371797e+00
-7.460433141077942309e+00
8.806804250359732578e+00
1.247068909222221578e+01
-2.596249321674906696e+01
-8.394350263033601323e+00
2.373391213492358887e+01
-1.110594341858450562e+01
8.794337240573582903e+00
1.882490849091483653e+01
-1.617827991488695716e+00
6.156687758977147951e+01
-7.709814654903254905e+00
-1.747309642708597721e+01
1.774154213252529644e+00
-1.356050033827290235e+01
3.015861182272259100e+01
-2.337760146838320452e+01
6.697949079687873564e+00
3.132290268123009014e+01
-6.989253354448351274e+00
6.528195711366709020e+01
7.066750459179377231e+01
-3.661890190570022696e+01
3.253754688839293863e+01
1.200180557272523174e+01
-3.072865708192446732e+01
9.148881448012808448e+00
2.318824360216855496e+01
2.370270041359566449e+01
1.266001195606719421e+00
9.355595168351271695e+00
4.106526450154973418e+01
-1.295400375927529524e+01
7.883416209688267173e+00
3.959111017924840326e+01
-2.039954023324496291e+01
-1.098905008436240394e+01
3.086581828850131615e+01
1.583533253831446785e+01
4.171868700605745062e+01
1.661787190457775409e+01
5.989246490117039912e+00
1.470132503682486913e+01
2.231021331931950158e+01
-2.955137379717852752e+01
3.780070096946332114e+00
1.363938053816616147e+01
6.414948846845447861e+00
1.304493547044734214e+01
-3.374381730726516082e+01
1.762323965866971776e+01
-2.354662265931654019e+01
-1.836594196778703036e+01
1.178395957092734392e+01
-6.425005257008791659e+00
3.188447960655517477e+01
-9.192170436224586183e+00
1.657968587561771301e+01
1.783764139114555292e+01
4.281453636405235130e+01
3.005165746258204251e+01
2.687790147444432165e+01
-1.811281568810301223e+00
-4.610021131278983830e+00
-1.761962276534870853e+01
4.399612634520678967e+01
4.376322099932224319e+01
2.151750938555511539e+01
-1.385344626839338389e+01
2.741086286258959603e+01
-2.832187867592864450e+00
9.821893330392121868e+00
3.640277869962886825e+01
-6.644305794730627213e-01
-4.372274053091501855e+00
-1.108991688259447983e+01
-3.223525133005111343e+01
5.263690497729032813e+01
2.788242742449813250e+01
-3.290493138409986784e+01
-9.055384627698813915e+00
1.449545408634576660e+01
-5.486157834611304907e+00
3.495593793466104415e+01
6.916900529160216138e+00
4.403842654638401655e+01
1.913261516841592069e+01
-1.250943575555049847e+01
1.103461788050771020e+01
-3.444846049749003214e+00
-1.513099965857870188e+01
8.647285006057813916e+00
8.254760131756711417e+00
5.176859417311047196e+01
4.349565983634812483e+01
3.058965008894953996e+01
3.677024924032934905e+01
4.789640083119280689e+00
-1.430402492243956658e+01
7.895252244661463692e+00
-1.842432166855097364e+01
-2.961254897832968425e+01
-3.070395202536190027e+01
-1.721440150322473528e+01
-6.002183302352392502e+01
-1.925708319046414374e+01
-4.783595971017010129e+01
1.296749696666124763e+01
-2.556917574349420619e+01
2.569357148033884641e+01
-5.465426709402110816e+01
-1.645603335812080559e+01
2.364927073878476449e+01
1.155797917795371177e+01
-4.903477931262006706e+01
3.123791474817977587e+01
-1.429112887314005320e+01
2.970740529074240044e+01
-1.277998426857311642e+01
-4.328847615821223371e+01
7.898075273362195503e+00
-3.594444112330211283e+01
-4.114068343396667160e+00
-1.662800343877994358e+00
2.255759750225450944e+01
6.961455907013805700e+01
-2.382245500535847782e+01
-1.929297284535056178e+01
-2.309468799214613455e+00
-6.303423115799432708e+00
-4.460008757816739688e+01
-3.077031842071932033e+01
2.640834636251572931e+01
-1.173999282403300981e+01
1.119235580378568784e+01
-2.711132829856308035e+01
-9.069617041968655258e+00
-2.289753474206891326e+01
2.849071045279660552e+01
5.232029852992582164e+00
-1.232532086998213572e+01
-9.399849987424317987e+00
6.555488835992505869e+00
-4.501859993011123606e+00
2.379888128636284250e+01
-1.422415833173363353e+01
5.523559512007182093e+00
1.961468971473220790e+01
7.562176444705357881e+00
-1.174784156764238219e+01
8.494371152318808527e+01
3.249361867992115549e+01
2.346796082906777769e+00
5.635199557530540915e+00
-3.460989947396757316e+01
1.857195069806843435e+01
-4.222968927442114762e+01
-1.606323412599991229e+01
-3.039879263549795496e+01
-1.094632684986567028e+01
3.139203906601403560e+01
-3.131694470121280460e+01
1.323703641919795615e+01
-2.132065007167000203e+00
1.142752840563247219e+00
-1.981578398992189705e+01
-2.450932105067386146e+01
-3.113740561050803990e+00
-1.973452827223684380e+01
-1.092664979083539833e+01
-2.284517062098234419e+01
-5.131460007557244296e+00
-1.919273009005870279e+01
-2.774271108419365817e+01
1.153034781079018956e+01
-7.935146817754798576e+00
1.352708497438067070e+01
4.697918944691135579e+00
-4.208868633866963194e+01
-2.899571693463212085e+01
-2.524106355933618318e+01
1.789954043343789181e+01
-1.346895078525179201e+00
-3.425018305004913088e+01
3.256974520693138686e+01
-2.163317541788203613e+01
3.158861890276157425e+01
-1.749855004505384315e+01
-2.668624648283349643e+01
1.307521054475631672e+01
-3.753662587296839348e+01
-1.903563861477903174e+01
3.424378729205790250e+01
1.043233786580708511e+01
-2.429104353956250861e+01
2.999522330442847107e+01
-1.003678507991935476e+01
-2.102160544435895417e+01
-1.680670018705029634e+01
-2.769416094202563272e+01
1.533120646968162504e+01
-4.971103653553049639e+01
-4.378813859869671887e+01
-5.629654942352203761e+00
-1.664412956158136581e+01
-3.268162014944852700e+01
4.062903066374246919e+01
7.417564753311972936e+01
-1.521250235438159848e+01
-1.998001103242472709e+00
-3.349925863878285526e+01
3.624639942947021609e+01
1.127461704072320003e+01
-1.325553268500857484e+01
-2.014771172771860108e+01
8.155318059778537076e+00
-3.208226475078489415e+01
-9.793219213325272676e+00
-4.807371866364439938e+01
2.016778777089109553e+01
6.093199569740875177e+00
-9.666706380014602473e-01
-5.745671947080381869e+00
-2.214966003108634141e+01
-6.066914031061941159e+00
7.255999845297669992e+01
-1.014326821857650884e+01
-2.659860921546379586e+01
-3.865520599170643834e+01
7.716413798031737770e+00
-2.075468649011959599e+01
6.024479880265737108e+00
1.677327426595898174e+01
4.242906453552251378e+00
1.731007298567692487e+01
8.358442103290769865e+00
3.240430485307120989e+01
1.456203956496233332e+01
-1.937359546063801474e+01
2.654803614637570774e+01
1.931508571264686225e+01
6.836423087102957652e+00
2.347262864419508333e+01
-1.571800935689514489e+01
4.082126574263688212e+01
1.303032424473765261e+01
-1.754113598969917120e+01
-3.253429971062489656e+00
-1.000030641079399629e+01
1.132312186835517309e+01
-1.288010782076321448e+01
-4.373012999927908595e+00
-7.090506193527915002e+00
4.480654827122663164e+01
3.056254991678349597e+01
-3.591306449841230375e+01
-4.502250138528054890e+00
-2.920703570797832072e+01
-8.020023742580235648e+00
-1.306747722857801364e+01
4.747529805308346340e+00
-5.506434978591308038e-01
-1.591322844483019594e+01
9.399855178661923105e+00
-4.558374218931433575e+00
-5.183495936759598521e+00
4.768860662005491236e+01
7.985906833953016815e+00
-4.570180078720780870e+01
-2.197311356356783563e+01
5.304442730530388417e+01
1.509478751882278402e+01
-5.269370838443535376e+00
5.912796232249941397e+01
-8.913138071704082677e+00
-5.060568521238934636e+00
-4.469702515637834495e+00
8.561022544703860149e+00
1.726021866469262278e+01
2.423105724968273478e+00
1.604018525609023982e+01
-7.073984572072816945e+00
-1.947150488096657739e+01
-2.307163943456630761e+01
-2.653333413496159210e+01
2.279186770869685574e+01
7.157233076011848993e+00
2.110799224073003799e+01
7.705209764960073926e+00
4.939034057647819509e+01
1.032885735762305046e+01
-4.463995182848304921e+01
-1.896964702939006742e+01
3.390401817010342711e+00
-1.611092775348789985e+01
3.495178286423811187e+01
-7.692202772614564310e+00
9.296606632119235769e+00
2.917326854172010542e+01
-4.130696898103514059e+01
8.276247120147348824e+01
1.147830332769974859e+01
1.319454768196561645e+01
2.000901130235357073e+01
4.136935310020930956e+00
-2.286309039463674253e-01
1.938477056424082434e+01
-2.050191404227280145e+01
4.591606594370807670e+01
4.060664059616212285e+01
-2.307234314826257560e+01
8.879589569098527591e+00
3.870386140742081693e+01
-1.137577692484163094e+01
9.657675619468477635e+00
2.085405297541775127e+01
2.242593382391416412e+01
-4.225174092682883042e+01
-5.694417775671126947e+00
-1.695775659313005690e+01
-1.696633238740247407e+00
-4.392409610735313663e+00
9.705888469766250637e-01
-6.903071670041299512e+00
-1.758674380424599804e+01
7.300606203617448386e+00
3.802712202652031692e+00
2.934671958901258648e+01
-2.422057618981783378e+01
2.414052624054750140e+01
2.612036493824260219e+01
-6.892946220397760726e+00
4.507093878529649089e+01
-3.765687244207944673e+01
-5.702616325267831598e+01
-4.787367207052934504e+00
-4.399850669434783867e+00
-6.728920369235424914e-01
4.423482952285458225e+01
-2.704183706349148508e+00
2.368801978023751076e+01
2.971110378501300886e+01
2.066543052560462002e+01
-6.382337065748515670e+00
3.295283832055952189e+01
-8.791213566574484162e+00
-1.959888217185550729e+01
-2.263487600708126024e+01
5.989069489951099001e+00
1.953425236801919596e+01
-7.343289510262280828e-01
1.924357921155279882e+01
3.036853708744331470e-01
3.351261454748866697e+01
9.567506219575165005e+00
4.993989250729434559e+00
-2.092022736963940588e+00
1.780821735850233267e+01
2.074859598066518629e+01
9.512172379531364186e+00
-9.815439057146306823e-01
-3.040416985362303848e+01
1.609158533799327273e+01
1.050964592971325828e+01
1.963108155759142903e+01
1.555640489072992239e+01
1.997461596383671889e+01
-4.780710235494467497e+00
1.722378724525901816e+01
-1.484217350920744138e+01
-3.808395941584876709e-01
-2.994140795533255073e+01
-1.696840281715631704e+01
2.221353338776736308e+01
-4.978348935015931431e+01
1.465347292822181657e+01
8.767762931861227571e+00
4.587272679039190848e+01
-1.044984261213241439e+01
1.842214494679083003e+01
-5.498199791476736209e+00
-2.675437423176451546e+01
-3.753427940468122870e+01
-6.466990815084535882e+00
-4.883156488023772823e+01
6.489477189092553999e+00
-1.097730115869267564e+01
1.703912694699332064e+01
1.302080156496361951e+01
-1.578176422713380589e+01
-1.615934998045054272e+01
2.260684665684576800e+01
-3.398840267365987700e+01
-6.745719082064454142e+00
-1.045378319440789738e+01
1.511232970662605624e+01
5.280985490296359330e-01
1.487413819451830932e+00
-1.042808127257688966e+01
3.026446822737267439e+01
-3.062433776347495495e+01
3.758517624956709824e+00
3.326099357761492570e+01
-2.032187389276236900e+01
1.712948102375989379e+00
-1.441021787139789012e-01
-3.593930493066487486e+01
-2.208639927655440260e+01
-2.745459230704529574e+00
1.558660635975071074e+01
1.822478745545518564e+01
3.381691966678999961e+00
-5.324854356764319618e+00
9.826671338705267544e+00
-2.347668359938072058e+01
-1.087579774873802307e+00
-2.864176821741793333e+01
-1.541703909378065873e+01
2.684029460854370086e+01
-1.575355724687739212e+01
3.746944356213103333e+01
-1.327814945253433621e+01
1.807516747871166274e+01
1.394658745477547512e+01
-3.501026037236914590e+01
-1.385648806727982674e+01
4.823540670931379282e+00
-2.307210375198488350e+01
-2.079201093949783541e+01
-4.822373861847643184e+01
-2.983740143727197847e+01
-2.819450339311046605e+01
-2.424975250323919340e+01
4.557188151054845093e-01
1.004717131675690212e+01
3.771873670933558742e+00
1.343873035877367528e+01
-3.133606959999738706e+01
8.430022841439324566e+00
1.490621826604564149e+01
-3.716878140161595212e+01
-3.433690901083909353e+01
-2.331373041696144810e+01
-1.500676063072253896e+01
8.966268922056485735e+00
-7.242633011666725906e-01
-2.323589091585327537e+01
1.652874438504630916e+01
-1.317858011334456592e+01
2.770646406650789118e+01
-4.910454664833557104e+01
3.492386608547421645e+01
-4.987736463971423007e+00
-2.211755941171212214e+01
-1.380906229540679675e+01
1.041775225833497132e+00
2.468183564963295495e+01
-4.068207959744364643e+01
-6.515120741675829663e+00
-1.117885965166935591e+01
2.467640032643501513e+01
4.610816965783340748e+01
-5.483066796915949226e+01
5.128483117777358302e+01
2.291983724715572635e+01
-4.115303823513821158e+01
-1.761422145642022485e+01
4.369934513718555991e+01
3.277082200371967247e+01
-1.148859047518743637e+01
-3.226639977538809489e+00
7.897528735198363847e+00
4.115898791260138978e+01
-3.130354327426392302e+01
6.994595834919010713e+00
-4.608572319710269483e+00
1.504444560301061529e+01
-4.003396782452159641e+01
-1.826727139651932674e+00
-1.676841282830049451e+01
2.633247411850388175e+01
2.321607132342118973e+01
-4.815033916851336926e+01
-2.634556449788429688e+01
-1.190200169368125671e+01
-2.347539709494990490e+01
-6.422287765336804455e+00
-1.120308231361788387e+01
2.479172937212820216e+01
2.316037442619241915e+01
-1.164748728908307385e+00
-2.532462890575177283e+01
-4.690654248425948936e+01
2.622151010231465307e+01
-2.707750167458011248e+01
-2.006655850696694188e+01
3.265122673473520365e+00
-1.980785411009581054e+01
-2.154605449181840982e+01
-1.578614765348926596e+01
-2.640679153942318180e+01
-1.429489214713476031e+01
-2.864559367208272533e+01
3.083739827126551347e+01
3.384970295461774015e+01
-3.640017607803599731e+00
-1.209223674172000074e+01
-2.494845155667348990e-01
2.508217582384457955e+01
-4.738031892666927547e+01
-1.094626563922497553e+01
2.711994171939289799e+01
3.910987755490904760e+01
-9.254682390403075942e+00
5.451516921267852922e+00
3.026143326499132513e+01
9.151800596515158759e+00
-5.460735450282356851e-01
-2.454849822693660144e+01
1.114535951495696509e+01
-1.912315402201090819e+01
-5.776318790138333270e+00
-1.071066164756615535e+01
-9.073173847543131387e+00
1.250545440487101700e+01
4.360379172642632994e+01
-1.310703833189862166e+00
1.885865493176993368e+00
-5.020288568812772212e+01
-1.044658396454371996e+01
-1.982967147320104573e+01
-1.168880919697983245e-01
-2.590234639727344756e+01
4.704750659381107880e+01
4.472900508332799063e+01
7.714713905093063318e+00
-1.089286530306270606e+01
9.169282456856606700e+00
1.135952021767693054e+01
-2.631830449133004635e+01
-4.653340084431533796e+00
1.046907606851294759e+01
7.342980145781865531e+00
3.040165032686388713e+01
2.229162992754814354e+01
-1.167882925647685965e+01
1.435165537914490130e+01
-5.469859401208535132e+01
-6.618794517678026068e-01
4.810732569090538391e+01
6.563756165826561073e+00
-1.158966802761142389e+00
1.687049717840415042e+01
-1.581918769687697868e+01
4.958391579348122491e+01
-9.173607021914691018e+00
4.437183944181899165e+01
2.161664485767233401e+01
-2.233718389132900484e+01
1.785713617388579166e+01
-1.688793210121914967e+01
-3.991615700369595743e+01
-3.556503967706220237e+00
-3.073079598054756900e+01
-2.900693418513850474e+01
-2.732962659088158830e+00
1.994601418625580891e+01
-5.361513167988547934e+00
-1.726916535635115224e+01
4.960495658770526006e+00
-3.821429088336731184e+01
-3.894389220346482716e+00
-4.579157793533659060e+01
2.692759960547259368e+01
-6.406099664606159649e-01
-2.757166321172938694e+01
-9.149027137715563640e+00
1.022322502786795440e+01
-1.953148492262658209e+01
-2.520799764980316127e+01
5.210729694704106407e+01
-1.335935241407457852e+01
-2.223081229388958491e+01
1.507923692206635025e+01
-9.762531615968747190e+00
3.021824649878576352e+01
-2.543687096914538870e+00
3.856085703462596825e+00
5.972733574508362153e+01
-6.873879412219963569e+00
-2.025408631065377563e+01
-2.378870379087152287e+01
-2.810886503300190498e+01
-1.890160501618697708e+01
1.497260862817296356e+01
1.500310445434234907e+01
1.229604358893087834e+01
4.063127411359113239e+01
1.831583570498708013e+00
1.156350262160580655e+01
-3.515718678053403323e+01
1.489909348111154941e+00
-1.028450044249444773e+01
-1.474172063816706668e+01
-1.924228602245818820e+00
1.863888536353670133e+01
2.113518291858747489e+01
-3.739478747300619688e-01
6.753221906233136451e+00
1.524691318069752555e+01
1.928716554919965631e+01
-1.354616606656357192e+01
-7.005259798759368550e+00
3.805450801475558364e-01
-1.276928886020237996e+01
-2.787124838745569377e+00
-1.985971465854856888e+01
4.394043711656181017e+01
3.559608769549595308e+01
-9.022813169521668897e+00
8.872276544947851562e+00
-2.562716261182005795e+00
-1.660870927518936924e+01
1.975024495769000765e+01
-5.283929638694075948e+00
2.215390269204175411e+01
-2.900688744082195925e+01
9.951341582996576562e+00
-5.505942303667893611e+00
-2.983475656507982876e+01
-1.352244490243163000e+01
1.481444400788931404e+01
-5.056734659080393612e+01
2.384528440686142403e+01
2.582785938433877959e+01
-5.532930481449259474e+00
-3.314908833632429719e+00
-1.761065689540316725e+00
1.383690321324581873e+01
-1.809958854229529379e+01
2.001871871283781346e+01
1.689429718073890285e+01
-5.449387964957321628e+01
-1.962092594388309408e+01
1.317020959090926624e+01
-4.698305493320447113e+00
2.405575676517000261e+01
-3.533492456222461442e+01
-2.970703632898050728e+00
-2.320870738198771477e+01
-7.129720829156764239e+01
4.262508898851815786e+01
-3.234684742754359377e+01
-3.390471516980152700e+01
4.952289115737556813e+00
7.189958622291283064e+01
6.257296592699645998e-01
-1.558135666072897152e+01
-1.742113284327729161e+00
-3.038492074845208890e+00
-4.748555654874465404e+01
-3.397450380903748623e+01
4.541954371862079398e+01
-5.679963008689355775e+00
-2.089659084660782185e+01
2.735583530536621311e+01
-1.989559375245222839e+01
2.046560916301490352e+01
2.953608024794345255e+01
-3.166001039076795109e+01
-1.556492348649504720e+01
-1.927904464753203229e+01
-9.945777537833464521e+00
-9.753300142794834926e+00
-5.757760363482020693e+00
7.918672038598060681e+00
-1.892742248574051445e+01
1.573716749734383313e+01
3.212385366788846142e+01
-4.994160909672025639e+00
-1.130461396255350337e+01
8.084804894591741231e+00
3.105177914705086550e+01
2.893032122247224436e+01
5.434395148470571257e+00
-3.068314870750754153e+00
-4.828709721220803885e+00
-2.814195374222419588e+01
2.132378943743138677e+01
-1.236408659245338981e+01
1.102350845003354607e+01
-7.747867884057200172e+00
1.497084819254672539e+01
1.014467976283944495e+01
-4.463779974581467513e+01
-1.477124267188980866e+01
-4.356739809078014503e+01
-1.976999283767645466e+01
2.933449162179073255e+00
-9.537977488664580505e+00
1.810590030738252665e+01
-1.664631862485211400e+01
2.059349386098723755e+00
5.961834302556439980e+00
3.922170140723170562e+01
1.988340474916971345e+01
-1.675773201713323957e+01
-6.798987331758041819e-01
6.723640587217715847e+00
2.125842293465539257e+01
1.957119511822611457e-01
3.026376643953267376e+01
1.243819212048897072e+01
5.019432272676397133e+01
1.045685540819448534e+00
3.630074941870677208e+01
-1.497514917331139372e+01
-2.088221716259293004e+01
2.440250201043312472e+00
5.188715090038897415e+00
1.485519808660239960e+01
-7.850730710824393555e+00
-7.578564060346984377e+00
1.437706339291083779e+01
-2.686085864848740812e+01
-3.054774774836070605e+01
4.391355490283223162e+01
-3.300135644627857801e+00
-2.165615682831308675e+01
-2.230871312491977676e+00
-7.461894175813483798e+00
2.357279563366164155e+01
1.832324948478034798e+01
-1.118620302178987913e+01
4.724896340568278674e-01
-1.465067158389916813e+01
-1.955531988824066048e+01
-1.481566336133124651e+01
-5.355393237050412836e+01
5.195717318115100625e-02
-3.565869483084023273e+01
-3.084442920825458856e+01
-2.063334551543175621e+01
1.061121292541673711e+01
-2.018978332903475348e+01
1.280576490343538865e+01
-3.392738877966819189e+01
5.882281515687850515e-01
-2.294043938101003022e+01
4.758021627826749977e+00
6.235935161395822490e+00
1.849163008637560779e+01
-1.162945357194845997e+01
-8.828334291788280552e+00
1.637124731229752328e+01
3.281723807263945503e+01
1.819719455714758283e+01
4.594180430326787246e+00
-3.973657318460489307e+01
-9.434661560970084793e+00
-1.751563795968411341e+01
-3.346053341121773883e+01
2.238653845311847590e+01
-2.011360438743918166e+01
-1.812098686928095503e+00
-1.554274791752203555e+01
-5.524192139145969804e+01
2.863704874370614561e+01
-9.749341485587535772e+00
2.245166317018339441e+01
-3.954080021674968748e+01
3.734809911901203350e+01
2.035320685672047603e+00
-1.594420219605499867e+01
4.781824051459210523e+00
-1.152614289584516882e+01
-3.629650537871697225e+01
7.999889043932697064e+00
1.975306930237158554e+01
9.710802203387061127e-01
-2.007771407948513342e+01
-9.076855480668484688e+00
9.713910067709520035e+00
1.767894034457071939e+01
3.491033825637180854e+01
1.311403602475587604e+01
-1.286903377511956137e+01
5.287608187442228314e+01
1.327815003351518541e+01
2.351174457651032412e+01
-1.012712066814435730e+01
1.549668051930049728e+01
1.085737741276486190e+01
-3.434322884935545517e+01
-1.142288760991114316e+01
-2.266352016211065745e+01
-2.044571573378323137e+01
-6.700286285682580001e+00
-7.685774607524308522e+00
-2.337568126170643268e+01
-6.137588829685972769e+01
-1.600640062195829927e+01
6.901949865599476652e+00
5.056027623805164239e+00
7.701155591259606581e+00
2.570076021543076195e+01
7.767605027489945968e+00
1.800373539836965620e+01
-2.305265271937068405e+01
2.533127789663774365e+01
-2.519785871180550885e+01
-3.984872330012052544e+01
1.217472100409349878e+01
-2.392708484984154893e+01
-2.173790887600218014e+01
-8.781704183383081386e+01
-6.421729902533627410e+00
4.517617832711232495e+01
2.348274943979576790e+01
-5.674254598704521868e+00
-7.659336568263000800e+00
2.092149798297464258e+01
3.685675267596090521e+01
-2.306173161625133616e+01
-5.959414323040164163e+00
-1.885458838171251728e+01
-1.945290141436322529e+01
-1.702309881819075343e+01
7.011390933218358157e+00
3.918799814720398444e+01
-3.611685855533420408e+01
-3.108470110633840022e+01
1.824285268483976097e+00
-5.896630535249869354e+00
-7.368909228487826368e+00
-4.996237133631541383e+01
3.485727089754075791e+01
1.328566194940867717e+01
5.213413995810313395e+00
2.681035010219798664e+01
-1.817817993775879160e+01
1.713637205387304618e+01
1.540178697039266353e+01
2.013429501015338019e+00
-3.365253228834259147e+00
4.887826056163863342e+00
-8.755443148029176115e+00
2.810997439546191856e+01
-2.218515184326852818e+01
2.386688290954595004e+01
5.340617292963656837e+00
8.000975980001072685e+00
1.260661769148003941e+01
-4.820752799747768336e+01
4.674432253796709347e+00
-3.712742460944664913e+01
-2.713852975179650429e+01
-2.714209656487408040e+01
-2.766205729618340570e+01
2.863380775838777481e-01
9.289787456826928747e+00
2.759886084394145200e+01
4.791766274390109714e+00
7.966895781326844173e+00
-3.889864935986071259e+01
-1.412417015791320551e+01
1.886051932582410018e+01
-1.124357319751666751e+00
-2.334880285337703754e-02
-4.915089598032750473e+00
1.940166031217330556e+01
-5.056721577887500985e+01
6.233325092289771163e+00
1.121910360781018312e+01
2.396082350282109985e+01
2.048678626964917981e+01
-3.134869239857890477e+01
6.232812799262120507e+00
3.236409000298408500e+00
2.614864878794179504e+00
3.303042194519917985e+00
-1.043119802567716192e+01
-1.953096886430864743e+01
1.048831766452849479e+01
3.331285591673065483e+01
-2.760773145969835696e+00
6.402426613416821510e+00
9.426489562668621147e+00
-1.420488522336795256e+01
-1.504894520510526945e+01
-6.610339151749107600e+01
-2.043575351434775200e+01
-3.024221567102402730e+01
-3.698600091387817201e+00
-3.739261405835276264e+01
4.157800644842578208e+01
-1.733331306371508163e+01
-2.969666722123943714e+01
-8.565981550034177872e+01
3.679539078022165199e+01
7.387354272231704044e+00
3.381501319935367178e+00
-3.471282525918257988e+01
4.899737601980746149e+00
-1.105287479604422174e+01
-1.815102262066780270e+01
6.490716703732411830e+00
1.869830883109676734e+01
4.054003192756418628e+00
-1.177988960293720311e+01
-1.319466055634848090e-01
1.539598258289800015e+00
8.709430896883873174e+00
-3.517222530117773971e+01
3.995783526649719875e+01
-2.374306965514262657e+01
-1.658478977864825765e+01
-2.711210270285528168e+01
-5.758437220302634785e+01
4.991568046536997372e+00
-2.898935157756190506e+01
-1.054112941820361016e+01
1.806156273674679369e+01
-1.432237630008054907e+01
-1.906225680139982614e+00
-6.512403235642722166e+00
-1.110810769449142299e+01
1.764327891267619464e+00
3.004533998381097604e+01
-2.782731612146191935e+01
5.507917577765982742e+01
-1.252501738059174841e+01
1.849987537536075877e+01
-7.610587639847445018e+00
6.296327695030402793e+00
-6.016716117721756518e+00
2.426784807850407333e+01
3.391654191190920642e+01
1.060100994204739777e+01
2.547362521946316605e+01
-1.970794372910008008e+01
-3.667391253038147170e+00
-1.233456944931168664e+01
3.799834849808516424e+01
3.188617707805883583e+01
2.409854121666933224e+01
-8.508920634917785719e+00
-1.539949821868555091e+01
1.376720823803451310e+01
-1.555170337345387566e+01
-6.867837230881093546e+00
-3.187586331133118733e+00
-1.632230154376564712e+01
2.748349018654980114e+01
-4.556675175413715806e+00
2.100032408361602876e+01
1.082680750440752426e+01
9.557421177315248428e+00
-1.829496072642058380e+01
1.464435209749797195e+01
-1.013277892205269382e+01
-6.528792287077266110e+00
-1.734598571793185329e+00
-2.660546628317979412e+01
4.123422614907701700e+01
-1.472152583782332513e+01
-1.776795198579264934e+00
1.231310989909378861e+01
1.063482116733800353e+01
4.100173437692450307e+01
-9.506921229393299200e+00
4.167784854763166891e+01
3.739408148936216492e+01
-5.181024854319070982e+01
2.800485048361096574e+00
-1.026339254401916889e+01
8.681861822943190532e+00
3.285962619406348040e+00
1.099545790103388754e+01
3.446480163186500079e+01
5.401861529778828697e+01
-4.154132559584309092e+01
4.182668460466413762e+01
-5.415651503319368487e+01
-4.492293190991832574e+01
-7.993124027505558615e+00
3.867692115943555109e-02
4.027736890477152087e+01
1.978707046342253761e+01
-6.646531783444771690e+00
-4.934706256252108858e+01
3.905161965278732339e+01
-2.309186974948477200e+01
1.000742373954949471e+00
-3.951748734835547339e+00
6.962963971552548514e+01
-1.401094889884777217e+01
-5.905146999226053595e+01
1.732351636230276881e+01
-8.997645822529310067e+01
6.361965190812469473e+00
-2.017211787338982276e+01
-1.018888411252804005e+01
-1.501028821074147857e+01
-3.233155353141884802e+01
2.116371560289453413e+01
-2.102830856396391113e+01
-6.494988739583106963e+00
-4.363147598642629532e+01
-2.416006488746631931e+00
-2.892068429543037666e+01
-4.125500743785624991e+01
-6.283302352959003656e+01
5.071472536075361859e+00
-1.969071044576142526e+01
3.466403702724790037e+00
-7.803415340901153741e+00
-4.493828216305354317e+01
-3.595401100703105612e+01
-3.016088936909591212e+01
-3.135516624344762704e+01
2.947240088816575110e+01
2.814776784325999870e+00
-2.756308269761412078e+01
-1.200474367571456469e+01
-1.357788577589545298e+01
2.226230673374206503e+01
-1.718128889389351954e+01
-4.233353320875561820e+00
-1.552318891825478886e+01
-1.975389673619561393e+01
-2.238382526462663691e+01
2.041971319931749917e+01
-8.605494925716755006e+00
-5.122259473610407099e+01
4.263388688317598962e+01
2.434321629992858504e+01
1.452086836025841876e+00
-4.320244829950939902e+01
-4.142264592109864907e+01
3.806517062258819806e+00
3.905322702553917225e-01
-1.750361507700813490e+01
-2.532757141799341127e+01
1.735764221541614916e+01
-3.057693762068851129e+00
1.456332205311315420e+01
2.712012869831204398e+01
1.755840840564678729e+01
1.768453386775411218e+01
1.323054528464421864e+01
-1.155284598136543650e+01
-8.248851677670714366e+00
-1.203268960452474090e+01
-2.031966642139582291e+01
-2.364736093922596183e+01
-3.525897815926913381e+01
-2.061122073277101663e+01
-5.645549119757220069e+00
-4.253581835618274454e+01
-7.909636717228522684e+00
2.021858445638452295e+01
-4.370763587427109087e+01
1.647688972855141287e+01
1.487413218268233095e+01
-3.982107997473445948e+01
-3.140769124890329067e+01
-9.500066287144534272e+00
9.736143156242761165e+00
-2.180046723107216167e+01
4.004994204259007518e+01
3.554719620667682989e+01
-4.281150520869931597e+01
2.475773070984996593e+01
1.926000113495084065e+01
4.847711332256153582e+00
1.201187290573760436e+01
-2.372172377585940239e+01
-7.225410091763407650e+00
4.614893522334000409e+00
1.066376084995070528e+01
2.344138947987515564e+01
-2.840204128137071038e+01
-3.321942513247506668e+00
8.290170630940025376e+00
2.985143756285197014e+00
-1.650261780932311240e+01
1.211695780942410750e+01
-1.416271732213235168e+01
-1.139419781304352597e+01
6.393609419600068122e-01
-3.374580477873104201e+01
1.649045019296167425e+00
-9.358265662340784274e+00
-7.675519419942219201e+00
4.670128417593332415e+00
-3.012482886312881192e+01
3.293177234309351320e+01
-1.400061659146456350e+01
-7.399739543299267552e+01
-4.735538108484639963e+01
2.054082191923021128e+01
-2.246964822403853645e+01
-1.043646548590362499e+01
-1.456619190605117353e+01
-1.019364118815139619e+01
-5.593442924193263366e+01
-3.514035534946856387e+00
-3.458343992898710439e+01
-1.914647812556938788e+01
1.177821915841519740e+01
4.369715563536735203e+01
1.572040146410582651e+00
-5.606654991370021435e-01
3.307583494046669159e+01
-3.079006693570005382e+01
1.773989379137955069e+01
4.221242725022563036e+00
-2.647452345178874111e+01
-1.415832460443482432e+01
1.237546460841133467e+01
3.520578905012996529e-01
6.742547286095369685e+00
5.717118169582874998e+00
-1.314922593215180768e+01
-1.804495721120201779e+01
-2.777082896219809527e+01
2.737774769060510494e+01
-3.582679566685060024e+01
-2.660935041642740373e+01
6.912822672901484111e+00
-4.831975354285073365e+01
1.252300110593731119e+01
3.564341702202727902e+01
-4.016310094491430505e+00
6.443398877996330043e+00
-1.600324508954690828e+01
-1.222984739574363289e+01
5.780088529970043965e+00
2.113411100866722592e+01
-2.157798312568651866e+01
1.502151685447775264e+01
-5.878041868269320958e+00
1.726706461086621403e+00
1.288210354184190010e+01
8.284500741740899343e+00
-7.163085595684620444e+00
1.356633047927005009e-01
1.066814999413810483e+01
1.589501633199668618e+01
-3.991004614080645752e+01
1.823000153991756633e+00
2.861225053145438935e+01
-5.131366656873910870e+01
1.687227214459229430e+01
-6.481535334207465837e+01
-5.986112024203739779e+00
-8.236959065529035229e+00
-2.890023588534745613e+00
-6.766791636354213324e+00
-1.395908031424295359e+01
-5.306141020270047193e+00
6.630127619296374064e+00
-1.483349978130704727e+01
6.697768515801641342e+00
4.867242736650987922e+01
-3.367245453445525527e+01
-1.467611427419674897e+01
2.212355460209508351e+01
1.335517471145089985e+01
2.430741986488069273e+01
1.174195234268356103e+01
1.170615507364315988e+01
-8.931872559176923687e+00
-2.724177026438921700e+01
-2.511773575678955694e+01
-1.499147357316601870e+01
2.585882275876173253e+00
-2.345722956991119190e+01
-7.770945850347576567e+00
4.050865629431811499e+00
1.321107754058760975e+01
-5.682783681253454233e+00
3.312195053079378226e+01
-3.211188341370831267e+01
-2.178394393244360572e+00
-1.689514805259667796e+00
1.526258950228481837e+01
-2.176959736905681808e+01
-1.378415265340302653e+01
1.041921165901946189e+01
2.491693485611860126e+01
4.145472260657317065e+01
1.771263721222624099e+01
2.319345559750740904e+01
-1.549721840269029727e+01
3.493981371602069430e+01
3.665087843245439103e+01
-1.406277536380173387e+00
1.893965332096254883e+01
2.089965877656015891e+01
-1.304459700640597930e+01
4.706072063646956849e+00
3.361344102949379931e+01
-1.337194126436375541e+01
-5.068453576498882285e+00
-3.337640501557865491e+01
1.317090830504716337e+01
-7.114479975641032183e+00
1.091516936663151682e+01
3.247212878485399301e+00
-2.205022585606289454e+01
2.522860695841879419e+01
2.221092729211315486e+01
-1.488528800884638770e+01
1.057461558829385240e+01
-3.382622964266511190e+01
-2.939115229632110271e+01
1.369989270133265791e+01
-3.771512141338865831e+01
-1.701709994720812347e+01
2.871127914030012107e+00
4.574542529308303074e+01
-1.410008402685321016e+01
-6.788236284905693196e+00
-9.969056824600727396e+00
6.202412893590343401e+01
7.709396829411922170e+00
-2.384261184630851460e+01
3.920046527202509878e+01
3.470175487616272392e+01
1.737210346235849556e+01
4.155585130554106854e+01
4.755245753155433874e+01
-4.138694627197310183e+00
-1.531275374471923101e+01
-1.604136354388293739e+01
1.598130937806713803e+01
2.076405496938630790e+01
-3.802975901412324333e+00
-1.279114408774026401e+01
-3.378193066155186841e+01
-1.396627982810080937e+01
-2.496973209129794213e+01
1.665137007098675781e+01
9.455795892615071807e+00
3.526240303945576215e+01
4.099862303871447011e+00
-1.302221519015074591e+01
-4.682637208967696196e+00
2.181560360566899703e+01
6.917954985534947809e+00
3.008451727027090783e+01
3.080168136627639797e+01
-6.673982082736216626e+00
-5.979673587315488703e+00
-5.552853463288556668e+01
2.797162233469300929e+01
-6.653968986793188378e-01
2.993620211052596858e+01
-1.195986248349237258e+01
-3.448120780882932479e+01
1.166296782615440186e+01
4.025277465130527332e+01
-1.446297640452557687e+01
3.649093082375230779e+01
-4.019825035317407469e+01
-1.271214144571138149e+01
-4.487082712778970972e+01
1.051764019962860175e+01
4.450717210762888953e+00
2.987250101631758525e+00
-3.431156872670521807e+01
4.998900471300021309e+01
2.990636368205008466e+01
4.871044355705237194e+00
-2.847290229527874317e+01
1.196153530776561524e+01
-1.285832362838999643e+01
-6.839230369478457305e+00
-1.321374088420600401e+01
1.010572092970455316e+01
-7.979371353822102719e+00
-1.111897972346926622e+01
1.147983622389756420e+01
1.428527936321873426e+01
-4.719462926384369439e+01
1.094825451097102587e+01
3.719549599243100602e+01
2.213476492189042233e+01
-5.751114659985413269e+00
8.442303803254631589e-01
-1.932343249926975659e+01
3.194665500931148472e+01
8.576244458653832226e+00
-2.298815327566444466e+00
-4.117513093950094571e+00
5.881777898446850372e+01
-1.760976057433339292e+00
1.341656369423785122e+01
4.108097876019711236e+01
5.290379109115920642e+01
3.419435863307703016e+01
2.229719394508956043e+01
-3.655596119914703479e+01
-2.491189634057994340e+01
1.892605779181678827e+01
3.844890678333911183e+00
1.738361310872193144e+01
8.750228598935478885e+00
3.377337512801665298e+01
-4.252148907601259964e+01
-2.678151528357813049e+01
-6.339599331135389093e+00
-4.695233568113464884e+01
1.049269466014916929e+01
2.418009020019110267e+01
3.738226840229117443e+00
-1.218170674069597226e+01
1.274034081746128777e+01
7.580136356190223523e+01
1.693739492341768482e+01
8.640508437333153324e+00
-2.575098158188981756e+01
-3.285077262162963052e+01
-8.042115094163307276e+00
1.815070752832451717e+01
-3.267690656442084673e+00
1.302515656953189449e+01
1.914075001345315741e+01
-3.126768623946512093e+01
1.430766296337247923e+01
2.423322927923044290e+01
3.090661315196001624e+01
-3.597558541348803374e+00
2.575741038893454515e+00
-5.503001631252828929e+00
-2.648631324782141405e+01
-3.800266492647193672e+01
4.351420386082520508e+01
-4.236772365266077145e+00
-3.026746976878504825e+01
2.975945302812874615e+00
-1.416815389672185432e+01
4.971447038356055259e+01
-1.277798349518332088e+01
-1.962271879575885691e+01
1.904475673000263214e+01
-9.003841596157784011e+00
2.436968224742057032e+01
7.309250494475918458e-01
5.320634009821057475e+01
2.888901607323814957e+01
2.172447548710202625e+00
-2.037410684701752928e+01
1.504086454418975904e+01
-2.949579236477232769e+01
-4.787472696024920538e+00
3.352027899618794038e+01
-1.531337786379526733e+01
-2.456054819534969624e+01
-1.327332835070563988e+01
2.736365606271249362e+01
6.912782889786292628e+00
-4.535366825144355118e+01
1.819876452965618796e+01
5.096662309260182155e+00
5.049263920260813165e+00
-2.755109325690563082e+01
1.571338973051865651e+00
1.848279326560840730e+01
2.620770378465695671e+01
3.608043967200153190e+01
1.579325871045639040e+01
2.135983769431987866e+00
-2.959356335754148404e+01
-2.560412256592749713e+01
-3.778221885453866946e+01
-7.201261720125614829e+00
1.735237210473408709e+01
-1.356502406085262180e+00
2.807395597279685262e+01
-1.790138497815280516e+01
8.973530046121368287e+00
-9.520248709184201630e+00
-1.637323427978222057e+01
3.349602619169635886e+01
3.871931717429248465e+00
3.444931064555999001e+01
2.619032157791707505e+00
1.218796746239964790e+01
-9.832046338679106157e+00
3.325354141835255462e+01
-9.121772072739830151e+00
3.518961896297669867e-01
-4.276642210967565916e+01
-5.252792610489279923e+00
3.915571287331778194e+01
3.499074886768872261e+01
1.475400740739095795e+01
-9.096016025341853606e+00
3.053883264869639902e+00
-1.147984982654851649e+01
-7.595897421831708130e+00
5.065255514616582388e+01
2.744108154049797577e+00
-1.436908807560391210e+01
-5.937754581459973480e+01
-2.602897271966203618e+01
-2.105691259972947194e+01
-3.514672280773811508e+01
-3.183281583621317168e+01
-3.790674538772049118e+01
-2.517222753440824334e+01
-1.743824010760368992e+01
-2.711552251902114108e+01
2.572570121186338099e+01
-1.140680257698630840e+01
-4.844467432841076970e+01
2.204190352259874430e+01
-1.669127428242309819e+01
-4.454375024341904066e+01
5.326342185879229874e+01
-1.428453279994524294e+01
9.412211930063875798e+00
2.199011006076631247e+01
4.929159641746196030e+00
1.462039777785810202e+01
1.784710339186389660e+00
1.043818979825701376e-01
-8.157404142088623189e+00
-4.142522666771932904e+01
6.542223326406372053e+00
-6.843833603858456627e+01
3.898178964170237748e+01
-2.340101062578060009e+01
-9.718086065112089500e+00
-1.001041420510046009e+01
8.230387712128839794e+00
-9.386304201981729989e+00
1.483103879071650510e+01
-3.036673174906840700e+01
1.968179479046474967e+01
2.373344318372312500e+01
5.744284547155800169e+00
6.305113138183799038e+00
1.188288734401986346e+01
5.010728864676821104e+00
1.517060472239560909e+01
-4.384103356357798020e+00
-3.866727572394312062e+01
5.269095730665270594e+00
-1.363052435045119637e+01
-2.997338949370629280e+00
3.043135224930517779e+01
-4.421714663289618130e+01
7.813996002060150659e-01
1.159167699293305986e+00
5.045595128223737902e+00
1.725830238928661231e+01
-6.697134436592385498e+00
4.575900486665540257e+01
2.426578567504661521e+01
-8.463405102247996581e+00
-4.142952029883815612e+00
2.079139443883278204e+00
4.241272001973345596e+01
-2.919126949669089299e+01
-5.679485951305508706e+01
1.699685327846603400e+01
-6.773239523660436134e+00
-9.234762041235740071e+00
9.114190065795270357e+00
4.192785152808843918e+01
2.448821084777458168e+01
-8.844484768600153757e+00
-2.902499202000859668e+01
-4.703417500843571020e+00
1.559714990078483865e+01
-8.445652631873343807e+00
-4.122398011066331946e+01
-3.366335694675882451e+00
-5.272284758253978509e+01
-2.806888635665532661e+01
4.541875609632685951e+01
-2.884377948041542084e+01
-3.781069375817949663e+01
-2.853097255519669062e+01
-2.045101183924973043e+01
2.006041797906888746e+01
4.670529413302510591e+01
-3.671685735666216033e+00
1.433153764403303398e+01
-1.179413674342751506e+01
-3.856511542179168828e+01
2.603494218901626311e+01
-2.619044047053915847e+01
1.447447352947548893e+01
1.773989350816538746e+01
-5.890785914305070037e+00
2.094953077958936660e+01
2.288326871943271357e+01
6.306234609146403614e+01
-6.601538179365604719e+00
-2.877330291384345173e+01
-3.494409504698694491e+01
-9.529961312141473684e+00
-1.863169318167444999e+01
5.256516450787967187e+01
-2.439235811928330122e+01
6.424384121967447570e+00
2.718701107000384809e+00
-1.225087624105328388e+01
-4.726954232539100076e+01
-3.484039159076132819e+00
5.486596579374938187e+01
9.659495734289713198e+00
4.176806631202936160e+00
-3.218360562237516831e+01
-3.202536446984629492e+01
-7.829243124305527601e+00
2.560197032354176372e+01
-1.415265842371641725e+01
5.726773667237753784e+01
-2.698675568072135889e+01
1.046968300451641198e+01
-7.620738229147207221e+00
-3.614140978534931037e+01
2.397099760828069748e+00
-2.854683003439106415e+01
-4.116423606882472086e+01
6.191426431121726637e+00
1.058581726444487003e+00
2.913476259409046065e+01
1.315159826298575751e+01
-1.871950280528145072e+01
1.197619496078004886e+01
-4.876640139702908527e+01
-2.666205507380118434e+01
4.969166727785307813e+01
4.610440056539111708e+00
-5.916167351729711754e+00
-1.660044847305013604e+01
-2.456735344452113168e+00
-5.515536033410228356e+00
4.962765334957271079e+01
2.320979404760508658e+01
-6.592169134675486930e+00
-1.948929239827862148e+00
-2.191077472669761050e+01
-8.740665127302207793e+00
-3.509278551195768614e+01
2.751817502739410770e+01
3.891540716163987668e+00
5.742825282429350864e+00
1.000310058977711947e+01
-4.443867747177801419e+00
-1.145325581886829980e+01
3.035453618548328514e+00
-6.029727445048195023e+01
-8.657002431006276311e+00
-5.727413749537674903e+00
-4.314381798936899770e+00
2.682758086034259293e+01
3.624363806518942255e+01
9.644689572468450933e+00
-5.305845486418475332e+01
3.465453015395007696e+01
-1.191580628962012156e+01
-2.086034619347933017e+01
-4.858482605535295562e+01
-1.676525049076619212e+01
3.463194174157796823e+01
1.701110000708780490e+01
5.580372705567555158e+00
1.876548364584789397e+01
-3.252658621726365595e+01
-2.593162856526184612e+01
3.140694581747922598e+01
2.166140297051887842e+01
2.676402739646846385e+01
2.757573523630355794e+00
4.703760170287125675e+00
3.038056601664874279e+01
5.377920010434255005e+01
-1.162349402371417995e+01
2.145541642378350389e+01
-1.444712887445894012e+01
-2.442516235366635158e+01
-1.931751195309738023e+01
-1.942613115011400282e+01
-8.076951423343984970e+00
-2.649347811388230411e+01
-1.090224113558431895e+01
-7.562278838239178924e+01
1.890557344905056425e+01
1.231895992202446166e+01
-2.655676855314041518e+00
-2.163110076707238250e+01
-1.029507295000095723e+01
-3.058481251952832736e+01
5.482939178695858118e+00
4.487572231745292584e+01
-1.230743574507334870e+01
-9.398004606907264247e+00
1.169571312123019879e+01
-2.845533984901273072e+01
4.711590638872635139e+01
8.172225553250370922e+00
7.781432759014478506e+00
2.753300901054632277e+01
-1.386805594748608428e+00
3.114543306066894957e+01
1.052955443086418086e+01
-2.187089610128410300e+00
4.541447091438925554e+00
-3.527096770892683253e+00
3.682809804330702264e+01
4.790984309603771862e+00
1.010292656193675498e+01
-6.476378988275257598e+00
7.833707989175451303e+00
-5.132466869590166425e+01
-1.956846731913350368e+01
-2.713920859709071465e+01
2.635670269303381019e+01
-1.778686182551305706e+01
-3.340081889601020748e+01
3.218278105411576462e+01
-6.762880491219576129e+00
2.252032769483440688e+01
-5.008842694913391824e+01
1.031239240323366424e+01
2.887877366718086591e+00
3.418051382174724040e+00
-6.475531217886356217e+00
-4.052829235481056003e+00
2.821898901286534311e+01
1.005379397591070756e+00
-2.822600667070074110e+01
-1.041064195225412448e+01
1.224262789360696502e+01
-6.390691274059115301e+01
-4.887398181828200450e+01
7.121933418127071036e-01
7.808480092127773275e+00
-2.610325354907461559e+01
-1.067965467283670478e+00
5.840403597924688484e+01
1.552145947345354671e+01
-2.988427318937880273e+01
5.197611978589719683e+00
-5.151440248796980370e+00
6.948009705150568038e+00
-1.977191513383320398e+01
1.222168643005023370e+01
1.461615932297871723e+01
-3.835739011498844775e+00
6.190977313688357242e+01
-4.387478313365278382e+00
-1.751934628445479802e+01
1.319830862458530873e+01
2.381433881098519123e+01
-1.872678921455528211e+01
-1.018203174564717983e+00
5.428530358414471380e+01
-1.557396677910503513e+00
3.260104041664962438e+01
8.101657022740255343e+00
-3.865390254123475700e+00
-1.260769863432165039e+01
2.893882129056534325e+01
-3.096758559542902134e+01
-5.745099795170602874e-01
-1.008415263175851351e+01
-2.199277559280053396e+01
8.340951902452037103e+00
1.474322787275875157e+01
2.414212290279863282e+00
-2.135213309741743615e-01
-2.205887865130728187e+01
8.974483611427061192e+00
-1.827454183319218828e+00
-1.255002561799117444e+01
-1.116473306786738817e+01
9.135796256746658628e+00
-2.073958402268488044e+00
-2.095389621039939243e+01
-6.042804552218134972e+01
5.819778971046943639e+00
1.069261176093330334e+01
-2.687912191284014796e+01
-1.323015408257379022e+01
4.583260671429552247e+01
6.226490926667906933e+00
2.185788234071077341e+01
4.786581011014746423e+00
2.208032101652067070e+01
3.188801906299175926e+00
-2.157857844894269306e+01
-6.043096470705648926e+00
3.016363689528901659e+00
1.745212249792311354e+01
4.178217496894288274e+01
2.726833191990812111e+01
1.687236363794426097e+00
9.487755702465278773e+00
3.357565456141333016e+01
1.464165015247104407e+01
-3.840588933363690671e+01
-1.529263642075341068e+01
6.179333791549083799e+00
4.721470204960098727e+00
1.366761176654375021e+01
-2.870871978468531438e+01
3.909012270903552633e+00
2.399309084286993254e+01
2.651692892708835103e+01
-2.383479727814909666e+01
1.936879946634917360e-02
-1.240759252953466785e+00
-9.421272686270754093e+00
-1.575016138445410974e+01
-8.588977472772597821e+00
-4.883855150070516515e+00
5.614632914070568859e+00
2.345926998512909734e+01
-1.712381544856891935e+01
4.486925728675294067e+01
1.818682232934418153e+01
1.488575611952143163e+01
1.963246485784643980e+01
1.502787662467659047e+01
2.017489144247250366e+01
3.033479266260363261e+01
-2.524124926838916139e+01
3.452320674660772681e+01
-6.327564051643042831e+01
1.755625440242068791e+01
-5.928846245414905525e+01
4.629004796182385917e+01
4.178986444820186819e+01
-5.218439789763039016e+00
-2.671437068971050621e+01
-2.353894178792870662e+01
-3.051452564016037172e+01
-3.513511472774789013e+01
3.139466806143258282e+01
2.331982572403212828e+01
1.325650252725719724e+01
1.569656790499851695e+01
2.480231586679400380e+01
-2.172704143769965413e+01
-9.842702906023390597e+00
3.059388238173492880e+01
-7.247404684514833662e+00
2.962375907168349443e+01
4.130775575744668515e+01
-3.210988463174361485e+00
-4.061406788259847644e+01
2.776419907435126788e+00
-1.452239240878279602e+00
-5.654629264800632882e+00
4.271626654946203416e-02
-3.615171801534393126e+01
-6.970798921994017405e+00
4.897969041140438407e+00
7.394100272570724997e+00
2.709834324811473039e+01
-2.369065948806928645e+01
3.089741883745523410e+01
-2.213310492035310517e+01
1.423436575896221257e+01
2.238576571329972609e+01
