---------------------
  #    meV     cm^-1
---------------------
  0    3.2      25.5
  1   14.3     115.1
  2   15.5     125.2
  3   16.7     135.0
  4   24.6     198.6
  5   27.6     222.9
  6   28.6     230.6
  7   32.1     258.9
  8   41.0     330.8
  9   43.2     348.7
 10   47.6     384.1
 11   64.8     522.8
 12  133.7    1078.2
 13  141.6    1142.2
 14  160.4    1293.3
 15  175.4    1415.1
 16  197.0    1588.5
 17  344.1    2775.2
 18  412.7    3328.7
 19  462.6    3731.4
 20  477.7    3852.6
---------------------
Zero-point energy: 1.432 eV
