-3.541061844841239292e+01
-2.041525188650155087e+00
-7.305555796219579179e+00
2.456220037627241481e+01
-1.217266689281390768e+01
-9.408228333235769014e+00
-2.460841485087877345e+01
-5.141766365934527983e+01
-2.193872356860693174e+01
-2.307387598581647126e+01
-2.138117943477348604e+01
4.319181191055687208e+00
2.028711855315350476e+00
-1.094924314433200152e+00
1.778521754936377874e+00
2.705531570663185903e+01
-1.045819947930390015e+01
-7.362724215610839451e+00
1.196130891999115420e+01
-6.323621991952037291e+01
3.167445229539335116e+01
-1.355233712207069630e+01
-2.475869388178940866e+00
-5.726753468094997856e+00
-9.484270297868420130e-01
-2.216455470170828335e+00
4.906728473501803478e+01
-1.528655547600716602e+01
-4.138077143645602973e+00
-3.099911516431367886e+01
4.007913153136939854e+01
-4.433981351418168515e+00
-2.182165256326572944e+01
1.146030691844737248e+01
-2.093401932421443234e+00
1.328467917495044048e+01
-5.524713225908612912e-01
2.772038499167436498e+00
1.930621989951406192e+01
-5.584078577609218996e+01
3.111629553687032512e+01
8.283523100401339434e+00
-6.395471481426397986e+00
-1.785116813923849577e+01
7.043085186444585588e+00
-1.115997608627839099e+01
2.544063504522819130e+01
2.030634637231446504e+01
-1.308040137145599147e+01
-1.671436058951053383e+01
-1.762066556933876882e+01
-2.124229551633791857e+01
1.078407813933506532e+01
-2.769194516056370503e+01
8.489224857771205279e+00
3.533603126037050401e+01
4.073048279799691329e+01
1.897973145395542360e+01
8.527505860486442657e+00
1.772087278608455563e+01
5.197998863220811927e+01
8.801855741872998351e+00
-3.049675561799255519e+01
-6.167274135213176578e+00
-1.440525870026698385e+01
3.397768306897928881e+01
-4.028305124448738184e+01
-3.501847575218920383e+01
-1.785299481562556423e+01
-1.000465605290287385e+01
-2.288623451162618494e+01
1.603916391532142427e+01
5.328686103745440050e+00
7.991641109717704694e+00
-2.211691465938117673e+01
-1.938350342207039034e+01
-3.340070458962133415e+01
1.841313925914170113e+01
-1.914887653138796964e+01
1.729339789599272592e+01
-5.495046873712351676e+00
-1.522505898742574004e+01
-2.930281297539526975e+01
-8.675095217471721298e+00
-6.255194102668212963e+00
-7.057225871379685600e+00
2.285043636641595199e+01
4.278146643204701149e+01
-2.516358055948440864e+01
-4.390952510101834605e+01
-1.100029234993029092e+01
6.077837824148105028e+01
-3.312386866193165247e+01
1.828481943470325177e+01
-6.651622668289576268e+00
-3.411719589167424260e+01
1.413789542898970808e+01
1.997418409282371954e+01
-9.831339344339568243e+00
1.870261488176618059e+01
-1.371705401433951010e+01
-3.197097851233928623e+01
5.368101209670226126e+01
2.557322093527341167e+01
1.449074202923114285e+01
8.016235182106413504e+00
1.522929677123200065e+01
4.619855864942363155e+01
-1.509890305236013752e+01
3.397905352221719966e+00
-7.738125376563868940e+01
9.045553681903001575e+00
-3.789067989630031263e+01
7.938762367732181247e+00
1.248509912017676982e+01
-2.040663321103676253e+01
-2.896709942632429602e+01
1.222577360669447444e+00
-1.721572593966263298e+01
2.186052652915645922e+01
-2.836823710943971832e+01
-3.143688718822147621e+00
-2.059481375699928662e+01
-1.998850564467630875e+00
1.125813865487060639e+00
1.272004953311903819e+01
4.203920204373616798e-01
-2.975781027703988002e+00
3.642112001143931366e+01
5.156371079137305458e+01
2.783107387445347314e+01
4.025044711012694165e+01
-6.651739619061991959e+00
5.659201928635184231e+00
3.011067305182666587e+01
-5.077846218066213169e-01
-4.308680384997606438e+01
-2.310066759571330053e+01
-2.869779008035150980e+01
-1.570306408307778412e+01
1.619964361473375902e+01
-6.731398986502296111e+01
-9.439074985936485973e+00
2.511442588957851285e+01
-2.126192411371340540e+01
-1.764392241855466636e+01
3.375083152975054190e+01
2.526232190018689039e+01
-1.874321559934321613e+01
1.576310572725486736e+01
-1.439269160696177607e+01
1.939278762579741411e+01
1.943192069994438498e+00
7.511351356705191051e+00
-4.835827236408495367e+01
-2.683703364780036082e+01
-4.936929219235764776e+00
-9.390508213454866748e-01
-2.318321851646305731e+01
6.163010139392167730e+01
-9.873525475041390109e+00
-1.827242705060766070e+01
2.023229045186417352e+01
-2.605419941407866702e+01
-2.075082501397953649e+01
1.849866549143882821e+01
7.226749661048238238e+00
8.669245026387102371e+00
8.888419819458960092e+00
-6.254802076837933100e+00
9.017325841213306603e+00
3.307915757177316607e+01
-1.503944171178412148e+01
1.089664162166070582e+01
5.158731635021138828e+01
1.852016505903780796e+01
-4.284824302181220901e+00
-1.158480485687304906e+01
8.829496652960338565e+01
-1.211210387306567782e+01
2.125792362236046529e+01
1.471046630162771862e+01
1.670391025053204714e+01
5.018496351265923749e+01
2.715286217412199221e+01
-1.559644437286946683e+00
1.372895531510226874e+01
2.783906053823915272e+01
2.044295387981503609e+01
-3.305612096524453136e+01
5.343676192009490933e+01
-4.762617036865893283e+01
-6.980622139215967081e+00
3.123437677356479014e+01
8.463061169252078741e+00
4.208974120931202378e+00
1.609386216083494503e+01
1.264551045622528136e+01
1.952280278118166734e+01
-3.547114779329575640e+01
2.250049919811431209e+00
-1.505305971250265884e+01
-3.784218377020124535e+00
-2.481146616521243686e+00
-6.085290500950591763e+00
-3.264720227734642322e+00
4.752190712177602450e+01
-4.778297565186491624e+00
-1.476425576089603453e+01
-1.457833302651543761e+00
7.368202827577249536e+00
-3.381581999303112696e+01
-2.898951515054883998e+01
-2.053536731289017325e+01
-3.504219597937620279e+01
-9.077846795895979426e+00
-2.365735367653993393e+01
1.036898971600527375e+01
7.244186138124391050e-01
-7.110913588422960174e+00
-4.693121797224264924e+00
3.255560273848331576e+00
-8.344421250912361643e+00
3.856003433732730912e+01
-4.903599719793538725e+01
-8.570465997333450048e+00
-7.672479520644245099e+00
9.036400778562892810e+00
1.272563496405770422e+01
-2.663618586345978656e+01
-8.590763095689112561e+00
2.435916511876281731e+01
-1.140152349569619616e+01
8.978678299971534216e+00
1.932990207721515219e+01
-1.623248692567045737e+00
6.317994716630437324e+01
-7.903329914805908629e+00
-1.796648232752380636e+01
1.808937493619509951e+00
-1.392810901561466608e+01
3.092105540466204161e+01
-2.400205361978559893e+01
6.863999181603674060e+00
3.210422141831855924e+01
-7.207500617928218389e+00
6.693244791759025247e+01
7.249208110554229734e+01
-3.759883905858896469e+01
3.334647009456014644e+01
1.228920571856269817e+01
-3.151524453113933077e+01
9.425679756856055747e+00
2.377496272701755231e+01
2.433331646219767208e+01
1.328644584613158486e+00
9.566691939182476290e+00
4.211026914722907577e+01
-1.326663982432073396e+01
8.023669198758803134e+00
4.061265372731082834e+01
-2.092580108978610554e+01
-1.127923593161267490e+01
3.166747984845928698e+01
1.625152867085273556e+01
4.280971970215335887e+01
1.705170334629568174e+01
6.158399267620069395e+00
1.507088451250550065e+01
2.289020992470878468e+01
-3.025324219326549269e+01
3.860664118091904129e+00
1.396093568788280237e+01
6.546221681535655534e+00
1.336645728450314152e+01
-3.461687920705897881e+01
1.807208278924554179e+01
-2.414017529447374955e+01
-1.881366671039900496e+01
1.203726373302498587e+01
-6.583768020778336449e+00
3.268024624063369288e+01
-9.456018356341672870e+00
1.698713848327676601e+01
1.825765460652127103e+01
4.391319630964832754e+01
3.081293825013813148e+01
2.760256296950075239e+01
-1.922070516901300152e+00
-4.716393699505317727e+00
-1.807243334552202896e+01
4.511973337182683963e+01
4.491147608537292513e+01
2.206388192072657262e+01
-1.422506159082223576e+01
2.811633245371683643e+01
-2.907926973795952108e+00
1.011432803787023715e+01
3.735437309352380453e+01
-7.148831835156101988e-01
-4.510761221614245642e+00
-1.139381813138851385e+01
-3.305060927078287136e+01
5.398087295646951134e+01
2.857154241491610946e+01
-3.377051095799116354e+01
-9.317021181747904279e+00
1.487921701578438061e+01
-5.675431722704615822e+00
3.585163347044986892e+01
7.126460896375476750e+00
4.515204687093233815e+01
1.955620992182510065e+01
-1.285710304716417340e+01
1.131443790649827008e+01
-3.545826979887749530e+00
-1.551465287533139303e+01
8.888070815995035900e+00
8.494671310396086028e+00
5.303682355239791946e+01
4.458521165141021925e+01
3.137111367397740480e+01
3.772896969192720462e+01
4.894197657133261714e+00
-1.467532645336194719e+01
8.064815031927253131e+00
-1.892383050439559256e+01
-3.037597263766246414e+01
-3.153443849935194976e+01
-1.768303022632866828e+01
-6.156549595862901469e+01
-1.974561419707748655e+01
-4.907074962759310210e+01
1.324863744907946383e+01
-2.623713059279259951e+01
2.636660351479903852e+01
-5.601550498783416998e+01
-1.685037447657482801e+01
2.426529246649715787e+01
1.185448695335040270e+01
-5.027859335118706241e+01
3.201984772579015726e+01
-1.468419854808263381e+01
3.049684423712021442e+01
-1.319668657583565619e+01
-4.440967120450670791e+01
8.152030066310871348e+00
-3.688585664766628724e+01
-4.230033914812878493e+00
-1.671250208815465932e+00
2.317854386421822710e+01
7.137879430733767094e+01
-2.444510453137161221e+01
-1.981488484151765306e+01
-2.382859143192007423e+00
-6.468633203096146644e+00
-4.573316381927948271e+01
-3.159270442952251301e+01
2.712722912736697367e+01
-1.203626302261679371e+01
1.144260487692938000e+01
-2.780757587218428739e+01
-9.280831705646505725e+00
-2.349943307241869661e+01
2.917928241916808929e+01
5.410858301880296040e+00
-1.264233118180987958e+01
-9.623562616206868370e+00
6.729622926558405993e+00
-4.650877346584650240e+00
2.440092178489598496e+01
-1.459834222108139556e+01
5.641547504577772543e+00
2.008366821465617136e+01
7.757910802342735224e+00
-1.205248279119996369e+01
8.713176439427235209e+01
3.330761179869166000e+01
2.446184219664338855e+00
5.732061753560572015e+00
-3.548725421397867308e+01
1.903390902707593568e+01
-4.329443777100979673e+01
-1.649993294056224613e+01
-3.120577773998937232e+01
-1.119362492995819025e+01
3.218840560722770761e+01
-3.213763730974740440e+01
1.357637820430055342e+01
-2.165568344450264249e+00
1.173804670985163057e+00
-2.029662009868789596e+01
-2.511117958280544826e+01
-3.159607283994887439e+00
-2.027386222166204277e+01
-1.125293824785975971e+01
-2.339711179823504494e+01
-5.242998778079897448e+00
-1.965409406050915209e+01
-2.846268226787114486e+01
1.188631936719247051e+01
-8.153946194769872591e+00
1.385307058721272710e+01
4.846129136121696490e+00
-4.316060142300523950e+01
-2.975629276791895705e+01
-2.589408201200427584e+01
1.841223096850853835e+01
-1.390772303111859287e+00
-3.516396415247226059e+01
3.338158098055018996e+01
-2.221548508377936315e+01
3.236708971789045819e+01
-1.793147125485877780e+01
-2.739605725786864809e+01
1.343324703084090288e+01
-3.854224842635885295e+01
-1.952310050695555788e+01
3.513583213049739129e+01
1.069860050068723467e+01
-2.487034221132523726e+01
3.078546870911424094e+01
-1.030315872243528474e+01
-2.155047799612975723e+01
-1.726115855647631747e+01
-2.841112588995622446e+01
1.569578288235110364e+01
-5.096351703376251407e+01
-4.491469417955556764e+01
-5.752728444003821551e+00
-1.705239370106485808e+01
-3.353418436768527044e+01
4.167510453809995852e+01
7.609228138398177066e+01
-1.559057476682190213e+01
-2.015828657765041498e+00
-3.439514008750966667e+01
3.715219230707560882e+01
1.158632114592793982e+01
-1.357071147037510173e+01
-2.067233240449547793e+01
8.359760663980871698e+00
-3.293910537827878215e+01
-9.993851387975809075e+00
-4.935202863229761761e+01
2.067015417996333326e+01
6.289261993255280458e+00
-1.023936956344982718e+00
-5.856119733009109041e+00
-2.271746266640957401e+01
-6.211923461969462323e+00
7.445365261518648481e+01
-1.037252430454975638e+01
-2.726980903261772937e+01
-3.962900995177255936e+01
7.916266500315174426e+00
-2.126603196872838097e+01
6.154512415731730357e+00
1.722816659739295631e+01
4.319722410998053874e+00
1.779050772971106653e+01
8.587766381459019271e+00
3.322750328553217969e+01
1.495635869115908179e+01
-1.985647887258745214e+01
2.723160262224322992e+01
1.981395157991627798e+01
7.026633998140439985e+00
2.404746631092348252e+01
-1.609322765369598329e+01
4.184649544379465169e+01
1.335427459387255134e+01
-1.801664718364652629e+01
-3.349675399382501695e+00
-1.023388759577139240e+01
1.158108794321623236e+01
-1.326832874759874414e+01
-4.480637504907321045e+00
-7.295834019101107515e+00
4.593928013100048702e+01
3.138639004728779014e+01
-3.689467679116468446e+01
-4.595719806951478859e+00
-2.996930260285390091e+01
-8.221230609480812745e+00
-1.340200444049151685e+01
4.883760701600806442e+00
-6.030883198930609979e-01
-1.630910945630681397e+01
9.612544089407563774e+00
-4.688575797760250907e+00
-5.340269970210172801e+00
4.890706603332728264e+01
8.210852781504410558e+00
-4.684499917618086329e+01
-2.252791189872596078e+01
5.437571935513864219e+01
1.545497757981496534e+01
-5.386004235202108248e+00
6.068303709621586961e+01
-9.181146828591408848e+00
-5.172767604347171755e+00
-4.597735546352339497e+00
8.796958984690235184e+00
1.768628251857359857e+01
2.475510095809710265e+00
1.645349256757950229e+01
-7.250265278278348546e+00
-1.997042815948137218e+01
-2.361835793710909570e+01
-2.725494724462726026e+01
2.338003406939191109e+01
7.371703303018364295e+00
2.165331370167182357e+01
7.918015865200430881e+00
5.065519204460289870e+01
1.058445084556938554e+01
-4.571426887305648279e+01
-1.944539268345261718e+01
3.487509032170507339e+00
-1.651849210089139319e+01
3.583185330023817983e+01
-7.941429704062670680e+00
9.542706609469917112e+00
2.992403539586422312e+01
-4.240357429263690392e+01
8.488465101042200445e+01
1.176526135704870057e+01
1.351133127606459539e+01
2.053209080721597957e+01
4.247360735111328722e+00
-2.683988737383344869e-01
1.987553388997014281e+01
-2.101242269189816625e+01
4.708919560916864100e+01
4.165077229672870374e+01
-2.362985018607325571e+01
9.154943404370499138e+00
3.972749402033002752e+01
-1.167976280462627869e+01
9.888534746714981338e+00
2.138532157884581864e+01
2.303457637394953395e+01
-4.333265040933511614e+01
-5.832098387184203148e+00
-1.739673638717034976e+01
-1.791633739578827544e+00
-4.506003028240460395e+00
1.009983711075960855e+00
-7.125333625373883706e+00
-1.802445137887650617e+01
7.496450976052813076e+00
3.913853642872794580e+00
3.011003313204735221e+01
-2.484569551953811128e+01
2.473651079960399102e+01
2.682164646294515364e+01
-7.090693285096705267e+00
4.619988486471390843e+01
-3.860845223834624562e+01
-5.848661354267480306e+01
-4.868405088732970398e+00
-4.523138004947043100e+00
-6.564794643835512034e-01
4.532446634306023014e+01
-2.772685536575252740e+00
2.429217165249377786e+01
3.050826334596936817e+01
2.119657651772308782e+01
-6.456039982549270917e+00
3.382520938278179301e+01
-9.036005851032882674e+00
-2.012987550662739977e+01
-2.323753397438878210e+01
6.115414243786212012e+00
2.008915233191319771e+01
-7.672931809715066720e-01
1.974914660557931256e+01
3.287649308528557413e-01
3.435341613325701360e+01
9.845645253547687048e+00
5.096906873127551307e+00
-2.125659375644033844e+00
1.826311909445516335e+01
2.130117033634805068e+01
9.759403594723750075e+00
-1.022115926020987331e+00
-3.115879266391287317e+01
1.650403848944215213e+01
1.078419575541332165e+01
2.015040425662549950e+01
1.599034402926019993e+01
2.047045194023375103e+01
-4.907291521388472688e+00
1.765341420470952016e+01
-1.521391770501520568e+01
-4.161616469734212842e-01
-3.071244869929958554e+01
-1.743060164481622110e+01
2.281000129920877129e+01
-5.106976598122165001e+01
1.505288703703504893e+01
8.962746676124822898e+00
4.705940263270586854e+01
-1.073681261525766217e+01
1.887952727339990844e+01
-5.651570480083478287e+00
-2.743710308646690166e+01
-3.851454445209901678e+01
-6.639199518025193925e+00
-5.011908156979974649e+01
6.658648786256662788e+00
-1.127346724206278950e+01
1.747632018839048129e+01
1.331142923096217601e+01
-1.617813031841365046e+01
-1.657517549078050934e+01
2.322669971551880153e+01
-3.478653877816340412e+01
-6.917380461397272029e+00
-1.070071437903920497e+01
1.546390203860690704e+01
5.246980130849578927e-01
1.531146461556886607e+00
-1.068939589476915586e+01
3.102271964690544337e+01
-3.138095021310891752e+01
3.894517954156640371e+00
3.411113098521119014e+01
-2.081677633464370558e+01
1.744063936869466147e+00
-1.649111468611863529e-01
-3.691828908272258047e+01
-2.269124912643516723e+01
-2.821788347328457291e+00
1.598922089080617326e+01
1.866636143972795026e+01
3.477381853245645971e+00
-5.442399857146142494e+00
1.010465190858411688e+01
-2.409833687714069583e+01
-1.119550869728328735e+00
-2.937618018870335845e+01
-1.577537284378882987e+01
2.754069183182124902e+01
-1.616232361007223517e+01
3.843480080135418575e+01
-1.360403641437031297e+01
1.858042239100582549e+01
1.432047558944660182e+01
-3.589320021940586969e+01
-1.424904863292387347e+01
4.905782384282431963e+00
-2.360965512463030791e+01
-2.137784741270512257e+01
-4.941723359782156422e+01
-3.064254290557582294e+01
-2.893491095534969304e+01
-2.488760238600875141e+01
4.870473561864798739e-01
1.034465697828065345e+01
3.870662892084368423e+00
1.377632944143842941e+01
-3.215521474105591437e+01
8.625730965958325669e+00
1.525086271266897597e+01
-3.814559603720561398e+01
-3.518166717704360735e+01
-2.385543604044062249e+01
-1.539818850191088728e+01
9.224315111015670254e+00
-7.565117008173274371e-01
-2.385921064935106273e+01
1.696763612319733738e+01
-1.347955595949927954e+01
2.843948918965904227e+01
-5.033100227965124418e+01
3.578978024469537900e+01
-5.090353900010683219e+00
-2.272971420370596718e+01
-1.420419692061754091e+01
1.036208889938940558e+00
2.533201191049101908e+01
-4.170576349566741925e+01
-6.685496290884884729e+00
-1.143847380553319226e+01
2.530116717292982287e+01
4.724126832991385783e+01
-5.622129486952991329e+01
5.260209345927324875e+01
2.351607378600097320e+01
-4.222954571749450992e+01
-1.807796680189704830e+01
4.480396904427849591e+01
3.359515919634776537e+01
-1.179636693108483314e+01
-3.331657280740387250e+00
8.120786510820842352e+00
4.222475169061965516e+01
-3.212671284940557825e+01
7.198246916220426783e+00
-4.707818819115907161e+00
1.545606784300417758e+01
-4.104818207053099854e+01
-1.865339123218447526e+00
-1.721277747873135411e+01
2.700931787314203802e+01
2.378920940918597182e+01
-4.937192631907578289e+01
-2.702699166977558320e+01
-1.220680753048327460e+01
-2.405082350407212033e+01
-6.606336873558916523e+00
-1.151725541223180471e+01
2.544137752857392343e+01
2.378590084158960849e+01
-1.242674859776656149e+00
-2.592087403267528600e+01
-4.808324890507677196e+01
2.687437159451332036e+01
-2.777601588260137078e+01
-2.055686242753932902e+01
3.365566678005954770e+00
-2.030173644466657379e+01
-2.210097918752541091e+01
-1.620969085879037408e+01
-2.710066697218729814e+01
-1.465371809408767589e+01
-2.938395123349471305e+01
3.166853643557556097e+01
3.474861024170815682e+01
-3.726153053331131559e+00
-1.241764800312523676e+01
-2.316551415457865915e-01
2.572540358406797623e+01
-4.863183037301439526e+01
-1.127999896895181564e+01
2.784121191637024140e+01
4.006546239812735166e+01
-9.471109255174212649e+00
5.635139999113164322e+00
3.101477568079181424e+01
9.383228058086260148e+00
-5.634973959355136230e-01
-2.513362230624909444e+01
1.139986633228465962e+01
-1.962254046020197507e+01
-5.989456127445549782e+00
-1.096678620218028755e+01
-9.302291086157708833e+00
1.280170228922696651e+01
4.473899506860932718e+01
-1.390706135616639472e+00
1.936375803395677053e+00
-5.151100740307506953e+01
-1.074126106765271516e+01
-2.035618976192083096e+01
-8.069738224835987239e-02
-2.650597387888048218e+01
4.825691530518272998e+01
4.592998589316982816e+01
7.967801774289782202e+00
-1.117675090784157987e+01
9.374878717948931239e+00
1.169246258348393042e+01
-2.696272573026077168e+01
-4.738777127460934935e+00
1.070672870126833232e+01
7.538734374659313175e+00
3.115411242202449671e+01
2.289223232501774419e+01
-1.199655557715195187e+01
1.473593601183685564e+01
-5.611188440025462398e+01
-7.268003745573423657e-01
4.937025185803435079e+01
6.775000970822645741e+00
-1.169875073859827808e+00
1.728295658021184522e+01
-1.616782263230301808e+01
5.088427667136177490e+01
-9.407978478091024499e+00
4.551740680742699396e+01
2.214877659606604965e+01
-2.292733366669870065e+01
1.831226155134787348e+01
-1.729933924728467787e+01
-4.091144306753784576e+01
-3.650096809247145302e+00
-3.153273330923239826e+01
-2.975554117454942116e+01
-2.782527105112819754e+00
2.044901368184065404e+01
-5.485594597528091754e+00
-1.773914236126881860e+01
5.071995660831987607e+00
-3.917378506424543616e+01
-3.974481765386336463e+00
-4.698145685431995844e+01
2.771334289302839693e+01
-6.984364809250820372e-01
-2.827051224439220789e+01
-9.447851189733341926e+00
1.047237499800627347e+01
-2.001120009881985595e+01
-2.583996454338893045e+01
5.337802515363821954e+01
-1.373056462680267487e+01
-2.283392534120139317e+01
1.547555671140346334e+01
-1.000386685172274071e+01
3.095890134264466553e+01
-2.563274771492160653e+00
3.929828513185981365e+00
6.122310662229938316e+01
-7.064475003141353682e+00
-2.077832466137581946e+01
-2.443253042011451726e+01
-2.887284196942653125e+01
-1.938210893186834483e+01
1.539372605717818487e+01
1.537365652647048364e+01
1.267679434703914154e+01
4.165492507733767980e+01
1.857550815980516745e+00
1.185083836349186015e+01
-3.605912206255128183e+01
1.506066070583983674e+00
-1.058747798041719079e+01
-1.510386072126021872e+01
-1.958282368713469168e+00
1.912782530474578380e+01
2.166797433569024633e+01
-3.959591528723169773e-01
6.873881112367485002e+00
1.565996866197686366e+01
1.981561452709382820e+01
-1.384220105194584960e+01
-7.141096770565241059e+00
3.940879597224267172e-01
-1.311248686905412342e+01
-2.897351292207218876e+00
-2.035921023140849684e+01
4.501062788434020945e+01
3.645854070732730179e+01
-9.228660579187021540e+00
9.076884745914583164e+00
-2.629590511756529025e+00
-1.701394836188336512e+01
2.025907173906138325e+01
-5.403966161738935625e+00
2.266281698886402296e+01
-2.972850688091374138e+01
1.018232363098226756e+01
-5.611022161915570905e+00
-3.058420910417726191e+01
-1.382863572227336135e+01
1.515466414411105944e+01
-5.192112939469976141e+01
2.441330675246035753e+01
2.649111680809591007e+01
-5.671319071491913277e+00
-3.390016948617173398e+00
-1.774254120405146296e+00
1.421422896789584911e+01
-1.855322171019957977e+01
2.050137740347755866e+01
1.735278582178162310e+01
-5.589951928213662313e+01
-2.012242567750041644e+01
1.350514712925931704e+01
-4.862636920158223575e+00
2.467126142398305433e+01
-3.622042784776718349e+01
-3.005989255126905846e+00
-2.379123115392723520e+01
-7.311985578816019427e+01
4.372401773151091220e+01
-3.321452475097072465e+01
-3.480320062231849931e+01
5.069221131341748787e+00
7.374515591899822198e+01
6.603594288977205906e-01
-1.599042175016185752e+01
-1.762430794807755774e+00
-3.109009591252572591e+00
-4.874864109658935973e+01
-3.483536188742178297e+01
4.660674383519325659e+01
-5.830014519648500482e+00
-2.143027288740773884e+01
2.808198641508124638e+01
-2.039945168749962079e+01
2.100040587647464463e+01
3.025867608789940988e+01
-3.248568518911972092e+01
-1.598975883979596802e+01
-1.975373814302867004e+01
-1.016029221876829070e+01
-1.005227853771735624e+01
-5.918651147604293783e+00
8.131748281950706314e+00
-1.941711685421521594e+01
1.614552685671945653e+01
3.296019815759754579e+01
-5.137428297968707369e+00
-1.155962145636348737e+01
8.277404347258425332e+00
3.183170200149919538e+01
2.968352561526825184e+01
5.529421997440124414e+00
-3.170205830317456730e+00
-4.956345436558379447e+00
-2.888703297940186587e+01
2.187994453765071512e+01
-1.272635998565827009e+01
1.130906234182668868e+01
-7.939084072000412107e+00
1.534942901442809671e+01
1.040350766973674723e+01
-4.581454376448857602e+01
-1.515659809512567335e+01
-4.468589966184205764e+01
-2.031663327549802034e+01
3.033303411337470834e+00
-9.779586751822364477e+00
1.856831902474665696e+01
-1.704254072606352111e+01
2.087657955001517962e+00
6.094607688761641384e+00
4.026769861884190504e+01
2.041456739643611229e+01
-1.717782629362793756e+01
-6.910330906931676509e-01
6.932546517775648454e+00
2.177914993565629942e+01
2.301301331085312540e-01
3.105137371731416351e+01
1.282112882404717524e+01
5.146657231104626362e+01
1.112809017505966835e+00
3.724284164072679459e+01
-1.533997660720069689e+01
-2.145125322432138404e+01
2.528145410362640177e+00
5.324677813395965131e+00
1.523942666867168327e+01
-8.049350834888116424e+00
-7.778322397325915460e+00
1.472240210737263766e+01
-2.755536604106399068e+01
-3.131985633360925192e+01
4.500694247334499210e+01
-3.373767268850599521e+00
-2.223411113852127841e+01
-2.305875151526684874e+00
-7.645240743743215717e+00
2.413165467532459729e+01
1.882268922563895330e+01
-1.144972393394482424e+01
4.546570330030306195e-01
-1.504880560856371119e+01
-2.004973573568094025e+01
-1.522263661844783655e+01
-5.492494996256596096e+01
2.353518982668845183e-02
-3.661185644879068946e+01
-3.164209322980656225e+01
-2.118962174672878973e+01
1.087812198565796962e+01
-2.073106740982962037e+01
1.312279756055435342e+01
-3.478795998290881641e+01
5.965979870560147447e-01
-2.353862081169364728e+01
4.835828500225474613e+00
6.386562966700665811e+00
1.895402028923209059e+01
-1.191789733486120895e+01
-9.107932547811685708e+00
1.677816524545129084e+01
3.368206226395071212e+01
1.865585953417050291e+01
4.711125184450907000e+00
-4.075593553491346199e+01
-9.635668031040040660e+00
-1.792044281348597679e+01
-3.434982139831794257e+01
2.296756378871742754e+01
-2.060062378689502793e+01
-1.879327938283665844e+00
-1.593323626744586363e+01
-5.666713514863795353e+01
2.941943912303629816e+01
-9.989439592193491535e+00
2.301093406373541939e+01
-4.058462807062147704e+01
3.828744413003937552e+01
2.087076482314671466e+00
-1.636001627938964020e+01
4.863835994083615333e+00
-1.183590247410182883e+01
-3.725641666066638891e+01
8.248997111607366151e+00
2.022112987585026644e+01
1.000276435064108682e+00
-2.059001551553046738e+01
-9.284371580854326567e+00
9.982030571144662190e+00
1.814786785986368045e+01
3.581756471107168238e+01
1.343284463969746412e+01
-1.320894340430697866e+01
5.419551670349730443e+01
1.363456205525062259e+01
2.412132911446813210e+01
-1.034279368417730893e+01
1.592452998117853724e+01
1.112034102759756138e+01
-3.523121424532354240e+01
-1.172058816933741809e+01
-2.322528265792956859e+01
-2.094602430315097763e+01
-6.849447619765612671e+00
-7.857611906855709094e+00
-2.395275226102262423e+01
-6.298292952479614826e+01
-1.640213785994230022e+01
7.119040851456418295e+00
5.162870269250390720e+00
7.882629463253763902e+00
2.634641618446823941e+01
7.990982827491833973e+00
1.845205969222394060e+01
-2.369949284644508225e+01
2.596099234532283617e+01
-2.583015498759263551e+01
-4.083931200681865903e+01
1.246146204925503298e+01
-2.450109445118508233e+01
-2.231999003079909016e+01
-9.008775785384983692e+01
-6.567584138994931209e+00
4.633026127437102559e+01
2.408849355568607109e+01
-5.807959646088136196e+00
-7.830121942440115390e+00
2.143013779787881390e+01
3.777874480661782286e+01
-2.364569892612223612e+01
-6.147506105680804467e+00
-1.932036547540823790e+01
-1.993910595040711087e+01
-1.748800261442024606e+01
7.216575905906587707e+00
4.020767952046932692e+01
-3.706888357407797230e+01
-3.188314202342849057e+01
1.866556364942141499e+00
-6.045531414300398865e+00
-7.634106592236395983e+00
-5.123764262633955013e+01
3.569785591643534417e+01
1.360455526029915063e+01
5.296109851996568807e+00
2.753558837286928451e+01
-1.862066292802571255e+01
1.760876767432656465e+01
1.581569961771347721e+01
2.103421347665403118e+00
-3.479845281950961322e+00
5.027523604978675564e+00
-8.969769435293127202e+00
2.879025069860568919e+01
-2.278091304989959553e+01
2.447084071496050228e+01
5.490761738668879843e+00
8.200956585600408744e+00
1.289569429404332368e+01
-4.938321053560197527e+01
4.757933357396581187e+00
-3.806903936315720216e+01
-2.784419839023752985e+01
-2.784957028932373646e+01
-2.835976720996157496e+01
3.074827669447586231e-01
9.512848323068155310e+00
2.829335690105956758e+01
4.922224747942188117e+00
8.160652130835178042e+00
-3.988865491158333043e+01
-1.452107128130397484e+01
1.934694573718509503e+01
-1.127652633280277428e+00
-3.697050695407710919e-02
-5.068066048675632373e+00
1.990488365195380993e+01
-5.187220212872969682e+01
6.421294132017575151e+00
1.154271134220076078e+01
2.455743743573252402e+01
2.102707013635485112e+01
-3.215509181581107612e+01
6.415759651231695671e+00
3.325988859280798238e+00
2.719863952765422255e+00
3.350487648541815133e+00
-1.072678618192216504e+01
-2.007812924120452180e+01
1.074659635525674162e+01
3.414927865706755483e+01
-2.822493378305352962e+00
6.596157006602368256e+00
9.617658865975499793e+00
-1.460312677529483949e+01
-1.543578225790474789e+01
-6.782255568993723216e+01
-2.100470396090723568e+01
-3.101806607054130893e+01
-3.819822528334981371e+00
-3.834982371695338088e+01
4.266127148089140064e+01
-1.779361183350692954e+01
-3.043656018680903230e+01
-8.788040773795489713e+01
3.777307176047244752e+01
7.571550354530586446e+00
3.417953147448628215e+00
-3.557886274306625296e+01
5.003565168541172170e+00
-1.127745127141999149e+01
-1.859990329834203848e+01
6.606235543354831208e+00
1.916100824716792772e+01
4.161541560369371950e+00
-1.206143593646299905e+01
-1.212773419702557476e-01
1.577860080344066773e+00
8.907070623311540203e+00
-3.611836107057789746e+01
4.096103790277810930e+01
-2.433427975981172864e+01
-1.698305790131650639e+01
-2.780130167452716705e+01
-5.905448462371017371e+01
5.108168184246913768e+00
-2.972236986284926274e+01
-1.083708336083410018e+01
1.852253558044236570e+01
-1.468980907632655430e+01
-2.006818814056032352e+00
-6.679575274758633441e+00
-1.143028224570059592e+01
1.803468070430668035e+00
3.080018753311613011e+01
-2.858318172652133171e+01
5.651583133689965166e+01
-1.284230268830106070e+01
1.899855193439734080e+01
-7.809412626778893696e+00
6.478922244760102700e+00
-6.170182424242454999e+00
2.491271995217317681e+01
3.482540828581170445e+01
1.086824329326636729e+01
2.619540599920420476e+01
-2.019088435722605368e+01
-3.729888161209700570e+00
-1.269625155801480787e+01
3.891464027670247106e+01
3.268319758382824602e+01
2.468023120703168161e+01
-8.756612807304691160e+00
-1.579210328810964370e+01
1.411156874634347247e+01
-1.592129272037172427e+01
-7.044669093013055772e+00
-3.291796892624752502e+00
-1.677017923207883143e+01
2.821265719156400564e+01
-4.684598471605227132e+00
2.152363927550457845e+01
1.107453957397429534e+01
9.810688014942094526e+00
-1.877630624930763759e+01
1.505336640937252923e+01
-1.034876587906296663e+01
-6.657951689413351914e+00
-1.769533175352790977e+00
-2.731984085530785933e+01
4.231667860572264317e+01
-1.513577007654857098e+01
-1.769109072623052725e+00
1.262469259874322347e+01
1.089844317133108120e+01
4.205719953920626608e+01
-9.827789422459545676e+00
4.275888466748614292e+01
3.837504032252225272e+01
-5.317633020922727383e+01
2.886675043888843106e+00
-1.051732567087503867e+01
8.847976954090256640e+00
3.336075174367792329e+00
1.127480566263636774e+01
3.537085435626995888e+01
5.536007905813983854e+01
-4.262715789921767851e+01
4.290890191486221283e+01
-5.553909916470115604e+01
-4.606801936877702985e+01
-8.194079477959888891e+00
6.868804387130467148e-02
4.135952821875493157e+01
2.028830904976121019e+01
-6.837670601283946326e+00
-5.060583179518260977e+01
4.002751177396788052e+01
-2.371195668317398031e+01
1.038257748283001547e+00
-4.019716177134718293e+00
7.147735165974631855e+01
-1.438188822345247786e+01
-6.055019911645194952e+01
1.778745397563477582e+01
-9.229598101527213316e+01
6.549362344644080736e+00
-2.071066202093768993e+01
-1.042582146516679842e+01
-1.540024486058327113e+01
-3.316490409668654138e+01
2.169899990285421154e+01
-2.153020034152781648e+01
-6.652625020805317035e+00
-4.474695987104220762e+01
-2.485456893978948756e+00
-2.965812648291774423e+01
-4.230224496757557517e+01
-6.445658252523639931e+01
5.206084464716553839e+00
-2.017157280766163296e+01
3.517837634530735613e+00
-7.972084607835540737e+00
-4.609196803549895094e+01
-3.685109238776147578e+01
-3.094429563639914704e+01
-3.212826801289818945e+01
3.022005425842088755e+01
2.930421877427818345e+00
-2.825179993784286125e+01
-1.230582972099915651e+01
-1.394331924570420256e+01
2.281351692368992090e+01
-1.765213213369119316e+01
-4.354062827596532514e+00
-1.589229895596059805e+01
-2.031223351802248089e+01
-2.293433385969781568e+01
2.097792231156972775e+01
-8.782304614355098238e+00
-5.247992184012991856e+01
4.376416515110801697e+01
2.498426548493490529e+01
1.500887827721612666e+00
-4.429147076970349417e+01
-4.249757108081774959e+01
3.945622807325719350e+00
4.224127277049092299e-01
-1.799599713348948171e+01
-2.600736231715410440e+01
1.783630369271060090e+01
-3.147610573584813665e+00
1.494813829782896164e+01
2.777461015500017538e+01
1.805506511146123216e+01
1.810395703625800934e+01
1.355275446379339677e+01
-1.187723220290689596e+01
-8.456827469681456932e+00
-1.229347720348572892e+01
-2.083927812121919487e+01
-2.430043015166637588e+01
-3.616497083062368745e+01
-2.113535077099369630e+01
-5.788376730910357537e+00
-4.363207226692088625e+01
-8.114781907970325392e+00
2.068206837805920983e+01
-4.482551859188743038e+01
1.691510557536729209e+01
1.524440015503495260e+01
-4.080051594607800780e+01
-3.220918227037518022e+01
-9.751314414853311519e+00
9.965221419615062359e+00
-2.236381562644368159e+01
4.109390067157889348e+01
3.648015067402539557e+01
-4.389841736055331012e+01
2.541123806587512490e+01
1.976148998779996191e+01
4.987018580905697718e+00
1.230210836530064000e+01
-2.431883789005148344e+01
-7.438653005911476157e+00
4.714683258169316105e+00
1.092989525433732467e+01
2.405229980104012810e+01
-2.918714268097393827e+01
-3.423306206763186310e+00
8.514756103428226197e+00
3.018828856105329805e+00
-1.697648817168710167e+01
1.241671046240315945e+01
-1.453883803282818121e+01
-1.165308011931405474e+01
6.500977455120846571e-01
-3.461104755473702710e+01
1.677523529780458489e+00
-9.584063371693503086e+00
-7.881501769877303332e+00
4.800297246253762751e+00
-3.089287906229043301e+01
3.374033789567414487e+01
-1.433951167928189818e+01
-7.589903410086049007e+01
-4.860328258820825909e+01
2.106343891849431316e+01
-2.301688015312890911e+01
-1.074309385633978309e+01
-1.496701579845625929e+01
-1.043265024534487395e+01
-5.740501589847383457e+01
-3.588302222662605345e+00
-3.545488675589962213e+01
-1.958872286723112666e+01
1.210925960585061034e+01
4.478296267902823047e+01
1.597098849419040789e+00
-5.420147467283555898e-01
3.392549191072568249e+01
-3.153636513687466447e+01
1.817807843889180219e+01
4.325626908983139174e+00
-2.714262848768817094e+01
-1.452195083433971945e+01
1.268769974349407903e+01
3.552295687137956293e-01
6.926631942050072155e+00
5.900781717003027893e+00
-1.349499034996006230e+01
-1.843587128175033740e+01
-2.843928744950460441e+01
2.807094365229366417e+01
-3.676406633717827788e+01
-2.728910108772636534e+01
7.124964687728024160e+00
-4.957197598036003683e+01
1.281327653577409365e+01
3.649423634566386454e+01
-4.151588890604635651e+00
6.628993010727725732e+00
-1.639879368360215040e+01
-1.252626583567814578e+01
5.948456282551262575e+00
2.166596149926096260e+01
-2.211549623318033042e+01
1.537557383782851161e+01
-6.046654038411872989e+00
1.741237665061333928e+00
1.320348435884831417e+01
8.514097801919490394e+00
-7.321901999704422792e+00
1.539512343362048341e-01
1.094277189115848614e+01
1.627278539950933123e+01
-4.090405886618982834e+01
1.828568492065414830e+00
2.938493702230799087e+01
-5.262991842917784879e+01
1.732306673081782122e+01
-6.647378278208017832e+01
-6.132309630849535509e+00
-8.449041106402617629e+00
-2.935126055967657521e+00
-6.918012294967269327e+00
-1.435997220650182271e+01
-5.420467976364648166e+00
6.849229513556920779e+00
-1.515286082131235190e+01
6.870116242153670782e+00
4.992643867622726361e+01
-3.453126817687893890e+01
-1.506668734396998843e+01
2.266846668194631320e+01
1.367028744650399119e+01
2.490275331136390946e+01
1.199073906570444947e+01
1.203618368784954384e+01
-9.145112833695719701e+00
-2.796683256719516919e+01
-2.575101621110763972e+01
-1.538350968319305423e+01
2.653601628869168394e+00
-2.402671202108899706e+01
-7.942521867157772419e+00
4.158143776904310585e+00
1.355995151881194261e+01
-5.804955931683981163e+00
3.396009621620687824e+01
-3.294250008457657941e+01
-2.228864046120406783e+00
-1.785395536507449421e+00
1.567841788544289727e+01
-2.237768507408924989e+01
-1.416684538313617736e+01
1.069528443050013955e+01
2.560872662389098764e+01
4.249407589463427115e+01
1.819009878972605065e+01
2.379868434347139328e+01
-1.589412300973879866e+01
3.581289513963918125e+01
3.757747378242726199e+01
-1.450958518122320129e+00
1.943178154815907988e+01
2.146239460974064173e+01
-1.335631876362944581e+01
4.819618470548959976e+00
3.450628944230282968e+01
-1.371022420452638357e+01
-5.198565421612556747e+00
-3.427952535471416695e+01
1.350859460885268959e+01
-7.281072066984449975e+00
1.121755904108982804e+01
3.337773465855519817e+00
-2.262489145887044018e+01
2.589431208650577787e+01
2.278024960110934671e+01
-1.526602998354681517e+01
1.080292403088878928e+01
-3.464911410205377251e+01
-3.017167897871562587e+01
1.406968977558420875e+01
-3.870164349527425429e+01
-1.747715632375008710e+01
2.948280285881025975e+00
4.694740028258508602e+01
-1.442639352586553514e+01
-6.949545706887235497e+00
-1.022317292347784701e+01
6.363033126375604809e+01
7.963959381225215850e+00
-2.443070736195161885e+01
4.018141843100994492e+01
3.558066168833367016e+01
1.784663966875797314e+01
4.263837567691464869e+01
4.873645545506339261e+01
-4.254465264497351740e+00
-1.572778490819976582e+01
-1.645740671937824118e+01
1.636039875020807699e+01
2.127730218863865730e+01
-3.892435350407197348e+00
-1.312332447097577415e+01
-3.462534904757637833e+01
-1.432453716837710544e+01
-2.561729024377007136e+01
1.708291449550716834e+01
9.679999302808880657e+00
3.613058006939581901e+01
4.211588177083427809e+00
-1.335192978621222437e+01
-4.808865646557897833e+00
2.239568837842875837e+01
7.079901221475836337e+00
3.088061065215535450e+01
3.159872574513627796e+01
-6.848233204064541724e+00
-6.090895675736661019e+00
-5.693094951547129767e+01
2.868556869694025124e+01
-6.832401255400100126e-01
3.068964715699208057e+01
-1.228988243164556593e+01
-3.539182809638280247e+01
1.193210329506954182e+01
4.129329008901495968e+01
-1.484274742156021176e+01
3.744405782633509716e+01
-4.122157021380226638e+01
-1.304901096171391828e+01
-4.602533213551902236e+01
1.081582079016533271e+01
4.585952270714528822e+00
3.065637699805677130e+00
-3.518099073783196218e+01
5.123421843011050214e+01
3.067049761884675263e+01
4.968044944025336918e+00
-2.916196229421930752e+01
1.224230808503054391e+01
-1.319217823692297031e+01
-7.002293217558076321e+00
-1.353081615780109814e+01
1.037352609725877883e+01
-8.152247922778002476e+00
-1.138934025819656881e+01
1.177177140883816264e+01
1.463927165944286202e+01
-4.845084402661495915e+01
1.121150054982152255e+01
3.813160464777122627e+01
2.271082523346962034e+01
-5.937579264070095064e+00
8.710574548385920934e-01
-1.983420716970294961e+01
3.278909816959935597e+01
8.771729190772646234e+00
-2.348418774998350500e+00
-4.189952136974909536e+00
6.037116572134161174e+01
-1.810681353453759357e+00
1.382031182020594429e+01
4.211830815260520922e+01
5.430190890326310438e+01
3.505373536318199967e+01
2.288440439744778132e+01
-3.743771089915550476e+01
-2.556053528750308601e+01
1.943496945001569998e+01
3.897438629449112568e+00
1.783113214768738430e+01
8.935863190340995743e+00
3.464327638701470846e+01
-4.363935175764596153e+01
-2.748139790538203897e+01
-6.489670533993972867e+00
-4.817234549907848873e+01
1.074041594218479645e+01
2.477990863643076125e+01
3.831528265494853258e+00
-1.248019944034695072e+01
1.304360652413441812e+01
7.773107741864089348e+01
1.739402489367284943e+01
8.884026748658357064e+00
-2.644754692791951811e+01
-3.371053510940316755e+01
-8.245801061120822339e+00
1.857189873097226496e+01
-3.369599867391741554e+00
1.334819074147792151e+01
1.961208858305269587e+01
-3.214930593988191276e+01
1.470701672099158941e+01
2.483213435037112049e+01
3.174215023629415100e+01
-3.713669209502768354e+00
2.620609127943055228e+00
-5.627821606300940971e+00
-2.716767928845695224e+01
-3.902771705244779810e+01
4.465488072755368876e+01
-4.364349198402337038e+00
-3.106410679451217050e+01
3.035994062524196124e+00
-1.456417446116335412e+01
5.096769407073725233e+01
-1.306049716380107384e+01
-2.012245462821795172e+01
1.952014644605486637e+01
-9.221836389439204140e+00
2.503070680561970107e+01
7.187047658745484568e-01
5.457423807678736694e+01
2.958159881368609234e+01
2.236998973743908437e+00
-2.090184030101742962e+01
1.543697495032247957e+01
-3.026865821186417094e+01
-4.882590983328086054e+00
3.441475497599499533e+01
-1.568896111602526844e+01
-2.519232958638062314e+01
-1.357908935171494136e+01
2.807864276470871800e+01
7.103800478075982028e+00
-4.654858379936872836e+01
1.869841856605756902e+01
5.254906426339516656e+00
5.189446305197080278e+00
-2.823316818178699350e+01
1.649862260502516165e+00
1.897622042255748909e+01
2.692194764462345802e+01
3.696469394684272913e+01
1.624090439569923916e+01
2.230193986829632991e+00
-3.033836909766768031e+01
-2.621459511424802713e+01
-3.877384738980357781e+01
-7.372500473989134662e+00
1.781404365395758305e+01
-1.402344020056922602e+00
2.879469704150255893e+01
-1.837069333901013124e+01
9.204106740028009881e+00
-9.775386433806261266e+00
-1.675756347115127554e+01
3.433273783818066249e+01
3.962034545118740425e+00
3.531732794098974182e+01
2.710676074148921089e+00
1.251000361282969919e+01
-1.002850271403249849e+01
3.410844154678797224e+01
-9.322526130820037338e+00
3.321575087610764143e-01
-4.385655829912624881e+01
-5.386523596131524982e+00
4.016194742900472647e+01
3.594723230017697801e+01
1.507747705295213336e+01
-9.294371655217886996e+00
3.078711524749394357e+00
-1.175994022761062752e+01
-7.773843554353561558e+00
5.190998365313249252e+01
2.786623259904786210e+00
-1.475034546374757838e+01
-6.093315326814898469e+01
-2.672416211756796400e+01
-2.158106066701920156e+01
-3.606593635824856392e+01
-3.268084786261016461e+01
-3.891358393305358732e+01
-2.580923569547856999e+01
-1.786956199167389059e+01
-2.777410879695004553e+01
2.637367658889475663e+01
-1.170484131161134655e+01
-4.977566666500337078e+01
2.264980395472940700e+01
-1.715610330922973858e+01
-4.567507756317478140e+01
5.467153060989811308e+01
-1.463668803765455806e+01
9.657250769212140540e+00
2.257537477525241343e+01
5.060129285461982818e+00
1.494081032438080570e+01
1.811865267660891732e+00
1.125024942737962164e-01
-8.344045069750009702e+00
-4.247427017935299887e+01
6.708259009952321605e+00
-7.020341349238532302e+01
3.995022911440430846e+01
-2.398018943813218584e+01
-9.931144024331473474e+00
-1.024594408247401134e+01
8.475661242193321954e+00
-9.636902771997341688e+00
1.525025198537102966e+01
-3.115430342739267644e+01
2.022554227338412147e+01
2.433102977557001623e+01
5.926876487065129595e+00
6.443766635850153079e+00
1.219531642682574102e+01
5.113788290313465268e+00
1.561018381074654826e+01
-4.506061941855193709e+00
-3.962391273708507811e+01
5.427546976180053662e+00
-1.405001466555989964e+01
-3.051842013478477611e+00
3.117331485049444950e+01
-4.538507663573841455e+01
8.027238159032208387e-01
1.173762731829185668e+00
5.158368565929436045e+00
1.771038213951743501e+01
-6.892964206953976714e+00
4.694081254057294927e+01
2.489790508222004917e+01
-8.687393516701192198e+00
-4.291201783335083064e+00
2.132182622944668537e+00
4.353392558732929274e+01
-2.991307682281660618e+01
-5.825027239413077496e+01
1.742929032773790254e+01
-6.882060993545593419e+00
-9.461033331470659391e+00
9.373787925211701122e+00
4.304269312686361104e+01
2.511067621579857700e+01
-9.091995407276300512e+00
-2.976822962224477465e+01
-4.833126029898501486e+00
1.600433513831983134e+01
-8.672464341878139749e+00
-4.225975256278979941e+01
-3.443588839774051280e+00
-5.406953099621256342e+01
-2.875405820619789665e+01
4.659623720673764069e+01
-2.957369950813065884e+01
-3.880655638878982927e+01
-2.930416201230352868e+01
-2.097992192829644864e+01
2.055487549971911676e+01
4.790460353755446476e+01
-3.743628095992050930e+00
1.471223688759927484e+01
-1.206198377522822796e+01
-3.952286714737605422e+01
2.676684390282281356e+01
-2.686904884775418623e+01
1.488160598174638949e+01
1.818857015165806956e+01
-6.066744286601874592e+00
2.155467017394266804e+01
2.346492686854859500e+01
6.468787918941822568e+01
-6.798002066670676413e+00
-2.948254213995359407e+01
-3.587056197371623512e+01
-9.751684413408050034e+00
-1.913481696614357830e+01
5.394483277276248145e+01
-2.503672160363817056e+01
6.560183251348924216e+00
2.790151177649960346e+00
-1.255278165976065452e+01
-4.846181516318409876e+01
-3.585260410189164304e+00
5.628367452060376763e+01
9.906229669069375632e+00
4.295954796282785537e+00
-3.296010932906614244e+01
-3.278628991898108325e+01
-8.023933390199537996e+00
2.624430644170223559e+01
-1.454185544869787350e+01
5.872273093391308407e+01
-2.763129663296552962e+01
1.073872723139398033e+01
-7.844713860503304659e+00
-3.701264912492536041e+01
2.484312680174923571e+00
-2.929471818515401083e+01
-4.220097166374370090e+01
6.328818501481919157e+00
1.081863108595598533e+00
2.984964003334218319e+01
1.350603569033068396e+01
-1.919974738209255705e+01
1.232975263992466353e+01
-4.997643457076194551e+01
-2.734301759897448392e+01
5.100900842936133728e+01
4.711353634690382819e+00
-6.049392173707531128e+00
-1.700703721148155978e+01
-2.489829998105051345e+00
-5.636097228706546503e+00
5.089669009342429717e+01
2.379462035700548483e+01
-6.756266799376874133e+00
-2.014493266354293155e+00
-2.247919327437277204e+01
-8.973558008476572923e+00
-3.599009774518253835e+01
2.825120144301590841e+01
3.998119867133127059e+00
5.882564866919949509e+00
1.022273765767729969e+01
-4.592214874554322535e+00
-1.174956306502521031e+01
3.059502902852702988e+00
-6.183053318958953071e+01
-8.852968595885300829e+00
-5.852870705848573607e+00
-4.411001494277357438e+00
2.755284036076567133e+01
3.714382136181914973e+01
9.870156498986034421e+00
-5.439592980659755739e+01
3.555688161775140088e+01
-1.226432057090360672e+01
-2.139483314139241088e+01
-4.983766471918113439e+01
-1.722650808091114527e+01
3.547148813072580253e+01
1.747386659141307064e+01
5.811422704798729910e+00
1.925230232639268024e+01
-3.332214095988143754e+01
-2.658726322183089508e+01
3.226231815391011537e+01
2.224566668265197222e+01
2.745263317903729217e+01
2.782322487875006800e+00
4.844943689090797534e+00
3.114305991845236576e+01
5.519051633395335443e+01
-1.193415705008767702e+01
2.201490315677199305e+01
-1.475820533075074081e+01
-2.506394973780942337e+01
-1.980103847151541174e+01
-1.989065229368341647e+01
-8.257133788082001047e+00
-2.715967261543730160e+01
-1.120232469048664825e+01
-7.752932949473027691e+01
1.937450799881642638e+01
1.267272777445978349e+01
-2.691945439650801575e+00
-2.218789185376277828e+01
-1.058000246196914418e+01
-3.134809549840900900e+01
5.626600925879870374e+00
4.602561768298950540e+01
-1.258122626063891403e+01
-9.651999006326590802e+00
1.195926445715582531e+01
-2.916894489368537080e+01
4.836500100035020466e+01
8.408763212678977084e+00
7.918735327126114498e+00
2.828025613799522375e+01
-1.431267840474504283e+00
3.196424751908824646e+01
1.079383967945057066e+01
-2.252086512981705368e+00
4.696780436861160979e+00
-3.635561338601092984e+00
3.782262347113413625e+01
4.908566697691298941e+00
1.037483976737487978e+01
-6.631119266747020902e+00
8.010956469575660321e+00
-5.264427573640622882e+01
-2.011888583348491011e+01
-2.781480901751541523e+01
2.709208619856005384e+01
-1.826958234405697112e+01
-3.424645096112976717e+01
3.301829110619831908e+01
-6.965873143177816473e+00
2.312071203979559186e+01
-5.140203139069564031e+01
1.061992785112328797e+01
2.958090534989409548e+00
3.462222555475932495e+00
-6.619308208420420669e+00
-4.140248621823388930e+00
2.893947947876271343e+01
1.055887579100584617e+00
-2.891108844896587016e+01
-1.069425061299585877e+01
1.255622103901349362e+01
-6.557110518784942599e+01
-5.015777673396808467e+01
7.398410707489517790e-01
7.990801977563720015e+00
-2.677970798336767189e+01
-1.092819014472667050e+00
5.990695726469016336e+01
1.597846055158942136e+01
-3.065599566435281531e+01
5.320343648722001717e+00
-5.276929642209374549e+00
7.126887474872276584e+00
-2.024855914344038865e+01
1.251861174328009696e+01
1.496187822987235450e+01
-3.947458423127528704e+00
6.348217736007939038e+01
-4.500572174951997795e+00
-1.798890814065265431e+01
1.357981004343037057e+01
2.442510136912261487e+01
-1.924614528997275897e+01
-1.031808740863304763e+00
5.568336241070656456e+01
-1.591178524964959706e+00
3.336293318183638235e+01
8.329395752972857281e+00
-3.987409255090128113e+00
-1.287337879406533148e+01
2.967685089523860142e+01
-3.178942963188610094e+01
-6.202143177012260367e-01
-1.034878690471887808e+01
-2.258688689546765715e+01
8.503408873706748139e+00
1.509017771891015691e+01
2.451129349085590547e+00
-2.463677749732369193e-01
-2.260283901359562719e+01
9.205307324282046011e+00
-1.875144310655059599e+00
-1.287882894579217918e+01
-1.146282286233459047e+01
9.422495260588789279e+00
-2.136202866897122021e+00
-2.149886510012851204e+01
-6.195828607730470594e+01
5.901530097604933189e+00
1.098487507199953939e+01
-2.754093396337785293e+01
-1.355942230093035050e+01
4.699717849280831672e+01
6.362806929334496431e+00
2.243827710558224453e+01
4.897933307951433335e+00
2.263893563665999409e+01
3.250334550011956480e+00
-2.215115191096074909e+01
-6.152084333146234485e+00
3.089646905416913114e+00
1.787819874640939588e+01
4.289469526100432972e+01
2.795706013111512789e+01
1.718996354957710082e+00
9.670931507308552000e+00
3.444087174602543655e+01
1.501644364703523848e+01
-3.943622422818521045e+01
-1.568292969927873060e+01
6.386822495756405260e+00
4.844990698593960587e+00
1.401390460680762828e+01
-2.946188592391152383e+01
3.987662932888504486e+00
2.457433025803346993e+01
2.719410797931606538e+01
-2.443489380960190260e+01
1.234819495027750236e-02
-1.271939515975901713e+00
-9.705292060634661766e+00
-1.614079922754200425e+01
-8.788335360411622332e+00
-4.977065950729731014e+00
5.747426926488458321e+00
2.405168822785438465e+01
-1.755451187822329473e+01
4.602394763710435655e+01
1.866311816924661571e+01
1.526341733929041311e+01
2.015171157199770846e+01
1.543007716071796409e+01
2.064318896110357571e+01
3.112679753056860932e+01
-2.591727313260718546e+01
3.541048547453580397e+01
-6.488943095098693448e+01
1.801928590489254844e+01
-6.079986905258590468e+01
4.744208269974188852e+01
4.290179991154778349e+01
-5.333314430277596330e+00
-2.740494351582009358e+01
-2.413216323039827671e+01
-3.130651228276346387e+01
-3.604361239628434532e+01
3.217291860253709501e+01
2.393459942478291680e+01
1.360158612328893923e+01
1.612300979048546878e+01
2.537757245539683026e+01
-2.228663998294513249e+01
-1.006165632967784518e+01
3.137714278685324132e+01
-7.433447699304892353e+00
3.034635313560642089e+01
4.236747852367554401e+01
-3.265712431581109243e+00
-4.165646861070104023e+01
2.838035371886689973e+00
-1.431967836103680725e+00
-5.806331358532418108e+00
5.980623543487695315e-02
-3.709143957375994205e+01
-7.163460553316880919e+00
5.059848442147018233e+00
7.557628641214691356e+00
2.778700470126881328e+01
-2.427096720659611151e+01
3.172496748368160979e+01
-2.270246762297136911e+01
1.459950250575252539e+01
2.298874676209027257e+01
