---------------------
  #    meV     cm^-1
---------------------
  0    7.1      57.2
  1    7.5      60.6
  2   16.3     131.8
  3   16.7     134.5
  4   18.5     149.3
  5   21.5     173.7
  6   24.1     194.0
  7   25.8     208.3
  8   33.8     272.5
  9   49.8     401.8
 10   61.3     494.8
 11   68.6     553.2
 12   75.1     605.9
 13   86.5     697.7
 14  102.7     827.9
 15  121.1     976.5
 16  130.3    1051.1
 17  139.7    1126.5
 18  142.3    1148.1
 19  154.2    1243.7
 20  160.8    1297.3
 21  177.5    1431.7
 22  182.2    1469.3
 23  183.8    1482.5
 24  188.0    1516.3
 25  203.3    1639.9
 26  362.8    2925.8
 27  374.4    3019.4
 28  380.0    3065.3
 29  407.4    3285.7
 30  423.7    3417.2
 31  425.7    3433.4
 32  464.6    3747.5
---------------------
Zero-point energy: 2.619 eV
