---------------------
  #    meV     cm^-1
---------------------
  0   16.9     136.7
  1   21.0     169.2
  2   23.5     189.2
  3   25.1     202.3
  4   36.8     296.9
  5   37.8     304.7
  6   43.4     349.8
  7   46.3     373.7
  8   50.8     409.9
  9   64.2     518.1
 10   75.3     607.1
 11   82.3     663.9
 12   83.1     669.9
 13   85.2     687.4
 14  115.6     932.1
 15  118.4     955.2
 16  156.5    1262.1
 17  168.7    1361.0
 18  181.8    1466.4
 19  196.3    1582.9
 20  375.1    3025.5
 21  422.5    3407.5
 22  428.7    3457.5
 23  467.4    3769.9
---------------------
Zero-point energy: 1.661 eV
