-3.528525080599960972e+01
-2.056285986104597896e+00
-7.283886577245674232e+00
2.447365121633239937e+01
-1.210774624706276370e+01
-9.384727813481674730e+00
-2.447498368790513723e+01
-5.120365257757866573e+01
-2.186161175312267346e+01
-2.301485353705180614e+01
-2.135379649098203458e+01
4.297612945188928890e+00
2.036994596124245049e+00
-1.070487103922829419e+00
1.766646428964492088e+00
2.695570183354243454e+01
-1.041182076755384855e+01
-7.370636066122941088e+00
1.196062431134021153e+01
-6.299583902082500231e+01
3.159382736079766119e+01
-1.353587742650552173e+01
-2.452965084840860399e+00
-5.684958656235565400e+00
-1.003967056655142187e+00
-2.207968510955353736e+00
4.887083507265663229e+01
-1.522614282839064970e+01
-4.113273564486405576e+00
-3.092404557569020085e+01
3.998444057553354014e+01
-4.449022857814824761e+00
-2.176268218268643295e+01
1.143518914627718175e+01
-2.077717988946801597e+00
1.325020986458650896e+01
-5.471141834570119045e-01
2.762262358289973463e+00
1.924246554437991108e+01
-5.564018300232021375e+01
3.096518423934000452e+01
8.253179966928186673e+00
-6.337718524670606257e+00
-1.780321142891928687e+01
7.010407005177654582e+00
-1.108302287849011236e+01
2.535236528317898319e+01
2.024110046351518122e+01
-1.304956154435740245e+01
-1.668727755801347712e+01
-1.760328846618614307e+01
-2.114239052329543256e+01
1.071427215910841824e+01
-2.758768132997033717e+01
8.433321589024501463e+00
3.520666059448771534e+01
4.058627216362794599e+01
1.889204563212905441e+01
8.474442628678360734e+00
1.762249872062608347e+01
5.176738397091349952e+01
8.806306011847425452e+00
-3.037678280425706134e+01
-6.142718465658163041e+00
-1.433668900295722892e+01
3.388153153389110628e+01
-4.011779301945475140e+01
-3.492303405325395715e+01
-1.776424069267379480e+01
-9.916466131483787194e+00
-2.283866398768756767e+01
1.597593602040313954e+01
5.312172311191829976e+00
7.969266346404310752e+00
-2.202225796745049990e+01
-1.931224157380393081e+01
-3.328679244802976456e+01
1.837247710321832983e+01
-1.907942407037679544e+01
1.720751281921977238e+01
-5.466860817110210213e+00
-1.518298613679064601e+01
-2.921940008074462014e+01
-8.684293779511193634e+00
-6.259717882867562366e+00
-7.030439275521459308e+00
2.274347943769687674e+01
4.261676134337582766e+01
-2.506647648966778874e+01
-4.374867556524179690e+01
-1.096877316179249817e+01
6.056389498859692821e+01
-3.299244116937837390e+01
1.824935351706520237e+01
-6.635420654110873784e+00
-3.399625949404185121e+01
1.406559648775321136e+01
1.990533305721999113e+01
-9.827275673336202999e+00
1.867818966960396665e+01
-1.370483809451798152e+01
-3.183174573021292986e+01
5.347903697798329858e+01
2.553092397778851819e+01
1.442946345147416309e+01
8.024592938532521202e+00
1.519402431009621068e+01
4.603614085403410172e+01
-1.500804787463462020e+01
3.381320869882813440e+00
-7.713167710076015737e+01
8.983259627795504798e+00
-3.777805903783539065e+01
7.894354398527809735e+00
1.242600821779295472e+01
-2.033814939065734961e+01
-2.887005251173059150e+01
1.273208545514137313e+00
-1.717099816246141586e+01
2.178313045762760680e+01
-2.829133404033920840e+01
-3.146589582968317700e+00
-2.052340156706480911e+01
-2.007462622005903086e+00
1.126115460423662284e+00
1.265938475509761929e+01
4.422639431070933824e-01
-2.950069094648029022e+00
3.626316267838701890e+01
5.137996316193137147e+01
2.774526836081791714e+01
4.012711925720856243e+01
-6.605630647788345300e+00
5.683434809616926486e+00
2.997200059802497663e+01
-5.306602355541798488e-01
-4.288957893982757241e+01
-2.297352055648184432e+01
-2.858648876421540308e+01
-1.563723483860453456e+01
1.615730819937172669e+01
-6.709650884990804798e+01
-9.423856885645193415e+00
2.503825592202170469e+01
-2.117642743740123024e+01
-1.762800748614438362e+01
3.363396345782319941e+01
2.516787353078362344e+01
-1.866187593921053178e+01
1.568621373125600371e+01
-1.432474665169524997e+01
1.931049405887222292e+01
1.936681608498503238e+00
7.500306121893245859e+00
-4.816238035415235430e+01
-2.674258068077674011e+01
-4.872153366364386784e+00
-8.938669976186321975e-01
-2.306311142112747348e+01
6.144317565052051577e+01
-9.847254460360943540e+00
-1.820750403175809140e+01
2.015936535771538729e+01
-2.597201939368967771e+01
-2.068308853859169005e+01
1.847118481040484994e+01
7.224778093985527505e+00
8.632014411272336929e+00
8.872352284349275919e+00
-6.254831206682837319e+00
8.993281762673547064e+00
3.296367690588267862e+01
-1.498531865755774106e+01
1.087233081104872667e+01
5.139168163346188578e+01
1.847154970702874266e+01
-4.262041012258919181e+00
-1.156021649862324807e+01
8.797651288234372657e+01
-1.206800719177844883e+01
2.118182212321320890e+01
1.463329662246698604e+01
1.667477239862270721e+01
5.002061899594502847e+01
2.709649114438400375e+01
-1.557234003722788529e+00
1.369759280086498165e+01
2.776308890323593914e+01
2.036293827416449176e+01
-3.289158044784409185e+01
5.326550166188906132e+01
-4.739647003423985439e+01
-6.976221368666379874e+00
3.114124823728693059e+01
8.432813395272766854e+00
4.270103401404753640e+00
1.602490198545660860e+01
1.262399416376857175e+01
1.943760125256466154e+01
-3.538005779476742418e+01
2.264257594808611884e+00
-1.500281310530459677e+01
-3.810141067892736544e+00
-2.508663914391377148e+00
-6.057595486235873850e+00
-3.251566237647807611e+00
4.731442226096623926e+01
-4.778892980309450422e+00
-1.470503321383046114e+01
-1.446905167007752624e+00
7.359004138322106314e+00
-3.370947939282002892e+01
-2.887703483358825451e+01
-2.049422340303247836e+01
-3.493533956302701426e+01
-9.071644184197527494e+00
-2.359003454795857735e+01
1.030927481519306355e+01
7.186897122602857735e-01
-7.060328940100362161e+00
-4.666248480062265003e+00
3.243943518512878654e+00
-8.319249146093298464e+00
3.843131029148705124e+01
-4.882658225128540153e+01
-8.552608085181365283e+00
-7.651159537874370642e+00
9.006599229824701069e+00
1.270468046372940307e+01
-2.657788081981448158e+01
-8.603117524827410989e+00
2.425258569018939170e+01
-1.135326254894378195e+01
8.952421871132202114e+00
1.925191254829091747e+01
-1.637609629187693372e+00
6.297721517130423763e+01
-7.928907048152098014e+00
-1.788679929138788793e+01
1.808013738409613325e+00
-1.386028815081047583e+01
3.083674757122346932e+01
-2.390590170502582623e+01
6.853928214128927721e+00
3.202174989211601996e+01
-7.136231638598871996e+00
6.670697482975720050e+01
7.221575508040268687e+01
-3.744145025260218063e+01
3.323710538262419334e+01
1.225609934615391694e+01
-3.139288014518912462e+01
9.404047174014294797e+00
2.365093320646499819e+01
2.422048123606768399e+01
1.326535805833643167e+00
9.547602698471393978e+00
4.192116022297136624e+01
-1.324492810370105644e+01
8.014394900496377261e+00
4.046358672262374512e+01
-2.085603317273793778e+01
-1.120972575384588765e+01
3.153449883260303466e+01
1.618724668789057830e+01
4.269658819532264715e+01
1.697462861439382209e+01
6.106555874040566323e+00
1.502676997628563527e+01
2.280157054511836634e+01
-3.012694004870633080e+01
3.840110926816493020e+00
1.389315256534110965e+01
6.537816724566482662e+00
1.332610171794200937e+01
-3.446576836272446798e+01
1.805045902548590675e+01
-2.408308005924436657e+01
-1.873557584598982828e+01
1.198990071953802783e+01
-6.567826147337413545e+00
3.258942281475341929e+01
-9.438407652366208822e+00
1.693249785214837289e+01
1.825181548058230874e+01
4.377301035004298058e+01
3.070227288815309663e+01
2.746037037080214560e+01
-1.909716953051059818e+00
-4.719536282716887854e+00
-1.797108253712701753e+01
4.496198140422600886e+01
4.476326004092607036e+01
2.198458723986045982e+01
-1.415986135239937482e+01
2.803142993948586081e+01
-2.893958495522156227e+00
1.006370959759643569e+01
3.720688304950618885e+01
-6.760674210975565757e-01
-4.473964661549388211e+00
-1.138754246469648024e+01
-3.289894112150912520e+01
5.379465593058955619e+01
2.845881506293363827e+01
-3.364175824371515944e+01
-9.282231571753698063e+00
1.482925851977510234e+01
-5.619335224071434709e+00
3.574130337222359088e+01
7.103650811484868655e+00
4.504592612191538592e+01
1.948699623101393641e+01
-1.284889394283203501e+01
1.131312662639984978e+01
-3.536076825163263493e+00
-1.550306360957603147e+01
8.882433572204632810e+00
8.494172191614040912e+00
5.285024372641881030e+01
4.444419886619405702e+01
3.126116457035053031e+01
3.763043376732332490e+01
4.862619465068362956e+00
-1.461460395415008406e+01
8.072737909629381647e+00
-1.885118986760048543e+01
-3.023650355607197326e+01
-3.139943381336570383e+01
-1.760101695035342573e+01
-6.135379153928471396e+01
-1.968041744489208611e+01
-4.886895846279350053e+01
1.321639905272585480e+01
-2.612375503910934071e+01
2.627023641168133850e+01
-5.582000212615113099e+01
-1.681843412976316188e+01
2.420877334929076596e+01
1.183649495552222675e+01
-5.010789214987197937e+01
3.195435730673244734e+01
-1.459197999163788495e+01
3.037868791789373546e+01
-1.314075681653841343e+01
-4.423788584959459058e+01
8.119474615292048725e+00
-3.674570220358401684e+01
-4.223614593104116466e+00
-1.665714754832556821e+00
2.308882580413101948e+01
7.114843913260460795e+01
-2.437422995409238524e+01
-1.976510585034520773e+01
-2.373321908071176267e+00
-6.418472201542073208e+00
-4.558991758744057421e+01
-3.146686828239811007e+01
2.702405948704267757e+01
-1.200810398865689876e+01
1.142711725776430853e+01
-2.772879853162612562e+01
-9.264860826986847542e+00
-2.343013774716999365e+01
2.911076978502737944e+01
5.429199569799379788e+00
-1.259933186997500343e+01
-9.585186984111658148e+00
6.696124157147451683e+00
-4.610013778421063080e+00
2.432077938295259401e+01
-1.455501712791101454e+01
5.587223417215170684e+00
1.999616844059410425e+01
7.765145418561246515e+00
-1.198394003718462386e+01
8.685232310234886199e+01
3.316067791626007022e+01
2.426602446156728377e+00
5.786698277177265481e+00
-3.532333960633067704e+01
1.897795970256325404e+01
-4.316229589060228022e+01
-1.644296857098095188e+01
-3.108703730836580803e+01
-1.116693355209616811e+01
3.206837552617429310e+01
-3.200727307354320317e+01
1.350751823173188626e+01
-2.148387842884972088e+00
1.190738182793637634e+00
-2.024402166879534093e+01
-2.504839347865905097e+01
-3.145786441088603169e+00
-2.021089168037204331e+01
-1.120832853274362151e+01
-2.332257367379128254e+01
-5.230345237214471865e+00
-1.959795681314959381e+01
-2.835049956585362452e+01
1.180476354822750551e+01
-8.125795659688861861e+00
1.381529591910259569e+01
4.802338308320965865e+00
-4.299973208924017598e+01
-2.965131377906804033e+01
-2.577330033064305326e+01
1.831660428124064310e+01
-1.391370639413423760e+00
-3.503251818238283022e+01
3.324623862663140983e+01
-2.211897627112998066e+01
3.225977006088955079e+01
-1.784848905042513678e+01
-2.729438722267812523e+01
1.342739074638308239e+01
-3.841028615199520857e+01
-1.942904424602474478e+01
3.499729278781248354e+01
1.064734610430213024e+01
-2.476101086064915080e+01
3.063069116462629893e+01
-1.023006629097790210e+01
-2.144740369450443040e+01
-1.718132432526303432e+01
-2.831510143119498935e+01
1.562479050536263969e+01
-5.078326455940410256e+01
-4.474795645913735598e+01
-5.722846184036484374e+00
-1.701144308418466267e+01
-3.339447244051972774e+01
4.155354383236243621e+01
7.583620196239724010e+01
-1.553447929367730751e+01
-2.035455806267918888e+00
-3.424346967575012002e+01
3.706667227121863561e+01
1.151325542044867234e+01
-1.347558614358814566e+01
-2.060329616432167654e+01
8.349329989711051780e+00
-3.281798317865126080e+01
-9.942408075844241466e+00
-4.916204069412407307e+01
2.056974622297980204e+01
6.254373317190413673e+00
-1.009486428846287254e+00
-5.841932847988005051e+00
-2.259320307702580521e+01
-6.194592008065086475e+00
7.414982619656061047e+01
-1.037883972047751513e+01
-2.712891594533783746e+01
-3.950037422419453037e+01
7.864154253079760792e+00
-2.119580561254178974e+01
6.119106716006889712e+00
1.714925949180600639e+01
4.306712049652787755e+00
1.769241433342572378e+01
8.537218099823391526e+00
3.313062768718674533e+01
1.491434911618928538e+01
-1.977934835022278293e+01
2.711507821019395692e+01
1.975064009259344289e+01
7.000733099308575902e+00
2.394500457721306930e+01
-1.604531541835985564e+01
4.172107462973411884e+01
1.332551856003742152e+01
-1.794625919995557695e+01
-3.307580868131056562e+00
-1.018943778831368263e+01
1.156810534215384223e+01
-1.322090993185503294e+01
-4.458698024971496920e+00
-7.235506220250442766e+00
4.581847552948460134e+01
3.125208236286414376e+01
-3.676087814815618060e+01
-4.570021988884690245e+00
-2.987146133638756851e+01
-8.238167240120958468e+00
-1.333135350678901432e+01
4.848813709438161368e+00
-6.025096947652439638e-01
-1.623208851481382453e+01
9.593250650250595868e+00
-4.661252234021738161e+00
-5.301364825803879910e+00
4.876749068763913897e+01
8.184265789192398444e+00
-4.667453676240111804e+01
-2.244878822375773098e+01
5.418788853586346477e+01
1.539545242381785783e+01
-5.383725174322364637e+00
6.042015304364144868e+01
-9.161734692853059414e+00
-5.174935005238097574e+00
-4.574175316464845764e+00
8.733203634813463623e+00
1.761519528472417306e+01
2.479253939911629345e+00
1.639014285715188635e+01
-7.252355374657966536e+00
-1.987262030050059991e+01
-2.352651352667496099e+01
-2.711901582791449528e+01
2.330785498924242916e+01
7.347707143424337062e+00
2.155342303575199026e+01
7.875673776051854702e+00
5.047544265405267083e+01
1.056428751403846178e+01
-4.558969919981240082e+01
-1.937852832430509409e+01
3.483587107734820165e+00
-1.647194954965685554e+01
3.572013418019696473e+01
-7.855092521579308595e+00
9.522025293501137355e+00
2.982754094312872439e+01
-4.224051874520773708e+01
8.459347762925816028e+01
1.172111449334705924e+01
1.350094032878251937e+01
2.044660136724787947e+01
4.195591015925970169e+00
-2.799981361539778391e-01
1.982694028283393095e+01
-2.090928953470790930e+01
4.692019428862695918e+01
4.148199813997814545e+01
-2.353184324096295654e+01
9.066122712475362277e+00
3.956801668960591201e+01
-1.165622076887315473e+01
9.880124922308823443e+00
2.132353115079245498e+01
2.295229963554101005e+01
-4.315208512899752691e+01
-5.805609587680976347e+00
-1.733643314171570182e+01
-1.736906322478404263e+00
-4.456685801544452374e+00
9.560715503305345919e-01
-7.091639925261546296e+00
-1.791694088925657979e+01
7.440512412967137834e+00
3.898282064083502974e+00
2.998356118343263077e+01
-2.474062189326106420e+01
2.462364377263781989e+01
2.669862781829097287e+01
-7.078668427037030142e+00
4.604969040893840315e+01
-3.848737199322081892e+01
-5.828677721809734180e+01
-4.871569905258176902e+00
-4.478000182228470294e+00
-6.699021896043859670e-01
4.516875889113785547e+01
-2.752836532976928652e+00
2.419725744657662858e+01
3.036276533393139232e+01
2.114499547744532038e+01
-6.473639875169681090e+00
3.373289127700223844e+01
-8.987585128634293596e+00
-2.003172831520316777e+01
-2.312825831864839188e+01
6.096371120060993576e+00
1.999922316031185687e+01
-7.781879036143948269e-01
1.970508377725491300e+01
2.893958487799750401e-01
3.426079817432831476e+01
9.807553489975120442e+00
5.095922801938783664e+00
-2.123718407621595361e+00
1.819210585783893919e+01
2.124388416201307450e+01
9.735700365872048678e+00
-1.024308802104570759e+00
-3.106404374198511320e+01
1.643983683628223957e+01
1.075062104001358421e+01
2.007706714737004461e+01
1.591915546606296061e+01
2.042862524344815256e+01
-4.917695291411490643e+00
1.756437331509010846e+01
-1.517579220055699807e+01
-3.885541554693645594e-01
-3.061550647296149918e+01
-1.739987744612261622e+01
2.272749727790936447e+01
-5.087314187818826383e+01
1.498413179012229079e+01
8.942188230198439669e+00
4.688047259872453765e+01
-1.072416942846926702e+01
1.878951745208427937e+01
-5.652017588066485132e+00
-2.735163919947866873e+01
-3.841359229253043850e+01
-6.588857351179285615e+00
-4.990000248660671645e+01
6.649238742257125523e+00
-1.121365420312492489e+01
1.741928857880436965e+01
1.328159107946027007e+01
-1.609021309110298148e+01
-1.646992577670579294e+01
2.313484803460101702e+01
-3.467279523737015268e+01
-6.872951606780105749e+00
-1.066395256995642882e+01
1.541056668232860716e+01
4.959893420885919113e-01
1.535969469093487305e+00
-1.064818442816103072e+01
3.092405691770477461e+01
-3.124529413965376534e+01
3.837995586097463274e+00
3.395486188366362512e+01
-2.073468658014684252e+01
1.735036873573534422e+00
-1.728519708142357558e-01
-3.675630621233264606e+01
-2.262260593629750360e+01
-2.809920740321448562e+00
1.593119876225510012e+01
1.863215486928555720e+01
3.441000368834750134e+00
-5.448727061368231261e+00
1.006068770116689848e+01
-2.402006523414155481e+01
-1.099350362828488414e+00
-2.927505235975434061e+01
-1.575162222604346596e+01
2.742222165857288019e+01
-1.610909474285983833e+01
3.826882020812573160e+01
-1.352657422015442990e+01
1.850584729471152912e+01
1.424807807570061868e+01
-3.575688105629569691e+01
-1.420146754623817742e+01
4.942813850239417661e+00
-2.353966779026652034e+01
-2.128572121009165841e+01
-4.928634503738726380e+01
-3.051452531476491004e+01
-2.880484347896890540e+01
-2.479983388255388377e+01
4.674023941800697912e-01
1.029232266590659606e+01
3.823683149959634875e+00
1.372995887594476372e+01
-3.203690500685488018e+01
8.568590353568538376e+00
1.517036607665083636e+01
-3.801014329130026681e+01
-3.507954458713669510e+01
-2.378816966210348482e+01
-1.531689290756851562e+01
9.168560287428675792e+00
-7.487870351476999531e-01
-2.380097803526101785e+01
1.691570648248693942e+01
-1.345418661037066954e+01
2.834256849091997310e+01
-5.018700130573790830e+01
3.565747223309298874e+01
-5.073288859095402614e+00
-2.260433239442713216e+01
-1.416345595068767693e+01
1.052256133055678333e+00
2.524563470752861605e+01
-4.154770969353646137e+01
-6.689073378237708312e+00
-1.138670000099303081e+01
2.522290401856976416e+01
4.709878972212970893e+01
-5.600697344403835132e+01
5.243289244277764283e+01
2.346682178800671181e+01
-4.209096791714465979e+01
-1.802753244306964575e+01
4.465078672735718612e+01
3.349758932344548157e+01
-1.169745850173154622e+01
-3.316482765604149563e+00
8.074359774803653522e+00
4.205778856651784281e+01
-3.198598551513109811e+01
7.160975970448816952e+00
-4.692888195566915499e+00
1.541470169841255711e+01
-4.089743317849853810e+01
-1.878378363620377911e+00
-1.714919037108013811e+01
2.692443885430527928e+01
2.373278511152591363e+01
-4.918798318563625571e+01
-2.691528545209290257e+01
-1.218177382373710316e+01
-2.396606962571761557e+01
-6.576547455161190214e+00
-1.148753849472062427e+01
2.535316456002405516e+01
2.371109591501692648e+01
-1.221668516061839682e+00
-2.585021391458280249e+01
-4.791891402745784490e+01
2.681634309674069527e+01
-2.768151833935345962e+01
-2.048260108372008403e+01
3.350911541212163058e+00
-2.021873736483773598e+01
-2.203391305059537331e+01
-1.611846349260006406e+01
-2.694175284302193063e+01
-1.461902848634747798e+01
-2.927266316345625796e+01
3.152804303125660113e+01
3.460655716337291210e+01
-3.725470014437689770e+00
-1.236672408671176981e+01
-2.327139444290651227e-01
2.559637830198278152e+01
-4.843296406229248419e+01
-1.119848765115889933e+01
2.777152513844720261e+01
3.989656279614843015e+01
-9.458004094368249071e+00
5.581521445134796977e+00
3.087944682593203538e+01
9.344807692889133932e+00
-6.066924102644861705e-01
-2.502979184492198783e+01
1.135109498545097040e+01
-1.953043801347712360e+01
-5.925094152387828217e+00
-1.095799744463329262e+01
-9.276911382646289894e+00
1.276816994275884554e+01
4.457460680677530007e+01
-1.348370510953884605e+00
1.938783858164484286e+00
-5.129060003107015575e+01
-1.064463862337873934e+01
-2.028568672306448661e+01
-6.852506231996358110e-02
-2.645555933829646733e+01
4.807303468828766313e+01
4.576530269908499804e+01
7.924891064506034866e+00
-1.110613049477004211e+01
9.372471908832551435e+00
1.164098969032188791e+01
-2.687900559062904193e+01
-4.724003787441915847e+00
1.063499573353828964e+01
7.520732528536427708e+00
3.103655637949449897e+01
2.279916210841966517e+01
-1.194177113451263494e+01
1.468836897244491979e+01
-5.585122595081369923e+01
-7.026259588849725901e-01
4.919684000592681627e+01
6.748813242674941648e+00
-1.147800355174354081e+00
1.719392701945864133e+01
-1.613321970822171991e+01
5.070397595535825985e+01
-9.362616918554437007e+00
4.535494392227138860e+01
2.208779256900024990e+01
-2.282754797765869625e+01
1.824953906928682557e+01
-1.726655094833671455e+01
-4.075108608569576063e+01
-3.655082801327353081e+00
-3.141076508124085365e+01
-2.963738564031956457e+01
-2.788979412772860655e+00
2.033634925743712074e+01
-5.479731531396652144e+00
-1.769176295063846283e+01
5.054130130164935508e+00
-3.905689763547667326e+01
-3.970992751652577368e+00
-4.683438274424253223e+01
2.759804485681685549e+01
-6.958970218248197170e-01
-2.814087622431284785e+01
-9.383903335771009324e+00
1.044582548142167866e+01
-1.993647019753362315e+01
-2.576281574123029827e+01
5.316205011275712877e+01
-1.366571732444691634e+01
-2.278282805565709168e+01
1.540771208298756534e+01
-9.945603380336883959e+00
3.085421279890461221e+01
-2.519692350672585235e+00
3.973673413671704679e+00
6.102074406085029068e+01
-7.047448174419713496e+00
-2.070282194293565681e+01
-2.426879015057318156e+01
-2.878457651920825811e+01
-1.933729534624558255e+01
1.532136499136777275e+01
1.531070368469835330e+01
1.261008793530547223e+01
4.156144841983092419e+01
1.873796466736877164e+00
1.179959016911124081e+01
-3.593305857332514108e+01
1.496185035488338144e+00
-1.053435605320834156e+01
-1.506262480957826710e+01
-1.910821015818953583e+00
1.903518886145843680e+01
2.159533965265677580e+01
-3.759216933751119427e-01
6.895313553239645898e+00
1.560340844888374079e+01
1.977228162293828007e+01
-1.383607298624461635e+01
-7.151555596346327093e+00
4.036777661210351198e-01
-1.307815410839384640e+01
-2.875503947125821469e+00
-2.024909848576231752e+01
4.485891048772771228e+01
3.635539075304797052e+01
-9.199490283155000725e+00
9.018658872803456461e+00
-2.612772915123072082e+00
-1.691159077517980336e+01
2.016605738818956439e+01
-5.416433307658849117e+00
2.259273785620581521e+01
-2.963800383412834805e+01
1.017340474630358926e+01
-5.616597267315455611e+00
-3.053372839752978507e+01
-1.384026391906513709e+01
1.513073626668775518e+01
-5.170041705030672574e+01
2.432192222042010599e+01
2.640469826377074014e+01
-5.647472223424481186e+00
-3.395436607417678943e+00
-1.798612621880664619e+00
1.415572002281226105e+01
-1.851070400086189238e+01
2.042397371183245980e+01
1.727544599458718722e+01
-5.573146921312866198e+01
-2.006155656254617270e+01
1.346291452820585732e+01
-4.831259941901862476e+00
2.455464512391661458e+01
-3.606668773664188166e+01
-3.026917219793233471e+00
-2.372672496466065084e+01
-7.283915584717767899e+01
4.360006463951734190e+01
-3.307321046586406510e+01
-3.467694929897434974e+01
5.036703401294460036e+00
7.344208462862813747e+01
6.846852841682391499e-01
-1.590309924664867935e+01
-1.755887621330316506e+00
-3.115421386701370920e+00
-4.859034319909908817e+01
-3.469433654490244123e+01
4.643895861934475988e+01
-5.792217396780188210e+00
-2.137669824566319221e+01
2.800680991703586642e+01
-2.032830776602008882e+01
2.088875198164998892e+01
3.016231863764325993e+01
-3.237122035025939226e+01
-1.589086675048332609e+01
-1.968278635834329293e+01
-1.013065236114215395e+01
-9.987903200435937379e+00
-5.882043700039218947e+00
8.126734549528237039e+00
-1.933269347338444533e+01
1.607234592639699144e+01
3.283357382480451747e+01
-5.143198110855280447e+00
-1.151996546242830277e+01
8.244854699498660011e+00
3.172213680247656953e+01
2.957168867576437776e+01
5.492111351980327072e+00
-3.136057438652613882e+00
-4.905747483351944993e+00
-2.876694118602508610e+01
2.178039158332927627e+01
-1.266697671375746381e+01
1.123394737194132631e+01
-7.939114313264781231e+00
1.533526494058833123e+01
1.035252394043326518e+01
-4.562131811137828663e+01
-1.511359367290293676e+01
-4.451757439377099956e+01
-2.021948619241379674e+01
3.013621318526247705e+00
-9.740068224721824208e+00
1.850360099945606862e+01
-1.699476821307769114e+01
2.079547569058917134e+00
6.072206212535263603e+00
4.013071285296979340e+01
2.033067420262274538e+01
-1.709940119467563235e+01
-6.772510368549973236e-01
6.864972845537721469e+00
2.171043639990262619e+01
2.015703404120756659e-01
3.092586074498262860e+01
1.277613691740689106e+01
5.131602954976699493e+01
1.108360689827151191e+00
3.710459458045679071e+01
-1.531507820627186334e+01
-2.137160112512360399e+01
2.516530644092597413e+00
5.267110548927689706e+00
1.519335421955497623e+01
-7.968211561049884040e+00
-7.743661431162863096e+00
1.466451027065216550e+01
-2.741099200592643115e+01
-3.120965670981013318e+01
4.486941537650804435e+01
-3.397279225811189463e+00
-2.215169142615253861e+01
-2.297412767330918371e+00
-7.650427457467628756e+00
2.403057656984256596e+01
1.876032761398860771e+01
-1.142430008381546713e+01
4.378988341187834976e-01
-1.498451832702392039e+01
-1.997080166003331669e+01
-1.516191498874451327e+01
-5.474891047555215096e+01
-8.016363081566169058e-03
-3.649530191722371342e+01
-3.154173685764568802e+01
-2.114738056377427711e+01
1.084642591891042684e+01
-2.067727215198175372e+01
1.305876314743901645e+01
-3.466795626641156503e+01
5.799154022286359123e-01
-2.346697574149681031e+01
4.830719081740667775e+00
6.335494672882042266e+00
1.884548837822248402e+01
-1.186637619368272567e+01
-9.048348061953163324e+00
1.671872753446402626e+01
3.354506901339479441e+01
1.857603169729881643e+01
4.731827847771228335e+00
-4.061518046147131145e+01
-9.606500059519873957e+00
-1.789108470221071912e+01
-3.422619244171988839e+01
2.291503204689809081e+01
-2.053604696897184567e+01
-1.872335332263361352e+00
-1.584558866263489563e+01
-5.647003640759044174e+01
2.929573062063991529e+01
-9.941463259789088625e+00
2.294428385532268067e+01
-4.044781281557546038e+01
3.813489916561749737e+01
2.075955004570545270e+00
-1.629680621670989993e+01
4.880639622081275775e+00
-1.183395260337243826e+01
-3.712671105061008348e+01
8.205508583037371295e+00
2.012069042592173673e+01
9.980803649389713428e-01
-2.049447692682753086e+01
-9.233946308590589069e+00
9.912527516959471541e+00
1.808707417398071016e+01
3.568418586713263352e+01
1.341452871965066151e+01
-1.315244162636068381e+01
5.399011861542759760e+01
1.359884419308417236e+01
2.400421011575380703e+01
-1.032014904219158780e+01
1.586037067159740843e+01
1.107691858877502966e+01
-3.509065872675697051e+01
-1.170291522648254556e+01
-2.313373222552641550e+01
-2.086694295836895208e+01
-6.807062120743523792e+00
-7.852863639980569133e+00
-2.384238626977830222e+01
-6.274057612999736477e+01
-1.633312404380350102e+01
7.097482958498062544e+00
5.116683746016008172e+00
7.832302847340884000e+00
2.628587272702773703e+01
7.957852743405673834e+00
1.839619158531721155e+01
-2.357330080102462944e+01
2.588162229449517326e+01
-2.572814695850573230e+01
-4.072991800912416238e+01
1.240499239152705968e+01
-2.441033580358325139e+01
-2.223075612593757455e+01
-8.976747280201902868e+01
-6.527786266036599727e+00
4.617366683306431696e+01
2.401002809281868622e+01
-5.808707651317490672e+00
-7.797194549056086998e+00
2.134105200218030518e+01
3.763539585061241155e+01
-2.354852218008113596e+01
-6.108535993962959765e+00
-1.926330030606428068e+01
-1.989867775541989658e+01
-1.739374599658454912e+01
7.184922226708994941e+00
4.011264389832410870e+01
-3.690459716071768526e+01
-3.173999170996052044e+01
1.839804509914046093e+00
-6.051096046535235473e+00
-7.567524613823302104e+00
-5.109747940878003192e+01
3.556035675152445208e+01
1.358755694897587318e+01
5.293940962805773864e+00
2.745288333540931092e+01
-1.855943045835060090e+01
1.754513945313019008e+01
1.575065101848304039e+01
2.070350556612027049e+00
-3.455366681798356154e+00
5.006531710246122202e+00
-8.921056405720964477e+00
2.872076560441018955e+01
-2.271573217772586872e+01
2.438128617202826831e+01
5.451332951493242263e+00
8.156039073363103853e+00
1.288276159918211761e+01
-4.920611205605027294e+01
4.760955327806470905e+00
-3.791497176139330350e+01
-2.773645088226408362e+01
-2.775250949859643868e+01
-2.827375319273747323e+01
3.154524558173648074e-01
9.481792842196739457e+00
2.821042884698672992e+01
4.908153586650492173e+00
8.126235799683215077e+00
-3.977870261029062249e+01
-1.447173633235168921e+01
1.924979751287847307e+01
-1.116504554359941892e+00
-3.029930586203022358e-02
-5.007087274856189651e+00
1.986651619897000387e+01
-5.169715651078482210e+01
6.402516272775905293e+00
1.152689610531878373e+01
2.446740936145608103e+01
2.094799622076987333e+01
-3.205843731575461675e+01
6.362585800260802671e+00
3.290353776185824586e+00
2.677516144507649187e+00
3.338343968312756260e+00
-1.065250987782243897e+01
-1.998525020553221054e+01
1.070374837491240783e+01
3.405665187721137954e+01
-2.832269658171753690e+00
6.536486593731751782e+00
9.576113831222272665e+00
-1.452628385831677349e+01
-1.537808776651709763e+01
-6.755277356818027101e+01
-2.089606532750440238e+01
-3.085524315432648734e+01
-3.797021501611936856e+00
-3.818665270491393926e+01
4.251924758985262542e+01
-1.772579707374575264e+01
-3.035509962150672436e+01
-8.759463355304637844e+01
3.761852200263209056e+01
7.538317578224138060e+00
3.407961016550089539e+00
-3.546298819298834815e+01
4.948917029172889670e+00
-1.124715008462430887e+01
-1.854536866175136467e+01
6.615120168375622001e+00
1.908432315340616015e+01
4.138047438006111634e+00
-1.198829057801833642e+01
-1.484019014110344870e-01
1.535674231974951454e+00
8.936097566542059667e+00
-3.594861118980985282e+01
4.081370026361089032e+01
-2.426860184776718654e+01
-1.691809353659255777e+01
-2.766066918378857054e+01
-5.880499473012228151e+01
5.096060224909493286e+00
-2.962305936562253805e+01
-1.080412120231745376e+01
1.846839006197035360e+01
-1.461355764368735777e+01
-1.958869078941006592e+00
-6.645921078059558340e+00
-1.139805909563915520e+01
1.793297449110244912e+00
3.067283651795706589e+01
-2.847727163623784463e+01
5.626896344521682636e+01
-1.276594095195338241e+01
1.893100860691728826e+01
-7.753237154380343554e+00
6.450723226105335328e+00
-6.189687504241504712e+00
2.482721662320443556e+01
3.470980334486800700e+01
1.081373281087546445e+01
2.607152749814545700e+01
-2.013660998976843075e+01
-3.730027245366883903e+00
-1.265006137520833818e+01
3.879520761873629908e+01
3.256268964928943888e+01
2.461476347493345429e+01
-8.659819311039143486e+00
-1.572722438089971320e+01
1.406031245267070773e+01
-1.587658245168721294e+01
-7.031450855831508306e+00
-3.274677605573884875e+00
-1.669173602040409321e+01
2.811139975245463063e+01
-4.657815746204953200e+00
2.146029849217228502e+01
1.104952290014609595e+01
9.785464320369811730e+00
-1.872604693944224152e+01
1.501365014352850835e+01
-1.034607666722882868e+01
-6.639172135694082044e+00
-1.761642260433916363e+00
-2.722626538366125715e+01
4.220203048119412870e+01
-1.507950381397032302e+01
-1.782093877989268549e+00
1.256707523591879294e+01
1.086647300031856389e+01
4.191119540779754260e+01
-9.731111235557079908e+00
4.261610400955949274e+01
3.819932298633625578e+01
-5.295372783103772463e+01
2.898344146706762103e+00
-1.051664350128419301e+01
8.816395142556075371e+00
3.341227018019480965e+00
1.120793669637367884e+01
3.525535274857472956e+01
5.514266167131037122e+01
-4.246793200235231325e+01
4.278177256532478623e+01
-5.533545471504112356e+01
-4.588235759162472505e+01
-8.138001395610118038e+00
4.929010597822980344e-02
4.114791206922990341e+01
2.025171219114957921e+01
-6.854377090427135499e+00
-5.043814036427608016e+01
3.988483832540626395e+01
-2.359763806305392109e+01
9.927159704490691183e-01
-4.006251240860422058e+00
7.118753287152281928e+01
-1.432363655181492845e+01
-6.034772619204193234e+01
1.769200493975802146e+01
-9.194231323717414739e+01
6.512040831167453803e+00
-2.063227404308253199e+01
-1.038852526307805846e+01
-1.536310966225897801e+01
-3.304983550361689026e+01
2.164916595718582926e+01
-2.146050828916186504e+01
-6.630808749287268711e+00
-4.458152838542815743e+01
-2.475885464899249655e+00
-2.955524100977116575e+01
-4.219335880180608456e+01
-6.423786888505912884e+01
5.186997492645446073e+00
-2.009938931550740904e+01
3.497600050958169504e+00
-7.940493893399207082e+00
-4.592894868012268716e+01
-3.672325238426258665e+01
-3.082728384407238309e+01
-3.202043760061422972e+01
3.010737023108612220e+01
2.921165382604982597e+00
-2.816636183164047225e+01
-1.229382012071528152e+01
-1.388541675938121500e+01
2.272763426655621188e+01
-1.759227636931335326e+01
-4.356434223814609652e+00
-1.584395549552269244e+01
-2.023377237538939255e+01
-2.285958851114104107e+01
2.091165293970932737e+01
-8.795388560502630071e+00
-5.231845534940799780e+01
4.363038999528370709e+01
2.491988758898910206e+01
1.531607855820652730e+00
-4.415926406903599855e+01
-4.235087592391067801e+01
3.882821763157210171e+00
4.150389464683996721e-01
-1.786398375131966532e+01
-2.591107710498611993e+01
1.776796396478766837e+01
-3.134996126789388882e+00
1.485834377713968024e+01
2.772229572769271044e+01
1.798722015334271873e+01
1.803960153482411499e+01
1.351415154233505334e+01
-1.181235551890918600e+01
-8.414551118191084811e+00
-1.225317050836236632e+01
-2.077343735623139764e+01
-2.423427885246189817e+01
-3.604359593109926152e+01
-2.107911628717391039e+01
-5.803960630724105840e+00
-4.352479891143559598e+01
-8.053780979141379248e+00
2.059591735295803971e+01
-4.460971553645356380e+01
1.684923973561984667e+01
1.516455142378094934e+01
-4.069501088125667820e+01
-3.211494864836996044e+01
-9.723934224819828387e+00
9.956031511726209260e+00
-2.230858041991314167e+01
4.093577886685861245e+01
3.633741339831271944e+01
-4.376282810944331914e+01
2.536127080122764710e+01
1.971717794073035179e+01
4.955418967859998247e+00
1.229933585173324673e+01
-2.422892669690411083e+01
-7.384347305324837407e+00
4.665138107127802414e+00
1.089503174436765676e+01
2.398006406466775786e+01
-2.906399468928481511e+01
-3.368082700611637392e+00
8.509321907925794903e+00
2.996329525669835903e+00
-1.686717922467413899e+01
1.235618811673974449e+01
-1.450633854919109922e+01
-1.160423936317026516e+01
6.784508954066552633e-01
-3.450368140381462467e+01
1.683278930548283370e+00
-9.592419804661233229e+00
-7.845021020969142000e+00
4.753683907679999265e+00
-3.080096300087924988e+01
3.360403662642633549e+01
-1.427769533736761787e+01
-7.558693015695962458e+01
-4.842025765013332261e+01
2.098936485164939825e+01
-2.293094862590692173e+01
-1.068149167549728418e+01
-1.489936560440877855e+01
-1.039509314704005760e+01
-5.715048289429219608e+01
-3.607095461384744794e+00
-3.535956265628601614e+01
-1.950491705082305316e+01
1.209180929946859351e+01
4.462147322314325493e+01
1.599621473730113763e+00
-5.540099922205712346e-01
3.379246967681251590e+01
-3.139164988283287983e+01
1.814438400352678116e+01
4.347763356104564991e+00
-2.704814155962628774e+01
-1.443555216671060748e+01
1.262648279308291421e+01
3.616424279124856866e-01
6.888603973490003085e+00
5.912159671749591894e+00
-1.343268253488542996e+01
-1.841180743436666489e+01
-2.839194698439104059e+01
2.793523812207831725e+01
-3.662616661981202526e+01
-2.718650577419337822e+01
7.098691500012463962e+00
-4.938075468026501369e+01
1.275405462390600064e+01
3.636441339501578796e+01
-4.093441968999528058e+00
6.613930222462968800e+00
-1.634849338141111730e+01
-1.250635711869873035e+01
5.904904645014539710e+00
2.157184224648242576e+01
-2.204988212324910535e+01
1.534632867504237197e+01
-6.038742684414046380e+00
1.692726337354883981e+00
1.314852253564137641e+01
8.473298611341718356e+00
-7.271966478469288120e+00
1.190320295949902629e-01
1.089066888390493659e+01
1.622989000409575056e+01
-4.078651537964628915e+01
1.882190574608557654e+00
2.928602372242312413e+01
-5.247046320049850010e+01
1.725441438209499267e+01
-6.625581869967365378e+01
-6.092785240580038675e+00
-8.425937171408179438e+00
-2.967297201987662447e+00
-6.889295925640141149e+00
-1.429396081553923636e+01
-5.388032074298507723e+00
6.849771832388455550e+00
-1.508533143407032284e+01
6.828817900579466027e+00
4.974821485031714019e+01
-3.441473398707503861e+01
-1.501077287002496519e+01
2.261886534323775777e+01
1.365045755986596987e+01
2.478627444845572825e+01
1.193245780436828696e+01
1.200780331101019982e+01
-9.122873558052816634e+00
-2.785323964041813838e+01
-2.565094918471339724e+01
-1.530749104001093031e+01
2.606095427603648318e+00
-2.398392644946613927e+01
-7.925960612273094341e+00
4.143702895067136183e+00
1.349656197032663840e+01
-5.793563106040725330e+00
3.382320962172366308e+01
-3.279971685081207511e+01
-2.232488324886816144e+00
-1.769591859589951355e+00
1.561734560925467008e+01
-2.231811247008587884e+01
-1.413145734253146202e+01
1.067082854593398444e+01
2.553301290553966396e+01
4.232542946057124311e+01
1.813140257729483551e+01
2.371606425456708678e+01
-1.582758233150887150e+01
3.571933254603322894e+01
3.740882895027840505e+01
-1.494765577759380903e+00
1.940577963089862124e+01
2.138725990593955828e+01
-1.332803374316885936e+01
4.802280372878357184e+00
3.441106720142602171e+01
-1.367022112258905508e+01
-5.216970621982454759e+00
-3.413916295461404360e+01
1.349549331549849285e+01
-7.260145569206144955e+00
1.113967565010503336e+01
3.320754720690402451e+00
-2.252613381174646889e+01
2.579283577908591951e+01
2.271755591637688099e+01
-1.524155638087290754e+01
1.078666276603425445e+01
-3.454549166218077971e+01
-3.006251755866539099e+01
1.400099256831970251e+01
-3.854660905365851420e+01
-1.742354253818904652e+01
2.936652195125873277e+00
4.676485034673646624e+01
-1.439129502696275154e+01
-6.912522782402135135e+00
-1.015831772406693290e+01
6.340025789813969936e+01
7.915447928320610060e+00
-2.434476001273341694e+01
4.002894328220673970e+01
3.545790220500941103e+01
1.775675663125215920e+01
4.249645297198136973e+01
4.855678381689580903e+01
-4.240995590482242505e+00
-1.569308078565421738e+01
-1.639898958777416738e+01
1.630251392822526668e+01
2.124237633404055714e+01
-3.875105186928294643e+00
-1.306186032643415729e+01
-3.450804932572788175e+01
-1.428045354235999298e+01
-2.554449208589204545e+01
1.704239859755800524e+01
9.652713653463706578e+00
3.597791719063332039e+01
4.189975844322248122e+00
-1.332787868533500841e+01
-4.794184765697018236e+00
2.230537882395206140e+01
7.078943389976188882e+00
3.076744121498501272e+01
3.150463956114259645e+01
-6.838657939673396413e+00
-6.070317434652125144e+00
-5.669627867637109375e+01
2.858978054693874071e+01
-7.061969079987875375e-01
3.058605888074592372e+01
-1.221804823080429259e+01
-3.523607550003506361e+01
1.191875225677111416e+01
4.111724850617932248e+01
-1.477988494394973884e+01
3.733258715683444962e+01
-4.108752671948974466e+01
-1.300738998103471999e+01
-4.589294729406515216e+01
1.078912231779338526e+01
4.571972794901313364e+00
3.035479437155316873e+00
-3.508229674504281093e+01
5.110213731165333684e+01
3.055469282886843985e+01
4.985864857490014401e+00
-2.905470045612784702e+01
1.221528999163484741e+01
-1.314881519108203634e+01
-6.987797404702575932e+00
-1.350645321543174759e+01
1.033311077399017464e+01
-8.129128147113704017e+00
-1.135003967690988702e+01
1.173727061265526572e+01
1.457235582375460581e+01
-4.824644591679179939e+01
1.120890582669395030e+01
3.800926209294838998e+01
2.264386526062995131e+01
-5.909470296962986424e+00
8.628712977309476173e-01
-1.975405315407274998e+01
3.264119193124884077e+01
8.758936780013470980e+00
-2.362801387765415484e+00
-4.202785272308119602e+00
6.015218269165600873e+01
-1.779692972722301647e+00
1.375382189443493530e+01
4.196197270047207439e+01
5.408468860398227207e+01
3.494749390705322867e+01
2.282141706861315811e+01
-3.730803576320269599e+01
-2.546508841100711606e+01
1.936077859718430716e+01
3.845853403862378173e+00
1.775876306345770672e+01
8.943216138358963008e+00
3.451936699083267968e+01
-4.346240620348618222e+01
-2.738400376286509186e+01
-6.468832536995421378e+00
-4.798959495410778686e+01
1.070316144907626210e+01
2.467123440537750412e+01
3.864776647237761154e+00
-1.244666446318427688e+01
1.302136235280397614e+01
7.750445918641753451e+01
1.729036362008662309e+01
8.836699039215773155e+00
-2.636039648488946341e+01
-3.360266358078467874e+01
-8.198496488653063352e+00
1.848280223159034108e+01
-3.325745733037933860e+00
1.325572772620862594e+01
1.954711216329184253e+01
-3.205521404733735835e+01
1.460506493198801081e+01
2.479626379614063580e+01
3.164278812682209718e+01
-3.717845153949383530e+00
2.611659935298973778e+00
-5.617098509454137911e+00
-2.706895106028099462e+01
-3.887651996044652947e+01
4.449002450252764618e+01
-4.346707880121030598e+00
-3.093622874825393865e+01
3.042894701248243905e+00
-1.449531841797654863e+01
5.079127360307282402e+01
-1.304143876957573411e+01
-2.006058742795366356e+01
1.944495029797013785e+01
-9.168986548415233528e+00
2.492773316294679375e+01
6.832346161854445654e-01
5.440183789033451944e+01
2.950439599115371081e+01
2.225727030114736493e+00
-2.082485386761867119e+01
1.535792982319156863e+01
-3.014731945397581114e+01
-4.884377912894166229e+00
3.428997246802909160e+01
-1.562895134309587775e+01
-2.512730890307815912e+01
-1.355135580218683344e+01
2.801187471432410803e+01
7.090211304927237279e+00
-4.637967707958016206e+01
1.859693475637185145e+01
5.197570027493043199e+00
5.146938583363805719e+00
-2.816339565466120121e+01
1.640643995369970298e+00
1.890354330587034326e+01
2.680958033661580941e+01
3.682338881830257549e+01
1.615937256121910792e+01
2.231749950561834339e+00
-3.023869015525585269e+01
-2.614270587176082472e+01
-3.865053883454466188e+01
-7.313820898702488194e+00
1.773440452112109256e+01
-1.381045135354135311e+00
2.870989872026723333e+01
-1.827964942305976592e+01
9.208942148780465686e+00
-9.713235718037154243e+00
-1.668961552811367710e+01
3.420685078806901913e+01
3.956713085251948314e+00
3.516842113279716386e+01
2.664819321682045938e+00
1.246833244928757090e+01
-1.005314478458072358e+01
3.399939877550939116e+01
-9.260372652002089922e+00
3.270799446452343773e-01
-4.371494865807284214e+01
-5.376741088527637658e+00
4.002925526168399983e+01
3.580967477274924704e+01
1.504285100592417734e+01
-9.295284508462884787e+00
3.087603566955948509e+00
-1.172773033440944346e+01
-7.746441700593749147e+00
5.173753110048451020e+01
2.802704677970552893e+00
-1.466925887152973473e+01
-6.070957252027685058e+01
-2.663990464779832479e+01
-2.150535741067660922e+01
-3.593270089015800295e+01
-3.252446719365991612e+01
-3.878438640005569482e+01
-2.569860352392558411e+01
-1.783388504767816585e+01
-2.771127695937643409e+01
2.628533770696511596e+01
-1.169213258169065739e+01
-4.961088103503237789e+01
2.252497156678850843e+01
-1.706029809133782038e+01
-4.553744513584071285e+01
5.449023668727284075e+01
-1.457728959562951943e+01
9.635229008744403245e+00
2.248789328259735498e+01
5.010045634260364977e+00
1.492769912945226451e+01
1.816110881606746830e+00
1.180859211734315295e-01
-8.292357379491377856e+00
-4.228615144904264866e+01
6.667660491374874709e+00
-6.996514611920963489e+01
3.980241488819950746e+01
-2.389531088187897012e+01
-9.931120141154906378e+00
-1.026159950847608116e+01
8.404652424691304802e+00
-9.602649637562933549e+00
1.520018869414559504e+01
-3.105937857902756605e+01
2.013745576069874232e+01
2.420456846502971615e+01
5.909370054388773497e+00
6.400297596634715092e+00
1.214206557437410083e+01
5.103249811350849541e+00
1.555824522493372797e+01
-4.458199020881707497e+00
-3.947242767972109334e+01
5.380880335039421425e+00
-1.397074901625128973e+01
-3.026096125991330155e+00
3.104840456920993574e+01
-4.520519391010842014e+01
7.578972855407641873e-01
1.178946190804424532e+00
5.153633703586251613e+00
1.764853080064395385e+01
-6.857718626122355943e+00
4.680775784372912085e+01
2.482702027348233287e+01
-8.675141290619592382e+00
-4.299106401502882591e+00
2.129996602514125925e+00
4.338858050374136610e+01
-2.985315471046516222e+01
-5.806592270460799909e+01
1.735306654403373727e+01
-6.851924958807515509e+00
-9.396706603119298506e+00
9.332108362807844060e+00
4.286770858525534322e+01
2.502079288320277328e+01
-9.057378767481509385e+00
-2.966047358179841353e+01
-4.820377702448787716e+00
1.594019554906840952e+01
-8.636565911503396364e+00
-4.214474139959747845e+01
-3.419072645313264047e+00
-5.387962348324950312e+01
-2.869292527073221777e+01
4.640464889897637590e+01
-2.946211877873732021e+01
-3.863620798449102267e+01
-2.916612950907423851e+01
-2.091158252978354426e+01
2.045313817951242186e+01
4.772486047018247035e+01
-3.728481719360559055e+00
1.466420521771813412e+01
-1.202838059728009057e+01
-3.940078392567763643e+01
2.662656628235635026e+01
-2.674171546333809601e+01
1.482211348692356978e+01
1.813730464547840882e+01
-6.021888306648804701e+00
2.145522845009719504e+01
2.339671011122302957e+01
6.443153394868329542e+01
-6.773053140641309255e+00
-2.938477066999220710e+01
-3.574550371553107198e+01
-9.736449841072300160e+00
-1.903419416118660124e+01
5.374561313962504983e+01
-2.491735063409862505e+01
6.571346130253466811e+00
2.798818984131969501e+00
-1.252412228235550629e+01
-4.825714829009081086e+01
-3.560896633352967910e+00
5.607343837549299792e+01
9.868512819560763205e+00
4.278954960727617163e+00
-3.285568154548461450e+01
-3.273013861115623513e+01
-8.004375122840919232e+00
2.616715425463604561e+01
-1.445089929181983734e+01
5.853172073629519900e+01
-2.751402945549449441e+01
1.069634430683093740e+01
-7.838764316580011382e+00
-3.691235138193681564e+01
2.457907550684126363e+00
-2.920448671122380802e+01
-4.207770244274666993e+01
6.292456714238880977e+00
1.093200070615154118e+00
2.975128881647783885e+01
1.344664326535478693e+01
-1.911310499310303612e+01
1.225417099222499928e+01
-4.978140348797879966e+01
-2.727627840220310418e+01
5.081463564912951369e+01
4.721751731269712593e+00
-6.046647725854825239e+00
-1.696136531574390460e+01
-2.471319002917994112e+00
-5.642597724729625952e+00
5.065506326099065859e+01
2.368176219954420247e+01
-6.757249402688842110e+00
-2.022542901856297703e+00
-2.241367003673758163e+01
-8.950552125278875337e+00
-3.589537173293555838e+01
2.810401791314783182e+01
3.969648025982493778e+00
5.882838867506052338e+00
1.019858957942415145e+01
-4.564821439322098939e+00
-1.171116368863950008e+01
3.063191497326115176e+00
-6.163078174543407783e+01
-8.801813988638656383e+00
-5.816296116487393419e+00
-4.410674739551609491e+00
2.747982825470816692e+01
3.700082615623038151e+01
9.868058227684571193e+00
-5.421497836071154097e+01
3.544980799683105488e+01
-1.220533247640557306e+01
-2.132322946429866306e+01
-4.965158232938403415e+01
-1.714333380512763938e+01
3.534985205425901000e+01
1.735159853903968497e+01
5.714909597088990267e+00
1.917702717526313450e+01
-3.323755520506898620e+01
-2.650294871282216036e+01
3.211767127937784494e+01
2.216690826409353576e+01
2.736573019497080850e+01
2.762207200013349961e+00
4.787256130348168881e+00
3.105574697924811289e+01
5.497413246435201017e+01
-1.190057108707500078e+01
2.189653233458091108e+01
-1.469502220676741899e+01
-2.495443627174491041e+01
-1.970163323609219219e+01
-1.980040398517840572e+01
-8.260172618884610074e+00
-2.709627468585725296e+01
-1.117303092392771191e+01
-7.724781820631019968e+01
1.929848952020392971e+01
1.263409103419926183e+01
-2.692952334063711817e+00
-2.209083713290516471e+01
-1.054259950678448376e+01
-3.125271207518085248e+01
5.576510452272799512e+00
4.585904436487484759e+01
-1.258333732547663431e+01
-9.594713932046289528e+00
1.192255874729403331e+01
-2.904237566631661593e+01
4.817755032100419044e+01
8.373182721202120149e+00
7.950363474246273654e+00
2.817693452122992426e+01
-1.384262133336477518e+00
3.186877178034654889e+01
1.074833553113069229e+01
-2.248563812859941891e+00
4.694936849973203152e+00
-3.561792398043849062e+00
3.769410220305024950e+01
4.860184818265622653e+00
1.030891930747759488e+01
-6.579230805011775374e+00
7.979856774619989324e+00
-5.247501009641337077e+01
-2.000135842624126781e+01
-2.773237743622343032e+01
2.698757000093740999e+01
-1.818975801568092265e+01
-3.413932064621553764e+01
3.287743745747451385e+01
-6.942252998767926897e+00
2.302995580517196572e+01
-5.120076914028555848e+01
1.054973184595652036e+01
2.966350563401149998e+00
3.478208788794688644e+00
-6.624724335683282561e+00
-4.122078298774397354e+00
2.883502741549424897e+01
1.051449623250249488e+00
-2.882943353770014028e+01
-1.063523402852653987e+01
1.251534586832691787e+01
-6.531130472484663585e+01
-4.997240755215611330e+01
7.507352381451539713e-01
7.967585131993907055e+00
-2.665976477867430816e+01
-1.082733608386774904e+00
5.971456342527960715e+01
1.591547270791659230e+01
-3.054923828467315161e+01
5.311798240982867014e+00
-5.281521880365346533e+00
7.068330053371028043e+00
-2.016715800275574111e+01
1.246181360922566839e+01
1.492409125895801481e+01
-3.949228624036976498e+00
6.328193240933791230e+01
-4.487822955521778567e+00
-1.790866193487045166e+01
1.351464989289587493e+01
2.434832923894771284e+01
-1.914268308276413677e+01
-1.033858865510751457e+00
5.545768708630927790e+01
-1.616885563434379947e+00
3.326772396678697419e+01
8.278920358286711689e+00
-3.982313086453480366e+00
-1.285911209947778389e+01
2.958096295692347155e+01
-3.167331403347041885e+01
-6.063833659941622045e-01
-1.031352824522997480e+01
-2.249364524999555925e+01
8.480337001660737783e+00
1.501215343122127521e+01
2.434672007853237119e+00
-2.179857104314919525e-01
-2.253786663434834736e+01
9.207331354993968375e+00
-1.860547654711126597e+00
-1.285286486885577517e+01
-1.142943670348642371e+01
9.387989613290613988e+00
-2.076700054966465814e+00
-2.141208289352806560e+01
-6.171299813620453278e+01
5.907541224252355505e+00
1.092076408985153080e+01
-2.744714233390197933e+01
-1.352169128859691227e+01
4.681286852748658589e+01
6.337093275529213088e+00
2.233265550750940065e+01
4.892717254187516573e+00
2.255440656640132602e+01
3.223068636883340332e+00
-2.205749919762897093e+01
-6.124383887651234204e+00
3.083687960889932356e+00
1.781787744132492435e+01
4.274397004201216532e+01
2.789046930284916925e+01
1.703374008107687132e+00
9.611060252381548707e+00
3.429971881870793027e+01
1.497309457788427522e+01
-3.929582826999543954e+01
-1.563301132289058160e+01
6.330633199087259300e+00
4.840885268587356904e+00
1.397701553734575697e+01
-2.936134032603951027e+01
4.011965679881768665e+00
2.446641060983652949e+01
2.712302792326553202e+01
-2.436150278074680386e+01
-3.823718916748930496e-03
-1.254374091054160090e+00
-9.659962717385525366e+00
-1.612362082014924169e+01
-8.763396923803554728e+00
-4.960459139846093990e+00
5.723270048255614029e+00
2.396639469973924008e+01
-1.752813734234284482e+01
4.585733289290806169e+01
1.859447608108015970e+01
1.517172555669458234e+01
2.004283708781510143e+01
1.536999460333467482e+01
2.055920785155225872e+01
3.102012562048638245e+01
-2.580621691841765397e+01
3.529485850457247409e+01
-6.463685963679768065e+01
1.795895659733638183e+01
-6.060937312464631077e+01
4.731211147811796991e+01
4.271219799432660125e+01
-5.335753100105819158e+00
-2.731494259418983006e+01
-2.405175052144073788e+01
-3.119539112573420425e+01
-3.590891822941355827e+01
3.204735726305668209e+01
2.385445761362983319e+01
1.355987037882353263e+01
1.607585545657229886e+01
2.531619040120378372e+01
-2.221821090318343295e+01
-1.005206464761431562e+01
3.124319149574617427e+01
-7.376772159135356333e+00
3.023886476366104148e+01
4.222653507465878420e+01
-3.244181849743945634e+00
-4.151164820596977734e+01
2.785182076539683749e+00
-1.453807752326593317e+00
-5.789472698289387154e+00
8.732952929460680025e-02
-3.697020294539277074e+01
-7.165046845181223034e+00
5.010454595428091906e+00
7.510502204096724199e+00
2.768890581479516300e+01
-2.420445528099949684e+01
3.161837330268724600e+01
-2.261123078328341762e+01
1.451719434650897256e+01
2.290891973834970941e+01
