-3.494241169450316420e+01
-2.023685871230114230e+00
-7.197033353654852306e+00
2.425323132313192076e+01
-1.200470499945306813e+01
-9.286990341255147996e+00
-2.425884881792188708e+01
-5.071269994281209392e+01
-2.160570428818780186e+01
-2.276346721033047515e+01
-2.114123203008810492e+01
4.267276196717871173e+00
2.004166043425811949e+00
-1.072383662781447811e+00
1.745580443472562138e+00
2.669857513174292762e+01
-1.030541887717311056e+01
-7.254135192991213898e+00
1.184059629226544530e+01
-6.238366284062202993e+01
3.127636338581515929e+01
-1.339944690620683332e+01
-2.437800010735335476e+00
-5.635351458958950843e+00
-9.529546838772375850e-01
-2.142067145044435961e+00
4.839127939897602459e+01
-1.512636204068844847e+01
-4.050339048874150194e+00
-3.060823011356299617e+01
3.953887957556992205e+01
-4.360002705141894808e+00
-2.153810490574585401e+01
1.128894853293616762e+01
-2.064972243371528293e+00
1.314229120629246950e+01
-5.396499527030869103e-01
2.724300955371901978e+00
1.910383819093986801e+01
-5.506365839992210454e+01
3.069506094481428704e+01
8.176551140483852009e+00
-6.304857291012552878e+00
-1.759239466363689885e+01
6.950318246387553245e+00
-1.102164643746596084e+01
2.511349137183566427e+01
2.002589461696436501e+01
-1.289852419232630609e+01
-1.648966152148790343e+01
-1.743874928184595774e+01
-2.095070853558635093e+01
1.065916540694564674e+01
-2.730934919191338395e+01
8.369677854085693980e+00
3.485768193081281652e+01
4.021196721802566998e+01
1.872411837057096307e+01
8.371367416085789159e+00
1.748460441929358922e+01
5.129140329410529375e+01
8.671312143603870481e+00
-3.008589549888176151e+01
-6.073885442498067277e+00
-1.421669540866105308e+01
3.353333364316941356e+01
-3.969963122761160434e+01
-3.459648815442261593e+01
-1.764536025714056677e+01
-9.871586223839869945e+00
-2.255009909882679153e+01
1.582054564815237541e+01
5.259344852511333102e+00
7.879269439033492972e+00
-2.184271270006363608e+01
-1.912311807054052792e+01
-3.297310493821856170e+01
1.816953533304746315e+01
-1.891210699844433663e+01
1.708839995371246800e+01
-5.442160783468631635e+00
-1.502374007618394103e+01
-2.888796039120452974e+01
-8.576109041366407837e+00
-6.180503102987188413e+00
-6.930052361104642955e+00
2.254418961710139513e+01
4.225016299921166762e+01
-2.481063031120062945e+01
-4.330528694506494958e+01
-1.085832384931676131e+01
5.995677198810412278e+01
-3.271717224085804787e+01
1.806418150355085572e+01
-6.562801444047295263e+00
-3.363259130953753129e+01
1.390888366452821856e+01
1.967267020383840759e+01
-9.746918715569677261e+00
1.848646731260186016e+01
-1.354856019775343157e+01
-3.154646546923100914e+01
5.297635597278582509e+01
2.524684007130628061e+01
1.428153456485668471e+01
7.921369798438973930e+00
1.505774742740132410e+01
4.556733935943918823e+01
-1.487134888245328135e+01
3.362721235934223785e+00
-7.634529239456043115e+01
8.881432769120650050e+00
-3.739778088837671532e+01
7.836134452975045406e+00
1.230957258670805743e+01
-2.015056365434816144e+01
-2.858241659105391363e+01
1.230456212103263169e+00
-1.701707245069275132e+01
2.157333191979418530e+01
-2.801689518006338631e+01
-3.117735656780496356e+00
-2.030886718329171003e+01
-1.967721069449197557e+00
1.124138081409782330e+00
1.258187571998800536e+01
4.339236055086530541e-01
-2.906575479931291284e+00
3.594190165420513949e+01
5.088659139884117621e+01
2.748551032800317984e+01
3.969776944803197694e+01
-6.536550282253124067e+00
5.602788412934557982e+00
2.968390111608840698e+01
-4.976301533909293084e-01
-4.250557777239097845e+01
-2.280409562440351934e+01
-2.832421171511279567e+01
-1.549280165964514566e+01
1.600664593516782475e+01
-6.642083289697495729e+01
-9.347134774622503528e+00
2.478473609936133926e+01
-2.095897176819136121e+01
-1.745282420297428416e+01
3.333545158805844721e+01
2.489725500234968081e+01
-1.849938982558026623e+01
1.556952147230728656e+01
-1.422613042633354041e+01
1.912663180751475522e+01
1.883560179783330568e+00
7.393220758161234585e+00
-4.770016172141723843e+01
-2.646196235907494909e+01
-4.856920442303930940e+00
-9.375401002399552652e-01
-2.284910112800866955e+01
6.084586544760520610e+01
-9.748553168111129708e+00
-1.805201861061851787e+01
1.995060465134963579e+01
-2.569764724727353666e+01
-2.049241897916769517e+01
1.827324898436341982e+01
7.164850768716291896e+00
8.561288479037386878e+00
8.802841415018917814e+00
-6.193879619230841627e+00
8.895645687586579697e+00
3.261472573015726795e+01
-1.483024726530175030e+01
1.073783724192955447e+01
5.090786780497283814e+01
1.830794485873637711e+01
-4.211835498601715244e+00
-1.146321398934701108e+01
8.711283478035295502e+01
-1.196452908741038357e+01
2.099082426244291355e+01
1.451090932568754965e+01
1.647475040999054130e+01
4.950581280046208121e+01
2.682079693842996448e+01
-1.518212490898667610e+00
1.358075465097266488e+01
2.750638525964950531e+01
2.016589251187494369e+01
-3.259078950367791094e+01
5.273809228768112689e+01
-4.696862643995605424e+01
-6.893282704223551605e+00
3.081990077890040425e+01
8.381675884265685994e+00
4.191269802952888313e+00
1.584947607363912425e+01
1.250285334742582677e+01
1.925556120973431007e+01
-3.501266918380184734e+01
2.218182968128871835e+00
-1.486302898577577025e+01
-3.738237722648506178e+00
-2.473120559231460902e+00
-6.025444716738185491e+00
-3.223651636860068947e+00
4.687030743771444463e+01
-4.712465095247253544e+00
-1.455906504269414370e+01
-1.429896573035808416e+00
7.285073243087353489e+00
-3.337381383342295749e+01
-2.863376912589546919e+01
-2.026840100576337989e+01
-3.460784423758047978e+01
-8.977000762380992427e+00
-2.335990155481903940e+01
1.019090935319086100e+01
7.188334764922217346e-01
-7.000255508700377050e+00
-4.622780628701107730e+00
3.211037617435465563e+00
-8.201689449977848767e+00
3.807215851240984250e+01
-4.838396439226852408e+01
-8.469226705146763123e+00
-7.559631821437523769e+00
8.909850757338830363e+00
1.261078137210313344e+01
-2.629576064382035838e+01
-8.495235612039437001e+00
2.403270670248247498e+01
-1.124913329466578205e+01
8.891487260564247208e+00
1.905464275046659850e+01
-1.623557903136912728e+00
6.234095065222538778e+01
-7.801087741073899906e+00
-1.770575188502323272e+01
1.779755433239472495e+00
-1.375106132694142502e+01
3.051192912008271207e+01
-2.369642804376951517e+01
6.789427553694451944e+00
3.166663842758131864e+01
-7.075897838374544335e+00
6.607242594994727369e+01
7.152433542041364944e+01
-3.709056215703844828e+01
3.292794869552176351e+01
1.214488448996044667e+01
-3.109401797416792590e+01
9.285179694093763203e+00
2.347199275576946320e+01
2.400146500823905171e+01
1.288624696934817848e+00
9.483760329388815080e+00
4.155867873052505956e+01
-1.311512986931032287e+01
7.950848362713443862e+00
4.004189253977455110e+01
-2.062992038678073214e+01
-1.113554272203406015e+01
3.126160810947940405e+01
1.603993666649292038e+01
4.223440560602836058e+01
1.682879745123005932e+01
6.081721647176607348e+00
1.486791789910273565e+01
2.259552860081494430e+01
-2.989256886364920263e+01
3.824496713027201622e+00
1.380943979622216489e+01
6.491222352605063861e+00
1.320832712863681024e+01
-3.416172290573005910e+01
1.785176428326712994e+01
-2.383789853158367578e+01
-1.858178772190084516e+01
1.191545967099992254e+01
-6.490564929289590168e+00
3.229584972347805660e+01
-9.310784238581646832e+00
1.677874802647846764e+01
1.804681083172937406e+01
4.334898890954488593e+01
3.041013570701370838e+01
2.721743073222325648e+01
-1.841173629153786351e+00
-4.681833455583870318e+00
-1.782591832676547483e+01
4.454340454462192156e+01
4.431580890183258248e+01
2.177968578320235338e+01
-1.403572802086659976e+01
2.774461767203189311e+01
-2.851425221107433572e+00
9.944267778256318024e+00
3.685365977457212239e+01
-6.765822871806363992e-01
-4.444248396565285475e+00
-1.125144575851152240e+01
-3.264218771111134743e+01
5.329331914466087028e+01
2.822653097676135303e+01
-3.334625220785640920e+01
-9.202144435358704300e+00
1.465970710548077349e+01
-5.561255117920495650e+00
3.539091475311831658e+01
7.022909744361697904e+00
4.458064731506294720e+01
1.932656468709781095e+01
-1.267559067263107409e+01
1.117049671331253080e+01
-3.487044434287497552e+00
-1.530337201357014010e+01
8.771846074787504222e+00
8.382747602369818196e+00
5.238013773914481419e+01
4.400491722176109022e+01
3.097574310265704867e+01
3.722695963043088341e+01
4.840958797305148664e+00
-1.448535446482793532e+01
7.990147581307496694e+00
-1.864932313104055339e+01
-2.997538392421031972e+01
-3.108629285720445523e+01
-1.742813554894507888e+01
-6.074569243579389877e+01
-1.950807752427598984e+01
-4.841179353653657813e+01
1.310337222276251268e+01
-2.587127481149229169e+01
2.602172052395238211e+01
-5.530355721992784623e+01
-1.667118871361681443e+01
2.392771597311778464e+01
1.170870186380109601e+01
-4.963955134170379324e+01
3.159961467027125082e+01
-1.447933625780214584e+01
3.006624994136675610e+01
-1.296497147908857528e+01
-4.381395368026608139e+01
8.005062973494787570e+00
-3.637506767786555884e+01
-4.152492969894268526e+00
-1.665963427781788297e+00
2.283280293344718359e+01
7.045679122877271539e+01
-2.412197406164975177e+01
-1.955251542920592556e+01
-2.353571417382966047e+00
-6.356274810593816937e+00
-4.514130764019510877e+01
-3.115538944679107658e+01
2.675358350389657858e+01
-1.187588582179046170e+01
1.133419545964639497e+01
-2.743138560599183506e+01
-9.176591171353919663e+00
-2.318291061549477661e+01
2.882846044138623398e+01
5.327394748864492158e+00
-1.248665385705510289e+01
-9.505549659410547747e+00
6.633226288769932921e+00
-4.548263405661657544e+00
2.405945264089743318e+01
-1.439582164742216719e+01
5.589833731083786006e+00
1.983754318151214591e+01
7.651168210271180214e+00
-1.190325214370835738e+01
8.598774114449810213e+01
3.288218067298140568e+01
2.409089668782598892e+00
5.681972092087676174e+00
-3.500875175905017045e+01
1.878965338297123822e+01
-4.273825405368548047e+01
-1.628563866394725324e+01
-3.080011785371837618e+01
-1.106898678287876692e+01
3.179561182448992440e+01
-3.170356917323434232e+01
1.339281348454329645e+01
-2.159901095452028130e+00
1.157896452958695477e+00
-2.002923873433570634e+01
-2.479835049389171786e+01
-3.147645941757787114e+00
-1.997259740678273943e+01
-1.108166680431466489e+01
-2.310267295105269625e+01
-5.170403083878458261e+00
-1.940720158736550616e+01
-2.807296024754825226e+01
1.167339835487094746e+01
-8.017990045874014982e+00
1.368656438617719573e+01
4.760611904761027802e+00
-4.259433172186021466e+01
-2.935076528238140270e+01
-2.557253806977024624e+01
1.812471616098503091e+01
-1.389164133438384852e+00
-3.466427477716871408e+01
3.295540362040715365e+01
-2.192541692172722634e+01
3.197501585244668121e+01
-1.770300430728001828e+01
-2.700543215316017154e+01
1.324765032954206845e+01
-3.802341889932727526e+01
-1.925463918416457432e+01
3.465249487848689114e+01
1.057282561640488439e+01
-2.457559824020620454e+01
3.036086782925694649e+01
-1.014821877739962019e+01
-2.126919443886970384e+01
-1.700688584060969788e+01
-2.804130091008198633e+01
1.550518959485510351e+01
-5.031304152903243221e+01
-4.430512356981927269e+01
-5.685548296865533757e+00
-1.684604050517552309e+01
-3.308525039833810411e+01
4.112955094896932451e+01
7.510679366012618630e+01
-1.537538853010892126e+01
-2.019571470919203193e+00
-3.391272604360815990e+01
3.669803411076861721e+01
1.141111953106420174e+01
-1.338169490471358358e+01
-2.040763119236837042e+01
8.256465019139618278e+00
-3.248756412178929054e+01
-9.872487751588522542e+00
-4.866089552534120344e+01
2.038423419254809232e+01
6.182782607364401883e+00
-9.966608369035157011e-01
-5.814174536849748165e+00
-2.241079121337531888e+01
-6.158264624562093559e+00
7.347509631907765026e+01
-1.025887089419387621e+01
-2.691880475579802123e+01
-3.911984616797712988e+01
7.813529884314277751e+00
-2.101048691355339670e+01
6.078338911601846917e+00
1.698772753520162837e+01
4.279881171002358542e+00
1.754721862996781567e+01
8.471995664122687231e+00
3.281131588073054672e+01
1.475488134562600351e+01
-1.961674738056503031e+01
2.690034197624831336e+01
1.955065806333777800e+01
6.918199373859025059e+00
2.373625800390001928e+01
-1.591847168926064171e+01
4.129211671200314981e+01
1.319645002394947397e+01
-1.776618417043570020e+01
-3.297525144583790535e+00
-1.011666480885671149e+01
1.144191723105629421e+01
-1.305695594048163599e+01
-4.436688855063010806e+00
-7.169055443935576477e+00
4.535965926815941884e+01
3.094975233730565378e+01
-3.635399872746856431e+01
-4.540747499330635151e+00
-2.955132282708143521e+01
-8.115890970397515503e+00
-1.321935864061379107e+01
4.811703233326568352e+00
-5.715048483773141896e-01
-1.609505025871644079e+01
9.499753840169447017e+00
-4.608022453408942454e+00
-5.232488155403636654e+00
4.827624057482242392e+01
8.098144024678706643e+00
-4.626952709217689375e+01
-2.224838579880480438e+01
5.369907761766478416e+01
1.525618625525797256e+01
-5.323246942299817874e+00
5.986313098378590780e+01
-9.023043160735767287e+00
-5.122054866460103995e+00
-4.549101695601109441e+00
8.660802821824802322e+00
1.747837760346126856e+01
2.445112127145442571e+00
1.622447015660782199e+01
-7.168044959745728306e+00
-1.972586365591767787e+01
-2.333694436286111795e+01
-2.686010299792525302e+01
2.309029746597522603e+01
7.261442721894169949e+00
2.136017211479022393e+01
7.814404853624068892e+00
4.999448963859055084e+01
1.045228627567722413e+01
-4.515848920924679533e+01
-1.919576800993624488e+01
3.424778455445327552e+00
-1.629520607078598005e+01
3.537821269945334279e+01
-7.781424725054193914e+00
9.399664141057478162e+00
2.953655744148832696e+01
-4.184019124845605120e+01
8.375142480577656556e+01
1.161646096885051804e+01
1.336249858031931126e+01
2.026543728027272095e+01
4.158274467854880641e+00
-2.479448894845859286e-01
1.959837895755634918e+01
-2.074295641084344766e+01
4.649462087614206496e+01
4.111932083523495862e+01
-2.332697525616549683e+01
8.998138220724911207e+00
3.918487610204709881e+01
-1.152462916401825055e+01
9.797548911651460912e+00
2.109305675679419778e+01
2.270923369672982517e+01
-4.275490236285196488e+01
-5.755631188711220148e+00
-1.714710837621905171e+01
-1.728440364149008701e+00
-4.432920698930487902e+00
1.005625033058151985e+00
-6.998269066069099154e+00
-1.778845752282074955e+01
7.401948872882371688e+00
3.862516060754927594e+00
2.970738456046235854e+01
-2.452194723750453420e+01
2.444177822101448783e+01
2.645495538993623086e+01
-6.959446956601482270e+00
4.558691309851998597e+01
-3.811493954977180465e+01
-5.773235587644094124e+01
-4.837516409697046882e+00
-4.446396462640734626e+00
-6.677333048627929202e-01
4.476497153223186842e+01
-2.716037700431783719e+00
2.397871478910201404e+01
3.008523627139631174e+01
2.092677357824572937e+01
-6.414404166150575293e+00
3.335996554832956917e+01
-8.907632844354026247e+00
-1.984941889850421148e+01
-2.289299293634826427e+01
6.036140547984928162e+00
1.976703481596962320e+01
-7.625232695930606042e-01
1.947230133400012164e+01
2.959811209647682517e-01
3.390570016635190598e+01
9.675773795200868221e+00
5.052530235313781759e+00
-2.100233259789717977e+00
1.800846238546193945e+01
2.102973652723498788e+01
9.617988193176358891e+00
-1.002852974779131046e+00
-3.076592053847869579e+01
1.629074514158611464e+01
1.064391360163779154e+01
1.985403439354493571e+01
1.576413201221241422e+01
2.022819050696636367e+01
-4.834446897779045571e+00
1.743973644641405940e+01
-1.504641855128465977e+01
-3.993473398667219953e-01
-3.030596897009277768e+01
-1.720641667378626494e+01
2.249700686239731340e+01
-5.038828509773527742e+01
1.482962938085307769e+01
8.857139737427758064e+00
4.646173281678571243e+01
-1.057055861021717647e+01
1.863843460846446476e+01
-5.596755869567289210e+00
-2.709428142270335016e+01
-3.799109626227641456e+01
-6.558371506522192362e+00
-4.944966010227636843e+01
6.560626160961248843e+00
-1.112128816284293187e+01
1.726752254277185727e+01
1.318619899966211051e+01
-1.596725357106853949e+01
-1.635676268588292714e+01
2.289602118849565571e+01
-3.436617602707625707e+01
-6.843710836481875504e+00
-1.056664198223054285e+01
1.527116191054399152e+01
5.325660265939404781e-01
1.520168158284633364e+00
-1.053513191605946986e+01
3.063023812426243353e+01
-3.100157306084435049e+01
3.818445833133523593e+00
3.366347821878144941e+01
-2.055125683906436507e+01
1.734862510807971603e+00
-1.578667380529736874e-01
-3.638903362687619847e+01
-2.236296136689927039e+01
-2.768310206554311037e+00
1.578945362049756795e+01
1.846088125528731894e+01
3.425993034580216090e+00
-5.382936189434758489e+00
9.945476824932711679e+00
-2.375083597528399082e+01
-1.106580645069641378e+00
-2.899384031402837536e+01
-1.560910223964017973e+01
2.717803664002579467e+01
-1.595346617973095249e+01
3.793483352287179855e+01
-1.343173101702547001e+01
1.830381978997920100e+01
1.412238416666407659e+01
-3.542093535000591942e+01
-1.404199315213872978e+01
4.896052438834132658e+00
-2.334679287776560841e+01
-2.106172745598356499e+01
-4.881939620487571574e+01
-3.021224699586670681e+01
-2.853695817706275761e+01
-2.454951595569679057e+01
4.574971549455000286e-01
1.020146713020626805e+01
3.839839625568970405e+00
1.361421779295375423e+01
-3.172883327412328924e+01
8.517032361392125495e+00
1.508914930676392885e+01
-3.763010893281165181e+01
-3.473424627825087896e+01
-2.357615327350634971e+01
-1.520276672991397504e+01
9.078473804602424480e+00
-7.395770622674717742e-01
-2.351394797796766056e+01
1.673091849655807550e+01
-1.332297733788178107e+01
2.806438913218187281e+01
-4.970225989057288984e+01
3.535699898021989895e+01
-5.055918394281043504e+00
-2.240609371732874422e+01
-1.398830724793657510e+01
1.041128407705741665e+00
2.498521737427361344e+01
-4.115205577135758119e+01
-6.604492507367751841e+00
-1.129169222737188250e+01
2.497305827822950164e+01
4.665782889071428485e+01
-5.549954654072678295e+01
5.190787194595361598e+01
2.318999032296653695e+01
-4.167683465779430207e+01
-1.783851984033908877e+01
4.422230354973636679e+01
3.316212012417611277e+01
-1.162734749471144369e+01
-3.272347446706419305e+00
8.000476666835901085e+00
4.166260608042624369e+01
-3.168659576966513214e+01
7.083912220868114673e+00
-4.649045173771838790e+00
1.523486833837506538e+01
-4.051343140019714895e+01
-1.852734196921218768e+00
-1.696514965337511782e+01
2.665696047508103561e+01
2.347907656901011819e+01
-4.874571573230377908e+01
-2.666440300052747148e+01
-1.204869171839715136e+01
-2.375621789145816365e+01
-6.508667492711111890e+00
-1.132795920277258972e+01
2.510116085137721598e+01
2.344120719375388262e+01
-1.189149028080834114e+00
-2.560895767474545437e+01
-4.749241583528265664e+01
2.654937687404299140e+01
-2.740228670631341856e+01
-2.030175395242710579e+01
3.316430586186584151e+00
-2.005790472228734700e+01
-2.182184986759733647e+01
-1.598729200187519695e+01
-2.673232835157043041e+01
-1.445997927957769846e+01
-2.897347115478976320e+01
3.121083334456817227e+01
3.425135268588952897e+01
-3.693947777128414600e+00
-1.224704635228869165e+01
-2.325805503103310912e-01
2.536310532711746646e+01
-4.795508740453374230e+01
-1.109347964824192445e+01
2.746950603675770708e+01
3.958612859670611783e+01
-9.339412695148467947e+00
5.518394685761563778e+00
3.061661240853624122e+01
9.260031207840924594e+00
-5.553811806858846012e-01
-2.481085870708812990e+01
1.126561877171133119e+01
-1.934898213018220758e+01
-5.844668368401556791e+00
-1.084435377606860129e+01
-9.175419026262602529e+00
1.266793871827314888e+01
4.414914053688981710e+01
-1.354012881847921790e+00
1.912248658593540540e+00
-5.081780556487255751e+01
-1.056215748483003836e+01
-2.007049467560167955e+01
-1.161554510261737505e-01
-2.620797222137122162e+01
4.762940076292483127e+01
4.531227971509593999e+01
7.840087963764823087e+00
-1.103890157513828285e+01
9.291592910595639410e+00
1.151395442687790194e+01
-2.662995257444298147e+01
-4.714419284958125900e+00
1.058392995536115677e+01
7.430445330476146637e+00
3.075084577185792512e+01
2.256775610116366693e+01
-1.181077196294785381e+01
1.450813769280156862e+01
-5.535076968776808570e+01
-6.729230779200960910e-01
4.871081491998410229e+01
6.681276051405433236e+00
-1.167240206541748648e+00
1.705780373972231700e+01
-1.599060160370461858e+01
5.019138398058146322e+01
-9.293370820149448264e+00
4.491573316322245546e+01
2.187317068089805616e+01
-2.262862766427770111e+01
1.807080042976360801e+01
-1.708105999683601794e+01
-4.037596782685926655e+01
-3.599766337946476824e+00
-3.110272388595868165e+01
-2.936417474094162117e+01
-2.752314111375113725e+00
2.018991206547082129e+01
-5.445098412200707116e+00
-1.748676570995132806e+01
5.013030013872679547e+00
-3.866899952369479365e+01
-3.920551677170928784e+00
-4.638485503685569711e+01
2.728723023428432271e+01
-6.583680092704327080e-01
-2.790096819820942642e+01
-9.268657358379641664e+00
1.034631083985843247e+01
-1.977530754673154689e+01
-2.550382858978106526e+01
5.271096322918921828e+01
-1.354700417469103968e+01
-2.249138808753889407e+01
1.529827288860008849e+01
-9.892837626720243804e+00
3.059313933343055680e+01
-2.550258303159125717e+00
3.883154276584491527e+00
6.045120486471910226e+01
-6.951252218386429149e+00
-2.050795130454329751e+01
-2.407606099591589555e+01
-2.846811925270708343e+01
-1.915166322653124098e+01
1.516539026093602160e+01
1.518793153663284556e+01
1.248189113075225265e+01
4.113148634393081693e+01
1.856356279496878869e+00
1.170566127291004932e+01
-3.556010488928471602e+01
1.501305481124575181e+00
-1.041992760471632096e+01
-1.493876002592662644e+01
-1.942140506520388499e+00
1.886351696309856152e+01
2.138849950300141245e+01
-3.824201958446735716e-01
6.832315217896393733e+00
1.544932955393108820e+01
1.954058551193072901e+01
-1.370208559591290509e+01
-7.066713498380920555e+00
3.850599575722526424e-01
-1.293658541199522460e+01
-2.818685759741043739e+00
-2.009251060068837091e+01
4.445829612668222808e+01
3.602176246756886258e+01
-9.149963988327158404e+00
8.973904297903118277e+00
-2.600180448462966254e+00
-1.679800956502458575e+01
1.998468939037928749e+01
-5.343175911506079956e+00
2.239431662287111635e+01
-2.934085357314694775e+01
1.007930984830179000e+01
-5.569716026284368127e+00
-3.020201788021262246e+01
-1.368692035906428828e+01
1.499093630830694934e+01
-5.120942684343773976e+01
2.410285642658158167e+01
2.614654660564056599e+01
-5.592593628434046948e+00
-3.367131286894448294e+00
-1.789203014313528683e+00
1.401196677527855172e+01
-1.834427623120078010e+01
2.024360297206418480e+01
1.710114831974993876e+01
-5.514547930900630490e+01
-1.987184379098462728e+01
1.333522295104201660e+01
-4.775833741629696760e+00
2.436548928914446321e+01
-3.575091917050713164e+01
-3.025633662214204378e+00
-2.349178791444924030e+01
-7.216464961527681510e+01
4.315691730697720629e+01
-3.274959213023925031e+01
-3.435009295330000612e+01
5.004979680403479847e+00
7.275949546151943537e+01
6.668140073904567089e-01
-1.577911678804431972e+01
-1.755528580668226368e+00
-3.059716650377922065e+00
-4.807892040399347877e+01
-3.434844703000173638e+01
4.599036627941453759e+01
-5.765205355862121905e+00
-2.116043384407327466e+01
2.769466430611794294e+01
-2.011781873041764257e+01
2.069965131084785526e+01
2.988506071597769420e+01
-3.203506324365618241e+01
-1.574177460264712636e+01
-1.948594724679730916e+01
-1.005318022836041791e+01
-9.890470931534970589e+00
-5.854738638869832812e+00
8.039294797373941037e+00
-1.916975497459870326e+01
1.592748687705180544e+01
3.251169336984939662e+01
-5.057954414735107207e+00
-1.143426909426673888e+01
8.188891491759761720e+00
3.142758248417169398e+01
2.928327948742912668e+01
5.490863560523933984e+00
-3.129163117868273503e+00
-4.887367502417220066e+00
-2.849836138367408722e+01
2.159833030699184064e+01
-1.253592600597004036e+01
1.117937517234821598e+01
-7.853824690407748221e+00
1.515368412980112112e+01
1.025790860396870130e+01
-4.517802780780598937e+01
-1.494971184976282075e+01
-4.410738556543601874e+01
-2.002903757901896142e+01
2.962121236398665758e+00
-9.657264547189413406e+00
1.833214361546617965e+01
-1.684116614676749180e+01
2.076878893490771816e+00
6.013514404245086098e+00
3.970366971728338967e+01
2.013588423543568240e+01
-1.695237941786678704e+01
-6.964376150433224666e-01
6.822591537404207429e+00
2.152123004234531578e+01
1.904406062597843174e-01
3.063510979172696125e+01
1.263141491952178797e+01
5.079547598485140725e+01
1.080519991364923271e+00
3.674734357261768025e+01
-1.515436115782080151e+01
-2.115141773376159762e+01
2.465966382889575925e+00
5.240880984228624584e+00
1.502433391237599380e+01
-7.970016696977097581e+00
-7.663693678810467702e+00
1.454685424169651498e+01
-2.718603834344816050e+01
-3.093678808718904349e+01
4.443301431458235129e+01
-3.343909021425133687e+00
-2.192160917857088265e+01
-2.258906013605070484e+00
-7.552864433767638275e+00
2.384647298242211377e+01
1.856686992126583391e+01
-1.132458582972213890e+01
4.801710075791447707e-01
-1.482882442117136179e+01
-1.977976275853114885e+01
-1.498962797095111910e+01
-5.420365499777793161e+01
5.131466190869105048e-02
-3.610779905584415417e+01
-3.123756222316708175e+01
-2.089794944881060701e+01
1.074650249880568254e+01
-2.046065578845914956e+01
1.295789733582610381e+01
-3.435238052982765566e+01
5.915142658559773281e-01
-2.322039539979515155e+01
4.811879128289973551e+00
6.292671672461381149e+00
1.872708560301995817e+01
-1.177471010740151769e+01
-8.954592785441150227e+00
1.657426077923718566e+01
3.324125091585766256e+01
1.841536468351748113e+01
4.659695510337314772e+00
-4.023595003002628800e+01
-9.535027493947822563e+00
-1.770489081427541578e+01
-3.388147324724184273e+01
2.268233508576508939e+01
-2.034527760695959842e+01
-1.856290565452269448e+00
-1.572271981088341875e+01
-5.591342724801157260e+01
2.901042763703149774e+01
-9.865340993164238625e+00
2.271727045319624949e+01
-4.004007274527646132e+01
3.779537119535550005e+01
2.074861959107181519e+00
-1.613241405181972610e+01
4.833780826987634782e+00
-1.167634624138605659e+01
-3.674544978490865788e+01
8.116971514645697994e+00
1.999267161282472216e+01
9.760537960133888191e-01
-2.031699690259318913e+01
-9.177859067944297067e+00
9.851684870888902879e+00
1.791351892342453311e+01
3.533500559453850798e+01
1.327631984130186993e+01
-1.302620839954099097e+01
5.352955926434491118e+01
1.343885065525990541e+01
2.382176042016417483e+01
-1.023989551892844929e+01
1.567914138338214514e+01
1.100299935934741313e+01
-3.477265509601539861e+01
-1.156606276142579759e+01
-2.292869020979185990e+01
-2.070816779137274466e+01
-6.784744616557816244e+00
-7.751948716473236800e+00
-2.366917196240990506e+01
-6.214461513644425850e+01
-1.619243058370441091e+01
6.999466437812543518e+00
5.097370793133336520e+00
7.798239531160248816e+00
2.598638237009259910e+01
7.849493702891564340e+00
1.821626373968507551e+01
-2.334329137085012462e+01
2.562440221307605270e+01
-2.546821395980384750e+01
-4.032059911103129934e+01
1.229620782660458644e+01
-2.420539090699193707e+01
-2.201418629289311468e+01
-8.890548149169313774e+01
-6.480192217808635746e+00
4.573783572442499690e+01
2.378027060469825926e+01
-5.755667095110709397e+00
-7.714457603229135430e+00
2.118991443696756960e+01
3.728308862475282126e+01
-2.334125116250574905e+01
-6.035947789699321220e+00
-1.908291925253973886e+01
-1.968575137429263577e+01
-1.723750893630828784e+01
7.084351186490160046e+00
3.966703584844853481e+01
-3.656455172532017173e+01
-3.144555044732794613e+01
1.848802209349514669e+00
-5.977774837897129601e+00
-7.490595017540961464e+00
-5.057407106454360246e+01
3.526947642805471617e+01
1.343897610366468598e+01
5.265271777440680978e+00
2.716200046721499461e+01
-1.839544683960355442e+01
1.736055995921591943e+01
1.559372334204414301e+01
2.028467991340477283e+00
-3.411342601457128865e+00
4.958570320594111180e+00
-8.857570613594827336e+00
2.844608000397894898e+01
-2.246301232969753414e+01
2.416742695965231746e+01
5.405303796052947973e+00
8.100419020082654242e+00
1.274944234060922099e+01
-4.876364456961667315e+01
4.733957868238491073e+00
-3.757164768803176003e+01
-2.747087889776467406e+01
-2.746129147817781302e+01
-2.799753874194485093e+01
2.941257264791374837e-01
9.403667091629444030e+00
2.793435492111763097e+01
4.847290886804362486e+00
8.063507128014677505e+00
-3.937135529327719041e+01
-1.430468298089540014e+01
1.908643043469540146e+01
-1.132576848639196498e+00
-4.171554602029914349e-02
-4.981682376732749162e+00
1.964935380512613960e+01
-5.118947170715858874e+01
6.316476273466918201e+00
1.138337725371131626e+01
2.424047391967631881e+01
2.073306422059927456e+01
-3.173306808133111190e+01
6.332453270179712490e+00
3.273268129096095436e+00
2.656379995883582978e+00
3.338260072610154339e+00
-1.057310264054282811e+01
-1.980364858543264006e+01
1.059986388927841006e+01
3.372145327040198026e+01
-2.789440994472897728e+00
6.488057271107948054e+00
9.518393765525104300e+00
-1.440596978161026698e+01
-1.525198347837425672e+01
-6.691841069228544825e+01
-2.069128766794253238e+01
-3.061822513700506931e+01
-3.749887339553197307e+00
-3.783919653647319592e+01
4.209210051601931468e+01
-1.755575869112971077e+01
-3.006800554819474769e+01
-8.673802643727174200e+01
3.725239073099280063e+01
7.481056429289253629e+00
3.431676727163448959e+00
-3.512167427653781715e+01
4.944735310751696034e+00
-1.116180788823363912e+01
-1.836387376917381786e+01
6.541607595729278302e+00
1.891305633528125441e+01
4.093695702535356418e+00
-1.190828934532117955e+01
-1.131031510276443441e-01
1.547630160046026049e+00
8.797097366730270096e+00
-3.561954671848073417e+01
4.044986115698931428e+01
-2.402174241421667489e+01
-1.676218518896363463e+01
-2.743709325421673384e+01
-5.829979493370148447e+01
5.021905149522304157e+00
-2.936970256471164475e+01
-1.067203982712691612e+01
1.828146039553752189e+01
-1.449553017839659219e+01
-1.969683484557549491e+00
-6.587253463294928224e+00
-1.125657001193621909e+01
1.779726014781150667e+00
3.039644152802129895e+01
-2.818135491455653607e+01
5.575068076109289450e+01
-1.269018364057109238e+01
1.873162882238300142e+01
-7.699411011631781321e+00
6.382290891051248138e+00
-6.100257974912665304e+00
2.458919622629304058e+01
3.434309904926141144e+01
1.072736289446503122e+01
2.579864376063348175e+01
-1.992391963162000934e+01
-3.703601504167856717e+00
-1.249093218900219426e+01
3.843288511946039421e+01
3.226363425613470781e+01
2.437572266660987452e+01
-8.599324485753015779e+00
-1.558212384701752740e+01
1.394444220393887690e+01
-1.574994218336522067e+01
-6.970443597823930304e+00
-3.235184751624274213e+00
-1.654495156349705098e+01
2.782035208655585734e+01
-4.631874807976942066e+00
2.124393002025872335e+01
1.095857086601357722e+01
9.665071656973452718e+00
-1.852337790643999682e+01
1.483642831041763088e+01
-1.022876733807245841e+01
-6.585145269574809390e+00
-1.743903769431597084e+00
-2.694296622343563286e+01
4.177219362579467088e+01
-1.490384675385137747e+01
-1.786070023865761414e+00
1.246224197398495193e+01
1.077111485290780024e+01
4.151846158800105968e+01
-9.639932865337300427e+00
4.218935096431393106e+01
3.785079031903072178e+01
-5.244918591283015985e+01
2.847678751840632572e+00
-1.039882588973264887e+01
8.765676680066064819e+00
3.336004563170916981e+00
1.112809970519845137e+01
3.489614008243199095e+01
5.467128229491984115e+01
-4.205025792240121518e+01
4.234812814549525228e+01
-5.480644573572064360e+01
-4.549102477601699945e+01
-8.083186336377906400e+00
4.105039973441648726e-02
4.079266420041284391e+01
2.002902492445355165e+01
-6.759518704956946067e+00
-4.991540346324606503e+01
3.950269134742243438e+01
-2.338725143614249191e+01
9.965108607407842101e-01
-3.991090868435328787e+00
7.049993538869557597e+01
-1.417540268465293707e+01
-5.976167116130363866e+01
1.752772173990291549e+01
-9.106604376722486904e+01
6.447660308292583409e+00
-2.042932105842550072e+01
-1.030705730016128285e+01
-1.517877376220181418e+01
-3.273313101579628892e+01
2.142022028298782743e+01
-2.127787069227154859e+01
-6.566383703547842288e+00
-4.415138349852247757e+01
-2.443691974897575392e+00
-2.926490382028244852e+01
-4.178163741726001490e+01
-6.358704276707317149e+01
5.145112553700101898e+00
-1.993785421248263390e+01
3.508605241667169139e+00
-7.901971192444534609e+00
-4.549547371989660860e+01
-3.638117589925007422e+01
-3.053761358124040726e+01
-3.174134147825776608e+01
2.983956339543686909e+01
2.858984108179342343e+00
-2.789366119526313526e+01
-1.216197838803429931e+01
-1.376071705051853655e+01
2.253139966600104671e+01
-1.738561955498672162e+01
-4.285317655559818917e+00
-1.572255242614983217e+01
-2.002096703928978627e+01
-2.264895501593308325e+01
2.068877957863445261e+01
-8.696836963222864370e+00
-5.183273332823864621e+01
4.315499670121667464e+01
2.465853110658459002e+01
1.480584324367498539e+00
-4.373463727609527041e+01
-4.191874555854644768e+01
3.856279180235787862e+00
4.039330138702439399e-01
-1.773208327454631217e+01
-2.562589512060854702e+01
1.757923690304369302e+01
-3.100354935757678732e+00
1.475136993951730346e+01
2.744470575809305046e+01
1.779642514611998649e+01
1.786997230200661591e+01
1.337956288133991833e+01
-1.169658556939839400e+01
-8.350238304516494736e+00
-1.216481995720873854e+01
-2.057444421817564262e+01
-2.395966729972400344e+01
-3.567512100310506185e+01
-2.086102236480975591e+01
-5.719363679017675395e+00
-4.305627059695291337e+01
-8.005847079167949687e+00
2.045993919767288105e+01
-4.424903304190712561e+01
1.671133264398000051e+01
1.507502917893717154e+01
-4.030012360122555037e+01
-3.178400997398199479e+01
-9.635473919151337441e+00
9.834712203175911327e+00
-2.208832646958035184e+01
4.056287816234566890e+01
3.599938865228648410e+01
-4.334279191827778277e+01
2.506320826848843808e+01
1.950594308426462931e+01
4.925379195871329330e+00
1.215100539341875674e+01
-2.401498134801614981e+01
-7.337279370285088476e+00
4.650887194381255085e+00
1.079106661614953566e+01
2.373193768663095682e+01
-2.876974190530393827e+01
-3.385124928090760932e+00
8.410631284696449939e+00
3.039371130645633912e+00
-1.671762326790910436e+01
1.225385079976237535e+01
-1.433308425415333431e+01
-1.151983460361338985e+01
6.490261899801055279e-01
-3.416387734494810502e+01
1.650366975597236774e+00
-9.451374767228685414e+00
-7.768968194461251642e+00
4.744634588168338496e+00
-3.048610909863305096e+01
3.332152178223327610e+01
-1.415352919834452905e+01
-7.488806216571444452e+01
-4.794466975331729941e+01
2.078574113172948046e+01
-2.273478172697340938e+01
-1.056883587257721047e+01
-1.473272383765400662e+01
-1.031662218512994400e+01
-5.663343750695906920e+01
-3.539385747321375675e+00
-3.500775426857319417e+01
-1.937163714219875033e+01
1.191617280857914807e+01
4.422571080340375715e+01
1.592119848464498943e+00
-5.595442201566811491e-01
3.347231514943189268e+01
-3.116602610326900447e+01
1.794826007054251704e+01
4.269208305108662671e+00
-2.679984268350762022e+01
-1.434288591403617374e+01
1.251365009358511315e+01
3.694541264217150456e-01
6.849015213718644191e+00
5.810124704761335579e+00
-1.330804229164888852e+01
-1.824490527213026780e+01
-2.811300481622504321e+01
2.771282827162988838e+01
-3.628004578491199084e+01
-2.694886042218981004e+01
7.000238843629887242e+00
-4.889020207318722555e+01
1.266744008784843345e+01
3.605183536138542877e+01
-4.085375550464668493e+00
6.556702102418398681e+00
-1.621473156451469322e+01
-1.237177870961994586e+01
5.850785749763076637e+00
2.138032604863508368e+01
-2.182904448264302388e+01
1.519181438527230910e+01
-5.972762811555185181e+00
1.744585404095687409e+00
1.303017461491246820e+01
8.373021161259160294e+00
-7.239772033024543418e+00
1.267987648822099800e-01
1.075921417223258914e+01
1.608947761860508763e+01
-4.038762371474149404e+01
1.829959638185641779e+00
2.896945367756842415e+01
-5.192200976593915129e+01
1.709621205092440732e+01
-6.559891667995256626e+01
-6.055094572920035390e+00
-8.337915095005413946e+00
-2.936589783732188152e+00
-6.845090774773922249e+00
-1.414502052084259276e+01
-5.356389621132223056e+00
6.718048576544660477e+00
-1.499983640554507502e+01
6.786042622232486110e+00
4.928454896555103915e+01
-3.407436121828396836e+01
-1.485453446785041365e+01
2.239980086155321715e+01
1.349945218247555090e+01
2.459424507674540905e+01
1.185894600794181741e+01
1.184675488593207149e+01
-9.036596247636538237e+00
-2.757599342100998285e+01
-2.541294441623097100e+01
-1.518946918414442848e+01
2.609124953013719050e+00
-2.373441174740707993e+01
-7.853014612758215662e+00
4.087475864190196262e+00
1.337188520636243538e+01
-5.731535394258926885e+00
3.351010452594356082e+01
-3.252512270090551283e+01
-2.198213763824213629e+00
-1.739335303949665956e+00
1.546939355221383749e+01
-2.206175472177924490e+01
-1.396633126106382861e+01
1.053676771864773620e+01
2.524686007774781160e+01
4.194482950765311813e+01
1.792734697582338299e+01
2.349796406203162746e+01
-1.566992076133906409e+01
3.537175735237667595e+01
3.707662490611855333e+01
-1.423517820723134264e+00
1.916116543809428663e+01
2.115517276075331665e+01
-1.318558560154757231e+01
4.774214866978581995e+00
3.405399456558836846e+01
-1.352846571218609029e+01
-5.122282214907386333e+00
-3.380497116620995968e+01
1.332496394688683949e+01
-7.201282155893707682e+00
1.105748134683062744e+01
3.276064907018479744e+00
-2.232035972175700067e+01
2.554538234565066546e+01
2.247308165320316675e+01
-1.508168401152899207e+01
1.068206822490561336e+01
-3.422165628197762999e+01
-2.976767877429412934e+01
1.386430209930239243e+01
-3.817565423781223899e+01
-1.723537815949126184e+01
2.884362648930164141e+00
4.632980073971143042e+01
-1.425813799691363215e+01
-6.867218941936840793e+00
-1.009067308291298559e+01
6.280267137037218106e+01
7.826715080093293864e+00
-2.413185382305111659e+01
3.966883330030952948e+01
3.512792107019447485e+01
1.758334494714273433e+01
4.208594234669197931e+01
4.811679076761035390e+01
-4.175736794924013395e+00
-1.551079301250430831e+01
-1.622611329803748959e+01
1.615936368667786383e+01
2.102610005863377296e+01
-3.845233284576124788e+00
-1.294199913139857472e+01
-3.417878228757679437e+01
-1.411476483309914443e+01
-2.527559607677608255e+01
1.686992357880157556e+01
9.566797865648823063e+00
3.567073955500097782e+01
4.183983982053746331e+00
-1.318572038397974211e+01
-4.736252562046072256e+00
2.208447709189501040e+01
6.994620263174965658e+00
3.048980308886271473e+01
3.118298573761546777e+01
-6.742009371392697403e+00
-6.028603429221448096e+00
-5.620856749531452579e+01
2.831387577175151193e+01
-6.817742768045604862e-01
3.032621233868057686e+01
-1.212729467070910516e+01
-3.490405915100418355e+01
1.178761038024205021e+01
4.072955258158827263e+01
-1.462171927966643636e+01
3.693268668465515248e+01
-4.067908877854617344e+01
-1.288624004421745894e+01
-4.544608334439686814e+01
1.063838412303226733e+01
4.512030817854594034e+00
3.022407097109692131e+00
-3.472855712273286599e+01
5.061609050415046340e+01
3.025809220516708820e+01
4.914657391443995493e+00
-2.881681117962139638e+01
1.210413768364375642e+01
-1.300022884448063110e+01
-6.926169024465082202e+00
-1.337778226203641907e+01
1.023524982910538839e+01
-8.080481766638854424e+00
-1.124697405685083140e+01
1.162325107081619535e+01
1.444708137318841779e+01
-4.780950363966451278e+01
1.108604708077544387e+01
3.764420711989637880e+01
2.242398187711509649e+01
-5.847313829311796773e+00
8.373490339358653500e-01
-1.956967605471658089e+01
3.233341298800405639e+01
8.643986644951098697e+00
-2.332623417594874127e+00
-4.157316914197849655e+00
5.955693469356907599e+01
-1.787990836350957125e+00
1.358056380810651831e+01
4.158135809131032090e+01
5.354825406956281597e+01
3.459466085503402155e+01
2.256896523747502670e+01
-3.698151513188351203e+01
-2.521652816389649843e+01
1.916591899559088574e+01
3.871061174534133897e+00
1.760118351279615467e+01
8.839492791232345326e+00
3.420778123182165587e+01
-4.305404770796460667e+01
-2.711152502526323360e+01
-6.403106265342955794e+00
-4.754189536608387812e+01
1.062347308810295488e+01
2.447394421034481127e+01
3.767739592573718710e+00
-1.232327330576555369e+01
1.288496911964421088e+01
7.672381683774790417e+01
1.713836735402088607e+01
8.753626144000634213e+00
-2.607166467340465488e+01
-3.326030823103081957e+01
-8.144166825416611744e+00
1.834214658637907291e+01
-3.303970701109051333e+00
1.319038870110856010e+01
1.937934201969562764e+01
-3.168466108886704546e+01
1.448018843661225219e+01
2.449482394659281681e+01
3.128412416247982719e+01
-3.665705743180694753e+00
2.600057962361404407e+00
-5.552187855690078777e+00
-2.679314804598467958e+01
-3.849572666203766858e+01
4.403066317676567110e+01
-4.297311913512217529e+00
-3.063297615097046389e+01
3.026289777844553441e+00
-1.436188307088427507e+01
5.029895976544830205e+01
-1.292623022030778657e+01
-1.987600848104989382e+01
1.929411172261387719e+01
-9.101348517720538212e+00
2.467949236758749976e+01
7.403772268637851539e-01
5.384289927931624220e+01
2.923251561300190815e+01
2.233932309311711606e+00
-2.062813171337664642e+01
1.522238159573203120e+01
-2.986344149046197316e+01
-4.831209782098852656e+00
3.395612422739326064e+01
-1.549619315813001208e+01
-2.485861450995636801e+01
-1.342216177335157568e+01
2.771830342693738203e+01
6.988112444275323298e+00
-4.590390244332552072e+01
1.842087167652992719e+01
5.153190192822819427e+00
5.119593099732597352e+00
-2.788577410885295649e+01
1.620607435187878309e+00
1.870804342236361606e+01
2.652071051557982173e+01
3.651137654382343101e+01
1.601902696586540742e+01
2.173346050767719362e+00
-2.996129987139926243e+01
-2.589667632991799451e+01
-3.823264471315384583e+01
-7.289623024876618729e+00
1.758075793426536393e+01
-1.366196045776845835e+00
2.843337230978534080e+01
-1.812194754950655806e+01
9.097911484168264451e+00
-9.658998781191783678e+00
-1.654839154749043217e+01
3.388116489698730049e+01
3.903788535282529892e+00
3.486763885350688952e+01
2.645420912356257759e+00
1.233907067215055164e+01
-9.945482216495690864e+00
3.365344171145034124e+01
-9.215550943974903930e+00
3.513894086610127587e-01
-4.329344319746397218e+01
-5.312006549511380626e+00
3.962312587713432777e+01
3.543153599676492149e+01
1.492438342134568074e+01
-9.189280570266120662e+00
3.088534939417854730e+00
-1.162857460028182288e+01
-7.693781414856360357e+00
5.125519183674106216e+01
2.784633501979101311e+00
-1.454740420186450933e+01
-6.010022245879822123e+01
-2.634010791872378832e+01
-2.130777567363587366e+01
-3.556418626973214714e+01
-3.223664698276388663e+01
-3.838739476981797338e+01
-2.547528107584376045e+01
-1.765143160786118415e+01
-2.742969599352110777e+01
2.603563911479277238e+01
-1.154468054323376691e+01
-4.903558445253128184e+01
2.231816034610244515e+01
-1.691781364476702976e+01
-4.507652278457187833e+01
5.394409370067451448e+01
-1.445545908182706896e+01
9.522547144407013775e+00
2.224965295180078328e+01
5.001632861735458846e+00
1.480426782911459327e+01
1.781841531015331270e+00
1.111701416930284125e-01
-8.247883372307853733e+00
-4.191651023266015841e+01
6.610260151495772618e+00
-6.926128544570644863e+01
3.945342167568470870e+01
-2.368568565764792311e+01
-9.837590310832325713e+00
-1.014697199057201260e+01
8.356643391682386124e+00
-9.505482881505400883e+00
1.502360815992828691e+01
-3.075848077109067447e+01
1.992918295108654547e+01
2.400816509162679324e+01
5.820464287144034188e+00
6.373792686887838954e+00
1.202170405681458476e+01
5.072438412933593099e+00
1.538269105654899249e+01
-4.412046177861000729e+00
-3.914900137082014453e+01
5.332680934500643843e+00
-1.384105212463916246e+01
-3.007587464418691070e+00
3.079208687397610333e+01
-4.476194821650356204e+01
7.929995758680377094e-01
1.168737581776298384e+00
5.110378892413052654e+00
1.746825790123884303e+01
-6.793866244552880573e+00
4.633100625676320306e+01
2.452500083431991129e+01
-8.562208794737209416e+00
-4.210646300474991222e+00
2.118206753329104686e+00
4.293630292726180642e+01
-2.953080814834282819e+01
-5.748112048878300584e+01
1.719780280130407846e+01
-6.830195800105087756e+00
-9.334601344886863217e+00
9.239242809844810722e+00
4.244095639904008976e+01
2.477594767230309003e+01
-8.955941098698360747e+00
-2.938828011268259388e+01
-4.787373316863835271e+00
1.578829700737058417e+01
-8.564037188699245462e+00
-4.173404245808762880e+01
-3.422503862630648541e+00
-5.337396182817163037e+01
-2.840787763350675732e+01
4.600169007060310378e+01
-2.918674859993589621e+01
-3.828297052041980919e+01
-2.889231849334589697e+01
-2.071811446206785945e+01
2.028636783977933078e+01
4.726320888093508188e+01
-3.734896123426580061e+00
1.452491333007037611e+01
-1.192138263019553790e+01
-3.902692474264248546e+01
2.639642405156475746e+01
-2.651018366715811680e+01
1.466180327407872142e+01
1.793707421790303158e+01
-5.979156559657269554e+00
2.120245884063976405e+01
2.314754539673111822e+01
6.385227818635573271e+01
-6.676835004092140480e+00
-2.915275054762328466e+01
-3.538948818531684992e+01
-9.644815688031904699e+00
-1.888146696189653539e+01
5.321654303940960062e+01
-2.470666942758441564e+01
6.489460124380020289e+00
2.742831605130675143e+00
-1.239939788863572545e+01
-4.784112774855935868e+01
-3.535196806433674510e+00
5.553709256956123852e+01
9.786343244351527915e+00
4.223750223638717216e+00
-3.257048292928956812e+01
-3.239312417720702797e+01
-7.934918308740392945e+00
2.592146466599183441e+01
-1.432097155412981238e+01
5.795482026644472739e+01
-2.730269542357390833e+01
1.057964299424664034e+01
-7.729577433747977011e+00
-3.657241599521387343e+01
2.443934391168170350e+00
-2.893112364937019265e+01
-4.165647640584523970e+01
6.254848092182612618e+00
1.071250375177925207e+00
2.946514829494722676e+01
1.331716875533349764e+01
-1.896032311250980484e+01
1.213233536685413583e+01
-4.934588590740223424e+01
-2.698980026190639592e+01
5.032610352911108009e+01
4.637454330068877084e+00
-5.965364037513552375e+00
-1.677421551684162182e+01
-2.460362800067628086e+00
-5.587398888643861028e+00
5.023495679781677836e+01
2.348861725506890252e+01
-6.652238614937175498e+00
-1.968387189381928692e+00
-2.217368599530283646e+01
-8.835889850553570568e+00
-3.552062875870038283e+01
2.786145118979115765e+01
3.939142469084259801e+00
5.813941073895023237e+00
1.011870543421238722e+01
-4.526870396846952360e+00
-1.160361645426990584e+01
3.075990373794611266e+00
-6.104506445047870500e+01
-8.747297480450214380e+00
-5.794983134200776931e+00
-4.366773183935720226e+00
2.717319120702507007e+01
3.668152848907905650e+01
9.766998881683605305e+00
-5.368924026564834406e+01
3.509617698277509135e+01
-1.207669738459523501e+01
-2.111812465732134569e+01
-4.917362918411786410e+01
-1.695623135458214392e+01
3.504867003956596250e+01
1.723309355645216101e+01
5.678928248129665235e+00
1.899733860746573555e+01
-3.290192110205720155e+01
-2.625471132765467530e+01
3.182825262449725301e+01
2.194399649344342151e+01
2.709131515015818081e+01
2.801701295695082194e+00
4.775259262980370067e+00
3.074630268086497153e+01
5.444812993782247190e+01
-1.176842218809219531e+01
2.172590701720105244e+01
-1.461739579734012295e+01
-2.470859029090544112e+01
-1.954829550648716463e+01
-1.964180894341683370e+01
-8.173381254792445816e+00
-2.681956756178556134e+01
-1.103976466859404582e+01
-7.651134824505570009e+01
1.912612298199820771e+01
1.250656309380157083e+01
-2.671578298813457764e+00
-2.188032170179019431e+01
-1.041779429979476390e+01
-3.096983104883142346e+01
5.532170499648429995e+00
4.541358212155924434e+01
-1.243489959524833921e+01
-9.519367560767008740e+00
1.183351674057360015e+01
-2.879689879088508775e+01
4.770488492646963863e+01
8.280316450128601957e+00
7.842353999177589685e+00
2.788082406280619807e+01
-1.419709271309642418e+00
3.154692321347380357e+01
1.065128580950678838e+01
-2.217001140679883520e+00
4.635178323672235479e+00
-3.579859314514067137e+00
3.730149260165461556e+01
4.842033164242053545e+00
1.023690914564065224e+01
-6.534964342778977198e+00
7.896339296625455972e+00
-5.195569203331379526e+01
-1.980392986455922255e+01
-2.746146535384718845e+01
2.669958484216249417e+01
-1.801985675888982996e+01
-3.378885364698169269e+01
3.258257879507226562e+01
-6.853182245837047049e+00
2.281695031437661214e+01
-5.069127501565179728e+01
1.044386475290854044e+01
2.918571587685974578e+00
3.463772459457004516e+00
-6.563657134267401716e+00
-4.100190348826572517e+00
2.854678953754911319e+01
1.018510627344085151e+00
-2.857376841001052981e+01
-1.055254548741901033e+01
1.237432898329869602e+01
-6.469945832029205235e+01
-4.948023327582120601e+01
7.276606526865236901e-01
7.907587832309211251e+00
-2.643917095640010473e+01
-1.064100858741824140e+00
5.911434211823734586e+01
1.573333574574485283e+01
-3.025846405324131183e+01
5.249394368178769810e+00
-5.218408434964388221e+00
7.028806935725206984e+00
-2.000930355159150054e+01
1.237159636975752264e+01
1.478032246270743144e+01
-3.886396389995638856e+00
6.267449325311881125e+01
-4.437047581121476014e+00
-1.772250506199424080e+01
1.338269542630456499e+01
2.410385863798217088e+01
-1.894853194762953308e+01
-1.021369258584684303e+00
5.494375834138216419e+01
-1.560237804031771702e+00
3.295368001756031617e+01
8.202606472037274443e+00
-3.918292257860571226e+00
-1.272647113734569757e+01
2.927324479951495562e+01
-3.135730222195533656e+01
-5.899965542926111084e-01
-1.020603954781842049e+01
-2.227098194479191307e+01
8.425370672952860573e+00
1.490501839174640253e+01
2.420027474436551529e+00
-2.310079287360622402e-01
-2.233189020536644875e+01
9.086949572750000925e+00
-1.834414990125765144e+00
-1.269869598568082125e+01
-1.130238762480838233e+01
9.252842091126780133e+00
-2.083938207308676738e+00
-2.120511898780620186e+01
-6.114286771830853695e+01
5.864737705758599873e+00
1.080273445358061224e+01
-2.718836061272385507e+01
-1.339841210413356976e+01
4.638609329436542339e+01
6.299394787005752505e+00
2.214819482767063619e+01
4.855723565847497980e+00
2.233078092120003078e+01
3.201319438076069446e+00
-2.184804925911791429e+01
-6.109575473372103716e+00
3.060409865228393755e+00
1.765423534053880417e+01
4.229528407491733333e+01
2.760490289481862192e+01
1.695068795517954641e+00
9.567135382185739445e+00
3.398571406138979967e+01
1.482885353664200778e+01
-3.889334194720865412e+01
-1.546899875718696649e+01
6.268105852873162576e+00
4.784528034567244958e+00
1.384610885167804639e+01
-2.905822307198974386e+01
3.946929834851765406e+00
2.426199880363233774e+01
2.685290578646399240e+01
-2.411929234213371842e+01
1.881865455158049372e-02
-1.261755509115772611e+00
-9.548419288872310062e+00
-1.594132620529026667e+01
-8.684545748586572245e+00
-4.949763273818248877e+00
5.673608482625525085e+00
2.374230556627082223e+01
-1.733706260737379523e+01
4.541731822713973088e+01
1.841052449677340519e+01
1.505393825814374509e+01
1.988719316722006880e+01
1.520576599716941502e+01
2.040973894617265216e+01
3.071270049590891915e+01
-2.555561832927349997e+01
3.495899686392333194e+01
-6.404659653289886023e+01
1.776974995764049581e+01
-6.000839293485674375e+01
4.683350589504470918e+01
4.230332877733346209e+01
-5.281786115603239296e+00
-2.702601046589086309e+01
-2.383737781240813547e+01
-3.088936830641583242e+01
-3.558251299951925262e+01
3.175824981382623946e+01
2.362054563946398389e+01
1.341737971229061088e+01
1.588725315228981572e+01
2.508928408602011473e+01
-2.199715219214903072e+01
-9.943948187685776929e+00
3.097236269297226130e+01
-7.333921756246027712e+00
2.997315543401531812e+01
4.183660389371030419e+01
-3.243112707697962449e+00
-4.111830029556034560e+01
2.813255208096450133e+00
-1.444347687952886261e+00
-5.730544903822192282e+00
5.038185692234264934e-02
-3.659612777580258580e+01
-7.048166874329538700e+00
4.983632523158187055e+00
7.471708965118068591e+00
2.744356657007338640e+01
-2.397850595156519660e+01
3.126309194641356726e+01
-2.239949983932461919e+01
1.441330987016223730e+01
2.267532997639550274e+01
