-3.540661781506732098e+01
-2.045548298007844323e+00
-7.300098296683131593e+00
2.456363287563939224e+01
-1.216969008529974872e+01
-9.407265477425141853e+00
-2.460556771097185447e+01
-5.140900333077988194e+01
-2.192497451684086229e+01
-2.307248456658646774e+01
-2.139112188939756720e+01
4.318159498540902419e+00
2.028997892153427074e+00
-1.096322934043399755e+00
1.777198037645987938e+00
2.705193455042405049e+01
-1.045444525263533819e+01
-7.359607076901625078e+00
1.196860699086192881e+01
-6.322943983866622375e+01
3.167874274761715014e+01
-1.355662917395670775e+01
-2.476299701998495806e+00
-5.722759901442003638e+00
-9.495480034162824268e-01
-2.209025725965048537e+00
4.905924851258399144e+01
-1.530192228195480197e+01
-4.131969082007458383e+00
-3.100608742420457986e+01
4.007405994274836303e+01
-4.427359142425146388e+00
-2.182095654509953420e+01
1.145418306277309028e+01
-2.096029368650306424e+00
1.329175991096568055e+01
-5.513357563107490478e-01
2.769320742564914895e+00
1.931794470561732879e+01
-5.582631825792509517e+01
3.111618111880977722e+01
8.284938000204746800e+00
-6.400993070382583028e+00
-1.784167970517345125e+01
7.045517651345051036e+00
-1.116138208001405019e+01
2.544044563785951141e+01
2.029947355774800144e+01
-1.307377434602653921e+01
-1.671397017721227485e+01
-1.763070475018440675e+01
-2.124028418188397183e+01
1.078511299190009254e+01
-2.768801260201053083e+01
8.493118765950214311e+00
3.533005588081690007e+01
4.073370537276347392e+01
1.897891602074727757e+01
8.520085335637446633e+00
1.772115196399596471e+01
5.198062097919080315e+01
8.798938253008429911e+00
-3.049321269466005901e+01
-6.159020079237507161e+00
-1.440310749462480544e+01
3.397558183198054849e+01
-4.026741506562652262e+01
-3.502230297235786338e+01
-1.786038437679783897e+01
-1.000516087537158683e+01
-2.287472878014841626e+01
1.603982759185537077e+01
5.330381802490649079e+00
7.989720155927614087e+00
-2.211994338747162203e+01
-1.938226849604950530e+01
-3.340470146325511536e+01
1.840796946270370427e+01
-1.915174569691752993e+01
1.729803820193775721e+01
-5.500592579488892575e+00
-1.522305808216520973e+01
-2.929557502626379772e+01
-8.676740419103708746e+00
-6.253305555005908900e+00
-7.049667971902167096e+00
2.284868790145885242e+01
4.278624969606558182e+01
-2.515996437795440599e+01
-4.390024586539023232e+01
-1.099983478392648806e+01
6.076882765688543486e+01
-3.312791119815632612e+01
1.829050687856337731e+01
-6.653326039632418087e+00
-3.410442480708761082e+01
1.412792646876333436e+01
1.996683313510646940e+01
-9.839043733623441312e+00
1.870508389465481969e+01
-1.371372881692514056e+01
-3.197162756397639782e+01
5.368200822865287591e+01
2.557422018508981409e+01
1.448683298983195300e+01
8.020384558675175413e+00
1.523967817269529235e+01
4.618834851623182658e+01
-1.509331782203380357e+01
3.398620171224990827e+00
-7.737355839079117459e+01
9.036032877753726211e+00
-3.789097699550515586e+01
7.939991708862550013e+00
1.248269921598360099e+01
-2.041056662401251742e+01
-2.896372598014144728e+01
1.223364619671201581e+00
-1.721937667706725961e+01
2.186196555989462809e+01
-2.837265059399345546e+01
-3.151427506784898469e+00
-2.059172418038072294e+01
-1.997637874940920710e+00
1.127568930407576886e+00
1.272724494416880248e+01
4.255546053771013248e-01
-2.966292463137108371e+00
3.642118010571989828e+01
5.156184009391594714e+01
2.783667197018753114e+01
4.024213019610533593e+01
-6.643462498993329746e+00
5.659672565824820367e+00
3.010319073572253501e+01
-5.069180179851713319e-01
-4.308283333387629455e+01
-2.309743366052038027e+01
-2.869697469534568768e+01
-1.570079611234467620e+01
1.620159332181168566e+01
-6.731087316624962114e+01
-9.449817928518001509e+00
2.511520494810838500e+01
-2.125479744563926943e+01
-1.765366951384146432e+01
3.376217410215849668e+01
2.525895113110888701e+01
-1.874568126054569461e+01
1.577069358786201292e+01
-1.439668236278269831e+01
1.938903871747974250e+01
1.937655593508281981e+00
7.502498992842589587e+00
-4.835222002448694667e+01
-2.683224066565808386e+01
-4.931979574597676219e+00
-9.453446277483257276e-01
-2.317799799722371290e+01
6.163365542887208903e+01
-9.874237125387253400e+00
-1.827331632034119480e+01
2.023330165485452881e+01
-2.605153893313174507e+01
-2.075050595244684359e+01
1.849728568376980320e+01
7.231235672176268281e+00
8.667621091029559466e+00
8.898801381792708298e+00
-6.256180975883779638e+00
9.013532715184055633e+00
3.307244527809394441e+01
-1.503322033583967254e+01
1.089272208503419392e+01
5.158521653703014209e+01
1.852794149585230343e+01
-4.286646372374889324e+00
-1.159309872183842316e+01
8.828902992926754223e+01
-1.211617076929478287e+01
2.125894407415646015e+01
1.471084786154068524e+01
1.670188725136475938e+01
5.017694086910830720e+01
2.715264302088303339e+01
-1.551074301895273067e+00
1.373907854844668464e+01
2.784388022390658080e+01
2.043809727490591399e+01
-3.305306930877077320e+01
5.343648972764196969e+01
-4.761688615664876068e+01
-6.980871852774313879e+00
3.123387491069205169e+01
8.469881618422633096e+00
4.216440861145088093e+00
1.608276625966092865e+01
1.264970858398947939e+01
1.952178463017048671e+01
-3.546950159799479252e+01
2.251704492989460960e+00
-1.505212862283565300e+01
-3.785217694268325772e+00
-2.486455426910936239e+00
-6.092807511950491417e+00
-3.266361979928689152e+00
4.751377856173573377e+01
-4.779918259444940531e+00
-1.475956940464625688e+01
-1.452806682563487328e+00
7.368719408105604884e+00
-3.381667994088878970e+01
-2.899431064091305643e+01
-2.053434993259558894e+01
-3.504909383760167430e+01
-9.081829734620825434e+00
-2.365982281713781887e+01
1.036199199374371460e+01
7.246472171313058652e-01
-7.107730970274303672e+00
-4.691897477193066379e+00
3.254142882118586044e+00
-8.338053871454349064e+00
3.856316967184606881e+01
-4.903875215598458226e+01
-8.571587240621418857e+00
-7.668765402959582644e+00
9.031291282150164079e+00
1.273663763579179431e+01
-2.663445532953346628e+01
-8.597107528013651745e+00
2.435273380960876821e+01
-1.139443525275260782e+01
8.985447646024539381e+00
1.932203299660169193e+01
-1.628312707831298667e+00
6.317346079420769911e+01
-7.902300380876624786e+00
-1.795744140017256996e+01
1.807354978640177023e+00
-1.392809708889762987e+01
3.091880006743042486e+01
-2.400713547232777501e+01
6.866823721750620280e+00
3.210038693126202247e+01
-7.200523479410747996e+00
6.693011357987495558e+01
7.249160099972868920e+01
-3.759348051188487716e+01
3.335208858808123011e+01
1.229055485514112434e+01
-3.151333023103791220e+01
9.422309676156309877e+00
2.378147379949406570e+01
2.433024989270168703e+01
1.323034858336384900e+00
9.575651283563388461e+00
4.211033185105151233e+01
-1.327062517555577870e+01
8.028608394706495233e+00
4.060689263250247905e+01
-2.091747728890440783e+01
-1.127989844434286226e+01
3.167102319234361119e+01
1.624754242489981948e+01
4.280425073087997134e+01
1.705087378837248480e+01
6.161999708921229058e+00
1.506884983312907877e+01
2.288952398506351926e+01
-3.026142955071313168e+01
3.863659925605844592e+00
1.397425485130185585e+01
6.553854667019891167e+00
1.336917722743690717e+01
-3.462068081167771538e+01
1.807286740709793094e+01
-2.413923094102671030e+01
-1.881699821283305596e+01
1.204726640653242242e+01
-6.579757061838662935e+00
3.269242909318029433e+01
-9.452244447872374167e+00
1.699426063628857264e+01
1.826464240339106482e+01
4.391472521138883423e+01
3.081359893179298837e+01
2.759511751141474889e+01
-1.907757821731280501e+00
-4.724301132269488335e+00
-1.807310141764679656e+01
4.512523084457629352e+01
4.490743562540095013e+01
2.206609441893436951e+01
-1.422667955547365182e+01
2.811684089978643897e+01
-2.903330032785163439e+00
1.010573339820638950e+01
3.734993325212411719e+01
-7.095690725617487260e-01
-4.505280298493971713e+00
-1.139165821075016538e+01
-3.305837727623978139e+01
5.398474565911001832e+01
2.858262360233140953e+01
-3.377534917529266778e+01
-9.324198728764343969e+00
1.487594860746174419e+01
-5.669209758874544036e+00
3.585284312168518994e+01
7.120255558662137219e+00
4.515516592736787516e+01
1.956756874960377601e+01
-1.285452372490829021e+01
1.131535574200833594e+01
-3.542478665306020957e+00
-1.551098132162539400e+01
8.894223973055517263e+00
8.493972808442833866e+00
5.304794847623435317e+01
4.458589612116486478e+01
3.137222786358123017e+01
3.772135400441072761e+01
4.896589405792354910e+00
-1.467610403744538417e+01
8.070358499944859432e+00
-1.891674146794969502e+01
-3.037406459106252044e+01
-3.152916367519344476e+01
-1.768315987344394102e+01
-6.156046674802917096e+01
-1.975392146435517304e+01
-4.906877792333420985e+01
1.325611796059263803e+01
-2.623196739092982455e+01
2.636805269320026923e+01
-5.601881312179809669e+01
-1.685885915247487787e+01
2.425682668515423757e+01
1.185781129523842026e+01
-5.028716119971940657e+01
3.201841384089129861e+01
-1.467833341383965262e+01
3.049136012890961922e+01
-1.318418205512222130e+01
-4.440938694872539827e+01
8.143357956356226168e+00
-3.688190646667828787e+01
-4.224912424916254849e+00
-1.674261635939060078e+00
2.316930901851297619e+01
7.137676095942487109e+01
-2.444409375711433086e+01
-1.981383297813800937e+01
-2.384861871412226719e+00
-6.463197310075656787e+00
-4.573532613096800503e+01
-3.158379898188397306e+01
2.712308086164121335e+01
-1.203207879977742323e+01
1.144880738277174714e+01
-2.780137372833587506e+01
-9.289029048074866068e+00
-2.349704384137027091e+01
2.918584695154034847e+01
5.403881498317389287e+00
-1.264028413743653800e+01
-9.627770933795858355e+00
6.731769143455629489e+00
-4.644989479492977580e+00
2.439561263218470799e+01
-1.459293451485314108e+01
5.648578708860156894e+00
2.008601565759717289e+01
7.754122193133468954e+00
-1.205690178264140400e+01
8.712707842073643860e+01
3.331051799194214880e+01
2.444722683116225426e+00
5.735125146191307977e+00
-3.548345965226010890e+01
1.903648350232009534e+01
-4.329409696124386642e+01
-1.649677810905120623e+01
-3.120628843860583856e+01
-1.119540255506888116e+01
3.219234060668821940e+01
-3.213752400150018218e+01
1.357620880623781545e+01
-2.165787098495002283e+00
1.174956323296640903e+00
-2.029126191322620798e+01
-2.511549398483296613e+01
-3.163589298038175457e+00
-2.026720506878820061e+01
-1.124564735830011841e+01
-2.339409459014366632e+01
-5.242457561416156153e+00
-1.965343524763069638e+01
-2.846012663372019347e+01
1.187368802101889997e+01
-8.142790938590536598e+00
1.386207157003590851e+01
4.840052877765764094e+00
-4.316228384651729755e+01
-2.975594780163235953e+01
-2.589750526398303521e+01
1.840496478873490105e+01
-1.396726954659598618e+00
-3.515504823440240045e+01
3.338777636989292574e+01
-2.221282896000621321e+01
3.237244123810056351e+01
-1.793152724735117687e+01
-2.739140033615311154e+01
1.342581253485019488e+01
-3.854027302989061354e+01
-1.951972622385940781e+01
3.512954430856021304e+01
1.069601663294128002e+01
-2.488261176431893773e+01
3.078355195507308650e+01
-1.030286613111593397e+01
-2.155488327184906439e+01
-1.725691844521679741e+01
-2.840613798937869205e+01
1.570232836916730434e+01
-5.096752848710897865e+01
-4.490648711393208714e+01
-5.758452082280371087e+00
-1.705854042565400164e+01
-3.353260089456927773e+01
4.167187714939018406e+01
7.609701092787391019e+01
-1.558544365996506542e+01
-2.021291618385475886e+00
-3.438700468417282963e+01
3.716053042401347284e+01
1.158052728893559902e+01
-1.357421771526225029e+01
-2.067322006105041510e+01
8.361560158434407697e+00
-3.293558178506228273e+01
-9.997285510446374701e+00
-4.934366987128527171e+01
2.066789566746695073e+01
6.281417407863017388e+00
-1.022713423349102868e+00
-5.860407564034744610e+00
-2.271747066900582013e+01
-6.219889628976886797e+00
7.445358106278558807e+01
-1.037973762618145201e+01
-2.727131620537545587e+01
-3.963402823724146629e+01
7.920954815886489087e+00
-2.127226607391947155e+01
6.158189416595909904e+00
1.722600779481831523e+01
4.322499212250988876e+00
1.778585535907012272e+01
8.584608501711883832e+00
3.322929580993286436e+01
1.495788813452679733e+01
-1.986107249680735265e+01
2.724151230682218738e+01
1.981038811400659938e+01
7.023938165079442797e+00
2.404741104952742603e+01
-1.610158176049843348e+01
4.184039241049330826e+01
1.336128643312391873e+01
-1.801725189913528880e+01
-3.346019443759061573e+00
-1.023827969865843102e+01
1.158185038933928013e+01
-1.326253060276076212e+01
-4.483736263911666242e+00
-7.292450274096381690e+00
4.594423924694302741e+01
3.138578174628025863e+01
-3.688292308428842148e+01
-4.593304791055260239e+00
-2.996398428674842762e+01
-8.224435173348638273e+00
-1.339977631446070916e+01
4.884273685185917202e+00
-5.978953643135547225e-01
-1.630884093362377030e+01
9.620794366050063218e+00
-4.685357164427564669e+00
-5.330842335966465839e+00
4.890988996086207408e+01
8.207355472299866506e+00
-4.685315686656643663e+01
-2.252576337317543675e+01
5.438727197780860934e+01
1.545796058490805081e+01
-5.385575108119155630e+00
6.067527756759344015e+01
-9.169687849456295226e+00
-5.176348075905792712e+00
-4.598506735476576068e+00
8.794897016168988557e+00
1.769284442796302059e+01
2.475980342522134947e+00
1.644666408930274315e+01
-7.253807482630293180e+00
-1.997333977010420369e+01
-2.362384265721826893e+01
-2.724886349194969171e+01
2.338408306465663600e+01
7.372029318483058091e+00
2.165029771851106943e+01
7.916151876864972792e+00
5.065733190876400727e+01
1.058595215122680600e+01
-4.571863760158186096e+01
-1.944871666490475803e+01
3.481236936185226227e+00
-1.651647898688395344e+01
3.583393000187513167e+01
-7.931878305235386506e+00
9.539039794932328675e+00
2.992296751980765634e+01
-4.239838268803589472e+01
8.487743715029131408e+01
1.176738573680120226e+01
1.351402568219884870e+01
2.053338114822931004e+01
4.235827117392034324e+00
-2.646951282463589905e-01
1.987181145363612700e+01
-2.101664421825387308e+01
4.709679441830847679e+01
4.165712368899666274e+01
-2.362991573457776440e+01
9.147823231461416071e+00
3.972543547951039500e+01
-1.167564651755890281e+01
9.897088733166441443e+00
2.138363349645925382e+01
2.302727456566617548e+01
-4.332827250911162764e+01
-5.835396446812069371e+00
-1.738817045249777493e+01
-1.780705374491304838e+00
-4.503466687133666824e+00
1.013421126880871270e+00
-7.113456000739404317e+00
-1.802775040094002179e+01
7.500691555881971340e+00
3.914466725587345763e+00
3.010746951721008813e+01
-2.484788938473593589e+01
2.474441673170190370e+01
2.682084987579274582e+01
-7.080177909947849457e+00
4.619581668129546870e+01
-3.861028766325867423e+01
-5.849142549965446136e+01
-4.877710716462436480e+00
-4.526741788862182148e+00
-6.666598060519959290e-01
4.533248510768274286e+01
-2.764787445270357580e+00
2.429597893288649857e+01
3.050491898598285445e+01
2.119368463523619539e+01
-6.466487091153396705e+00
3.381870697397926051e+01
-9.037917079964117306e+00
-2.012785578147969545e+01
-2.322427807911844866e+01
6.115196531352218301e+00
2.007315504639322512e+01
-7.650690388179839374e-01
1.974049324247658888e+01
3.215744058175005193e-01
3.435444336323017467e+01
9.835288643181755219e+00
5.102577272809803333e+00
-2.122906876037404800e+00
1.826061826624725626e+01
2.130202698458572286e+01
9.752414602034349400e+00
-1.022182520394125049e+00
-3.115957932552204213e+01
1.650676710280793458e+01
1.078308338598188243e+01
2.013861911418575801e+01
1.598649584069849539e+01
2.047746834758265067e+01
-4.907616978007183661e+00
1.765604393027697938e+01
-1.521392530405478283e+01
-4.152121831902491067e-01
-3.071059477033591634e+01
-1.742866693362267938e+01
2.280583819283546632e+01
-5.106681908333706588e+01
1.505090353366830414e+01
8.958252330897380489e+00
4.706175714404599830e+01
-1.073066813918146067e+01
1.887945044101736514e+01
-5.655863208390996988e+00
-2.744310789392743288e+01
-3.850443242067734673e+01
-6.643664260818319178e+00
-5.011705039106423243e+01
6.653414019998137974e+00
-1.126549365878387476e+01
1.747994349064944686e+01
1.331969453845408680e+01
-1.618037240490960471e+01
-1.657413822183963248e+01
2.322458740249567199e+01
-3.479552629840389244e+01
-6.922244123584647468e+00
-1.070245177132111536e+01
1.546653601850683302e+01
5.281137229393948473e-01
1.534320949499516473e+00
-1.068802030784854651e+01
3.102549483853240986e+01
-3.138961242757801529e+01
3.888429198905555495e+00
3.411177643689802608e+01
-2.081677126628663643e+01
1.745581897671712568e+00
-1.624287388634684248e-01
-3.690792616432706552e+01
-2.268013597962203676e+01
-2.819331640774063175e+00
1.599348084188424934e+01
1.867752049705032391e+01
3.477289166371434703e+00
-5.444604534557697662e+00
1.010444142478047524e+01
-2.409351549276223636e+01
-1.122047407142730435e+00
-2.937118955990345626e+01
-1.578336591242052123e+01
2.753921425880207607e+01
-1.615926459351462086e+01
3.843791431598893382e+01
-1.360919164860359842e+01
1.857141496262350699e+01
1.432199369228819563e+01
-3.589435379165824003e+01
-1.424506097811803329e+01
4.917839629777375876e+00
-2.362057258929370107e+01
-2.137093729883297044e+01
-4.942743420297870216e+01
-3.063433144920739437e+01
-2.893506373522421882e+01
-2.488656820603836195e+01
4.842613524540979597e-01
1.034879364679139258e+01
3.875151305701962201e+00
1.378545569993131359e+01
-3.215400492289037970e+01
8.628123367333614624e+00
1.525440443769431909e+01
-3.814174542528695611e+01
-3.517823851026145121e+01
-2.386043946627086143e+01
-1.539858566075744761e+01
9.221590748869033405e+00
-7.627097241619935630e-01
-2.385011981848292351e+01
1.695859815941952320e+01
-1.348442500066170169e+01
2.843722440130403584e+01
-5.033720446479514976e+01
3.580281141393300004e+01
-5.101528712956138634e+00
-2.272261545556188622e+01
-1.420202392083061227e+01
1.038368592401411661e+00
2.532737666673970622e+01
-4.170221997770885736e+01
-6.687159861799216287e+00
-1.143849508112624846e+01
2.529987285628739357e+01
4.724759243532393782e+01
-5.622026473200469354e+01
5.259941341765573952e+01
2.351083863765954618e+01
-4.223440279078051418e+01
-1.807265691614252034e+01
4.480590924088771487e+01
3.359629374903641974e+01
-1.179527298178766159e+01
-3.329876147065618852e+00
8.118412406336631193e+00
4.222770659330066678e+01
-3.212215268254049505e+01
7.189671845777908743e+00
-4.710225343140336918e+00
1.544607260684364292e+01
-4.104665236002860240e+01
-1.865196223578969636e+00
-1.720795171361731235e+01
2.701035640369777013e+01
2.378689542269985679e+01
-4.937034095986501825e+01
-2.702201383298273640e+01
-1.220462988620079159e+01
-2.406112773937125127e+01
-6.603526368081716669e+00
-1.150807109150926522e+01
2.544337889498638106e+01
2.377821119074707212e+01
-1.236324829185008412e+00
-2.592844070175842575e+01
-4.808990233551642746e+01
2.687610278504286043e+01
-2.777519263739458211e+01
-2.055868440856133361e+01
3.364579420539406840e+00
-2.030921660417035923e+01
-2.210122818504191855e+01
-1.620766964206401184e+01
-2.710024160317016140e+01
-1.465306511048129678e+01
-2.938188478248869728e+01
3.166040223062915970e+01
3.473781380899841054e+01
-3.727903523453733214e+00
-1.241607931316804070e+01
-2.242206644378939018e-01
2.572242823125037603e+01
-4.862279006354383171e+01
-1.127296774749183328e+01
2.783840447247212069e+01
4.007425569635449847e+01
-9.466871479005305901e+00
5.625450069441399137e+00
3.101987006326973528e+01
9.382939109174486703e+00
-5.621609012474380052e-01
-2.513573657867914335e+01
1.140105585411515676e+01
-1.961809565578826664e+01
-5.974982632796923099e+00
-1.097101817508666954e+01
-9.298063972053455473e+00
1.281176224186214085e+01
4.473845318970921170e+01
-1.388617058086396128e+00
1.941124689897335998e+00
-5.150792544674725093e+01
-1.073385938140734197e+01
-2.035098110547801298e+01
-8.741467002332115044e-02
-2.651980127945020627e+01
4.826425466769688910e+01
4.592503385054118326e+01
7.965714028808690728e+00
-1.117996715153222453e+01
9.383589603985981853e+00
1.168630877587303019e+01
-2.696712240604594513e+01
-4.744919626237049215e+00
1.071078972957695896e+01
7.535705076810728542e+00
3.115439643331802699e+01
2.288762524640887364e+01
-1.198771210301188717e+01
1.472379165877704565e+01
-5.610570155347210886e+01
-7.166405362529033596e-01
4.936771617508861709e+01
6.771323370733796310e+00
-1.174318285319316146e+00
1.728264631502537441e+01
-1.617797727423884169e+01
5.087502186491043688e+01
-9.409031661466087826e+00
4.551449105506634396e+01
2.215349867071507362e+01
-2.292062552926591934e+01
1.830959158830596323e+01
-1.730292599599951586e+01
-4.091421288066601392e+01
-3.642761331021688420e+00
-3.153228297761410204e+01
-2.975052636856378285e+01
-2.787709745319673971e+00
2.045485408390595694e+01
-5.493537158111251983e+00
-1.773316094871159976e+01
5.073533324513647358e+00
-3.917449440297190222e+01
-3.972084563358869502e+00
-4.698297464261332834e+01
2.769920615375127682e+01
-6.945836636354130178e-01
-2.827067502658402987e+01
-9.429264248051083541e+00
1.047382440703827911e+01
-2.001630797620852320e+01
-2.583827166394799235e+01
5.338497300099453469e+01
-1.373324360727275462e+01
-2.282037992774087343e+01
1.548126374650087911e+01
-1.000798233897465650e+01
3.097047837848655050e+01
-2.568333874620691404e+00
3.931284549806207451e+00
6.123237448575360986e+01
-7.055888739455525638e+00
-2.077878381556595855e+01
-2.442764227932298127e+01
-2.886798182923564582e+01
-1.938399281375205874e+01
1.539169452019439177e+01
1.537563302172310387e+01
1.267295329810439597e+01
4.165505853186766672e+01
1.864580972215435395e+00
1.185119211876508416e+01
-3.605226310780096810e+01
1.509942203646545522e+00
-1.057988838878327442e+01
-1.510538978680699529e+01
-1.964405558120915885e+00
1.912657434165780046e+01
2.166569310041711560e+01
-3.943821967280420893e-01
6.886209386989605719e+00
1.565723324993304999e+01
1.981149679976479661e+01
-1.385304109277959128e+01
-7.142465851020233458e+00
3.929205649042586401e-01
-1.310694731572567662e+01
-2.885496824914071112e+00
-2.036510211047661301e+01
4.501820664766158586e+01
3.646629621515330655e+01
-9.234511803060399870e+00
9.078341248194817581e+00
-2.631682224752619703e+00
-1.701919869442716049e+01
2.025587828063586215e+01
-5.404571518312366152e+00
2.266953530729264799e+01
-2.972963099562180034e+01
1.018787976652879479e+01
-5.615231358705102593e+00
-3.058650404931307776e+01
-1.383212170252977558e+01
1.516336492950205894e+01
-5.191417887483133597e+01
2.441609277179492210e+01
2.648861764486335346e+01
-5.673519066831479662e+00
-3.395692054175427188e+00
-1.781762910010314727e+00
1.421552822701175955e+01
-1.856450098233901258e+01
2.050255929367493479e+01
1.734859565828662653e+01
-5.589064608453099936e+01
-2.013027178344773915e+01
1.350770160715476820e+01
-4.858603744631437849e+00
2.467612601351889623e+01
-3.622156765538525747e+01
-3.016306197740789230e+00
-2.379751693315575523e+01
-7.312370808486743101e+01
4.372509450999666569e+01
-3.320756877100291149e+01
-3.480674580290098419e+01
5.069651767145366250e+00
7.373838854796630926e+01
6.639306876535613355e-01
-1.599107516686004260e+01
-1.769230067917703764e+00
-3.107055311316095469e+00
-4.874237972266124785e+01
-3.482640145326399761e+01
4.660438440291378726e+01
-5.836436409397919078e+00
-2.143460952646329076e+01
2.807214536412629968e+01
-2.040090866461565611e+01
2.099851121745388127e+01
3.026380838081689006e+01
-3.248248478395538541e+01
-1.598308432087603137e+01
-1.975099272976828502e+01
-1.016767652157338375e+01
-1.004746439099060495e+01
-5.917482859759843450e+00
8.134182734539308512e+00
-1.942163859586414532e+01
1.614121619759423254e+01
3.295459170757467859e+01
-5.132528259411717642e+00
-1.156207837926447723e+01
8.284457890256987866e+00
3.183558288753818033e+01
2.968045876542308292e+01
5.541891619432334437e+00
-3.174664282051395503e+00
-4.958229999945203303e+00
-2.888340356106879625e+01
2.187861864037527937e+01
-1.272081867721473714e+01
1.131577772185880804e+01
-7.943144903612108010e+00
1.534701534381713373e+01
1.040384019767019197e+01
-4.580853151253677424e+01
-1.515371591338214330e+01
-4.469240292903000977e+01
-2.032044958555388803e+01
3.026989991741210417e+00
-9.778548237570646506e+00
1.857074748423472954e+01
-1.704601849684550530e+01
2.090205608900767231e+00
6.094512988159806355e+00
4.025616005348877025e+01
2.040691680425845789e+01
-1.717945943387869789e+01
-6.958606446144557367e-01
6.930983275894703866e+00
2.178511521883859103e+01
2.259835643754115608e-01
3.105080716620011572e+01
1.281427365264677221e+01
5.146942495780103854e+01
1.112050357645784970e+00
3.724004020193068243e+01
-1.534634346395105808e+01
-2.145100405192079762e+01
2.521912006620539159e+00
5.322457816120959251e+00
1.523635741595748527e+01
-8.060332939341151359e+00
-7.777152219703154401e+00
1.473342449578571234e+01
-2.755776584511340843e+01
-3.132657849408698780e+01
4.501010942585918428e+01
-3.372063756826264580e+00
-2.222689997113655380e+01
-2.302859173038179108e+00
-7.646482629027786970e+00
2.414149203892181106e+01
1.882099269967108057e+01
-1.145102551663535451e+01
4.629920297884950742e-01
-1.504366692748349976e+01
-2.004454289582463389e+01
-1.522108633652544540e+01
-5.492666083495349483e+01
2.763619524725413612e-02
-3.660167383009776643e+01
-3.164640308954444947e+01
-2.118240392097902713e+01
1.088206898131232947e+01
-2.073196556415069836e+01
1.312686180590083751e+01
-3.479209391976064580e+01
5.980531033244460559e-01
-2.353811605956546771e+01
4.846393880122633391e+00
6.390594510794031180e+00
1.895909394724193930e+01
-1.192181306396037144e+01
-9.099309721464294398e+00
1.678094006222331913e+01
3.368238148795551012e+01
1.865780176550148894e+01
4.715580950820481121e+00
-4.076148781866367443e+01
-9.641042573942542049e+00
-1.792262091847260308e+01
-3.434488118353988284e+01
2.296795065869446262e+01
-2.060094433692870552e+01
-1.876903037447874567e+00
-1.593344032697665114e+01
-5.666102645936615545e+01
2.941537720035896086e+01
-9.986621326213992234e+00
2.300928304786356193e+01
-4.058163026353682312e+01
3.829199952999925927e+01
2.090332149466860301e+00
-1.635544123842999653e+01
4.869006822565125958e+00
-1.183534745533700061e+01
-3.724769485850310957e+01
8.243901716869387997e+00
2.022895948089326623e+01
1.001035673299213613e+00
-2.059200142757055119e+01
-9.288738087365004503e+00
9.981813703160668183e+00
1.814938820474583281e+01
3.581457963388278642e+01
1.343294652761659336e+01
-1.321108781617357408e+01
5.420843839879916715e+01
1.363253699790304196e+01
2.412765595601076285e+01
-1.034902900484729571e+01
1.591261181838038397e+01
1.112487208357494239e+01
-3.523047244382101439e+01
-1.171934167399138005e+01
-2.322739180778810919e+01
-2.095400377752937970e+01
-6.857188926466506018e+00
-7.853352804627661499e+00
-2.395903064758553569e+01
-6.298038948572187223e+01
-1.640043528622231150e+01
7.113002770186312773e+00
5.168394004951039733e+00
7.890589265232449634e+00
2.634495550377536688e+01
7.984487814945101292e+00
1.845350393598261007e+01
-2.369119447894061636e+01
2.595894670138596894e+01
-2.582487396693431947e+01
-4.084076850500474620e+01
1.246548106978332271e+01
-2.451118252287355403e+01
-2.231711804567535751e+01
-9.008927723132455867e+01
-6.564758319284749177e+00
4.633277286871350498e+01
2.408647902287705023e+01
-5.810252037862142060e+00
-7.828840295226456192e+00
2.144246287303104737e+01
3.777625491343333408e+01
-2.364672828259583071e+01
-6.144894824410300771e+00
-1.932068722580041253e+01
-1.994075076537433233e+01
-1.748234913476303376e+01
7.206778113503304439e+00
4.020510841820305359e+01
-3.706547377154984702e+01
-3.188131410120226406e+01
1.871337373911984514e+00
-6.044401486279667779e+00
-7.626328665582107647e+00
-5.123690633532794436e+01
3.570846872036163688e+01
1.360575416893772172e+01
5.303723950485498051e+00
2.753249460234583523e+01
-1.862491745118743580e+01
1.760584469782018857e+01
1.581310455177660401e+01
2.091937624238539684e+00
-3.474535362462777499e+00
5.023253912807682298e+00
-8.970392378006700085e+00
2.879847130489048368e+01
-2.277677033721278121e+01
2.447521552335030037e+01
5.487073768975335497e+00
8.199964816424540004e+00
1.290023366345246814e+01
-4.938860713128684665e+01
4.764338371738290334e+00
-3.806486351175681193e+01
-2.784171375842045748e+01
-2.784353608005683611e+01
-2.836226197874370314e+01
3.026154724342404734e-01
9.513820383435444228e+00
2.829831279448274017e+01
4.920295271436039286e+00
8.160335915189914857e+00
-3.988773152863836913e+01
-1.451655888270715877e+01
1.934402794365581713e+01
-1.137057286018354318e+00
-3.978067976905208525e-02
-5.066402791879511369e+00
1.990700251783449914e+01
-5.187036266147893571e+01
6.419792633926160619e+00
1.154182762997871237e+01
2.455941276316287869e+01
2.102189967562966189e+01
-3.215494226212878459e+01
6.415615978185229551e+00
3.324046069644708723e+00
2.712553379557789413e+00
3.362187952434396720e+00
-1.072129294920296161e+01
-2.007767358276707625e+01
1.074598196786865856e+01
3.415231300651419133e+01
-2.818029520018626499e+00
6.594933814849923692e+00
9.625166123097017135e+00
-1.460063561724139447e+01
-1.543880934375653169e+01
-6.782011962044106212e+01
-2.099075885907537042e+01
-3.101840533646979736e+01
-3.814758098093562921e+00
-3.834815132852162378e+01
4.265824671524529776e+01
-1.779215547963423205e+01
-3.043998624057221036e+01
-8.788009291135847434e+01
3.776685843942303222e+01
7.569800092072767939e+00
3.436934164080369669e+00
-3.557423456637289405e+01
5.005794810099416736e+00
-1.128298118656975646e+01
-1.859705527824765525e+01
6.614322987176860735e+00
1.916046183800753511e+01
4.157523536080681481e+00
-1.206611023376513003e+01
-1.158174171778796335e-01
1.577282047040682755e+00
8.907103160650876816e+00
-3.611191104468166202e+01
4.096536954120631435e+01
-2.433640392543192377e+01
-1.698290038582549144e+01
-2.780711610074780538e+01
-5.905833545750002855e+01
5.105108793545362289e+00
-2.973333617520393091e+01
-1.082876297373302066e+01
1.852292874565773673e+01
-1.469217808096473732e+01
-2.011415433888203097e+00
-6.676698073047759863e+00
-1.141760966116623877e+01
1.808570494215359759e+00
3.079879710771295720e+01
-2.857526335876388401e+01
5.651274272805912346e+01
-1.284865509693685226e+01
1.899399653320261905e+01
-7.812795802504403753e+00
6.478553214067961363e+00
-6.173754746999406962e+00
2.491530330937888493e+01
3.481938601554159618e+01
1.086825519929118400e+01
2.618168115956147801e+01
-2.018964289084199493e+01
-3.734388360375739069e+00
-1.268606468752534511e+01
3.892043752441972515e+01
3.268425940064690849e+01
2.468236020071321946e+01
-8.747865103895435368e+00
-1.579313484324526939e+01
1.411852202168070392e+01
-1.593001697175873232e+01
-7.044286506488901978e+00
-3.290330391188405201e+00
-1.676641779230804019e+01
2.820808761603075254e+01
-4.688593181000477728e+00
2.152658951176348978e+01
1.108295028971565976e+01
9.807447556471871053e+00
-1.877543049561545274e+01
1.505025062423045767e+01
-1.035457151494429695e+01
-6.659204556976931144e+00
-1.769356426799362225e+00
-2.731284329201980654e+01
4.231617420384014849e+01
-1.512910596220872073e+01
-1.778995172373271316e+00
1.262462782589882693e+01
1.089793130614961569e+01
4.205716307794362763e+01
-9.815842135053742368e+00
4.275656552575841829e+01
3.837284188801119456e+01
-5.316609290101052920e+01
2.883590540876454611e+00
-1.052290578874388416e+01
8.856672418610997966e+00
3.343242356804978499e+00
1.128117036442176868e+01
3.537208769049684776e+01
5.537002646533002093e+01
-4.262112505866593892e+01
4.290609986664753706e+01
-5.553821493981038770e+01
-4.607472926759473353e+01
-8.196058369540395461e+00
6.178864449950083326e-02
4.135495996774750438e+01
2.028584627862744583e+01
-6.836530012668731615e+00
-5.059307092480442236e+01
4.002596981359295114e+01
-2.370676214589008168e+01
1.030386430266673869e+00
-4.025808041762203970e+00
7.146677944799836268e+01
-1.438004675125850440e+01
-6.055056267789046842e+01
1.778473438130964723e+01
-9.229484403686336691e+01
6.544828554946803933e+00
-2.070938135495755716e+01
-1.042817529370372398e+01
-1.539666633718232447e+01
-3.317023687778404906e+01
2.170143091893888254e+01
-2.153973208615029478e+01
-6.652500963399518241e+00
-4.474535452208442621e+01
-2.484141002569174361e+00
-2.965484545212487433e+01
-4.230998060146009720e+01
-6.444403760238884615e+01
5.204579278302787770e+00
-2.018155353049112932e+01
3.530626908021531563e+00
-7.984349902976759950e+00
-4.609050526115208868e+01
-3.685248172039849379e+01
-3.093875872022118756e+01
-3.213669355442863207e+01
3.022378476449962648e+01
2.918587268272048618e+00
-2.825807988164243056e+01
-1.230691594124647281e+01
-1.394628194728747417e+01
2.281811009215363129e+01
-1.764542874101280390e+01
-4.349185904257872437e+00
-1.589900214447533244e+01
-2.030961909502727281e+01
-2.293613622594833146e+01
2.097229892155837661e+01
-8.788307857850440996e+00
-5.248716617923798822e+01
4.375596189977090944e+01
2.498292534198986203e+01
1.498895257495178157e+00
-4.429286673006220099e+01
-4.248884361648259755e+01
3.937191581994625267e+00
4.174528874502527742e-01
-1.799012230212736085e+01
-2.599699463274583167e+01
1.782807059423555529e+01
-3.145926640484333348e+00
1.494898108296541750e+01
2.777948358451067179e+01
1.804866171512861683e+01
1.810773520950272086e+01
1.355036970104453076e+01
-1.187118867138801193e+01
-8.460991290784534158e+00
-1.230245829083799336e+01
-2.084041818202581453e+01
-2.429126698581666233e+01
-3.615966792321779621e+01
-2.113552112609265521e+01
-5.790624487631347961e+00
-4.362647079557450525e+01
-8.122114429040948380e+00
2.069354052819196710e+01
-4.483247233693407452e+01
1.692017007368144732e+01
1.525588142922225643e+01
-4.081171701572441179e+01
-3.220674773408646274e+01
-9.750064891745438445e+00
9.964810045941035810e+00
-2.237090578443832101e+01
4.109820402975135778e+01
3.648427927392779679e+01
-4.390265942299305379e+01
2.540579088372720662e+01
1.976528620350865140e+01
4.989148448852290585e+00
1.230676166459628007e+01
-2.432380615030778870e+01
-7.439584413638257843e+00
4.716589206383218880e+00
1.092945139462588600e+01
2.405030740394312261e+01
-2.918116615327716090e+01
-3.423343083977897550e+00
8.514932361524003568e+00
3.039128905293438265e+00
-1.697130232982173936e+01
1.241953535976777090e+01
-1.453425103805994922e+01
-1.165585231533557931e+01
6.506573773289119345e-01
-3.461078568271858558e+01
1.681965831850050108e+00
-9.578108116929229254e+00
-7.883158020821838363e+00
4.800883921231218210e+00
-3.089120498029572559e+01
3.374793505029160201e+01
-1.433554389333413326e+01
-7.589982431177026001e+01
-4.860329548113938358e+01
2.106286512191810800e+01
-2.302460949210851027e+01
-1.073888771131947806e+01
-1.495886287695238792e+01
-1.043469695300161959e+01
-5.740354046694966428e+01
-3.584235646923673357e+00
-3.545701419587851433e+01
-1.959780009194417971e+01
1.210128927878150762e+01
4.478965035250445226e+01
1.597555748042196910e+00
-5.513132962644249346e-01
3.392469745017713478e+01
-3.154569095864059136e+01
1.817782741626082554e+01
4.327048397836236404e+00
-2.714336819909919996e+01
-1.452951588562609686e+01
1.268551944442577906e+01
3.586952857609020384e-01
6.929570311597586851e+00
5.900329047135898008e+00
-1.349477723282086572e+01
-1.844247049458738275e+01
-2.844760182877143961e+01
2.807084687392088540e+01
-3.676458844307383345e+01
-2.728869859610951210e+01
7.118510454217016559e+00
-4.956223248983322094e+01
1.281580962789186628e+01
3.650956663014903825e+01
-4.149311196302122084e+00
6.636275923639502139e+00
-1.640535002381869845e+01
-1.252781431678471336e+01
5.948211525764804719e+00
2.166344387394918414e+01
-2.211635618183824903e+01
1.538152216363857860e+01
-6.047531505940412444e+00
1.749556223637142693e+00
1.319881432290884504e+01
8.507111287661246024e+00
-7.329653166566508560e+00
1.532970133010280733e-01
1.093678092940382385e+01
1.627556922830450503e+01
-4.090820650639354028e+01
1.832297018392978316e+00
2.937918481081295141e+01
-5.262271528007505594e+01
1.732203548846230490e+01
-6.647283448273685735e+01
-6.134452634831786710e+00
-8.448730592348994151e+00
-2.940376481407952269e+00
-6.923286768811038883e+00
-1.435692030690989895e+01
-5.423937945206830591e+00
6.841884574679951925e+00
-1.515934218074795581e+01
6.871803596749643361e+00
4.992920785266537109e+01
-3.453269637483202814e+01
-1.506480188198619885e+01
2.267840244306722752e+01
1.367491977166413619e+01
2.491050395894119873e+01
1.199609405202535228e+01
1.202848809871480285e+01
-9.149098690400734313e+00
-2.796748545899401961e+01
-2.575001908815909246e+01
-1.538866223763090346e+01
2.652152488331154245e+00
-2.402977328010013025e+01
-7.945803458856499191e+00
4.155385424641252712e+00
1.356183424979673191e+01
-5.805422408757703323e+00
3.395819068580894395e+01
-3.294698138349372130e+01
-2.225358798911202030e+00
-1.781739646468937011e+00
1.567781615005301177e+01
-2.237066935437684378e+01
-1.416291840186943318e+01
1.068850282223086623e+01
2.560444175829442770e+01
4.249399572213465603e+01
1.818069288232715053e+01
2.379944129156505994e+01
-1.589093745166853466e+01
3.581690939352483838e+01
3.757417195135204224e+01
-1.444609237308497995e+00
1.942945385650597245e+01
2.145758347982152259e+01
-1.336084147301546921e+01
4.823426785784107551e+00
3.450744838434451367e+01
-1.370826353857654567e+01
-5.190133321379335030e+00
-3.427377064322706701e+01
1.350518513700734502e+01
-7.286182602270386610e+00
1.121684149761455274e+01
3.337305581731214943e+00
-2.262222212745914263e+01
2.589060104432456910e+01
2.277793457212399630e+01
-1.527113752644561373e+01
1.080581263057374031e+01
-3.465361282431757672e+01
-3.017517176969482406e+01
1.406922354462068370e+01
-3.869804918190379794e+01
-1.747730036872604842e+01
2.940242901647764029e+00
4.694764009741504651e+01
-1.443601259918312962e+01
-6.951863207464640482e+00
-1.022605482818505607e+01
6.363189003599522664e+01
7.953862766170324505e+00
-2.443788134092565656e+01
4.017978242487384932e+01
3.558217935969939560e+01
1.784073665305325562e+01
4.263687365702702436e+01
4.874188107334152420e+01
-4.248679949338502126e+00
-1.572518085538034427e+01
-1.644750723063452824e+01
1.636401251527345835e+01
2.128607819873150220e+01
-3.892487079816717710e+00
-1.312104857743963748e+01
-3.462531931728665313e+01
-1.431623927145287212e+01
-2.561497038354252709e+01
1.708736310762110122e+01
9.681671821121881294e+00
3.613653178192777204e+01
4.217872685336743643e+00
-1.334818368627998098e+01
-4.808475343308453276e+00
2.239035938195633690e+01
7.075602881194186011e+00
3.088353858667835539e+01
3.159565949001859053e+01
-6.846029703402223276e+00
-6.092938395957268938e+00
-5.693744833127158245e+01
2.868621801535533677e+01
-6.774002512956371902e-01
3.069586478705805632e+01
-1.229057709900886408e+01
-3.538507489162369524e+01
1.193424395097706636e+01
4.129313365211486087e+01
-1.483463350042969608e+01
3.743631883963183782e+01
-4.121905515680494148e+01
-1.305010710820300801e+01
-4.603061640703697321e+01
1.080892717614699450e+01
4.584230275649446185e+00
3.065967677615390130e+00
-3.518414460878375394e+01
5.125013297341428142e+01
3.066824025887552807e+01
4.968465393519636564e+00
-2.917079712457288565e+01
1.224185389182187578e+01
-1.318644163554996851e+01
-7.004381421038374356e+00
-1.353647457883863581e+01
1.037452267176414011e+01
-8.161168543647931983e+00
-1.139143084128158989e+01
1.176699432627157194e+01
1.463932355599612833e+01
-4.845444611431736348e+01
1.121631122623833221e+01
3.813421008534379553e+01
2.271159072084270747e+01
-5.934602463335552969e+00
8.635627299890771269e-01
-1.982951955528679377e+01
3.278560082893483241e+01
8.764214207927437883e+00
-2.348602993361652125e+00
-4.195590451850705449e+00
6.037237140064914342e+01
-1.811182074252201346e+00
1.380507412850300852e+01
4.212429509240007519e+01
5.428846382768982437e+01
3.505402006012207039e+01
2.287710922999838203e+01
-3.744746260860165421e+01
-2.555880512090089951e+01
1.943664569885771698e+01
3.907182720545705479e+00
1.783615467695119605e+01
8.935751302071253122e+00
3.464480630841620723e+01
-4.363600040863013874e+01
-2.747860105683940901e+01
-6.488847046687340026e+00
-4.817818412623974211e+01
1.074904580142941768e+01
2.478349607529604270e+01
3.823196833918927950e+00
-1.247817708956557681e+01
1.304118371814453781e+01
7.773071717818299931e+01
1.739415319769295820e+01
8.882782403177202468e+00
-2.644243403549995719e+01
-3.370680510923006068e+01
-8.241741339481293949e+00
1.857362491988470765e+01
-3.367734073007113693e+00
1.335129449534372270e+01
1.961509567553520128e+01
-3.213571307226212070e+01
1.470051100186594795e+01
2.482695900327166783e+01
3.173170355789056885e+01
-3.713854051443206572e+00
2.630359825932771400e+00
-5.630020022458495532e+00
-2.716635808826873699e+01
-3.902280632262323934e+01
4.464869815478927251e+01
-4.361119106699348436e+00
-3.105471238162414238e+01
3.045028796692392348e+00
-1.456356676616814383e+01
5.096543576799820130e+01
-1.306670052260824377e+01
-2.012321565350487163e+01
1.952321345636420347e+01
-9.221285464801553644e+00
2.503182352406679456e+01
7.266600294900626977e-01
5.456834711226386503e+01
2.959029460210123830e+01
2.246458668021968919e+00
-2.090204567516363454e+01
1.543301106973743231e+01
-3.026615652827115355e+01
-4.885844796151516789e+00
3.441316929254904267e+01
-1.569262207316117497e+01
-2.519495155279025767e+01
-1.358327773840360919e+01
2.807783542510367170e+01
7.102472038623091066e+00
-4.653960528119827700e+01
1.868941024942787976e+01
5.244609246806220426e+00
5.190220038647737510e+00
-2.823771728177769091e+01
1.644831680698445098e+00
1.897268513082613595e+01
2.691046958410043999e+01
3.697075660501795369e+01
1.624039575472381358e+01
2.223316649671048140e+00
-3.034448080738349063e+01
-2.621783032496935562e+01
-3.876584862827476741e+01
-7.381208714642298219e+00
1.781087494449357678e+01
-1.397306046001752122e+00
2.879549630226807722e+01
-1.837224339279623564e+01
9.208879736421522466e+00
-9.777329462748113542e+00
-1.675680836508263383e+01
3.433226386619929826e+01
3.960754474870782360e+00
3.532148975706417104e+01
2.701130704877812150e+00
1.250778218855568724e+01
-1.003932678021311631e+01
3.410623588178492582e+01
-9.325888856240254654e+00
3.385817344031529785e-01
-4.385542974792019777e+01
-5.384695802060491587e+00
4.015918269627223935e+01
3.593397270340801697e+01
1.508975789254392197e+01
-9.299131886756612175e+00
3.090907767367511383e+00
-1.176519928061284759e+01
-7.781448114145092632e+00
5.191707244720304715e+01
2.793083512248017541e+00
-1.475081186555695467e+01
-6.092539385098962157e+01
-2.671626065974528075e+01
-2.158224253797318681e+01
-3.605993368580897140e+01
-3.267997991106088307e+01
-3.890760991812524594e+01
-2.580864769790346003e+01
-1.787025824610327618e+01
-2.778068073963420659e+01
2.637707929942638785e+01
-1.169888097381812031e+01
-4.975003319917249200e+01
2.263807435163437276e+01
-1.715749294203231656e+01
-4.567819389094429994e+01
5.466788997863727673e+01
-1.464025048861926592e+01
9.653097993276190891e+00
2.256422835956249173e+01
5.066195266385250306e+00
1.495450967377800566e+01
1.809520396414214360e+00
1.121268413411087295e-01
-8.349673723579414286e+00
-4.247488189860342800e+01
6.702903618647354733e+00
-7.019783389174040167e+01
3.995949655745232576e+01
-2.398534896492040502e+01
-9.937239058002603542e+00
-1.025416111059593050e+01
8.471463704393196181e+00
-9.633481677047399216e+00
1.524051604533288184e+01
-3.115827488282450020e+01
2.021772491897624491e+01
2.432997318677264431e+01
5.918382136987347053e+00
6.450815312826307490e+00
1.219294104046818461e+01
5.118181250259425497e+00
1.560133549053276170e+01
-4.498391865633379894e+00
-3.963712384245289400e+01
5.426581880127514523e+00
-1.404423901000484420e+01
-3.051618337954266735e+00
3.117602080008498433e+01
-4.537800733482650628e+01
8.045118046727566252e-01
1.172636764815393917e+00
5.160125778409650366e+00
1.770826950938500488e+01
-6.895809041452466204e+00
4.694277656910156793e+01
2.489049850834140898e+01
-8.682912636948671548e+00
-4.285986047103136798e+00
2.135312938455683707e+00
4.352584892803105276e+01
-2.991287196484842070e+01
-5.824513781675830160e+01
1.743313727419874226e+01
-6.885896596056042540e+00
-9.460030487528641174e+00
9.374648472681386124e+00
4.303645863064861032e+01
2.511025617731161219e+01
-9.088910226336906817e+00
-2.976947187325694699e+01
-4.837166038140729540e+00
1.600250379125621691e+01
-8.675376555045886562e+00
-4.226099621002413187e+01
-3.446808613454678039e+00
-5.407632369757745039e+01
-2.875894170257930682e+01
4.660122636683483677e+01
-2.957600524773332040e+01
-3.880390813265819361e+01
-2.929797830869985376e+01
-2.098239028628211145e+01
2.055836992668864127e+01
4.790082067041709735e+01
-3.750787342562233562e+00
1.471582776150569316e+01
-1.206718507026083387e+01
-3.952890451951876827e+01
2.676413409365021678e+01
-2.686770841776217367e+01
1.487635485787802736e+01
1.818314261561914691e+01
-6.060973374374782452e+00
2.154196385945317616e+01
2.346117658805264483e+01
6.469566147463987704e+01
-6.789401055012717734e+00
-2.949620279824510760e+01
-3.586891754725616011e+01
-9.756780715405007243e+00
-1.913174997778688180e+01
5.393586114343463578e+01
-2.503390464976564544e+01
6.565168105184408631e+00
2.786530068147328620e+00
-1.255499480085777009e+01
-4.846743715480886294e+01
-3.585736668269021266e+00
5.628169528756349393e+01
9.910202885753221835e+00
4.291955558640182744e+00
-3.297261060051893367e+01
-3.279276337310170675e+01
-8.031933840602206942e+00
2.624797966697246920e+01
-1.453671068467969008e+01
5.872116142522483528e+01
-2.764212736258008363e+01
1.073809980601141945e+01
-7.836164566880256643e+00
-3.701798645156665657e+01
2.486453087771280934e+00
-2.929382442272640219e+01
-4.219758402701722844e+01
6.335292931946355566e+00
1.083859648647987228e+00
2.985646357733929790e+01
1.350237496235481416e+01
-1.920183915543635678e+01
1.232461446692826712e+01
-4.998358670174705765e+01
-2.734080191887642286e+01
5.100512909437740916e+01
4.706164283659482805e+00
-6.045287490981081646e+00
-1.700468288742857226e+01
-2.496214684153812868e+00
-5.642985388090380638e+00
5.089906843961341565e+01
2.379451798151657727e+01
-6.749964215013733337e+00
-2.007587342316810464e+00
-2.247520198868241437e+01
-8.968461824282485395e+00
-3.598847100844378133e+01
2.824753303783768388e+01
4.001329791891976129e+00
5.884576108846374609e+00
1.022854125881070786e+01
-4.595903424177663510e+00
-1.175357733242564784e+01
3.075033418458400725e+00
-6.184225080551900078e+01
-8.852393115047590300e+00
-5.862360105311523739e+00
-4.414325947752459456e+00
2.754516376059861216e+01
3.715104485420609848e+01
9.876851219802063042e+00
-5.439651137789832802e+01
3.555782861256062688e+01
-1.225615571020151151e+01
-2.139897247804253766e+01
-4.983583935678396415e+01
-1.721015501149209115e+01
3.548455967613714535e+01
1.747545451453225951e+01
5.799019655060845935e+00
1.925496768169568895e+01
-3.332805444904002456e+01
-2.659167216925740718e+01
3.226132914507391547e+01
2.224318772083131535e+01
2.745052160484496540e+01
2.793050100300931149e+00
4.843949834275377953e+00
3.114689338679892217e+01
5.518477179509284269e+01
-1.193186118946074004e+01
2.202085555380585902e+01
-1.477655031168922051e+01
-2.505681170613757303e+01
-1.980260276500150951e+01
-1.989859353170885470e+01
-8.262840186247700558e+00
-2.715725591367419156e+01
-1.119727232153536534e+01
-7.753044528164461724e+01
1.937384569142380997e+01
1.267049476292584131e+01
-2.694281405435511090e+00
-2.218710521025832350e+01
-1.057351782342234969e+01
-3.135578632762027951e+01
5.621369717340115812e+00
4.602280132451664940e+01
-1.258564844626516788e+01
-9.647205594206042178e+00
1.196579764258677869e+01
-2.917323147850084197e+01
4.835564175669618692e+01
8.403155059082983769e+00
7.920985914456707633e+00
2.827336713175546379e+01
-1.434612718187821656e+00
3.196556532575891652e+01
1.079470815253398541e+01
-2.247249886055058710e+00
4.697455846776620092e+00
-3.634356345714138570e+00
3.781539776485749371e+01
4.906730990478308740e+00
1.037830977636861007e+01
-6.630650130689815569e+00
8.010331623161974335e+00
-5.264170373576112638e+01
-2.011148004118848576e+01
-2.781500676316773024e+01
2.708025618582007610e+01
-1.826804511942145837e+01
-3.423948907422493448e+01
3.301995354671458927e+01
-6.959739589336294330e+00
2.311888843487992062e+01
-5.139623483716161445e+01
1.060839193438698835e+01
2.955382743965515147e+00
3.470969706777566444e+00
-6.625961319476601830e+00
-4.141009066266008176e+00
2.893697935243870134e+01
1.050956374174120356e+00
-2.891772457476128011e+01
-1.069220901209105534e+01
1.254767508036147206e+01
-6.556428792866309152e+01
-5.015189539053386625e+01
7.401923890090245095e-01
7.993201556189063695e+00
-2.678408790482295387e+01
-1.088588891166210715e+00
5.990098402320705873e+01
1.597087702825871247e+01
-3.065476755259521724e+01
5.321709456250431458e+00
-5.277393610577689742e+00
7.124906124936387641e+00
-2.025356478140412264e+01
1.252296069283289626e+01
1.496301854930464970e+01
-3.945762219992332120e+00
6.348996736225402060e+01
-4.500382420460297794e+00
-1.798405204835876248e+01
1.357688797412504300e+01
2.441841725893669945e+01
-1.923882789420039785e+01
-1.030733905942383899e+00
5.568098310746812274e+01
-1.584665170334972117e+00
3.336787856066615632e+01
8.322075790576519694e+00
-3.983912657735743323e+00
-1.287786594326013301e+01
2.967482995584011007e+01
-3.178573490547687186e+01
-6.149356640396774765e-01
-1.034430192913390556e+01
-2.258315274256285932e+01
8.508706568207681897e+00
1.509459969153111203e+01
2.449491377757510691e+00
-2.452767381421381288e-01
-2.260496159260915761e+01
9.202702689612237918e+00
-1.870689339482183300e+00
-1.287850851493207216e+01
-1.145935647990251738e+01
9.410452473297880260e+00
-2.130744649934456447e+00
-2.149558477977640791e+01
-6.195488891936034292e+01
5.912186945452063469e+00
1.097373754975994586e+01
-2.754908353111451902e+01
-1.356457607061383897e+01
4.699759356665308019e+01
6.366572614120229900e+00
2.244340049632671708e+01
4.905130201200094575e+00
2.264155731627342050e+01
3.250191492044024244e+00
-2.214912790982727131e+01
-6.164327769286089165e+00
3.088996332731710481e+00
1.788353795338983332e+01
4.288773729529657430e+01
2.795933963240020148e+01
1.718703800530249737e+00
9.677326621617908131e+00
3.444054303632719893e+01
1.501916067583773184e+01
-3.942951998268935654e+01
-1.567580613926060096e+01
6.378429634902573753e+00
4.846936798814112990e+00
1.401605913368360490e+01
-2.945520625674620874e+01
3.989534508787187406e+00
2.457838289186800296e+01
2.719472823013597207e+01
-2.443397166135551402e+01
1.563328941654162918e-02
-1.272016389739889064e+00
-9.700095132116530294e+00
-1.614118545639782809e+01
-8.789432586454097418e+00
-4.986268903702317346e+00
5.741486522557238459e+00
2.405180164994479952e+01
-1.755541703591180180e+01
4.601955765382416530e+01
1.865893193372465930e+01
1.526378754511762281e+01
2.015292985814936344e+01
1.542160961326973734e+01
2.065245260525190929e+01
3.112789307872617428e+01
-2.591371339471036350e+01
3.541551916684365153e+01
-6.489127859836455059e+01
1.801891663643759145e+01
-6.080447744763372953e+01
4.744369856745743164e+01
4.289440493299512980e+01
-5.336068629810654329e+00
-2.739858632130315641e+01
-2.413758917873619225e+01
-3.129749647057573725e+01
-3.604543070008242012e+01
3.217582256088863346e+01
2.393985941710909060e+01
1.360102415771466156e+01
1.611379617310262802e+01
2.538500983723145055e+01
-2.228572686625665256e+01
-1.006463133840688329e+01
3.137878651969519694e+01
-7.435445546959002172e+00
3.035505813219624827e+01
4.237459584294960280e+01
-3.274175010648113116e+00
-4.165639273505740903e+01
2.848109354511507263e+00
-1.442159088689107804e+00
-5.811385478546696959e+00
5.556631775741038837e-02
-3.709225080871084401e+01
-7.159425534396191892e+00
5.057238268726896635e+00
7.556598188058842425e+00
2.779219622203669360e+01
-2.427881432383517790e+01
3.171040801714599411e+01
-2.270057599349713939e+01
1.460211683430284779e+01
2.299064048899653301e+01
