---------------------
  #    meV     cm^-1
---------------------
  0    4.5      36.7
  1   11.9      95.6
  2   12.9     103.9
  3   17.6     141.8
  4   20.8     167.4
  5   24.1     194.5
  6   28.9     233.2
  7   35.8     289.0
  8   43.5     350.8
  9   45.5     367.1
 10   62.3     502.2
 11   75.7     610.2
 12   77.8     627.9
 13  110.0     887.5
 14  131.4    1059.8
 15  158.2    1275.7
 16  168.4    1358.3
 17  195.2    1574.5
 18  202.9    1636.5
 19  372.5    3004.1
 20  427.4    3447.6
 21  441.1    3557.8
 22  456.3    3680.6
 23  472.1    3807.7
---------------------
Zero-point energy: 1.798 eV
