-3.481611506596752292e+01
-2.027845587679308892e+00
-7.171748804266876220e+00
2.416871688027035248e+01
-1.196104948725501060e+01
-9.255002973094917706e+00
-2.413881573842019179e+01
-5.050987699046230262e+01
-2.154481755394970577e+01
-2.271318457810485825e+01
-2.109321549153216324e+01
4.250159746466191990e+00
1.999853248048992782e+00
-1.053029867496746874e+00
1.731157008634880867e+00
2.661866599025648839e+01
-1.025877792492480012e+01
-7.249538263421570150e+00
1.181826888280130561e+01
-6.216952896955099561e+01
3.117653834439356331e+01
-1.339302804996958685e+01
-2.419631546056699278e+00
-5.614608800867870286e+00
-9.888407791660824842e-01
-2.136781998867377297e+00
4.821992442881298757e+01
-1.508834679448587224e+01
-4.020566483508730471e+00
-3.051091951721342355e+01
3.943894999285964786e+01
-4.366085150715605323e+00
-2.146521884799585678e+01
1.126311537207797642e+01
-2.060465876584430589e+00
1.308755599234791589e+01
-5.516573663381336701e-01
2.730727504764629998e+00
1.902954507796614791e+01
-5.487399147619038331e+01
3.057579601799025681e+01
8.154013559992392857e+00
-6.272695708667185954e+00
-1.753836370760370755e+01
6.932556247700745189e+00
-1.097240144980500531e+01
2.501512400106400946e+01
1.997044141778764015e+01
-1.288259267379362427e+01
-1.644940018751333355e+01
-1.740221016355224037e+01
-2.087638280962947235e+01
1.060352953691426592e+01
-2.719680073368454032e+01
8.321567889155971898e+00
3.473659599236745521e+01
4.006269585617006612e+01
1.865742276940437705e+01
8.327098457376393981e+00
1.740532418076355725e+01
5.111907054162338682e+01
8.653606015104855942e+00
-2.997451336235664598e+01
-6.057242246505552430e+00
-1.414744369556930792e+01
3.341869599051014461e+01
-3.954670963115810878e+01
-3.450389238963066418e+01
-1.756814569890343591e+01
-9.808088808365653222e+00
-2.249301213722085890e+01
1.577098271763746595e+01
5.236283068955003728e+00
7.852916897512642436e+00
-2.176765803504790142e+01
-1.905059282827375000e+01
-3.286494633956550615e+01
1.812699127866915205e+01
-1.884696049029649600e+01
1.701859201195304649e+01
-5.427953328245362030e+00
-1.497329589799184646e+01
-2.880484493370312293e+01
-8.570269142221377479e+00
-6.154944259981050436e+00
-6.897566324122848869e+00
2.246171279150912881e+01
4.209130321322278689e+01
-2.472199120938920558e+01
-4.314469326838276686e+01
-1.082575871054119432e+01
5.974975698043883199e+01
-3.260921988316841436e+01
1.802194871485738759e+01
-6.537334408315928158e+00
-3.352357860512637444e+01
1.384616697449901324e+01
1.963004161079436471e+01
-9.733690735103095903e+00
1.845696954404121470e+01
-1.351957636367353643e+01
-3.140995185537369139e+01
5.278635522923354984e+01
2.517680464948142571e+01
1.424000674552453916e+01
7.909483629765531987e+00
1.502539132763811836e+01
4.541828520950323878e+01
-1.481191216408549849e+01
3.360310982523927237e+00
-7.609127898692463532e+01
8.837349630488574803e+00
-3.728572782336090086e+01
7.806546300265864602e+00
1.226349528313645010e+01
-2.007237695734346516e+01
-2.849503053732328794e+01
1.249084841685146330e+00
-1.696611821742422421e+01
2.148282281181315057e+01
-2.794348822909893926e+01
-3.108270825914019042e+00
-2.023847479281043604e+01
-1.958498045701787760e+00
1.105317566852420441e+00
1.252896626335459018e+01
4.562816438825620935e-01
-2.891785809798250284e+00
3.580134700328736130e+01
5.071130606685004238e+01
2.739845347021995536e+01
3.959022885898875188e+01
-6.498043381155895304e+00
5.609334105000129966e+00
2.957027183873060494e+01
-5.241199317434421800e-01
-4.234294344633627816e+01
-2.269932631324228822e+01
-2.823808251822447346e+01
-1.543194747122682742e+01
1.597299704014815802e+01
-6.620159280444875094e+01
-9.343902991893003218e+00
2.469966951934202370e+01
-2.088299866339377786e+01
-1.743136010700465022e+01
3.322416895217020283e+01
2.480833737206449996e+01
-1.845250021672160301e+01
1.549810164827070480e+01
-1.416554543704003777e+01
1.904308668155183781e+01
1.861456101242254135e+00
7.381766282067843576e+00
-4.754895982938671750e+01
-2.637012782271213140e+01
-4.813060735253031908e+00
-9.190664600401081685e-01
-2.274616807912696004e+01
6.065744598251467323e+01
-9.731304043881777943e+00
-1.800441936742872429e+01
1.985986241221371529e+01
-2.562009054026441390e+01
-2.041987046305189324e+01
1.822761049310224735e+01
7.147880269247089302e+00
8.536035549651387555e+00
8.775123374476180516e+00
-6.178019700028244188e+00
8.893041280174799113e+00
3.250502260397877308e+01
-1.476948798387701345e+01
1.070345584889358292e+01
5.073881546828644673e+01
1.825546990987453455e+01
-4.199756386459625901e+00
-1.143090907940450762e+01
8.682101866182210870e+01
-1.191512516612039008e+01
2.091857601614580631e+01
1.443773262345919761e+01
1.643476406751986474e+01
4.932846587517775561e+01
2.675049136660561544e+01
-1.500743676201278021e+00
1.352844682908056484e+01
2.741460353114774762e+01
2.007914813958430500e+01
-3.244617434755468821e+01
5.257397447295761594e+01
-4.678416771213143477e+01
-6.880185621534295137e+00
3.071641291283403064e+01
8.344789018775113476e+00
4.213974166229377261e+00
1.579336666961161484e+01
1.249908118079565611e+01
1.918637937578307628e+01
-3.491145257156932757e+01
2.230568201924199911e+00
-1.482811758975066141e+01
-3.739754567765423587e+00
-2.491878154471237394e+00
-5.998802345808398329e+00
-3.207196700471484974e+00
4.669824055932360807e+01
-4.713956749109144084e+00
-1.449519344650538244e+01
-1.430078362550535331e+00
7.259922806474321533e+00
-3.325205490476741943e+01
-2.852149882314128604e+01
-2.022065906676593272e+01
-3.449668932161057455e+01
-8.943959287990814744e+00
-2.328934514549960255e+01
1.014933040555081334e+01
7.085581668023337443e-01
-6.961500730754380584e+00
-4.602904503511581424e+00
3.204802208167762956e+00
-8.185637130867718270e+00
3.796148600162321429e+01
-4.820273289220216384e+01
-8.449173832121374517e+00
-7.534414509123124049e+00
8.882271485881858553e+00
1.258163835692646160e+01
-2.621510814089197083e+01
-8.495156367060786806e+00
2.393390051270226593e+01
-1.120594567966722366e+01
8.867525365696280915e+00
1.898883704583916199e+01
-1.637961350521464965e+00
6.213252077711092625e+01
-7.805736835490336034e+00
-1.764133023827656643e+01
1.777822330658580086e+00
-1.369113332258180549e+01
3.041190377364993935e+01
-2.359435546275716433e+01
6.775659652750789519e+00
3.158769958293208902e+01
-7.031247871869908295e+00
6.586105713608094447e+01
7.127383809057789676e+01
-3.695776358069383605e+01
3.282996123292198831e+01
1.210325723646394636e+01
-3.098493340749217850e+01
9.253421413852748856e+00
2.337880099856936056e+01
2.389569433173340940e+01
1.282393918407677802e+00
9.460151132009002595e+00
4.139882981782773186e+01
-1.307913800705541973e+01
7.943808221458247942e+00
3.991566885472616377e+01
-2.056349310678133691e+01
-1.107173461415500526e+01
3.114070443712283520e+01
1.597619540087519141e+01
4.210999586663427863e+01
1.675796507809226910e+01
6.036180398232204425e+00
1.481977539837215829e+01
2.250920296273925203e+01
-2.978595665394047387e+01
3.799492480163763730e+00
1.375028360256298221e+01
6.469134210347704084e+00
1.316281408769175698e+01
-3.403732150723291028e+01
1.781097617766107533e+01
-2.376762322981664965e+01
-1.852234390969895372e+01
1.187792780077696619e+01
-6.481970411823667177e+00
3.219106306191727640e+01
-9.302590689781936817e+00
1.672343635890987912e+01
1.802161330014109808e+01
4.320960515211448438e+01
3.031478532892512590e+01
2.709994640476701022e+01
-1.839639658621251783e+00
-4.666079024301950540e+00
-1.775573786986205960e+01
4.439124351642118427e+01
4.416205451743670096e+01
2.170050767045321294e+01
-1.397167185632491737e+01
2.766519173066973281e+01
-2.855816832953706808e+00
9.910092265679878665e+00
3.671734942027862303e+01
-6.572530756869809920e-01
-4.407484958481177273e+00
-1.122966832409753124e+01
-3.250968842983658647e+01
5.311595225334207271e+01
2.811360542664783679e+01
-3.321023121868741157e+01
-9.150488511241860579e+00
1.461427756308722437e+01
-5.530085125683868341e+00
3.526654876998328803e+01
6.993795638690016858e+00
4.445060371868891025e+01
1.927723554984535070e+01
-1.264785866643836698e+01
1.115396265129218989e+01
-3.475722004791151676e+00
-1.527610316220625464e+01
8.750211490521252244e+00
8.367573850322628459e+00
5.221962441614897443e+01
4.387284074041170356e+01
3.086252729196472444e+01
3.712801906561128362e+01
4.828707542779838491e+00
-1.444458458488531960e+01
7.978822705314655650e+00
-1.858304737296045062e+01
-2.985485100353155019e+01
-3.096805830692778727e+01
-1.735965150138869717e+01
-6.055307398803728347e+01
-1.943586823354075932e+01
-4.823581518572602533e+01
1.307111455435117975e+01
-2.578259537671331003e+01
2.592217333246452426e+01
-5.511554491605294714e+01
-1.662491573897965225e+01
2.387124147263969576e+01
1.167787770966276639e+01
-4.947068249150827768e+01
3.153307933731161938e+01
-1.440407675309629099e+01
2.995948302341633962e+01
-1.290355637595897065e+01
-4.365128964800703670e+01
7.966953056104301822e+00
-3.623941774608010746e+01
-4.151896460572174874e+00
-1.664934427719029664e+00
2.275244466622643813e+01
7.023166156811487326e+01
-2.404710222613883275e+01
-1.948557728575966053e+01
-2.341081297875490463e+00
-6.332861641674554676e+00
-4.500027277803226156e+01
-3.104176523952799016e+01
2.666247874032443121e+01
-1.183791419727586458e+01
1.129915332013118245e+01
-2.734667623759727917e+01
-9.147605538665914082e+00
-2.311057750021558377e+01
2.875343012268525911e+01
5.315837388716715850e+00
-1.244346580294438809e+01
-9.466907462571072074e+00
6.610878069055580397e+00
-4.525263503132549658e+00
2.398522935185280858e+01
-1.435245290654421524e+01
5.546831455914741582e+00
1.977191504718805959e+01
7.644463918247140555e+00
-1.184186341151044530e+01
8.571217937960830113e+01
3.276003472441021813e+01
2.377217487493908266e+00
5.708377696733407447e+00
-3.488330889430650927e+01
1.874090922105392565e+01
-4.259781239049453916e+01
-1.621483868985814070e+01
-3.068268706171770077e+01
-1.104338082606119542e+01
3.168252174343859906e+01
-3.159117450830947860e+01
1.333261494651478074e+01
-2.149958564754285817e+00
1.163032468575437406e+00
-1.998364037723794695e+01
-2.473904627011208390e+01
-3.142280306343707252e+00
-1.991936040332772961e+01
-1.102818651808266281e+01
-2.302895216346993834e+01
-5.167777015227851933e+00
-1.935116353435245173e+01
-2.797556926092622120e+01
1.161777265834518147e+01
-7.993320634732754115e+00
1.365090026828843861e+01
4.734170826843385527e+00
-4.244889990248060485e+01
-2.925869374335469075e+01
-2.545982817558814304e+01
1.804312803250013530e+01
-1.374837558845470653e+00
-3.454054441507429374e+01
3.285047341007748400e+01
-2.183082640910627248e+01
3.186268177415843894e+01
-1.763397408454607884e+01
-2.691661761794668450e+01
1.321305012036111748e+01
-3.787970757917434383e+01
-1.918767886150061486e+01
3.454558855882240209e+01
1.053034243514787249e+01
-2.448207720847710789e+01
3.024264052609688491e+01
-1.010350188365350732e+01
-2.118546612199094170e+01
-1.694141156562380957e+01
-2.794521845841001095e+01
1.545801743482569890e+01
-5.015936202418896528e+01
-4.416689800040273894e+01
-5.665595165042077497e+00
-1.680619801258711732e+01
-3.296276557729932932e+01
4.099375813398751234e+01
7.484852709028929496e+01
-1.533541208556097502e+01
-2.025087178197452431e+00
-3.378843368359872557e+01
3.659618013301991368e+01
1.135255903062179073e+01
-1.332652750416923482e+01
-2.034140399233531582e+01
8.229300329527447389e+00
-3.237121215173796429e+01
-9.851574142896481590e+00
-4.849009145904662432e+01
2.030721209958210238e+01
6.157967177300889716e+00
-9.699292873033869000e-01
-5.796532995461518567e+00
-2.230487273670166815e+01
-6.135211266311671352e+00
7.319378211943278245e+01
-1.025330173112968168e+01
-2.681015902500348602e+01
-3.899876858169704974e+01
7.780573399034182103e+00
-2.093669913978706276e+01
6.057539754646263930e+00
1.691327768502833351e+01
4.278786554209901283e+00
1.745920747271215134e+01
8.429251035512621115e+00
3.271141655282417560e+01
1.471170958471211065e+01
-1.954330929905150072e+01
2.677924024123635149e+01
1.949007455205037331e+01
6.897696934194016194e+00
2.366373672644695603e+01
-1.585587611331361302e+01
4.117151162567893152e+01
1.315092411333323952e+01
-1.769708394779309657e+01
-3.275055898927877962e+00
-1.008334713056837018e+01
1.142943167579758779e+01
-1.301077043948871648e+01
-4.407703870468125729e+00
-7.124998945921902305e+00
4.522684744272066837e+01
3.082873060341367477e+01
-3.623225140004887379e+01
-4.520931995079038757e+00
-2.946716999044264185e+01
-8.113853804551865778e+00
-1.317170239709763280e+01
4.777362413770390503e+00
-5.609586620918829425e-01
-1.603359388448834011e+01
9.475880783197879964e+00
-4.592862100244666124e+00
-5.216897454918971277e+00
4.812529391671148460e+01
8.065278878375508498e+00
-4.611112548975456349e+01
-2.218335158968358201e+01
5.351374204013575309e+01
1.520920731456180874e+01
-5.319546610839552159e+00
5.962948915108150061e+01
-8.999363895985311501e+00
-5.117433543774041027e+00
-4.522080151511431723e+00
8.617593323933334659e+00
1.741224547949608592e+01
2.448912092272877317e+00
1.617397784755303292e+01
-7.160306336394739901e+00
-1.963501655015717517e+01
-2.326424783780506544e+01
-2.674972514168291582e+01
2.301971414763926305e+01
7.234126729811457324e+00
2.128086302616293679e+01
7.776514068345875330e+00
4.982712178508160150e+01
1.041907308211428784e+01
-4.503676992599770301e+01
-1.913825275694073724e+01
3.420108799532691535e+00
-1.625043032054139758e+01
3.526058439179627158e+01
-7.722706464054908793e+00
9.373658843131153162e+00
2.942710591177819879e+01
-4.167565506369714967e+01
8.348056041960771267e+01
1.157866826776945857e+01
1.333164666440450219e+01
2.018412284679435231e+01
4.132999414243158753e+00
-2.518111340718576230e-01
1.955241389961489062e+01
-2.066526781360371956e+01
4.632494671437558509e+01
4.096309235374623370e+01
-2.324857164959533407e+01
8.938883972955466106e+00
3.903560837423069074e+01
-1.148521909839422506e+01
9.767164951829613528e+00
2.103879084277519240e+01
2.263298203341065573e+01
-4.259860641478243792e+01
-5.741550869548404989e+00
-1.709257085685993616e+01
-1.693995129010744449e+00
-4.414086318497545847e+00
9.655858794254186250e-01
-6.975377097728426179e+00
-1.770730754560531750e+01
7.356262000647745936e+00
3.847903893098759909e+00
2.959709992896301145e+01
-2.442629954531629721e+01
2.433463216212624047e+01
2.635419101029347644e+01
-6.945687768197359446e+00
4.544889693447373702e+01
-3.799343203300483651e+01
-5.753724773508112378e+01
-4.832483197574180878e+00
-4.419030210132916636e+00
-6.670759069663745322e-01
4.461934072535842688e+01
-2.718950072730713430e+00
2.389380759691132994e+01
2.995096611721029944e+01
2.086601574107407941e+01
-6.429787285093084392e+00
3.326295079469878146e+01
-8.875934444534607337e+00
-1.975540274463713786e+01
-2.282105075114057513e+01
6.018049264366375439e+00
1.969613171293426035e+01
-7.607401786496694740e-01
1.942239973715288670e+01
2.804780601342429236e-01
3.381269376046108732e+01
9.645971647478347677e+00
5.047461017131055883e+00
-2.115804761990034422e+00
1.795454218588105277e+01
2.095365608237403876e+01
9.599323777341112418e+00
-9.940610226887827139e-01
-3.066478475087911448e+01
1.623205379808688065e+01
1.060472647318056261e+01
1.979197478116434894e+01
1.569575504392466314e+01
2.016782666603923957e+01
-4.829297684724252804e+00
1.735738061368365948e+01
-1.499969200231805644e+01
-3.784501776416959729e-01
-3.021228125740185533e+01
-1.714393843395271233e+01
2.240904748710580208e+01
-5.021748901452356506e+01
1.478320106027655356e+01
8.838741796413728480e+00
4.629242260051253766e+01
-1.055799253070846078e+01
1.857165356071748619e+01
-5.582666602477274864e+00
-2.700237672884507489e+01
-3.788451141715279391e+01
-6.520933604704637787e+00
-4.925897703630411684e+01
6.561800545890150715e+00
-1.106782571311850738e+01
1.720021683124559075e+01
1.315221885701993187e+01
-1.589694494328003316e+01
-1.627311768178964257e+01
2.281402394444529591e+01
-3.426654571696543883e+01
-6.805024710185250569e+00
-1.053817017747734042e+01
1.521863686431870732e+01
5.076476845893864720e-01
1.518639860742382552e+00
-1.051064668708304595e+01
3.053858632880690038e+01
-3.088543394968638722e+01
3.778638771558405551e+00
3.353240565694366637e+01
-2.047453845078005941e+01
1.722610141765514413e+00
-1.713184815348540724e-01
-3.625363491750272260e+01
-2.229633489735849139e+01
-2.770118322238667830e+00
1.573233145476851291e+01
1.840581519945783384e+01
3.405947699847018839e+00
-5.378242008277595687e+00
9.911644044502338602e+00
-2.368748424443302270e+01
-1.083972676438179406e+00
-2.889184365697011003e+01
-1.557166713658932622e+01
2.706905200057551042e+01
-1.589830201552595668e+01
3.778632514220845451e+01
-1.337980615552825725e+01
1.823048376338843468e+01
1.406958697203923236e+01
-3.530899227796926709e+01
-1.398909598520155839e+01
4.893752441613969495e+00
-2.327638662668258007e+01
-2.097670827051575770e+01
-4.867658041244567357e+01
-3.009864344810449666e+01
-2.843068253226240927e+01
-2.445803782413008776e+01
4.513449449337514352e-01
1.014419451536110728e+01
3.802405718421056235e+00
1.356193338297618212e+01
-3.161934606046693830e+01
8.480246764090622946e+00
1.502201684142906402e+01
-3.749679432543106117e+01
-3.463604644773241148e+01
-2.351990406641436948e+01
-1.512501743559180767e+01
9.040586681508273159e+00
-7.250065506141254446e-01
-2.343655360857979275e+01
1.668171194056262152e+01
-1.328897864549959706e+01
2.796676315599694362e+01
-4.954581964319424969e+01
3.523302966824820714e+01
-5.032341361868589047e+00
-2.230193397420268298e+01
-1.394135133188676434e+01
1.046517098283672453e+00
2.488587097185389752e+01
-4.101976296810306621e+01
-6.588354921960103638e+00
-1.126270098459033875e+01
2.490168915422088958e+01
4.651753611569370861e+01
-5.530997266713814042e+01
5.174240305620895697e+01
2.313012102617015842e+01
-4.153038537003352815e+01
-1.777578253136731234e+01
4.407511703729110764e+01
3.307644833423290720e+01
-1.156148873780682607e+01
-3.252498399740886725e+00
7.954282132987643195e+00
4.150913849687493951e+01
-3.156103611728199354e+01
7.055846764094980017e+00
-4.641351468541756731e+00
1.518946154286544470e+01
-4.037918274373996042e+01
-1.850530111605927175e+00
-1.691476973506084391e+01
2.656237640997635197e+01
2.342034669853384798e+01
-4.857975612702784929e+01
-2.657171115261711236e+01
-1.201681101147244135e+01
-2.367299635648689105e+01
-6.482549139453439579e+00
-1.129938728086644062e+01
2.501951090235439779e+01
2.336212124599651929e+01
-1.178309928757983016e+00
-2.553979943972153421e+01
-4.733521740076008655e+01
2.646457654772723345e+01
-2.732021191128927740e+01
-2.022270181254404520e+01
3.302391328304643991e+00
-1.998003354656579944e+01
-2.174834732176748275e+01
-1.591205989834097778e+01
-2.660722018202636718e+01
-1.441896429910570276e+01
-2.887527437811357345e+01
3.110253227755691086e+01
3.413429807159218399e+01
-3.677459655194013521e+00
-1.219852318463114216e+01
-2.463865276418459871e-01
2.526180657707863020e+01
-4.778400699551058040e+01
-1.102721787818839516e+01
2.739115385736022290e+01
3.943561481379308020e+01
-9.335226533778921976e+00
5.475955800679514596e+00
3.050686519561173782e+01
9.228782365217682582e+00
-5.770836144915563182e-01
-2.473203995818221301e+01
1.123151564174372652e+01
-1.927484367740234461e+01
-5.819603881586630223e+00
-1.081684086971372949e+01
-9.152673416343475310e+00
1.262866026184627799e+01
4.399726290533510564e+01
-1.324228899656432645e+00
1.915877757832006978e+00
-5.062740905251666845e+01
-1.050277453637659164e+01
-2.000660258787240764e+01
-1.071601335661966914e-01
-2.613829456642008608e+01
4.744943901362182714e+01
4.514449810863806078e+01
7.802579523765999170e+00
-1.097875605562660439e+01
9.263226708751645333e+00
1.147701069561701104e+01
-2.654855372606272113e+01
-4.703574789687650082e+00
1.052739519145831082e+01
7.405106410567938724e+00
3.065066610313655815e+01
2.248676656809288943e+01
-1.175897404308676641e+01
1.446827065671064361e+01
-5.514970047042722001e+01
-6.645191437566566606e-01
4.853946742033809869e+01
6.639637438043507700e+00
-1.152689215389841593e+00
1.699479435175467756e+01
-1.595845489513483884e+01
5.002419728853014647e+01
-9.247105681950074541e+00
4.477601367662791176e+01
2.180954455320953400e+01
-2.253572614361883097e+01
1.801140090105010927e+01
-1.704670587163059281e+01
-4.024032838513585375e+01
-3.585917467135772085e+00
-3.099727726927210369e+01
-2.926565101940423119e+01
-2.759715002556035301e+00
2.009693585599268317e+01
-5.416342873629290011e+00
-1.744241303621413408e+01
4.993582356566349745e+00
-3.856280134698857864e+01
-3.920155231048262578e+00
-4.622896377980521265e+01
2.717228113387926669e+01
-6.498791432056378881e-01
-2.779735606438883622e+01
-9.220487001173395925e+00
1.031794340260358922e+01
-1.969845577815350168e+01
-2.542659885962339672e+01
5.253199607344227218e+01
-1.348006140560900690e+01
-2.244244687079867617e+01
1.522907545176411048e+01
-9.839380121575388216e+00
3.048459935790478781e+01
-2.532066100074075621e+00
3.903661982460562285e+00
6.025595408420838339e+01
-6.939774056559969040e+00
-2.042499782265292652e+01
-2.394875846507773076e+01
-2.838199146646638837e+01
-1.908311216271169997e+01
1.509482331219589923e+01
1.512844585219846749e+01
1.241359606386776449e+01
4.100850807405811338e+01
1.858769851354139746e+00
1.165305693303118062e+01
-3.545923938690594923e+01
1.491152192566232770e+00
-1.038136580899239902e+01
-1.489399663495544246e+01
-1.909911436841298382e+00
1.878795965410233748e+01
2.132383189263828172e+01
-3.734074211212767835e-01
6.828598355851340784e+00
1.539028755801742676e+01
1.948124115961363145e+01
-1.367661261918736670e+01
-7.066134228668886408e+00
3.841467441888113399e-01
-1.289522969190534241e+01
-2.814323625040941579e+00
-2.000472779878577967e+01
4.431911907731188194e+01
3.592246795702817508e+01
-9.122542842433745136e+00
8.930648255625726506e+00
-2.586868277815781880e+00
-1.672705680550804175e+01
1.990495547804507481e+01
-5.340378341979885590e+00
2.233079261399444704e+01
-2.925936636883725228e+01
1.005607072818278880e+01
-5.568536214257676420e+00
-3.012305012775880186e+01
-1.367797770676679647e+01
1.495460170932689437e+01
-5.101032149262542248e+01
2.402854899366110430e+01
2.605778474234716668e+01
-5.576430003410767000e+00
-3.359107055398453667e+00
-1.794957351192891792e+00
1.395289930277027679e+01
-1.829447835309508719e+01
2.018896649249266062e+01
1.702597727363152558e+01
-5.499535659449736613e+01
-1.980129539935552430e+01
1.329244632036919072e+01
-4.737398422339509807e+00
2.425746524126503800e+01
-3.561854571222801269e+01
-3.023197656345928408e+00
-2.342396264649470439e+01
-7.191678482702225494e+01
4.301399525376518795e+01
-3.261447406638711755e+01
-3.421855349640912181e+01
4.990375160091367945e+00
7.249976237855835848e+01
6.560789342326529550e-01
-1.570057472574541180e+01
-1.750341373311812276e+00
-3.063037908227414619e+00
-4.791480433500555591e+01
-3.424025026728097032e+01
4.582105318998475241e+01
-5.732560057385057917e+00
-2.109634322875788826e+01
2.761424026815598154e+01
-2.006286168593419461e+01
2.062389539876556910e+01
2.980485003420507439e+01
-3.193784479895661832e+01
-1.567260467519002987e+01
-1.942176654364666888e+01
-1.003010207438398993e+01
-9.842885004533471260e+00
-5.813282721663028951e+00
8.011566212614297910e+00
-1.909479394962877308e+01
1.587351530715289982e+01
3.240191075205771654e+01
-5.049910742456312107e+00
-1.139597880052446044e+01
8.164602627835961357e+00
3.133202681093388264e+01
2.917098560801350970e+01
5.469676809641157433e+00
-3.093862093800794355e+00
-4.858630609636094277e+00
-2.838596888670635110e+01
2.151148719318184988e+01
-1.247567425580628253e+01
1.111198995577592541e+01
-7.847958116929078187e+00
1.511870988269561167e+01
1.022028695536754839e+01
-4.501092722716438743e+01
-1.491760400267179421e+01
-4.395642889493188932e+01
-1.993725866253930690e+01
2.946397286035846719e+00
-9.618563151169809089e+00
1.827029059357882090e+01
-1.679368765065956381e+01
2.072894976448743876e+00
5.997876849138776834e+00
3.957595066528278949e+01
2.005326999741670591e+01
-1.688664140613192544e+01
-6.909879286402969001e-01
6.778359926966999183e+00
2.145287048083662640e+01
1.856040882709066864e-01
3.053099697504092092e+01
1.256335523416616340e+01
5.064317201871938323e+01
1.071962399099007257e+00
3.662937918465944165e+01
-1.511513751246039305e+01
-2.107703457123426460e+01
2.471449847950708545e+00
5.196897668025712846e+00
1.498538449736849998e+01
-7.906928668301759444e+00
-7.648958623670701229e+00
1.451016379578319615e+01
-2.708166658215046141e+01
-3.082228492384746232e+01
4.429111525925230808e+01
-3.348324177088329634e+00
-2.185057668394500752e+01
-2.250109517775854329e+00
-7.543681420822906603e+00
2.375930042786187357e+01
1.850463929215948156e+01
-1.129873414260237041e+01
4.766655338975454015e-01
-1.477504460596250624e+01
-1.971955449003348804e+01
-1.493243802802629716e+01
-5.402592535517142380e+01
3.380752398280151283e-02
-3.597986570180728449e+01
-3.113059020496387319e+01
-2.083956981064915226e+01
1.071264061550493807e+01
-2.039116553137296250e+01
1.290315348492675440e+01
-3.422844635856327500e+01
5.812945382038208209e-01
-2.313917838136691429e+01
4.802530321456259799e+00
6.281892979175665914e+00
1.864174594243218053e+01
-1.174055341226215887e+01
-8.899211533523725848e+00
1.651411014730405924e+01
3.311532242719997043e+01
1.834683473586343894e+01
4.664643742349085187e+00
-4.009512304156010032e+01
-9.512773040359547849e+00
-1.767701262991243993e+01
-3.376521094769327647e+01
2.261595144165073634e+01
-2.028810951513781902e+01
-1.838263369831736327e+00
-1.566357421084413204e+01
-5.572792855930768496e+01
2.888464057033382915e+01
-9.829966738563939543e+00
2.265453584680619770e+01
-3.989581922209291065e+01
3.766987640101010015e+01
2.050376117293609468e+00
-1.607878549327252671e+01
4.828222647315271843e+00
-1.165671146822231208e+01
-3.662935096562131321e+01
8.072836936486211812e+00
1.990870915413022146e+01
9.810021397856871772e-01
-2.023694793776468259e+01
-9.142008964006038241e+00
9.791389257120897582e+00
1.784478033556888477e+01
3.521435614688094518e+01
1.324821517434247653e+01
-1.297811686180119750e+01
5.333441196674098705e+01
1.340325641182291605e+01
2.372311290007027651e+01
-1.022147371003313765e+01
1.561717039987129851e+01
1.095096308610969515e+01
-3.465283219714618212e+01
-1.153066976271009025e+01
-2.285372269198778383e+01
-2.062548407071412271e+01
-6.751636216672238788e+00
-7.750870878807631925e+00
-2.357449762787558711e+01
-6.192185414740119143e+01
-1.613523585805142702e+01
6.979944247528578671e+00
5.073907639364165334e+00
7.759725146618933422e+00
2.593085353543534666e+01
7.828666218159071377e+00
1.815612483605104899e+01
-2.324401966420919052e+01
2.555919769663518082e+01
-2.539356278886546647e+01
-4.021762283477920619e+01
1.224741066787396448e+01
-2.412514254343858511e+01
-2.193627396617266356e+01
-8.860540968263751438e+01
-6.466768357714990145e+00
4.558578666446101124e+01
2.369856252759751669e+01
-5.744200946378384742e+00
-7.696186444254891512e+00
2.110200580414056049e+01
3.716190656476607046e+01
-2.326446195453848986e+01
-6.000437018042134696e+00
-1.901494794805415722e+01
-1.964393294179660643e+01
-1.716894810503676894e+01
7.065641502100650229e+00
3.955077719315625018e+01
-3.642651045814523059e+01
-3.133118987329376637e+01
1.834135250824516561e+00
-5.950808249340326483e+00
-7.438828244920742350e+00
-5.042267763889964272e+01
3.515076943985407354e+01
1.341725633720710675e+01
5.251165836025727174e+00
2.705909555630999819e+01
-1.833294479888212081e+01
1.729465775458785970e+01
1.553031811556829211e+01
2.011551864261946321e+00
-3.390896230975055659e+00
4.938124122657892912e+00
-8.819943482181017202e+00
2.835661020983314984e+01
-2.239534043056704604e+01
2.407941571048897345e+01
5.374075084444541517e+00
8.063509929847441526e+00
1.273744055445263257e+01
-4.860907862790067213e+01
4.724260991292254630e+00
-3.743918208638203282e+01
-2.737579758988061229e+01
-2.737488624614883292e+01
-2.790438193294247071e+01
3.047181867631820751e-01
9.366909672825727284e+00
2.784575174406921860e+01
4.835943658890069941e+00
8.033402001780984847e+00
-3.925455280896375143e+01
-1.425393586160220849e+01
1.901388331283314415e+01
-1.127712916832784629e+00
-2.672930513651294859e-02
-4.941799297732472951e+00
1.959057914973725190e+01
-5.102045052243445866e+01
6.294423525170806499e+00
1.134188463889756804e+01
2.416505029147986505e+01
2.065960765670775601e+01
-3.163190789847253370e+01
6.280658769772031746e+00
3.258828041751698379e+00
2.622082766308636792e+00
3.322729991535226191e+00
-1.052791110397868124e+01
-1.970682859760344741e+01
1.056268217421049371e+01
3.362837781187192832e+01
-2.806296899904509701e+00
6.443888221097921587e+00
9.496457877744944653e+00
-1.432845935502150780e+01
-1.518623847758621537e+01
-6.667001226515546364e+01
-2.060376757780211676e+01
-3.048929591583167564e+01
-3.739242434604875598e+00
-3.770693058798690345e+01
4.195900496402919089e+01
-1.749468898596722966e+01
-2.997191192237733048e+01
-8.645576043765709073e+01
3.710984572932954961e+01
7.451162399064429565e+00
3.410712881454244894e+00
-3.501046838072880973e+01
4.925719870733132666e+00
-1.114362624128817458e+01
-1.830604065770806343e+01
6.542183102181510890e+00
1.885834230219808205e+01
4.080236048371460811e+00
-1.185350411136909088e+01
-1.399793172614067771e-01
1.534527092055867570e+00
8.806983654674183981e+00
-3.547412228650817667e+01
4.030636898320143757e+01
-2.395123630646480706e+01
-1.671464713754176046e+01
-2.732048783831368155e+01
-5.807159169950487865e+01
5.019106812936350082e+00
-2.925200873641614407e+01
-1.064297720975876871e+01
1.823342381129685918e+01
-1.443008854999374080e+01
-1.923306637643747763e+00
-6.554599756744849515e+00
-1.121855917237326139e+01
1.777167306609211295e+00
3.029553630396257802e+01
-2.808067608668264370e+01
5.553335818381015088e+01
-1.263256895729668372e+01
1.867177835359647986e+01
-7.656525480566862996e+00
6.360241823010724715e+00
-6.093356029568951726e+00
2.449606785870105341e+01
3.421948268429161288e+01
1.068667426687442656e+01
2.569811562149014605e+01
-1.987688743277840331e+01
-3.694432598637973797e+00
-1.244770518421995575e+01
3.833429691324917599e+01
3.217342147310381506e+01
2.431885079388604254e+01
-8.545109871261729495e+00
-1.552830861551569797e+01
1.389724167575897695e+01
-1.569903982875247550e+01
-6.948634095563761548e+00
-3.220600480700170465e+00
-1.646063266343087150e+01
2.772893423390628698e+01
-4.605423716964651248e+00
2.118598557575290897e+01
1.092009724911832791e+01
9.641352693234665594e+00
-1.846604962938803141e+01
1.479769522464258102e+01
-1.022648283444436856e+01
-6.583397057124017238e+00
-1.740484548190465830e+00
-2.685907278048784974e+01
4.163618763283324142e+01
-1.485082520889730162e+01
-1.788209134173740722e+00
1.240682369697294263e+01
1.073345668201559988e+01
4.136718017847147166e+01
-9.568101455124349286e+00
4.205359287558917458e+01
3.771428321052221122e+01
-5.226881674362931562e+01
2.837171027217436858e+00
-1.037889459055634234e+01
8.752825108351430572e+00
3.335259039597829656e+00
1.107493931964387457e+01
3.477549700318585479e+01
5.447283987849225184e+01
-4.191182053859100165e+01
4.221826181810183698e+01
-5.461443145404054178e+01
-4.531435386392703890e+01
-8.045727868942904593e+00
2.604701321808988723e-02
4.061565484660587799e+01
1.998653475662968049e+01
-6.741970079739502353e+00
-4.976332170374216446e+01
3.937345740026685803e+01
-2.328862016997720730e+01
9.673662373153888439e-01
-3.988364696517713526e+00
7.022470467026261076e+01
-1.412966230378322052e+01
-5.957413577004950866e+01
1.745452441705452884e+01
-9.074728342201724729e+01
6.415962579400286359e+00
-2.035118722730973673e+01
-1.027684670793913213e+01
-1.513891414590726470e+01
-3.262337511646137500e+01
2.136377004781782318e+01
-2.121104816782700198e+01
-6.530335186839749895e+00
-4.401163519337666230e+01
-2.433889645047827344e+00
-2.915251407634886505e+01
-4.165298402412042833e+01
-6.339717450963257761e+01
5.128925969741771951e+00
-1.986205948749139338e+01
3.478807328634388796e+00
-7.876972606897368223e+00
-4.534085862089312968e+01
-3.625691745452802905e+01
-3.043194402966196321e+01
-3.163574906371525230e+01
2.973517879591595658e+01
2.841455802210944626e+00
-2.780408003356114932e+01
-1.212608816438506665e+01
-1.371089333490857598e+01
2.245495515187916880e+01
-1.732701546549299110e+01
-4.284372119734740636e+00
-1.566455479020441999e+01
-1.993783555325410362e+01
-2.257505340300927799e+01
2.060826082389023384e+01
-8.694618913044195097e+00
-5.167522434945163923e+01
4.301877394204981897e+01
2.457463377549283123e+01
1.488511479594905040e+00
-4.359129331987782052e+01
-4.177946509864625568e+01
3.826083791103940257e+00
4.047537628784994013e-01
-1.762995713929353769e+01
-2.554102713623672827e+01
1.752204367994693257e+01
-3.082127862550237296e+00
1.468268355185540486e+01
2.737866261655011613e+01
1.772714870205777515e+01
1.782974279052901068e+01
1.333967881848188242e+01
-1.165380979338752354e+01
-8.318320493651413017e+00
-1.213590381622987380e+01
-2.050368330264171846e+01
-2.387251529809879003e+01
-3.556017396511550999e+01
-2.080077511968455184e+01
-5.709742062296115250e+00
-4.294297185995105792e+01
-7.956320411505430457e+00
2.039027891522401958e+01
-4.406097426633243686e+01
1.663470754890765591e+01
1.501014407193684974e+01
-4.018623095496968745e+01
-3.168350067074862864e+01
-9.589974682728595212e+00
9.820196721435010545e+00
-2.202339818762260393e+01
4.040821732460015880e+01
3.586147675030673554e+01
-4.320507243781037232e+01
2.500588682391111206e+01
1.945180216688666519e+01
4.902658588515862448e+00
1.213695589509029560e+01
-2.393206774732034603e+01
-7.291285363195726177e+00
4.623780980812910002e+00
1.075376579093648388e+01
2.365607233552287880e+01
-2.865831542150419153e+01
-3.340885095728651777e+00
8.382429405906108855e+00
3.025446821170419298e+00
-1.663707916211778581e+01
1.222107367477878626e+01
-1.429689705597540694e+01
-1.148644471815983081e+01
6.636480979387329171e-01
-3.405258204793015864e+01
1.663828976528293424e+00
-9.458337525813703905e+00
-7.730871917934081239e+00
4.689192189768164098e+00
-3.039811437687657758e+01
3.320271034901131202e+01
-1.411661702024032650e+01
-7.461417085128991289e+01
-4.777827816941073991e+01
2.072091011177778341e+01
-2.264981654412920875e+01
-1.051155240083494391e+01
-1.468386322069419236e+01
-1.027665062966758569e+01
-5.641216927103650391e+01
-3.558850120452746069e+00
-3.490271930996880201e+01
-1.930120563467329475e+01
1.189110869265019232e+01
4.407414721829769633e+01
1.582639580763409271e+00
-5.768260417985544564e-01
3.335165702535226728e+01
-3.104278812377779673e+01
1.790630193119692137e+01
4.270469004212046116e+00
-2.670355140854422871e+01
-1.427176257939350990e+01
1.246778303863413839e+01
3.647991404985546637e-01
6.808698384442841700e+00
5.789870038658065710e+00
-1.325081204129102730e+01
-1.821087865141737439e+01
-2.804337204975922759e+01
2.759694863123570485e+01
-3.614261587600866221e+01
-2.684897874907252913e+01
6.965320620123364392e+00
-4.872641197789150169e+01
1.262069815400334960e+01
3.593988726873277528e+01
-4.048473822277365741e+00
6.515514943215933386e+00
-1.615506272159038303e+01
-1.233768577637107455e+01
5.817767940893872947e+00
2.130195131789695751e+01
-2.176434231880816128e+01
1.516390959335724631e+01
-5.953225962452052045e+00
1.711481245909027393e+00
1.299381361249932354e+01
8.360640868794291691e+00
-7.217391012698641362e+00
1.192630159735870166e-01
1.073462357750736373e+01
1.604543342268860329e+01
-4.026464751556743238e+01
1.873325312606084481e+00
2.886866335437807152e+01
-5.177454079587471369e+01
1.702910673390281460e+01
-6.538826242165275460e+01
-6.027182063759498831e+00
-8.309031059507503869e+00
-2.953789743677702972e+00
-6.820757208105987957e+00
-1.408879764984538951e+01
-5.323984966586920109e+00
6.696550745243229130e+00
-1.494464198873467353e+01
6.755791965363755480e+00
4.911287345109445823e+01
-3.397075457768187334e+01
-1.479940342265112463e+01
2.233372047858065912e+01
1.348458731709953895e+01
2.450841905609677696e+01
1.181874341865332667e+01
1.182343971138814709e+01
-9.020608277309207779e+00
-2.748139054023098993e+01
-2.533694293166541911e+01
-1.511015545829215512e+01
2.582229290967802626e+00
-2.367579424398127230e+01
-7.837508498527306244e+00
4.076601990671136377e+00
1.331622048189058205e+01
-5.723049925030316842e+00
3.340117805673114049e+01
-3.237743151184292856e+01
-2.208444179897668391e+00
-1.716507378828900698e+00
1.539876125423317887e+01
-2.197754029796345776e+01
-1.391717650070734180e+01
1.051673956769907470e+01
2.516704370528898949e+01
4.179432603575546068e+01
1.787542992196955538e+01
2.340488184392224014e+01
-1.562362618407686909e+01
3.526947773246098450e+01
3.694106330572068941e+01
-1.442120512333815441e+00
1.912245078271411103e+01
2.108245297246764949e+01
-1.315474157381056841e+01
4.747651215576951245e+00
3.394070614741212921e+01
-1.349973090946346588e+01
-5.127148506398384598e+00
-3.367323069501700417e+01
1.329447385633713452e+01
-7.180268904591272872e+00
1.099658410314819434e+01
3.274662763276651845e+00
-2.223626563315713511e+01
2.545815104293563991e+01
2.240767759589030561e+01
-1.503130938820467577e+01
1.065748824046245602e+01
-3.412248850304172265e+01
-2.966295908580619312e+01
1.380443021697413997e+01
-3.803714179974123510e+01
-1.717031331820653861e+01
2.878102558587215754e+00
4.615517939844883699e+01
-1.421751027870962503e+01
-6.850267410944994140e+00
-1.003882626288202573e+01
6.258575648759246235e+01
7.772840961765169254e+00
-2.405105058504325655e+01
3.953660533498288032e+01
3.500773886817360392e+01
1.750998144464847428e+01
4.193010842530529203e+01
4.794887840980412363e+01
-4.174547752785642274e+00
-1.545991067361697446e+01
-1.618727766758814823e+01
1.611262933611122605e+01
2.096745762690079573e+01
-3.833191456701371180e+00
-1.288877078025734590e+01
-3.407614886468638815e+01
-1.407993199017319341e+01
-2.520145786720314618e+01
1.680899557441892966e+01
9.543866369346801548e+00
3.554557033377028574e+01
4.150919417281642154e+00
-1.314957915234964503e+01
-4.721760226677478300e+00
2.200111667636657842e+01
6.985615627357276480e+00
3.036613721692083345e+01
3.108595808320751530e+01
-6.732073482875790660e+00
-6.016731593458345628e+00
-5.599105282243391457e+01
2.822480216802890141e+01
-6.909733092697933898e-01
3.021420165611431230e+01
-1.206849804910846302e+01
-3.476490418001585425e+01
1.175876265642391338e+01
4.058555285961222836e+01
-1.457118191143698027e+01
3.682222747399839591e+01
-4.055018418964861837e+01
-1.283437277794354259e+01
-4.529096011253091092e+01
1.061225554497835333e+01
4.501800702730207604e+00
2.995511415027436897e+00
-3.462323286345383622e+01
5.045717589394058677e+01
3.016549928421153481e+01
4.920401157825551763e+00
-2.871126048832525157e+01
1.206740803309097032e+01
-1.297500270909338838e+01
-6.902036125794552390e+00
-1.333754815007023353e+01
1.020208870698003523e+01
-8.052809468413840932e+00
-1.120965985756163263e+01
1.157812433675240982e+01
1.439613388996425414e+01
-4.761264010507721878e+01
1.106217885244399213e+01
3.752339829627953804e+01
2.234684218265900313e+01
-5.815006170887428105e+00
8.421188396009426924e-01
-1.949358924423989947e+01
3.221029577814493905e+01
8.637324232778041733e+00
-2.333578315307875073e+00
-4.165922230080866484e+00
5.934109204856369502e+01
-1.756054606916649163e+00
1.352485789290707885e+01
4.144051991585932626e+01
5.335343085856212042e+01
3.449538977798610517e+01
2.249902639183139286e+01
-3.686376399804227333e+01
-2.513148737738254113e+01
1.909647465318425930e+01
3.854465548231587491e+00
1.753965538197479646e+01
8.830744882715492849e+00
3.408022435804900852e+01
-4.289228504233204120e+01
-2.701658969175451830e+01
-6.381504093006185485e+00
-4.737408448992299981e+01
1.058601392479272363e+01
2.436739693793036565e+01
3.787044190247002007e+00
-1.229162085193922849e+01
1.285297430994984325e+01
7.649710586791104561e+01
1.706369036314367804e+01
8.705036944774178664e+00
-2.598717401050961939e+01
-3.315806461749826894e+01
-8.113455039393542734e+00
1.828122653835364986e+01
-3.279296007652931166e+00
1.312715561248027996e+01
1.932254729779151603e+01
-3.156236288561271408e+01
1.440708998865648027e+01
2.446767826922632594e+01
3.118299150126182440e+01
-3.650266287063914206e+00
2.590987154397339509e+00
-5.549842165442044006e+00
-2.671790582687157212e+01
-3.835154169265888413e+01
4.388982278682314586e+01
-4.267375582907448006e+00
-3.052049246515770164e+01
3.013763272538142246e+00
-1.429624491961389054e+01
5.014517105765833094e+01
-1.290352513831317083e+01
-1.980609718287590226e+01
1.921873078962613590e+01
-9.058581433130711957e+00
2.457971645794600590e+01
7.237130784770613445e-01
5.367939547874919981e+01
2.914018335923098846e+01
2.205798510331909768e+00
-2.055285568543239094e+01
1.515007557554844198e+01
-2.975215763898444976e+01
-4.836075669257738241e+00
3.383244065864371919e+01
-1.544448629282118191e+01
-2.479168421932837418e+01
-1.339192001828487832e+01
2.763331179090278056e+01
6.974587273386212871e+00
-4.574781947369199031e+01
1.833901172179741934e+01
5.125454202961634564e+00
5.083686111373992844e+00
-2.781526978516291138e+01
1.594657688340106461e+00
1.864970572915056835e+01
2.642987637098218556e+01
3.638908595182812888e+01
1.593677235750861065e+01
2.159666583093070358e+00
-2.986081263712168266e+01
-2.583112382102098081e+01
-3.811971463376690394e+01
-7.249343868014420877e+00
1.751039656056411786e+01
-1.358863284122826087e+00
2.834866697004986236e+01
-1.804946760544879680e+01
9.082426003530144953e+00
-9.604087708549002400e+00
-1.649660946574408982e+01
3.377323000894243421e+01
3.909590842686213819e+00
3.473710019937817606e+01
2.612709149648821949e+00
1.230264773801659572e+01
-9.941195828260731560e+00
3.354351146247343252e+01
-9.176017940947474472e+00
3.525814540469029978e-01
-4.315067977120213527e+01
-5.304107208403436857e+00
3.950246303734576259e+01
3.530382215047663408e+01
1.488647939337884196e+01
-9.167925632044884310e+00
3.089502813571314732e+00
-1.158920025778897411e+01
-7.653758234633201596e+00
5.109407780368185570e+01
2.787940999242266571e+00
-1.447765391844663441e+01
-5.989901601461114922e+01
-2.626564301300297188e+01
-2.123803996567595220e+01
-3.543937423378952190e+01
-3.210584337916236564e+01
-3.824871072790480753e+01
-2.538364272633197061e+01
-1.762005381406856941e+01
-2.735402134033985533e+01
2.595410124834262078e+01
-1.152864902591778673e+01
-4.888020848398099361e+01
2.221741735900306480e+01
-1.684083636953923246e+01
-4.494151731038358832e+01
5.374864473351905758e+01
-1.440456766393752730e+01
9.506513739681480502e+00
2.217708433411374358e+01
4.961861056006938497e+00
1.477046686091296124e+01
1.788988558263739037e+00
1.099740655207117612e-01
-8.221362026945314483e+00
-4.176051153607460265e+01
6.579727543468507633e+00
-6.904971538470658743e+01
3.931956498638245989e+01
-2.360817682230094761e+01
-9.814525152582660894e+00
-1.012977675458353133e+01
8.291129099452255957e+00
-9.480754123075072926e+00
1.496511195923938686e+01
-3.064244302712039314e+01
1.985527415900432402e+01
2.391232468110251475e+01
5.806451088597086141e+00
6.351349424568468294e+00
1.197640499853156371e+01
5.044720362839569816e+00
1.532251123101934809e+01
-4.392452093572345007e+00
-3.899535756311533419e+01
5.306582937813288936e+00
-1.375721241884210144e+01
-2.993806106737281425e+00
3.068193339312819035e+01
-4.460647530254823323e+01
7.735695051414097634e-01
1.169692439623361224e+00
5.098769111842841539e+00
1.741063613607242644e+01
-6.768435813958841862e+00
4.619298684177016412e+01
2.446955622699269384e+01
-8.535944059295985653e+00
-4.197247800753729052e+00
2.098620834806936841e+00
4.279696975718007934e+01
-2.946637084945291463e+01
-5.730002413096389091e+01
1.714449571718660081e+01
-6.814699646674966971e+00
-9.293048210074886128e+00
9.203234809126456639e+00
4.228725652123000600e+01
2.469355774205166654e+01
-8.930205700478893505e+00
-2.928605187765657547e+01
-4.759100228582170189e+00
1.573239057312983036e+01
-8.518281660274737987e+00
-4.160607390145412410e+01
-3.393823625059212645e+00
-5.319132374917471395e+01
-2.832441607817318641e+01
4.582430682920060860e+01
-2.909199347075339404e+01
-3.812382128313177532e+01
-2.877849276080291219e+01
-2.064056157738892239e+01
2.021668643592849435e+01
4.709998715573561157e+01
-3.711741555904609413e+00
1.447452249980422323e+01
-1.188553973723537638e+01
-3.890762243118123109e+01
2.627701659278613278e+01
-2.640322898227549331e+01
1.461002828041748103e+01
1.788608872696706698e+01
-5.928083471278966954e+00
2.112312471240778677e+01
2.307953360709295509e+01
6.361590615048970676e+01
-6.665523978910186997e+00
-2.904200059430677072e+01
-3.526857652107810281e+01
-9.617028067094167909e+00
-1.877746868685600390e+01
5.303750123995561694e+01
-2.460855951346351844e+01
6.483814130543146703e+00
2.752724625887651655e+00
-1.236971522687079528e+01
-4.765972307659245644e+01
-3.514489496011009351e+00
5.534425335887608810e+01
9.738014688636596361e+00
4.207510831846121846e+00
-3.246622369364631311e+01
-3.232521179264483635e+01
-7.904522734073772483e+00
2.584853486275972045e+01
-1.425656293974967070e+01
5.777824719015558230e+01
-2.720564366512937227e+01
1.054361069419523744e+01
-7.713095404666148625e+00
-3.647363479692683086e+01
2.421207576489962321e+00
-2.882392002293681799e+01
-4.153327510715354265e+01
6.226657510168649878e+00
1.077775875882110768e+00
2.938165047780644556e+01
1.325605745348828179e+01
-1.888738044289658191e+01
1.207223454932449158e+01
-4.917409020344341286e+01
-2.691842088751712936e+01
5.014137544071014929e+01
4.644031823923612023e+00
-5.980356393415547700e+00
-1.673493155634744767e+01
-2.459482968807776615e+00
-5.579039958001828836e+00
5.003352445839300344e+01
2.339922085080051062e+01
-6.655049279436752840e+00
-1.978544082769190027e+00
-2.210534409150275437e+01
-8.810293494689517502e+00
-3.541771638145090151e+01
2.774485899906030184e+01
3.925937991901975010e+00
5.813953150500537959e+00
1.008883939209113123e+01
-4.496282563134723631e+00
-1.155768310746341676e+01
3.062117450094437920e+00
-6.083803352337946535e+01
-8.719108608821699136e+00
-5.773881595482635021e+00
-4.360083462310157643e+00
2.708708932221873056e+01
3.655427737174488101e+01
9.749380310906303748e+00
-5.352210617703776308e+01
3.498501951218480599e+01
-1.202348086029996921e+01
-2.104610144188461618e+01
-4.900073355549314158e+01
-1.690237536684631436e+01
3.493340280750898330e+01
1.713868493281660221e+01
5.610094922849100385e+00
1.891924612370792147e+01
-3.281821471465730156e+01
-2.615466153066458332e+01
3.169332858897197980e+01
2.186083041566189422e+01
2.700685099359805008e+01
2.781756690335171811e+00
4.733364582820541955e+00
3.065978184969327458e+01
5.424286636239975223e+01
-1.174451598248554518e+01
2.162505355348372404e+01
-1.455573004280591931e+01
-2.461445875477448197e+01
-1.946934167434474716e+01
-1.957619138522929347e+01
-8.161392101951577160e+00
-2.673855133726510758e+01
-1.100832065664579318e+01
-7.627080287628177757e+01
1.906923887294746578e+01
1.244559760312208496e+01
-2.672211796280251406e+00
-2.180276456629474069e+01
-1.037678286377729364e+01
-3.086607155225860311e+01
5.511481543188438081e+00
4.526564334902506914e+01
-1.242803285720117401e+01
-9.474710104247023423e+00
1.179337562398239925e+01
-2.869686230036244012e+01
4.753030429069886509e+01
8.243799962776456880e+00
7.862193007756900442e+00
2.778368126894940815e+01
-1.385858238861885638e+00
3.144180167161528061e+01
1.061467940072935789e+01
-2.216431834888084040e+00
4.611708981285332243e+00
-3.528228329471062352e+00
3.717946891347247629e+01
4.811936650226073198e+00
1.018462763218389000e+01
-6.511499145871368910e+00
7.879576833328883367e+00
-5.178150041409460869e+01
-1.971545145440597935e+01
-2.738241262841438584e+01
2.659740485940920962e+01
-1.794883485656447419e+01
-3.369344074592385141e+01
3.245068778259451392e+01
-6.823530402358400693e+00
2.273507467851160868e+01
-5.050827201718402648e+01
1.039879334313817338e+01
2.915693314669468350e+00
3.469588014202315662e+00
-6.549942193229099985e+00
-4.077363145398749111e+00
2.845178610969382049e+01
1.006783139621688861e+00
-2.847817554160758391e+01
-1.050337030008923023e+01
1.233840567220806861e+01
-6.446755368838663003e+01
-4.931027878953320709e+01
7.323042847611986872e-01
7.873073826490497140e+00
-2.633708731785010571e+01
-1.060729275556781204e+00
5.893719954375694670e+01
1.566088181936282808e+01
-3.016488244553954701e+01
5.238453620145875789e+00
-5.201787058868028168e+00
6.992758670066017146e+00
-1.994053105421673422e+01
1.232400520289247936e+01
1.474389204883709681e+01
-3.878587567694950167e+00
6.246887488729922211e+01
-4.436328394498957550e+00
-1.765434648797622685e+01
1.329896093072193253e+01
2.402795342353874730e+01
-1.887668908376028298e+01
-1.022664107184851900e+00
5.475591576596596610e+01
-1.571149594291682661e+00
3.287336596834009583e+01
8.160409670689915629e+00
-3.910871228215029305e+00
-1.272501635271294163e+01
2.919052877285241721e+01
-3.123265675378108597e+01
-5.770680863285235773e-01
-1.016799839518148474e+01
-2.218685670122541609e+01
8.406198651454873882e+00
1.485703001956127700e+01
2.420461817302026475e+00
-2.113848458989195933e-01
-2.225858180189945301e+01
9.067371390476978377e+00
-1.840139678842518833e+00
-1.267222898050751212e+01
-1.126404605106638002e+01
9.224607163636676432e+00
-2.059900230049720449e+00
-2.113267807140505283e+01
-6.092469647454436199e+01
5.866538730036651828e+00
1.077092512050228379e+01
-2.710309049081897115e+01
-1.336365278114044486e+01
4.622313799139524804e+01
6.272620481685592608e+00
2.204009601485228131e+01
4.831534522170827017e+00
2.225883221991065852e+01
3.192226308342128505e+00
-2.176644078124553516e+01
-6.084053719683097938e+00
3.051677932810719085e+00
1.759199903570441847e+01
4.214865307950739748e+01
2.752455171603722306e+01
1.683312235225741915e+00
9.543595253020782820e+00
3.387067742126816938e+01
1.477358716795478344e+01
-3.876292475984064367e+01
-1.541719604114956610e+01
6.229129746395045686e+00
4.771367974072660445e+00
1.379800910171815786e+01
-2.896205008289439320e+01
3.953676728766993165e+00
2.417748297207140240e+01
2.676148795150107418e+01
-2.404769496303583765e+01
1.545592128849193614e-03
-1.242599956608444245e+00
-9.497705751975388466e+00
-1.590678539583939255e+01
-8.663846141081648966e+00
-4.926517055190672068e+00
5.649804605697909210e+00
2.366028080902624708e+01
-1.728383973962361608e+01
4.526818139691079068e+01
1.833487536453407074e+01
1.498835290355185634e+01
1.980211581044434510e+01
1.515569411974446723e+01
2.034436352162272499e+01
3.061048326735169667e+01
-2.545606572349655039e+01
3.484197665247510400e+01
-6.381724172601332157e+01
1.771257278229027321e+01
-5.981882501505867822e+01
4.670385619969073332e+01
4.213573851734626885e+01
-5.273767400855831511e+00
-2.694502598699617124e+01
-2.376048366005431944e+01
-3.078325737703931964e+01
-3.545535059516541310e+01
3.165250639739934968e+01
2.354014108148899709e+01
1.337565591813847732e+01
1.584491823729115367e+01
2.501746120524103389e+01
-2.192748923814133377e+01
-9.935545379684697309e+00
3.086689494242759935e+01
-7.302263041927403719e+00
2.988617941693944147e+01
4.168886804989085704e+01
-3.240709985930758208e+00
-4.097755477632347265e+01
2.789332851923120415e+00
-1.464371512502669503e+00
-5.706512258298175766e+00
5.252783477482125818e-02
-3.648602423316339127e+01
-7.050840859055128362e+00
4.940756265268364089e+00
7.436926144827978646e+00
2.734434755939578565e+01
-2.390269855344678263e+01
3.117428241498544139e+01
-2.232632298558587536e+01
1.434503254305579389e+01
2.259312482079323559e+01
