-3.527381439929948215e+01
-2.044885933678088463e+00
-7.275023187072392261e+00
2.447200279528349398e+01
-1.212610110340479252e+01
-9.375758542149611685e+00
-2.447847949531467293e+01
-5.119379745073442223e+01
-2.186750773379930024e+01
-2.302345538396554048e+01
-2.133310851439048861e+01
4.304945119248573704e+00
2.018306998343462055e+00
-1.058998793823420215e+00
1.761540539974504327e+00
2.695374953814655328e+01
-1.041196510328386182e+01
-7.356054950479872900e+00
1.193933819529615903e+01
-6.299837496534897241e+01
3.157359953978189537e+01
-1.354145625305926615e+01
-2.456307569641953847e+00
-5.700188246898250100e+00
-9.920835213084160387e-01
-2.201044171302669383e+00
4.887803965024986041e+01
-1.522800590256369446e+01
-4.103372881759582924e+00
-3.089339395097283614e+01
3.997574964804312003e+01
-4.444801583809436352e+00
-2.174605543008260611e+01
1.142893473794160286e+01
-2.086931262995221914e+00
1.323085067108328872e+01
-5.600259331111203664e-01
2.779796956029116473e+00
1.922885561074689065e+01
-5.563043420767519365e+01
3.097915762223613001e+01
8.251224666708822042e+00
-6.350749952336855131e+00
-1.778909276066590550e+01
7.016563586615660597e+00
-1.110363780605638340e+01
2.533417108760340852e+01
2.024553752003481577e+01
-1.305981377431663759e+01
-1.667085469511590645e+01
-1.758427387986881740e+01
-2.115317148809941017e+01
1.072415348186095230e+01
-2.756813649341677319e+01
8.434029735068065747e+00
3.520396208026006946e+01
4.056889702503318063e+01
1.891226732115406151e+01
8.477191763574950301e+00
1.762482166408176454e+01
5.178679324220433955e+01
8.795384706648178508e+00
-3.037600636905447260e+01
-6.150794863899136544e+00
-1.433770586623040799e+01
3.385453596564366308e+01
-4.012384557447809641e+01
-3.492624978391938839e+01
-1.777200156903641926e+01
-9.935271276940397911e+00
-2.281968512420274919e+01
1.598636539568029491e+01
5.311605586050632155e+00
7.961173004411449483e+00
-2.203717558865655590e+01
-1.930200300984603246e+01
-3.327676082529553980e+01
1.836736430782320895e+01
-1.907875048515958127e+01
1.721937435651092585e+01
-5.478907533732917834e+00
-1.517748342802977390e+01
-2.921338650189349551e+01
-8.665602881766233168e+00
-6.234686887391774235e+00
-7.021855699578694043e+00
2.276012514919259999e+01
4.261172623886930921e+01
-2.506252923317918757e+01
-4.373113761224426099e+01
-1.096815870852972807e+01
6.055686431542906689e+01
-3.300677240265017076e+01
1.824109665342598419e+01
-6.615994075678372610e+00
-3.400140162238307084e+01
1.406989381473773904e+01
1.991616035061252887e+01
-9.816130781554164741e+00
1.867519916738456232e+01
-1.369848076541541104e+01
-3.181959472358335006e+01
5.346691875889217727e+01
2.550129997980832286e+01
1.444395673752623566e+01
8.003438810702135697e+00
1.518177760971285295e+01
4.603119905172616200e+01
-1.502856313422828372e+01
3.391915029120049496e+00
-7.711123246643217044e+01
8.991573197263335260e+00
-3.776774068790733452e+01
7.905189022398644738e+00
1.242921375569045495e+01
-2.032234445853930538e+01
-2.887230933603177618e+01
1.257909719006534033e+00
-1.716901950949358024e+01
2.176123354932036591e+01
-2.828612672991239663e+01
-3.141662649103238891e+00
-2.051818181907840000e+01
-1.989997031413167861e+00
1.109509483262229423e+00
1.265463507781086605e+01
4.466926862722857550e-01
-2.962308015616144985e+00
3.626538683253618700e+01
5.137558373413827439e+01
2.773557681260338370e+01
4.013106158411450508e+01
-6.619744955391013264e+00
5.663281308772610600e+00
2.998303206830360068e+01
-5.395876407469302194e-01
-4.290988150882429863e+01
-2.298606067885466331e+01
-2.860089719606338576e+01
-1.564109554616650399e+01
1.615923239892845231e+01
-6.707568816622455188e+01
-9.429814206645261265e+00
2.501942170594976744e+01
-2.117939099081374366e+01
-1.762832893753511598e+01
3.362216195994705004e+01
2.516889197099933995e+01
-1.868467222327278421e+01
1.568362723219854615e+01
-1.433256552881240964e+01
1.930697011161097620e+01
1.927234113117322067e+00
7.502234904324382114e+00
-4.818515852312506809e+01
-2.674560076283309940e+01
-4.892138853441053925e+00
-9.230504213003349889e-01
-2.306201548405016410e+01
6.142868391967613206e+01
-9.849331183790013711e+00
-1.822434730034895267e+01
2.013779211684942538e+01
-2.596225621162801644e+01
-2.067103224603152967e+01
1.845880793292792532e+01
7.208261573095370522e+00
8.641684005720833284e+00
8.859902412886228262e+00
-6.244539686105582632e+00
9.009231754685004034e+00
3.295850907039309163e+01
-1.497841526934919898e+01
1.085646781960184626e+01
5.140238069140113453e+01
1.846352130242360090e+01
-4.263481232570029533e+00
-1.154840934809044484e+01
8.796481632437250653e+01
-1.205698822076735155e+01
2.118644912602269414e+01
1.462662972913543058e+01
1.666778632131291715e+01
5.000106543153560779e+01
2.707540600737553405e+01
-1.537623877491578028e+00
1.367697563893455026e+01
2.774531939425463634e+01
2.034580590850632120e+01
-3.289351191235084571e+01
5.326641288953339881e+01
-4.742340083265309403e+01
-6.970834767743156135e+00
3.112378081589110934e+01
8.425516112106350874e+00
4.239147424273255638e+00
1.602628217590554982e+01
1.263618093397877828e+01
1.943775381213970377e+01
-3.535990934347512393e+01
2.262445424321128939e+00
-1.500855625477936428e+01
-3.787568979716745332e+00
-2.503572717061615549e+00
-6.054520483314680845e+00
-3.251798502041395977e+00
4.733205191615243734e+01
-4.780377577914464382e+00
-1.470293438090681093e+01
-1.458130064210767074e+00
7.343222298425047256e+00
-3.368593327627431222e+01
-2.887071997024568759e+01
-2.048281799877034359e+01
-3.492100341209922476e+01
-9.043858745344145689e+00
-2.357751755220314749e+01
1.031441566590275727e+01
7.140598712405576975e-01
-7.064040517053399526e+00
-4.666585110033452111e+00
3.248252475118448501e+00
-8.329817774945794895e+00
3.843706023278545558e+01
-4.883001010894108163e+01
-8.546317033830639787e+00
-7.649870399972673596e+00
9.017516778006182676e+00
1.269344734149682097e+01
-2.655541249441171203e+01
-8.584504764207650851e+00
2.425425528761495286e+01
-1.136269967156464133e+01
8.951096402620805748e+00
1.926513210741295268e+01
-1.632421273700487063e+00
6.295425731191539853e+01
-7.909026690594828324e+00
-1.789210483404986007e+01
1.804838666280716097e+00
-1.386482332261101647e+01
3.080615688735665003e+01
-2.390116658487622203e+01
6.852100168290348847e+00
3.200695645717374305e+01
-7.153917549189202418e+00
6.670186929498765949e+01
7.220954486930793337e+01
-3.745588513320751645e+01
3.323449004097227544e+01
1.224332302947078688e+01
-3.139238408422119164e+01
9.398165307122241074e+00
2.365942571794420246e+01
2.421376726705420879e+01
1.327604399918527633e+00
9.550596177198372061e+00
4.193386753531132172e+01
-1.323376718534429131e+01
8.021818389222929113e+00
4.046770403815503414e+01
-2.085580407474272135e+01
-1.121198678181541197e+01
3.153429279166243759e+01
1.618592411371378148e+01
4.266893769585561813e+01
1.698182529450821221e+01
6.107857822960454541e+00
1.501223563333137179e+01
2.280502099719228681e+01
-3.013524214648253974e+01
3.831179380489004416e+00
1.389844675323306333e+01
6.518959341405548003e+00
1.332455040536588342e+01
-3.447991121454175101e+01
1.803583218854532788e+01
-2.406945626425516593e+01
-1.874201907725277749e+01
1.199444731704669209e+01
-6.576756802047228234e+00
3.256598128049481033e+01
-9.443502020862098334e+00
1.691894362749610536e+01
1.822726233526816486e+01
4.375907223332185936e+01
3.071373853130037901e+01
2.747928895341924260e+01
-1.918237506617657573e+00
-4.702798445480397049e+00
-1.799199309218926146e+01
4.495437330657944131e+01
4.474814057405254175e+01
2.197286655408436218e+01
-1.415519799086564490e+01
2.802288741169650166e+01
-2.905061616688669801e+00
1.007760690925392311e+01
3.720722678382205117e+01
-6.923367282936965239e-01
-4.476255844738119549e+00
-1.138076230824651702e+01
-3.290557662708033604e+01
5.378680497352115708e+01
2.845375426986515777e+01
-3.362466683611778961e+01
-9.264432283997152240e+00
1.482729654900806437e+01
-5.637000470487578241e+00
3.572254491829652068e+01
7.090820642069900259e+00
4.501451180131459751e+01
1.948997536211574655e+01
-1.282573746417193661e+01
1.129165341340535633e+01
-3.529952331387221420e+00
-1.548909499863327710e+01
8.870943124699238069e+00
8.482851350135376833e+00
5.285374406326725705e+01
4.443935569355723203e+01
3.125711845750588225e+01
3.762711511050099489e+01
4.881382739931879655e+00
-1.462967699255136722e+01
8.058033872604084991e+00
-1.884778010338391141e+01
-3.023956836056486708e+01
-3.139570562860603786e+01
-1.759811331893047281e+01
-6.136085460731010244e+01
-1.967307218248774348e+01
-4.887463916786603590e+01
1.321254382085611034e+01
-2.613645041105117883e+01
2.626063538883948922e+01
-5.581148943773762028e+01
-1.680409857177728838e+01
2.420241467527816326e+01
1.182238904450834127e+01
-5.009059719128495658e+01
3.194235456743859913e+01
-1.459461879557019870e+01
3.037794677180176706e+01
-1.313157343373049457e+01
-4.422962341255458796e+01
8.112225710360249309e+00
-3.673046941881904104e+01
-4.234476212731436817e+00
-1.674927661985094574e+00
2.308653008030704257e+01
7.113535838422529878e+01
-2.436861668047902185e+01
-1.973859625217622238e+01
-2.377922857784142252e+00
-6.441923956824695097e+00
-4.557238174721597801e+01
-3.147214469331515829e+01
2.702449711911947361e+01
-1.200195283383078504e+01
1.140637241075506836e+01
-2.771755715439417145e+01
-9.248752900789156683e+00
-2.342241618787906532e+01
2.909740549866423720e+01
5.411318018020608633e+00
-1.259882051319493712e+01
-9.581472562405480176e+00
6.703370955380272278e+00
-4.621362961400109270e+00
2.431349347579828191e+01
-1.455547561178366323e+01
5.594567290010445504e+00
2.001324245346330599e+01
7.756720327751793320e+00
-1.199028606530950469e+01
8.683589354438350938e+01
3.317256887524388986e+01
2.409722560993422746e+00
5.762029265144860801e+00
-3.534267899688182979e+01
1.896962613760399563e+01
-4.313763420106678836e+01
-1.642358523641195234e+01
-3.108884900616590130e+01
-1.116654816885088053e+01
3.206106533189353058e+01
-3.201336716803814397e+01
1.350535617531486565e+01
-2.157862658036663106e+00
1.179166656725200824e+00
-2.024663047550879469e+01
-2.504112319777340190e+01
-3.159544260976986152e+00
-2.021434323792735910e+01
-1.119235616773343622e+01
-2.331470479480590541e+01
-5.230764418134278060e+00
-1.959563765675537184e+01
-2.835197182795589299e+01
1.182514852694843199e+01
-8.121027750412878277e+00
1.381277305417961543e+01
4.816977666310204853e+00
-4.299702899158533143e+01
-2.965041647137784508e+01
-2.576865008461784612e+01
1.831808690379091331e+01
-1.377297118618557192e+00
-3.502827419315525503e+01
3.325801541865464372e+01
-2.211779275389093868e+01
3.224270459357282448e+01
-1.785375052192924272e+01
-2.729747327092698583e+01
1.340590175717363763e+01
-3.838849554290194988e+01
-1.945045342042797643e+01
3.502002839198831907e+01
1.066155357999980424e+01
-2.476534636598046291e+01
3.065879070418668562e+01
-1.024254031809562093e+01
-2.145723168597220365e+01
-1.719091710479432322e+01
-2.831414892483417134e+01
1.563368362016130675e+01
-5.079316874453098762e+01
-4.476237103941937789e+01
-5.718754780999177001e+00
-1.700136519114343514e+01
-3.340022066116020483e+01
4.153219246437652146e+01
7.581401423316171417e+01
-1.554588233010613862e+01
-2.019161721668638165e+00
-3.426327914426843080e+01
3.704243713552682493e+01
1.151759633795691684e+01
-1.349603973718501493e+01
-2.059973576152138719e+01
8.331084125805958251e+00
-3.280711750747167343e+01
-9.960776449728058424e+00
-4.915979718119390895e+01
2.057172662187559808e+01
6.264765863914533384e+00
-9.941911400431990842e-01
-5.840248228304972145e+00
-2.259903095437675802e+01
-6.196886070845664563e+00
7.415790813257174818e+01
-1.036270468320850568e+01
-2.714568951418618781e+01
-3.949055825120663599e+01
7.875993885973656461e+00
-2.119091520181282817e+01
6.121958456177068797e+00
1.714724541334420849e+01
4.316088081911743757e+00
1.769904479503131967e+01
8.544483195524051666e+00
3.312265638598591977e+01
1.490675727173506004e+01
-1.977539016246616654e+01
2.709565549584498001e+01
1.974893595021774217e+01
6.998939430246934990e+00
2.397001805291009191e+01
-1.602926138126484545e+01
4.171495074023869165e+01
1.330575675632701405e+01
-1.793976471993922672e+01
-3.331443668675730052e+00
-1.019324284388727619e+01
1.156730932820545377e+01
-1.320919238167839183e+01
-4.454015953620654500e+00
-7.245175057884864600e+00
4.579235975063602382e+01
3.125460716666975713e+01
-3.675809004542857394e+01
-4.575563250303574137e+00
-2.987550498869521221e+01
-8.222931945243885821e+00
-1.334974426352582100e+01
4.848058006824373933e+00
-5.930601224606579791e-01
-1.624328388944925905e+01
9.582079687530139722e+00
-4.666551850718327898e+00
-5.318286831671066750e+00
4.873957517533909822e+01
8.178964601760203124e+00
-4.666957559560206192e+01
-2.246532441010771208e+01
5.417124101331990005e+01
1.539846296390206248e+01
-5.381242125714663871e+00
6.042436346709737904e+01
-9.151799838093495509e+00
-5.169394043456634336e+00
-4.579872984435382932e+00
8.745962652910293400e+00
1.761308831285017362e+01
2.481357111430455120e+00
1.639301867455804995e+01
-7.242778266956037214e+00
-1.987111806577691198e+01
-2.353601404961045063e+01
-2.713152217810414868e+01
2.331834608336427550e+01
7.342529219911448024e+00
2.156354811059426169e+01
7.885574317974516134e+00
5.046893429464716974e+01
1.054439195221369374e+01
-4.557994737634544435e+01
-1.938314533873624157e+01
3.484107708838173778e+00
-1.647059881089649025e+01
3.570940258994562555e+01
-7.860456545038800868e+00
9.507296336083086885e+00
2.980858120087896168e+01
-4.222727644346264242e+01
8.458587030209980639e+01
1.172653662276862008e+01
1.348179500883702531e+01
2.044463375335070054e+01
4.213416032853331217e+00
-2.745737180084688589e-01
1.982501439998060278e+01
-2.092948361096532039e+01
4.690908401101087577e+01
4.148248291125173637e+01
-2.353895019399168120e+01
9.089960333800718217e+00
3.955787461752100853e+01
-1.164209728136228250e+01
9.865343612929081019e+00
2.132871530178282882e+01
2.295062722270714062e+01
-4.315829360170522477e+01
-5.814346825499114857e+00
-1.733561541190555033e+01
-1.754870303146446986e+00
-4.477981284589663602e+00
9.645041334170514347e-01
-7.101368166194930609e+00
-1.792813744922307251e+01
7.443278095780073045e+00
3.900733158587769367e+00
2.998720650049346759e+01
-2.474035754889557381e+01
2.461683434718133867e+01
2.671591574426649629e+01
-7.076522019853030088e+00
4.604574991172411558e+01
-3.847481902384916452e+01
-5.827810821573407907e+01
-4.858070222546961858e+00
-4.486718968630896143e+00
-6.565723024453973267e-01
4.516521479082594226e+01
-2.764058828560074232e+00
2.419040101540295495e+01
3.036474082025128496e+01
2.113504566634958337e+01
-6.469597785660482714e+00
3.372521503055196490e+01
-8.991821638669861727e+00
-2.002542983792443465e+01
-2.316211089591163841e+01
6.085246094286048901e+00
2.001161645520261345e+01
-7.765610038620707201e-01
1.970060496919489879e+01
3.062069866258525508e-01
3.424889292949875141e+01
9.806761154206810716e+00
5.088366481426078280e+00
-2.145023476228971049e+00
1.819696797805944044e+01
2.121731636473870708e+01
9.736108716044441280e+00
-1.012293857112496198e+00
-3.105104173049743110e+01
1.643060984843350525e+01
1.074328897057594645e+01
2.008423886803494440e+01
1.591247371565563640e+01
2.040361338255465995e+01
-4.892451752735397008e+00
1.756489921292157419e+01
-1.517127379073849625e+01
-3.985343385577380104e-01
-3.061832477906537520e+01
-1.736793183389232809e+01
2.271995374452334460e+01
-5.088384363634139618e+01
1.499225882081131545e+01
8.953117189849820079e+00
4.688299449335903546e+01
-1.072503815212455436e+01
1.880202268926946729e+01
-5.643946468424474006e+00
-2.733647963182578167e+01
-3.840248904330667301e+01
-6.592394856655879209e+00
-4.991199645637782112e+01
6.657122090574489448e+00
-1.121915355598182273e+01
1.740433063680061565e+01
1.328367471164187918e+01
-1.609996058063089208e+01
-1.648522190855226199e+01
2.313156578429748933e+01
-3.467629667877324096e+01
-6.881062993138073125e+00
-1.066310126886880738e+01
1.541062463239688185e+01
4.913369581818756160e-01
1.529474340352081185e+00
-1.065764432441434906e+01
3.092139933369219307e+01
-3.125502782927202361e+01
3.856927350950456912e+00
3.397040930794130986e+01
-2.072809884483528720e+01
1.734490086015483712e+00
-1.810741913894844402e-01
-3.676864082072603424e+01
-2.262474535125130615e+01
-2.816720360527394718e+00
1.593032290800677231e+01
1.861334524962279602e+01
3.459471038751644301e+00
-5.433095344496450707e+00
1.006507683214371696e+01
-2.402417031991930685e+01
-1.100580152204742035e+00
-2.927494247821104523e+01
-1.573965908735404184e+01
2.741465265367494908e+01
-1.610276939122917383e+01
3.827027158927154460e+01
-1.354311257986714168e+01
1.849700334384658618e+01
1.426137546657096777e+01
-3.576027320311717261e+01
-1.419634404630394897e+01
4.913555691831234640e+00
-2.353276798207875231e+01
-2.128643076356161856e+01
-4.926058524562643015e+01
-3.052112410191148228e+01
-2.880942201851672735e+01
-2.478621051756613269e+01
4.762488534962869835e-01
1.028079016515142996e+01
3.828106060390211951e+00
1.371813700292531202e+01
-3.203810990727004082e+01
8.582104251444718557e+00
1.518895820289846199e+01
-3.800156393281206846e+01
-3.507583800811769947e+01
-2.379513482749138120e+01
-1.531624102812013177e+01
9.176091485934705361e+00
-7.357442640901012965e-01
-2.377541412243216001e+01
1.691664988920831547e+01
-1.344230068400202072e+01
2.833714382596144787e+01
-5.016614102527469754e+01
3.564591431561396462e+01
-5.062734559144892899e+00
-2.262555350281934352e+01
-1.414661620282304000e+01
1.038023999379518614e+00
2.521656527281797011e+01
-4.155653464420728938e+01
-6.674317548143648082e+00
-1.140056393896700371e+01
2.523092198499854533e+01
4.708925946096796622e+01
-5.601433913491234762e+01
5.242239057763839583e+01
2.344791456107211047e+01
-4.207663225070158575e+01
-1.802396794419647108e+01
4.464799217480505433e+01
3.349613434732100359e+01
-1.172575911091058742e+01
-3.307251404605182188e+00
8.075918526741908465e+00
4.205005386712184645e+01
-3.198276842347238613e+01
7.170740749252175306e+00
-4.689562192897732018e+00
1.541289437955913399e+01
-4.090257599217406437e+01
-1.873333287313869278e+00
-1.715970757724802098e+01
2.691003087432611096e+01
2.372041980974564979e+01
-4.919029062769851635e+01
-2.691954448449742188e+01
-1.218040173855138164e+01
-2.395620354267182961e+01
-6.576341608360252167e+00
-1.148599038444334042e+01
2.536010031898032935e+01
2.369907306385115930e+01
-1.233800750008384739e+00
-2.584173717741629872e+01
-4.791611833893688299e+01
2.679487534484923117e+01
-2.768374040121026525e+01
-2.046908589802322354e+01
3.351166681658796165e+00
-2.021736872675626273e+01
-2.202397254878448507e+01
-1.613045877303949283e+01
-2.695949942171532143e+01
-1.460431169527699069e+01
-2.927222253600595536e+01
3.154027349907053690e+01
3.461667009728789424e+01
-3.707923472030927314e+00
-1.236294735830443869e+01
-2.557565682734548318e-01
2.560396210395572325e+01
-4.844299369695130508e+01
-1.120318850048400350e+01
2.776476913028062654e+01
3.989773191279610387e+01
-9.471659794882697270e+00
5.585584487921664731e+00
3.089963449544148943e+01
9.350305248809164027e+00
-5.876428073631814186e-01
-2.503409207900745059e+01
1.136343950255076152e+01
-1.953734670358682024e+01
-5.960066236208206192e+00
-1.094018313976411605e+01
-9.278737788592451352e+00
1.275855602554958068e+01
4.457732247063802333e+01
-1.350397352347343372e+00
1.933575998463609835e+00
-5.130525171606555546e+01
-1.067127946478643707e+01
-2.028266184878955869e+01
-6.654030211814188078e-02
-2.642929027922619412e+01
4.805417744235745658e+01
4.575302650327211040e+01
7.923022359877286647e+00
-1.111432493437001767e+01
9.351433873648915096e+00
1.165345115578364243e+01
-2.687618030161296900e+01
-4.728456617307358556e+00
1.064489992963552822e+01
7.506896635892431391e+00
3.104095227221669973e+01
2.279930184646508451e+01
-1.194037052881327554e+01
1.469275491564917502e+01
-5.588374219445368851e+01
-7.135104957616960064e-01
4.918443729134304476e+01
6.733266596317974972e+00
-1.150127902389101564e+00
1.721720435868485310e+01
-1.612516727469915168e+01
5.070193555551158227e+01
-9.363623234689697483e+00
4.536492086745579400e+01
2.208193777817996306e+01
-2.283491649452133743e+01
1.824691908941755969e+01
-1.725308502901664554e+01
-4.075408857402942431e+01
-3.638353284555421396e+00
-3.141185142808075170e+01
-2.965171363297838525e+01
-2.783863993673179493e+00
2.034493446579398324e+01
-5.460792901748462214e+00
-1.769391508705854221e+01
5.053559330981073572e+00
-3.905553436788858335e+01
-3.975216033596765897e+00
-4.681539680870980646e+01
2.758692024218991889e+01
-6.856083564880606218e-01
-2.815470508579142006e+01
-9.402118034199787644e+00
1.043353262589164387e+01
-1.993094618464836287e+01
-2.575534762261452215e+01
5.317814013482615110e+01
-1.365767082562473433e+01
-2.278340211955867289e+01
1.541141053453868892e+01
-9.948647538102441956e+00
3.083332634623853252e+01
-2.541237325407223580e+00
3.947338826684003266e+00
6.100519901520164012e+01
-7.055660474680877314e+00
-2.069142815722912587e+01
-2.427905391017702641e+01
-2.878183783180145383e+01
-1.931748069813056645e+01
1.530955095600734239e+01
1.531046860803172649e+01
1.260276266483650431e+01
4.152694433445765299e+01
1.857657793716640526e+00
1.179534916867980598e+01
-3.594772541157882983e+01
1.493731977903280495e+00
-1.054817323084915870e+01
-1.507038123907830141e+01
-1.912033457751363130e+00
1.904417718671740545e+01
2.159770031060531892e+01
-3.828179141143515096e-01
6.874669492440546037e+00
1.560632957991802883e+01
1.976187385192447721e+01
-1.380964253501588246e+01
-7.145133672386293711e+00
3.956787101224250591e-01
-1.307273564192001913e+01
-2.893297719684710501e+00
-2.025552551303718474e+01
4.485020507127715916e+01
3.635187982466959511e+01
-9.204901297748904199e+00
9.031804330034674422e+00
-2.613597678401090363e+00
-1.693062572206193295e+01
2.016903311804324161e+01
-5.401774621998526982e+00
2.258369310916825157e+01
-2.963427746847337829e+01
1.015669462327227279e+01
-5.619329062579197398e+00
-3.050014296914656597e+01
-1.382105768414749036e+01
1.511506074708951530e+01
-5.169870182749046705e+01
2.431759168476412469e+01
2.639406620302656847e+01
-5.647160030177003520e+00
-3.376880976549898605e+00
-1.782676266402035026e+00
1.414406934339933741e+01
-1.849982683915854409e+01
2.044279239116274383e+01
1.726817753656806076e+01
-5.573580208710967554e+01
-2.004060921178839294e+01
1.345775698954067323e+01
-4.822149469571286318e+00
2.455485481655005486e+01
-3.607877270830056204e+01
-3.009433611155373001e+00
-2.371228963642231946e+01
-7.284337468217901801e+01
4.357409730760348054e+01
-3.306783140821175948e+01
-3.465731214053290898e+01
5.048723709435570584e+00
7.345478038020391409e+01
6.563243058132428587e-01
-1.590815797454558833e+01
-1.759270230865411122e+00
-3.114135159418864873e+00
-4.857238073089190777e+01
-3.470909103401051254e+01
4.642480397156421645e+01
-5.799268403733037758e+00
-2.136115177524942510e+01
2.799674590515007822e+01
-2.033165939841941494e+01
2.090841927671641542e+01
3.016842487109968118e+01
-3.237109617300413333e+01
-1.590476875028059567e+01
-1.966928398203896222e+01
-1.013824586240903614e+01
-1.000426099142430303e+01
-5.879375702202537468e+00
8.096692323535876312e+00
-1.933379656756190457e+01
1.608414411496559637e+01
3.283301758863183295e+01
-5.129630799212527847e+00
-1.151710156583291678e+01
8.255550964354881671e+00
3.172408458304926171e+01
2.955364245826629599e+01
5.507856303715584545e+00
-3.134190107159071204e+00
-4.918891563013644941e+00
-2.876917164185528009e+01
2.179261915109898951e+01
-1.266694448372257398e+01
1.124073501031125488e+01
-7.936312507817262940e+00
1.531651933178025615e+01
1.035679404816487903e+01
-4.563118967561086947e+01
-1.511756361547287497e+01
-4.451611325281788822e+01
-2.021131877303321289e+01
3.015094979410321230e+00
-9.730682725828927460e+00
1.849091628093188433e+01
-1.698870341754280844e+01
2.075765289076080933e+00
6.076419645786813817e+00
4.012252176627748668e+01
2.032428146342118680e+01
-1.710535937473797929e+01
-6.895293920700993340e-01
6.876494368058985174e+00
2.170514839230818183e+01
2.140641443757544948e-01
3.093306075488300166e+01
1.276469155538445577e+01
5.130705608562197995e+01
1.105208233085306802e+00
3.711749355925361726e+01
-1.529084779100335822e+01
-2.136234129450065922e+01
2.528582105368172961e+00
5.271291088597649832e+00
1.519958442025495060e+01
-7.978878753312869776e+00
-7.757395177773616979e+00
1.467653031468863745e+01
-2.743508483030188927e+01
-3.119395620841972061e+01
4.485083356700485524e+01
-3.383152068866195350e+00
-2.216232931956594143e+01
-2.295573692916413222e+00
-7.646021706226918013e+00
2.403661208661398518e+01
1.875391335287994821e+01
-1.141656329326923469e+01
4.438130130260162787e-01
-1.498258443734194145e+01
-1.998017115900154295e+01
-1.515480014275698295e+01
-5.472920227153186090e+01
5.724598337948805238e-03
-3.647902173744310517e+01
-3.152505293445781120e+01
-2.112803806022316166e+01
1.084257814512494633e+01
-2.065948829640731788e+01
1.306623676899008757e+01
-3.465607959121851422e+01
5.899867536809608737e-01
-2.345019161924119544e+01
4.819840280433908219e+00
6.360727364286333341e+00
1.886291277796286181e+01
-1.187864862449677616e+01
-9.048647138031867598e+00
1.670981887132512256e+01
3.355386820798398162e+01
1.857876270747135550e+01
4.719225969321200864e+00
-4.060117454341315124e+01
-9.617769765908121826e+00
-1.788486536114032788e+01
-3.422350908654982504e+01
2.290418704837185260e+01
-2.053881419512703133e+01
-1.858448883384681949e+00
-1.586755697133260412e+01
-5.646893937506371230e+01
2.928478541737575824e+01
-9.962961499736195492e+00
2.294183043437902825e+01
-4.042788512648222365e+01
3.814446007887201517e+01
2.062892532331972006e+00
-1.629854665757325094e+01
4.860534695656980375e+00
-1.181761553791358210e+01
-3.712848759030018186e+01
8.202514001201336669e+00
2.013187307841090501e+01
1.001762581934201535e+00
-2.049737467380208500e+01
-9.241408840786363044e+00
9.922584004001890889e+00
1.807352908287424498e+01
3.568539732664847008e+01
1.341200614515662437e+01
-1.315189349377004646e+01
5.398291498751979134e+01
1.358845755326596461e+01
2.401057329948211816e+01
-1.031483559583801934e+01
1.585043250872885778e+01
1.107446222015519766e+01
-3.510086994899583601e+01
-1.168123399322706746e+01
-2.313643488883450061e+01
-2.086191429181900503e+01
-6.809388270664442189e+00
-7.862241886909203004e+00
-2.385414282166996713e+01
-6.274497118250603478e+01
-1.633737304379073763e+01
7.100209269662457245e+00
5.134406219289530782e+00
7.834382679239936920e+00
2.628138555314666291e+01
7.969291368623807159e+00
1.837884389439406618e+01
-2.358926648848854768e+01
2.588801924539319543e+01
-2.573964011863776591e+01
-4.072938596881380136e+01
1.240453468570257201e+01
-2.441062425167078231e+01
-2.223860664702482381e+01
-8.975862585311350017e+01
-6.546243527950650787e+00
4.616521229083917888e+01
2.400190489723349430e+01
-5.808586535575841481e+00
-7.803643316968361887e+00
2.132308467562117471e+01
3.764491509779571743e+01
-2.355635646445368536e+01
-6.095269692955071150e+00
-1.925102678528816114e+01
-1.989297222054233316e+01
-1.740991512017878051e+01
7.189890167580127667e+00
4.008051001910283162e+01
-3.692233994143307996e+01
-3.174814701902272418e+01
1.843627922243229023e+00
-6.031513760706616267e+00
-7.577751360600164077e+00
-5.107377331037019985e+01
3.556781250033273523e+01
1.358908109930450792e+01
5.283051892806163607e+00
2.742287776592107207e+01
-1.855153880969984925e+01
1.753871315166520617e+01
1.574288106911407681e+01
2.083641351998068103e+00
-3.458808584009428699e+00
5.008373070772032420e+00
-8.931133561093314910e+00
2.869215139935874959e+01
-2.270838731240613129e+01
2.436925854962197491e+01
5.462908337458117103e+00
8.161886151250911325e+00
1.287889952780631120e+01
-4.921184929355001714e+01
4.755521472258266158e+00
-3.792450477466576331e+01
-2.774018568935736084e+01
-2.775141479392294741e+01
-2.826038408089738141e+01
3.225961157521624045e-01
9.476007628496404323e+00
2.819347433351887844e+01
4.906335863754634374e+00
8.130563053972455378e+00
-3.976400916383164486e+01
-1.446539131290717251e+01
1.925960840206970204e+01
-1.124661365515777334e+00
-2.546526495760303987e-02
-5.015193631270562946e+00
1.984793019460272490e+01
-5.169458774354387742e+01
6.393411156153799624e+00
1.150735379114168211e+01
2.447718517199973576e+01
2.094831504954523638e+01
-3.204678370229284212e+01
6.360708533377788854e+00
3.307008094887450511e+00
2.689787870677037063e+00
3.334316718735664153e+00
-1.067694596692783193e+01
-1.997545526888006862e+01
1.069941621595862102e+01
3.404882669092734204e+01
-2.843657950917759081e+00
6.540632398147891990e+00
9.585157899843750329e+00
-1.452230511779191602e+01
-1.536393161323448453e+01
-6.754099532312636711e+01
-2.091096518377790403e+01
-3.087871437541791408e+01
-3.809137868678305949e+00
-3.819776672813594587e+01
4.251242815147918463e+01
-1.772346092728616895e+01
-3.033701630339709254e+01
-8.757784477238533327e+01
3.761409900451309340e+01
7.544257783245683413e+00
3.397033850486010920e+00
-3.545352603638437472e+01
4.979483653197974036e+00
-1.125420371755416227e+01
-1.853559773283527434e+01
6.602211912925529447e+00
1.909004776923524105e+01
4.151583705519882983e+00
-1.199789178906075904e+01
-1.492368656641360758e-01
1.554799210754964633e+00
8.913424942315714361e+00
-3.596216574911469621e+01
4.080825381807684948e+01
-2.425496341736084815e+01
-1.692492037991634390e+01
-2.767157632781231769e+01
-5.880246301442745960e+01
5.095131149420019767e+00
-2.958934874737261111e+01
-1.080090609481075603e+01
1.846836522392385405e+01
-1.461158440808819137e+01
-1.949515475887551474e+00
-6.643725939231501343e+00
-1.139749328825928387e+01
1.793288027095801596e+00
3.069506412673631246e+01
-2.847989775315074468e+01
5.627620123360716775e+01
-1.276937680006642495e+01
1.892595283950988971e+01
-7.752829938574087976e+00
6.453943155232778395e+00
-6.168118881640936024e+00
2.480951719624590623e+01
3.469945874248478646e+01
1.081958913434039715e+01
2.609440755883120744e+01
-2.013274761829852366e+01
-3.719238908072817651e+00
-1.265318610277307698e+01
3.880060137288188571e+01
3.258393364753862897e+01
2.462064341088336050e+01
-8.690083289275833067e+00
-1.573218543331586261e+01
1.405995543449210317e+01
-1.586504372980512301e+01
-7.032575787404368839e+00
-3.271719286251737913e+00
-1.669103258313174365e+01
2.810630617078250282e+01
-4.659476747138796782e+00
2.145505932409265881e+01
1.103512933297285592e+01
9.776781282836061848e+00
-1.871338480798246451e+01
1.501533201351284674e+01
-1.034056948994265213e+01
-6.661117924849861538e+00
-1.763187474796467313e+00
-2.722809938347683101e+01
4.217525606994308873e+01
-1.507228883035663181e+01
-1.770372138808625095e+00
1.256922254281545293e+01
1.085752954212162535e+01
4.189209363644719275e+01
-9.744133281171428962e+00
4.261214162975417707e+01
3.822217727030096057e+01
-5.298146165450503986e+01
2.874220829560549362e+00
-1.049912648010985095e+01
8.831495204246181174e+00
3.348756358924262599e+00
1.120702907580704277e+01
3.524204389019403294e+01
5.513930281904756470e+01
-4.247541850944409703e+01
4.277464435995648273e+01
-5.532575546227214147e+01
-4.587318645794442773e+01
-8.150955707675407780e+00
5.342382206112006315e-02
4.116564765155899863e+01
2.024599996774531974e+01
-6.827236157600196975e+00
-5.044024187202427356e+01
3.988292312448486854e+01
-2.360585162325099873e+01
1.001788283549274183e+00
-4.009159429762910065e+00
7.117773113041428701e+01
-1.432486530548118253e+01
-6.034414328424298901e+01
1.769960139460482651e+01
-9.193457800237615629e+01
6.510792712674629001e+00
-2.062779407734569759e+01
-1.038924128613405173e+01
-1.534178176242588165e+01
-3.303510449208192767e+01
2.163406271585006380e+01
-2.145719552040070610e+01
-6.616469182406206073e+00
-4.459162968800578142e+01
-2.468221349056676672e+00
-2.954137648521025028e+01
-4.216629439284395175e+01
-6.424822321263678759e+01
5.193684207437854639e+00
-2.009235325211670897e+01
3.484996769595682053e+00
-7.938250044554024498e+00
-4.592762627584045276e+01
-3.671704358210156016e+01
-3.083176000232401748e+01
-3.201322659046184071e+01
3.011221354158029584e+01
2.910256551825213478e+00
-2.815073272418764816e+01
-1.226795087334113532e+01
-1.388871283655774391e+01
2.272477870141389289e+01
-1.758475263154445756e+01
-4.348915636688950315e+00
-1.583388978117540091e+01
-2.022119855549203749e+01
-2.285333994461872464e+01
2.089075522795090478e+01
-8.782903585926817414e+00
-5.230959035694485237e+01
4.361040612750872469e+01
2.488980898404718189e+01
1.513740265236663163e+00
-4.413389107710622739e+01
-4.235069072206601959e+01
3.909538569374774397e+00
4.256372329522832842e-01
-1.788401648957301404e+01
-2.591546125848739024e+01
1.777259183395256059e+01
-3.128590282335011352e+00
1.486909559548359994e+01
2.770939512263311144e+01
1.798393421977053208e+01
1.805101172179230673e+01
1.350843354374254801e+01
-1.182628183772916941e+01
-8.415673350765899841e+00
-1.225628204467093596e+01
-2.076428849341010618e+01
-2.421578798922581655e+01
-3.603457067910716205e+01
-2.106709311318569178e+01
-5.778831793384455295e+00
-4.351130017608863909e+01
-8.051393773793222408e+00
2.060915096942739666e+01
-4.461779677015096013e+01
1.682959358198280597e+01
1.518222731509706591e+01
-4.067733518817658478e+01
-3.210320812225569398e+01
-9.711955601053745113e+00
9.946132474262327605e+00
-2.229249065632990323e+01
4.092419905757633103e+01
3.633045458309084097e+01
-4.375482866761973355e+01
2.534720460169091893e+01
1.970451538731168739e+01
4.960270296378041621e+00
1.228113351164577693e+01
-2.422990484550354040e+01
-7.389271818258066560e+00
4.676811177675631370e+00
1.088987736875861856e+01
2.397159529687426271e+01
-2.906899656169762025e+01
-3.375846272221338040e+00
8.485593201658048201e+00
3.002533943594841048e+00
-1.688700843007569574e+01
1.237391435903835202e+01
-1.449735819917550828e+01
-1.162197256633534437e+01
6.710147901383436420e-01
-3.449115383783524180e+01
1.681567622408110196e+00
-9.593367452180416421e+00
-7.839549803523027549e+00
4.748056556878140100e+00
-3.079649237744280299e+01
3.361098127165243454e+01
-1.429633248210063812e+01
-7.559595811762517314e+01
-4.841192505721539874e+01
2.099184578883982510e+01
-2.292419556346445120e+01
-1.067869637870086308e+01
-1.490620720465319948e+01
-1.038609692869066237e+01
-5.716382513131756582e+01
-3.610569160294119229e+00
-3.535132845618051078e+01
-1.950417068178120417e+01
1.208614482349184982e+01
4.462655113769491777e+01
1.591520335046194390e+00
-5.603529059921328326e-01
3.379262408012873209e+01
-3.139513918978491347e+01
1.813073836353230917e+01
4.332355366336685165e+00
-2.704174189419370578e+01
-1.444316117055194582e+01
1.263754625514360441e+01
3.553355129245119315e-01
6.880907120560564749e+00
5.885790055145704969e+00
-1.343013354924744363e+01
-1.839642636152871091e+01
-2.836588131768303356e+01
2.794557540454835021e+01
-3.661987527479234927e+01
-2.718068179358850500e+01
7.085608249618871923e+00
-4.939263409133963023e+01
1.275900958927496731e+01
3.637160397575826210e+01
-4.108742801269428924e+00
6.587850784013454586e+00
-1.633969621475011991e+01
-1.249070533042345232e+01
5.903057418766252340e+00
2.157860711460340752e+01
-2.204282704471400223e+01
1.533964224248708774e+01
-6.023179391281047401e+00
1.704417428063351281e+00
1.316549250916790470e+01
8.502595580627613003e+00
-7.289440023388834788e+00
1.376880029382618886e-01
1.090061343646397063e+01
1.622347140564630763e+01
-4.076795830025514533e+01
1.873369631879882036e+00
2.926734241822435223e+01
-5.246548234607996619e+01
1.724963728093915449e+01
-6.624122233961874429e+01
-6.102387607702425498e+00
-8.418154361509792238e+00
-2.963913850232415825e+00
-6.884704495259029500e+00
-1.429982733213554980e+01
-5.376570934341714292e+00
6.821847214131125270e+00
-1.509243318787496335e+01
6.842747407364910828e+00
4.974298936089195422e+01
-3.440648317244077248e+01
-1.500863186366856894e+01
2.260158100895301914e+01
1.364754504194536366e+01
2.480472523001439811e+01
1.193954445446337331e+01
1.201457798550143963e+01
-9.126385158067989778e+00
-2.785667652428433883e+01
-2.566809490110318848e+01
-1.529878504068489065e+01
2.626996586576652248e+00
-2.396599339199917722e+01
-7.922841204942848492e+00
4.138583481597578384e+00
1.349317295842769227e+01
-5.791803224810625039e+00
3.382975388438504183e+01
-3.278310503315447022e+01
-2.236225453757811010e+00
-1.760568188635115661e+00
1.560704558221735283e+01
-2.228674087855056030e+01
-1.411287778750153166e+01
1.067302144723517898e+01
2.552290255879779579e+01
4.232293183329210251e+01
1.813698939864019621e+01
2.370628214389982702e+01
-1.583309329203063953e+01
3.570402740925464968e+01
3.742606516574105058e+01
-1.482393561404990123e+00
1.938250431230264326e+01
2.137785791960963877e+01
-1.331753608784991627e+01
4.796731176006460373e+00
3.438523207451220287e+01
-1.367830066484393114e+01
-5.214340105025257799e+00
-3.414040270224739260e+01
1.347654525583581631e+01
-7.256448533703931503e+00
1.114617743976765496e+01
3.331196885368683525e+00
-2.253021895231287886e+01
2.580230551078290091e+01
2.270641006426561148e+01
-1.521108480314026679e+01
1.078300527418366528e+01
-3.453948923498978729e+01
-3.005212142970022882e+01
1.399629657369081315e+01
-3.854263107861824267e+01
-1.740091260555119845e+01
2.936200296174831692e+00
4.676285544120631243e+01
-1.437611768643881760e+01
-6.930613423940030771e+00
-1.016354138287795195e+01
6.339481328911416824e+01
7.912577865604667693e+00
-2.433731135621498254e+01
4.003150519759907411e+01
3.545668714662840415e+01
1.776425614288729093e+01
4.248052726664980128e+01
4.854344557339928201e+01
-4.250951515885567744e+00
-1.567515805732539036e+01
-1.642405436553411846e+01
1.630322343399355134e+01
2.121103075207867050e+01
-3.881284529388324245e+00
-1.306286254348952980e+01
-3.451568179550110926e+01
-1.428114235204816396e+01
-2.552870189817292612e+01
1.701435779595456665e+01
9.651959614083921224e+00
3.599053001549060582e+01
4.179291776954840998e+00
-1.331161976439813088e+01
-4.782285255464252316e+00
2.230073215282708787e+01
7.070955648130734517e+00
3.075352510914427739e+01
3.149693408830768249e+01
-6.836220110250337711e+00
-6.077804300264389781e+00
-5.669297308780357980e+01
2.858567799414647226e+01
-6.999588033302188705e-01
3.057128450039907364e+01
-1.222447396809808140e+01
-3.523760554573702564e+01
1.190487657145516209e+01
4.112315562282935844e+01
-1.478635734775649979e+01
3.732308236167978066e+01
-4.108326920581326647e+01
-1.299221673236360175e+01
-4.585797793071026263e+01
1.078118663236520547e+01
4.570516792334046841e+00
3.036221276492966581e+00
-3.506725824410904124e+01
5.106865933711543448e+01
3.056325716712774465e+01
4.973189572798048630e+00
-2.904753065989666538e+01
1.221822590005317011e+01
-1.315994530018650721e+01
-6.978746416001399666e+00
-1.348811681230006343e+01
1.034106728384124807e+01
-8.125212826886127004e+00
-1.135121378061245423e+01
1.173133187859684767e+01
1.457800789344076975e+01
-4.824051556439439992e+01
1.118498533317122678e+01
3.799760751105910117e+01
2.262617524450078577e+01
-5.903882505153133842e+00
8.732056449835567946e-01
-1.975669806342045831e+01
3.265108600421575602e+01
8.762305683187690875e+00
-2.363334311758279682e+00
-4.198422004368921989e+00
6.013574214130409246e+01
-1.780279538439174303e+00
1.376470156975577197e+01
4.195944311133325755e+01
5.408371563437295038e+01
3.494525449968989506e+01
2.281387296738560622e+01
-3.730810906608250832e+01
-2.546428070805353627e+01
1.935387970870989705e+01
3.873709023551043629e+00
1.776034393429148395e+01
8.927779340073243475e+00
3.451250616883859834e+01
-4.345805403872978445e+01
-2.737545193903127938e+01
-6.467542112512148833e+00
-4.798386428477698473e+01
1.069349058284485920e+01
2.466646959922803717e+01
3.850593375223809289e+00
-1.244635609498715212e+01
1.301641401586383040e+01
7.748928631681701518e+01
1.730761019685542124e+01
8.830595062335476086e+00
-2.634863096253170056e+01
-3.360177096275077702e+01
-8.216273574911248545e+00
1.850394919427378682e+01
-3.336635135395681573e+00
1.327964924111633849e+01
1.954943722922268989e+01
-3.202591339334910003e+01
1.461893404433595833e+01
2.479403963518257115e+01
3.163187556977914028e+01
-3.702184461914725944e+00
2.604027602492919868e+00
-5.625165111147396146e+00
-2.708371411191370726e+01
-3.886335997409850052e+01
4.449003447304134795e+01
-4.330233714103471243e+00
-3.093830644172223288e+01
3.024317880841664419e+00
-1.449612755401875575e+01
5.080227326232684959e+01
-1.304014175219253957e+01
-2.004597412123888489e+01
1.944751024900273251e+01
-9.171214983021471312e+00
2.492268806957488891e+01
6.947368111684113501e-01
5.439565322630951982e+01
2.947566679957354552e+01
2.209623471736907874e+00
-2.081690697974985937e+01
1.535753167441413325e+01
-3.014409619503950921e+01
-4.882814103450499488e+00
3.428767356159045221e+01
-1.563156530506597619e+01
-2.512082553199991253e+01
-1.354058840765438276e+01
2.799477486196826703e+01
7.082522616088375855e+00
-4.637620043504854550e+01
1.861038196146122914e+01
5.222766615693984704e+00
5.151657879405078688e+00
-2.816298533670976667e+01
1.633454729244220971e+00
1.890504733739683729e+01
2.681850613754326673e+01
3.682192502057235117e+01
1.615903120282992944e+01
2.212291623137076613e+00
-3.023300261928741861e+01
-2.614453489485015325e+01
-3.864796447284489034e+01
-7.321775726921998739e+00
1.774345340542495819e+01
-1.401730966110790177e+00
2.870534019191245534e+01
-1.828207173370753935e+01
9.184693454461978490e+00
-9.719183298012964656e+00
-1.670131593378919277e+01
3.421446006679310869e+01
3.963905776383370494e+00
3.516708528243464116e+01
2.674391726770352307e+00
1.247333902403626382e+01
-1.003411622811842108e+01
3.398830807998031389e+01
-9.275227549214832834e+00
3.374577716220823476e-01
-4.370525396235746030e+01
-5.382971821200897011e+00
4.003131504295245691e+01
3.581040906411681135e+01
1.503258918268307553e+01
-9.266620134593807734e+00
3.084152022718882336e+00
-1.172008892018229176e+01
-7.728727297754332426e+00
5.172998872648314972e+01
2.792653679168154213e+00
-1.466239180150526522e+01
-6.070395084308889011e+01
-2.663886857921355045e+01
-2.150899639643301953e+01
-3.592217403128307751e+01
-3.253464098533402193e+01
-3.877620379961405206e+01
-2.570698875599282474e+01
-1.783765814735204458e+01
-2.769061156310695537e+01
2.628798405068691224e+01
-1.169455041970786624e+01
-4.960879843809476597e+01
2.253899405427259239e+01
-1.707206132060096593e+01
-4.552384927622776445e+01
5.447074924226392056e+01
-1.457523950342085328e+01
9.637459738596476200e+00
2.250017620848382194e+01
5.018285406570100804e+00
1.491252502050997464e+01
1.816273795777647138e+00
1.096872682241958330e-01
-8.312485148510923239e+00
-4.230317175189568957e+01
6.671965397182859192e+00
-6.997075083673303197e+01
3.980151139803875537e+01
-2.389270238445035943e+01
-9.904381236594161919e+00
-1.023047332841611023e+01
8.410033846294698634e+00
-9.609797774207748944e+00
1.518685174967275486e+01
-3.102837762725381765e+01
2.015303408315426736e+01
2.422522065645594580e+01
5.907590149852978811e+00
6.420050522714774388e+00
1.214373146039574181e+01
5.089635288722831774e+00
1.555520008302170254e+01
-4.483307516008395055e+00
-3.945575860149124026e+01
5.391294432574142093e+00
-1.396621753097218743e+01
-3.033225123226088726e+00
3.105250111539211844e+01
-4.521846348138277705e+01
7.818004014710595584e-01
1.177515496217523605e+00
5.149115018806185162e+00
1.764674446240589134e+01
-6.865885220815201251e+00
4.678481748108862348e+01
2.483095653366905253e+01
-8.662092213199471757e+00
-4.282668147537350478e+00
2.118475244795348544e+00
4.337922151200712051e+01
-2.984031071092982756e+01
-5.806122621870065359e+01
1.736877211018807543e+01
-6.861109961994046103e+00
-9.416811774502235721e+00
9.326522842592197549e+00
4.286438424343742781e+01
2.502055746966095739e+01
-9.064246051466284371e+00
-2.965451604961438647e+01
-4.807570811849579684e+00
1.593929471158501343e+01
-8.628885057905563372e+00
-4.213288925432402721e+01
-3.416732403854112476e+00
-5.386635504858827517e+01
-2.866429073284731999e+01
4.640339993753137549e+01
-2.946722370263756829e+01
-3.863256952846248282e+01
-2.918425413330050588e+01
-2.090413952790422059e+01
2.047677279147146123e+01
4.772104949076789637e+01
-3.729711253454581765e+00
1.465642674543060764e+01
-1.202573699814249153e+01
-3.938823134245652113e+01
2.664148116133859645e+01
-2.674565465385273910e+01
1.482483250076700187e+01
1.813268838309976161e+01
-6.013625181465755531e+00
2.145879075486564602e+01
2.339126424768198120e+01
6.442150727922614806e+01
-6.787683519502820673e+00
-2.936778058864544505e+01
-3.573885146281730840e+01
-9.715884190874753301e+00
-1.903110722346319150e+01
5.375845637556921019e+01
-2.493779603769903019e+01
6.552868954295739456e+00
2.799208923646574476e+00
-1.252636890627775301e+01
-4.826078933470711263e+01
-3.565131784670143134e+00
5.607362837112273724e+01
9.850337140540176506e+00
4.272790568372528242e+00
-3.284176549853638960e+01
-3.271286216711109773e+01
-7.984383906237777495e+00
2.616414322515549884e+01
-1.446277384379826003e+01
5.852641826978651807e+01
-2.752699792188229821e+01
1.068983064384735826e+01
-7.833034598647543589e+00
-3.690659162018641837e+01
2.451739944396877036e+00
-2.918754402952970395e+01
-4.206755818274928060e+01
6.291170303201909064e+00
1.083088849675959864e+00
2.975138071887350577e+01
1.343935614944481927e+01
-1.912056777714499489e+01
1.225649978753614278e+01
-4.978072998486556600e+01
-2.726647428892277958e+01
5.080924829778368945e+01
4.710935070711919082e+00
-6.058896766830798697e+00
-1.696237034476686745e+01
-2.481171159657549197e+00
-5.631119249977587060e+00
5.067712953521618147e+01
2.369704782643773200e+01
-6.758026695892965563e+00
-2.026227327801336742e+00
-2.241003800595455786e+01
-8.945593766016258996e+00
-3.588309723859845235e+01
2.812727366703597554e+01
3.982834822859317114e+00
5.888069667502804805e+00
1.019068352780624309e+01
-4.560540324458727923e+00
-1.170520785731724800e+01
3.050140508241214299e+00
-6.160620591732187279e+01
-8.821473705981446756e+00
-5.826666659597606213e+00
-4.408998685916785121e+00
2.745860644997210898e+01
3.700178362050490932e+01
9.855508847629437241e+00
-5.420865186641071887e+01
3.543469537462721064e+01
-1.220473417978587349e+01
-2.131493417028664794e+01
-4.964258007394924732e+01
-1.716401777784444960e+01
3.534446300651654838e+01
1.737123300950128169e+01
5.739389339588115035e+00
1.916716567146170291e+01
-3.323120386566901630e+01
-2.647916920575242727e+01
3.212261037109522022e+01
2.215613145280636331e+01
2.735708874976876359e+01
2.766210829937136850e+00
4.800322185650145457e+00
3.104847417519044939e+01
5.496664374931191333e+01
-1.190590689078910458e+01
2.189686065456123742e+01
-1.468852001511953631e+01
-2.495940353482138363e+01
-1.970870615443240581e+01
-1.980781974187297578e+01
-8.253319615575634316e+00
-2.707573658648320247e+01
-1.117187227072719224e+01
-7.725264074264704561e+01
1.931842644037533319e+01
1.261310279340515095e+01
-2.691335002272388977e+00
-2.209071221356225578e+01
-1.053700452709892943e+01
-3.123531898148161190e+01
5.604425998486249227e+00
4.586138432959542399e+01
-1.257657477600429274e+01
-9.602072314437052114e+00
1.191028739065870923e+01
-2.905772029456127825e+01
4.817797815609371526e+01
8.376543240056705031e+00
7.945761557964374333e+00
2.816989432361589252e+01
-1.392706667711422597e+00
3.184949434040572669e+01
1.074888938681709760e+01
-2.261052595563597833e+00
4.679017008839110758e+00
-3.586922975721677176e+00
3.768922202100776531e+01
4.878580139992436671e+00
1.031481213203284142e+01
-6.598219443814429042e+00
7.989750031342666148e+00
-5.245949133412671017e+01
-2.001280890192066408e+01
-2.772114320844809754e+01
2.698069903173916373e+01
-1.818522896236737552e+01
-3.414099446838827134e+01
3.286838312481938829e+01
-6.939745755391300008e+00
2.303652560548769657e+01
-5.119356633831449699e+01
1.057261459750217547e+01
2.954761616393497548e+00
3.471072536441170087e+00
-6.607876671943415658e+00
-4.116556099874060237e+00
2.884002177417727353e+01
1.047917447815365222e+00
-2.881278723733439051e+01
-1.064365913858773638e+01
1.251085805125440231e+01
-6.532558730104254607e+01
-4.997516632912979162e+01
7.461562200070090967e-01
7.954062506592741499e+00
-2.667216956956052343e+01
-1.096713880183330048e+00
5.971259721907364337e+01
1.589951281123228455e+01
-3.055617433434707664e+01
5.302961119979897830e+00
-5.260509196448893476e+00
7.089991341759088073e+00
-2.017442725524654179e+01
1.246192384929171482e+01
1.492387445620613562e+01
-3.932673212958320619e+00
6.325964293705200703e+01
-4.503560461104498813e+00
-1.790476031633926368e+01
1.349122753416492060e+01
2.434696495569852459e+01
-1.916325899135543409e+01
-1.031247533018888163e+00
5.547078120814379076e+01
-1.612365829557973029e+00
3.326651053252874135e+01
8.287246821683197595e+00
-3.974221060970521080e+00
-1.286591254069486467e+01
2.957649106403381722e+01
-3.165055456312082782e+01
-6.113902055309665684e-01
-1.030841092578015150e+01
-2.250061680143767262e+01
8.488269424825222842e+00
1.503097182522559905e+01
2.447615858422238944e+00
-2.251794284577499639e-01
-2.252260973052673876e+01
9.184798674059905466e+00
-1.875396592319759748e+00
-1.284061058550955181e+01
-1.142672021682299288e+01
9.387925996977543264e+00
-2.110854261982694879e+00
-2.141532368743074244e+01
-6.172287363249469649e+01
5.899892752792851525e+00
1.094204321748453879e+01
-2.744164017478067308e+01
-1.352205349338038332e+01
4.681806912402296916e+01
6.333081868480633148e+00
2.231193827247273020e+01
4.879990032038392656e+00
2.254612752088264926e+01
3.235587253500710858e+00
-2.205249701025034881e+01
-6.123373272275998147e+00
3.085810311177539234e+00
1.780366474928277398e+01
4.273467570375004243e+01
2.787538093912621662e+01
1.704435649100730643e+00
9.637647645334766366e+00
3.430838940482404098e+01
1.496007046922712291e+01
-3.929289726336227773e+01
-1.563229923311646985e+01
6.348630829148731891e+00
4.832364831635715063e+00
1.396053050898910897e+01
-2.935921797904524055e+01
4.000113748130559088e+00
2.447944611083357813e+01
2.710100661485315499e+01
-2.434995363008249569e+01
-1.315479544612685459e-02
-1.247555760837940397e+00
-9.646189700126456046e+00
-1.610336149596896860e+01
-8.765238059627847633e+00
-4.954839896297336566e+00
5.726830432898680101e+00
2.396403479601695352e+01
-1.749975436354333169e+01
4.586303644566572757e+01
1.857982434293816709e+01
1.518610638106957822e+01
2.006065784719303480e+01
1.537285449278321892e+01
2.056742243125967562e+01
3.101267160072275431e+01
-2.580812936086421416e+01
3.529427687681309322e+01
-6.463694656821057549e+01
1.795224660306218922e+01
-6.059381905762538167e+01
4.729700547420691237e+01
4.271356114105938673e+01
-5.328196558255370974e+00
-2.731431523970215380e+01
-2.405326937743211602e+01
-3.119683240128094326e+01
-3.590262016940329204e+01
3.205623906646687260e+01
2.384539291894100188e+01
1.355312317703510416e+01
1.607835802090318111e+01
2.529784437255591456e+01
-2.221143871023269867e+01
-1.004756477368874812e+01
3.126416445015453860e+01
-7.396781735668440660e+00
3.025010140808083747e+01
4.220972363672919414e+01
-3.254298859183862191e+00
-4.150648509057788260e+01
2.810261827838644422e+00
-1.453076706550744390e+00
-5.779239263211024991e+00
6.468991525795786401e-02
-3.697308030733677242e+01
-7.164960972991892163e+00
5.015816727034501099e+00
7.520518006411492706e+00
2.767811738667639077e+01
-2.418405183858881458e+01
3.163158031464223541e+01
-2.261304389442196339e+01
1.451773881010217337e+01
2.289938998714816165e+01
