-3.468548728988128005e+01
-2.014040744094529600e+00
-7.156198155605977718e+00
2.405600291185032091e+01
-1.192595634982833985e+01
-9.217526463538035841e+00
-2.407709690030424099e+01
-5.033023855187693130e+01
-2.149987535091113244e+01
-2.259077194393580612e+01
-2.097582731030203718e+01
4.270549772583374093e+00
2.000990902658159598e+00
-1.073157941391897907e+00
1.730288435359852883e+00
2.650552390689517779e+01
-1.021751693448256049e+01
-7.208349165189332552e+00
1.171866631180137119e+01
-6.194354622343888650e+01
3.103326749265559670e+01
-1.329224218087358622e+01
-2.400060081178772009e+00
-5.603056077951691805e+00
-9.536056246013231430e-01
-2.142293314061248566e+00
4.803715049850748642e+01
-1.501117217521232305e+01
-4.035005801895806599e+00
-3.036505579711517555e+01
3.924253972498343046e+01
-4.343702996163699481e+00
-2.135007758956743373e+01
1.123604276906333155e+01
-2.049744705106405718e+00
1.300982603566359330e+01
-5.388505086590384963e-01
2.740141260439031612e+00
1.892408906455427342e+01
-5.466594018403716859e+01
3.045494434066287681e+01
8.133746977466316253e+00
-6.266249098515459082e+00
-1.749537430799007609e+01
6.892285096107599429e+00
-1.095465862309939098e+01
2.488692032745893812e+01
1.989987890464220754e+01
-1.281247984397629125e+01
-1.636540886610021062e+01
-1.727361168655841084e+01
-2.080547634346214636e+01
1.056275910083482472e+01
-2.709987721123576421e+01
8.304460003904239329e+00
3.464073373468957584e+01
3.990209580352478014e+01
1.859813745611832303e+01
8.319798259878652402e+00
1.735366461783939940e+01
5.090173248975855813e+01
8.590934712793284689e+00
-2.985882179954455751e+01
-6.044498593364892258e+00
-1.409159397397664293e+01
3.326772162173941183e+01
-3.942771868501419874e+01
-3.432520627529078183e+01
-1.748813113885073278e+01
-9.825004977562855402e+00
-2.241354543128403520e+01
1.570776222432125735e+01
5.188852098447682692e+00
7.825869684188319297e+00
-2.166687938402272096e+01
-1.897214303122692058e+01
-3.272315600243886990e+01
1.801651834942009600e+01
-1.876230432509421320e+01
1.694089515623568332e+01
-5.401795085130164153e+00
-1.489278450380396635e+01
-2.868510865813446742e+01
-8.502956881549835089e+00
-6.106966492218361964e+00
-6.886588812367890000e+00
2.237782840133784745e+01
4.192741760508127413e+01
-2.465712809460579535e+01
-4.299221645011900250e+01
-1.078554040730621466e+01
5.951408909205173359e+01
-3.246200443318755902e+01
1.791406176106374915e+01
-6.526368486525200296e+00
-3.341070365588697655e+01
1.383067193219319790e+01
1.957157394200709177e+01
-9.656427882513355598e+00
1.835118175638837101e+01
-1.343729538108641464e+01
-3.131101328948179230e+01
5.256124079411654293e+01
2.504350841390692040e+01
1.419066620936399659e+01
7.876425870376635885e+00
1.495914876531814741e+01
4.525565342556424753e+01
-1.478048790293802028e+01
3.350557400875061376e+00
-7.577822910278126756e+01
8.814644980773167049e+00
-3.711346541786132036e+01
7.783024997938383649e+00
1.222436389002227486e+01
-2.000373230891671028e+01
-2.836402391563393621e+01
1.202889784349849833e+00
-1.687426928492038769e+01
2.138468946333557597e+01
-2.782107503237419621e+01
-3.067241215354329142e+00
-2.016353908401451633e+01
-1.963480415433252801e+00
1.114532230632534038e+00
1.247850003909346128e+01
4.134509650058930674e-01
-2.906767266560564167e+00
3.567287305398834008e+01
5.050381730377867484e+01
2.726197274177352625e+01
3.942672607488189840e+01
-6.502123170174236577e+00
5.562446113526902991e+00
2.948819977970651962e+01
-5.005129900390983266e-01
-4.219785955849806669e+01
-2.262097201310148264e+01
-2.812197348883734094e+01
-1.537426527439075841e+01
1.589088971838407360e+01
-6.593001118356556844e+01
-9.262855796568914002e+00
2.460082001148920483e+01
-2.080900981804435901e+01
-1.727566759923047357e+01
3.309171042544937791e+01
2.471457270188255961e+01
-1.836777750086238825e+01
1.543502940865002415e+01
-1.409887828053952319e+01
1.896713544589092493e+01
1.869633886406461443e+00
7.369755997473205866e+00
-4.737599270340709978e+01
-2.628750144907026964e+01
-4.828543738280927755e+00
-9.002907641508572922e-01
-2.269946145431043760e+01
6.037458682291230616e+01
-9.686105106996137692e+00
-1.792884903311625067e+01
1.977525446472878912e+01
-2.551291998552498796e+01
-2.033454179131737760e+01
1.816236527318733351e+01
7.104120327705061300e+00
8.539825159359452300e+00
8.723480938522612860e+00
-6.130028953782016288e+00
8.862642426893273750e+00
3.239853218654714340e+01
-1.471911633057419522e+01
1.067507867422966683e+01
5.054467289989847245e+01
1.814651762550521141e+01
-4.203058018701597121e+00
-1.136225499427644081e+01
8.649648700805100532e+01
-1.184460430931267183e+01
2.082457125839138712e+01
1.439233920016522461e+01
1.635828912786611511e+01
4.912707570220521802e+01
2.661328369661913484e+01
-1.517829079466221032e+00
1.345811085988418654e+01
2.726275489983135003e+01
2.000501013370677583e+01
-3.234926034850724363e+01
5.234613602213363492e+01
-4.661986825106055221e+01
-6.828227113827786354e+00
3.058906452072488946e+01
8.317374842815926428e+00
4.155888455913270718e+00
1.575332650772189425e+01
1.242439470790961309e+01
1.912468192994154492e+01
-3.475166339749694089e+01
2.206345101839986000e+00
-1.476254124253046029e+01
-3.712015267339666025e+00
-2.460552554434968897e+00
-5.942262958141112605e+00
-3.191548609213526788e+00
4.654302659046919644e+01
-4.708453559330180838e+00
-1.443804030027190777e+01
-1.443069959795568735e+00
7.218946864274826680e+00
-3.310553397814166487e+01
-2.841623032459082765e+01
-2.013925223722469582e+01
-3.431213954139823841e+01
-8.882842763675419917e+00
-2.317288408375805275e+01
1.013785045635341930e+01
7.240781300892251693e-01
-6.953043626851979297e+00
-4.587238661143473450e+00
3.185702062920498179e+00
-8.139402503331780281e+00
3.780478237645628781e+01
-4.802097340584396079e+01
-8.413338310892218175e+00
-7.507633880382311276e+00
8.856728466022104840e+00
1.250064326192543263e+01
-2.609219137981892800e+01
-8.409784212975523587e+00
2.385460423521039530e+01
-1.116406978042436293e+01
8.813561280050237201e+00
1.892680716212261416e+01
-1.601263908103362610e+00
6.186057335758243880e+01
-7.737632813365848961e+00
-1.756906730376311998e+01
1.780216653846395047e+00
-1.362096073241650629e+01
3.030222927184392745e+01
-2.349335286610602935e+01
6.724485881357793460e+00
3.146403611706631409e+01
-7.043197418305027213e+00
6.556531330044242623e+01
7.099540380659243510e+01
-3.679678757096633035e+01
3.266981551497147507e+01
1.205317808466324436e+01
-3.087612687163232295e+01
9.205007000765107250e+00
2.328118641999083138e+01
2.382648885125036031e+01
1.293593564161483300e+00
9.380056689305490636e+00
4.125693491011656988e+01
-1.300394933370940009e+01
7.903442631167344246e+00
3.979440895393423716e+01
-2.051395478252267424e+01
-1.104784831404380441e+01
3.100540634829829401e+01
1.591824001073956651e+01
4.192248976734219923e+01
1.670970111199639518e+01
6.014563634671759473e+00
1.477657404896154958e+01
2.241687247178177245e+01
-2.966643749278513553e+01
3.791242948110181032e+00
1.368835430954509036e+01
6.425985201135233638e+00
1.309601178337813110e+01
-3.389330854677439930e+01
1.769663130765235337e+01
-2.365475511936932662e+01
-1.843150164855200046e+01
1.181152125767876981e+01
-6.463161185874184866e+00
3.200657994234370562e+01
-9.231840291453579539e+00
1.664277909630445151e+01
1.790558666641123864e+01
4.300547443018325566e+01
3.019162927801611573e+01
2.701950506172430266e+01
-1.848342554747688382e+00
-4.620489969187161705e+00
-1.770030016847522347e+01
4.419631148908192131e+01
4.398095570085362738e+01
2.161370610932252134e+01
-1.392029467065381709e+01
2.753478584404916774e+01
-2.850192083160010270e+00
9.884276110728436038e+00
3.658724778951255985e+01
-6.832837163483986842e-01
-4.411537089536494705e+00
-1.113858930342962594e+01
-3.237261296555411150e+01
5.285845346070422579e+01
2.799695039150509501e+01
-3.305739730972443624e+01
-9.098449892108661174e+00
1.458116641302071770e+01
-5.532831241742670159e+00
3.512529548796950252e+01
6.956013179995380824e+00
4.424389198492497144e+01
1.919382058156269721e+01
-1.256912609022384686e+01
1.107664868465809604e+01
-3.467296615593369324e+00
-1.520243602828037410e+01
8.686892631403907217e+00
8.290109203664769666e+00
5.198024110798836261e+01
4.369527162903796125e+01
3.072987551361653402e+01
3.694422252686126740e+01
4.799309998443703762e+00
-1.435403215061433002e+01
7.914071337938167972e+00
-1.853316192331402945e+01
-2.975792095503869916e+01
-3.086672249069999907e+01
-1.730444705397101757e+01
-6.031134949982180160e+01
-1.933533941759802133e+01
-4.806167518838950059e+01
1.300693008606369894e+01
-2.569727242894763108e+01
2.582294823021280195e+01
-5.489779436536169044e+01
-1.650885655337849300e+01
2.376341448790867616e+01
1.160598338294840914e+01
-4.925228336443983324e+01
3.137891877770385918e+01
-1.436710383056035312e+01
2.986715317493084854e+01
-1.288368388127722142e+01
-4.349471778032790326e+01
7.972102978487257019e+00
-3.613458369575857887e+01
-4.148444335020997187e+00
-1.664442091768557397e+00
2.268640868118473009e+01
6.993070796199162942e+01
-2.393360127427058615e+01
-1.938569103925826198e+01
-2.327973631394343101e+00
-6.344428339051205512e+00
-4.479692113932171083e+01
-3.093449510116519718e+01
2.654167991425421746e+01
-1.179617070082719010e+01
1.122748354069534571e+01
-2.724989446349238165e+01
-9.107504210701506508e+00
-2.301283906330917262e+01
2.860406044461586816e+01
5.268804482021437252e+00
-1.237983079769657024e+01
-9.444227638220240806e+00
6.590410208227488909e+00
-4.542667403278699112e+00
2.392466504079783363e+01
-1.430165906381409968e+01
5.537280468716573978e+00
1.968591694418617521e+01
7.603444871655540283e+00
-1.180542431489550381e+01
8.533933258450423409e+01
3.264162677646403665e+01
2.368140124590560447e+00
5.649939977682095105e+00
-3.477447808336424373e+01
1.865300966492372936e+01
-4.242307876446214721e+01
-1.614771443410711527e+01
-3.054739584182669887e+01
-1.098128311137611490e+01
3.151975784922660750e+01
-3.146561159633353100e+01
1.330429209255787981e+01
-2.126610619422990567e+00
1.151210008862264544e+00
-1.990874622767913138e+01
-2.461034893275513014e+01
-3.119102166522793596e+00
-1.984034531282009084e+01
-1.099307531647497171e+01
-2.295149523160392846e+01
-5.148115507170530236e+00
-1.927435493858533277e+01
-2.787619650517937941e+01
1.161209615234979253e+01
-7.994166248086898463e+00
1.357758778416572909e+01
4.725474755568576768e+00
-4.227979095044234015e+01
-2.913295455959982405e+01
-2.535196284733592620e+01
1.801300178031681298e+01
-1.344174959722494123e+00
-3.443753692539611677e+01
3.270027533558242538e+01
-2.174228297452494019e+01
3.172147352180264335e+01
-1.757286486876097342e+01
-2.682916967589429191e+01
1.315385507699164691e+01
-3.772839287086716809e+01
-1.912392857916765365e+01
3.440968760661979786e+01
1.047627491480733397e+01
-2.438481352413549530e+01
3.015099551401620914e+01
-1.008438694132490809e+01
-2.110961222243560087e+01
-1.690320006938418373e+01
-2.782760130256224329e+01
1.538186568751996219e+01
-4.991677052298115314e+01
-4.399864405503117837e+01
-5.635850990564676977e+00
-1.670172096036625931e+01
-3.284407031554216871e+01
4.082940691869708871e+01
7.452404421047160099e+01
-1.527975366075239094e+01
-1.986015070080838996e+00
-3.367231550960339348e+01
3.639096603463622159e+01
1.134285383027071248e+01
-1.331414822319794666e+01
-2.023279319017892419e+01
8.188831673849989556e+00
-3.224461229672378693e+01
-9.816550434352109278e+00
-4.832344850717919371e+01
2.026825377923438509e+01
6.136722680685466003e+00
-9.929793899966625759e-01
-5.751084851564087330e+00
-2.226703135943125744e+01
-6.081589529552985596e+00
7.290791031812042888e+01
-1.016573644317008984e+01
-2.671072442712727479e+01
-3.882625695419000067e+01
7.746783517917833706e+00
-2.083558740017481981e+01
6.045283125484665732e+00
1.686684924332133306e+01
4.245250747549704329e+00
1.740156520844175958e+01
8.401696318049104661e+00
3.254379696477673178e+01
1.462646425000879447e+01
-1.945402560501378275e+01
2.665720001992180244e+01
1.941115694186237306e+01
6.878645684771484525e+00
2.357497537749773642e+01
-1.577977017397775938e+01
4.102339458139601902e+01
1.309128209610668137e+01
-1.763752158456750863e+01
-3.274035828632809952e+00
-1.003077912932013760e+01
1.135815559934439989e+01
-1.295728490569557323e+01
-4.391970303966374445e+00
-7.142381267416055834e+00
4.499609539306123906e+01
3.072236421500929282e+01
-3.611528406479908426e+01
-4.524145871334255276e+00
-2.935550054028709610e+01
-8.055208613144088758e+00
-1.312885472657967512e+01
4.784559768473002350e+00
-5.705544908820243677e-01
-1.599231417891596152e+01
9.431554227261671031e+00
-4.597152139518840386e+00
-5.227219504397091043e+00
4.790588767603497899e+01
8.027907918007883836e+00
-4.587952737131494274e+01
-2.205924340764090630e+01
5.327032198389190398e+01
1.515323768451125375e+01
-5.286608310211875050e+00
5.941705125943188648e+01
-8.981226181708962031e+00
-5.072483479805697471e+00
-4.491639450174091053e+00
8.613167617230232054e+00
1.732590068660163141e+01
2.433312615987269112e+00
1.612640853484498393e+01
-7.097851390532042615e+00
-1.956261931587420122e+01
-2.315107679956498998e+01
-2.668253400716679380e+01
2.289077459568568429e+01
7.200498050726743315e+00
2.121325445020103118e+01
7.747080765346936460e+00
4.961207743382095714e+01
1.037994820595831413e+01
-4.481860787319970996e+01
-1.905472262179794285e+01
3.413516256960072326e+00
-1.619890885818058734e+01
3.511361379282610073e+01
-7.759614798056531981e+00
9.345848548709163595e+00
2.931797559580658685e+01
-4.151635556427345364e+01
8.315664741861846210e+01
1.152606833042263190e+01
1.324509406868969563e+01
2.010288781588211293e+01
4.170427933459393444e+00
-2.388158215452165223e-01
1.948605765521639910e+01
-2.059053572719810177e+01
4.612107599590098062e+01
4.079072080624204943e+01
-2.317412490179172835e+01
8.943908629640816343e+00
3.890090146695351336e+01
-1.143803201173849970e+01
9.689979568406187127e+00
2.095455127306302501e+01
2.254204767906199436e+01
-4.245516098812618111e+01
-5.711743067575127952e+00
-1.704809236499900749e+01
-1.734069489846547185e+00
-4.419719918102348544e+00
9.714268834197810065e-01
-6.952423175287407275e+00
-1.766334258692859294e+01
7.327687165574801043e+00
3.821465019231879978e+00
2.948697766308858093e+01
-2.433696369531791959e+01
2.423502197149355197e+01
2.625691956432953589e+01
-6.953406068884788738e+00
4.527186400015125400e+01
-3.782327525735138352e+01
-5.728462683239562381e+01
-4.786022233980387952e+00
-4.417652360879969820e+00
-6.669994050179752776e-01
4.441346467099466366e+01
-2.720651520591090389e+00
2.378885836431641110e+01
2.987604368153773748e+01
2.075778205705807977e+01
-6.379427008099128216e+00
3.312333038893177672e+01
-8.827531209267107215e+00
-1.970728782002089474e+01
-2.275748055729098951e+01
6.017160467642270305e+00
1.966583037762057984e+01
-7.403090585442839711e-01
1.934691976436528194e+01
3.286747851085181082e-01
3.365701215372237698e+01
9.630835675664101814e+00
5.001293493421357539e+00
-2.096214113840744631e+00
1.789145218792897651e+01
2.084197194004025278e+01
9.559832979422964172e+00
-9.943249984312529932e-01
-3.054133634230944949e+01
1.615598767334041952e+01
1.055709978280748373e+01
1.974386408812463145e+01
1.563361766470775649e+01
2.005554422494680011e+01
-4.807687288174633977e+00
1.730168567118928991e+01
-1.489745817528648786e+01
-3.985961982343155796e-01
-3.008325752937844300e+01
-1.705502890995489906e+01
2.233670074585455012e+01
-5.001942115402367506e+01
1.472514465617533119e+01
8.803411210357523942e+00
4.607787002652646891e+01
-1.050830745043171532e+01
1.850543989777790443e+01
-5.513476689978574541e+00
-2.687114560781609640e+01
-3.771812001504218870e+01
-6.489456500163043984e+00
-4.906418173183003972e+01
6.518143535180570325e+00
-1.103898661029676376e+01
1.710989770099494223e+01
1.305504593915185296e+01
-1.585436582324248889e+01
-1.623893195968668124e+01
2.272832646565046844e+01
-3.411667979179577515e+01
-6.770018900618907765e+00
-1.049115030819893946e+01
1.518820238144302337e+01
5.261744033341528848e-01
1.482307111546774081e+00
-1.047711096251384078e+01
3.039163850067532735e+01
-3.074736720870998852e+01
3.785871254783216955e+00
3.341226058943212252e+01
-2.041444483845209845e+01
1.720535275606806636e+00
-1.421187578279727859e-01
-3.612670545416793288e+01
-2.220945396942937577e+01
-2.758755423086649117e+00
1.565828461153272144e+01
1.828643602026670578e+01
3.396886931943100763e+00
-5.341010443769562244e+00
9.880344632140946715e+00
-2.359939150977635336e+01
-1.106513430671981268e+00
-2.878387934658977088e+01
-1.546096141851093364e+01
2.696650522662750404e+01
-1.582970857720081881e+01
3.764258788332116978e+01
-1.333306896416490872e+01
1.818481935914164183e+01
1.401157568552925170e+01
-3.516190273676663480e+01
-1.393778721348401461e+01
4.825878692184701890e+00
-2.314690155001107996e+01
-2.092103530924504184e+01
-4.841709050717497576e+01
-2.999010840007545653e+01
-2.832627355695879601e+01
-2.437053340093299880e+01
4.601901266825336734e-01
1.010173710203375208e+01
3.781038946092266428e+00
1.348572405780405603e+01
-3.148843139677362046e+01
8.464429627020876978e+00
1.496159866884259770e+01
-3.735838511717765442e+01
-3.448583583629826421e+01
-2.339547213754656241e+01
-1.507644159642546811e+01
9.012025514640697565e+00
-7.355244452749047923e-01
-2.337486399807300685e+01
1.660985626346825939e+01
-1.323536309844654113e+01
2.784496510251338464e+01
-4.931399968130773459e+01
3.505863577844461076e+01
-4.988604379183072979e+00
-2.224604514870659955e+01
-1.389130941844964440e+01
1.029234099764970267e+00
2.481006629537611019e+01
-4.086385959717495808e+01
-6.543535721266238170e+00
-1.121872010671670949e+01
2.478512194507888466e+01
4.629833768484242995e+01
-5.506842616070287022e+01
5.152654182895366830e+01
2.303484630034628822e+01
-4.135035644368891639e+01
-1.770223891833590812e+01
4.390408212123315934e+01
3.291231641974673039e+01
-1.155117765935256102e+01
-3.257824693091578183e+00
7.955470888205724123e+00
4.135506107225545236e+01
-3.146260074328650802e+01
7.038659867970224582e+00
-4.617974130425309909e+00
1.513022775985194812e+01
-4.021369403415835819e+01
-1.829116774045346006e+00
-1.685504459572101865e+01
2.645944713211738986e+01
2.332531084240955011e+01
-4.836049854180760121e+01
-2.646004563068750315e+01
-1.196173311103132164e+01
-2.357012603868427902e+01
-6.455409724828356843e+00
-1.127918451484627838e+01
2.491363127414859946e+01
2.329553527197870721e+01
-1.194167638588311320e+00
-2.541814776277777810e+01
-4.710092791023978975e+01
2.634420698273737571e+01
-2.720777289785701214e+01
-2.015858796964533894e+01
3.286514777509005114e+00
-1.988555414346858186e+01
-2.164017277592103028e+01
-1.586789100792387330e+01
-2.653571249374758168e+01
-1.435977152116922184e+01
-2.879277392764036847e+01
3.099653585023496305e+01
3.403125052260207895e+01
-3.657627181412806294e+00
-1.215716513101574492e+01
-2.505155987862508482e-01
2.521251941345258274e+01
-4.762402407753904754e+01
-1.101875657090531035e+01
2.725151220313961176e+01
3.926265687880598421e+01
-9.300124086285109115e+00
5.507570491974320248e+00
3.039663934531589007e+01
9.196471589955308445e+00
-5.453055263828048282e-01
-2.464536349218064970e+01
1.118561323542513719e+01
-1.921749817139237848e+01
-5.836817562946549742e+00
-1.074816341323739266e+01
-9.111201094142444390e+00
1.253812546510738457e+01
4.381566688111318086e+01
-1.326891056457796481e+00
1.887211652472075230e+00
-5.044976198609933249e+01
-1.051682104350106783e+01
-1.992403386663042397e+01
-9.335331393896240115e-02
-2.600029312240158674e+01
4.726749994420941903e+01
4.495311846995770111e+01
7.764230392220191845e+00
-1.094514337563538220e+01
9.193239252227442648e+00
1.142120354062272725e+01
-2.642945241928466515e+01
-4.648189851899701353e+00
1.051702579629613865e+01
7.381073651540262404e+00
3.053226303402210817e+01
2.240228006520646886e+01
-1.175798979828383040e+01
1.444210926821736507e+01
-5.495520698879566623e+01
-6.860871007099476060e-01
4.834415258297815399e+01
6.606971974794191738e+00
-1.152062499260068762e+00
1.694932859011322535e+01
-1.585669154693459859e+01
4.982876574589525376e+01
-9.218206708661782045e+00
4.457534262994886376e+01
2.171439695659640989e+01
-2.244944996403836512e+01
1.794279680992245574e+01
-1.696060768004333852e+01
-4.009380434743007982e+01
-3.585379896715124914e+00
-3.087179665367426651e+01
-2.914837202470511102e+01
-2.735211136552166522e+00
2.003073140235864003e+01
-5.378096263583216796e+00
-1.736355840522861627e+01
4.986374576526316105e+00
-3.838023436854007286e+01
-3.912078459615818460e+00
-4.599716814111565100e+01
2.709450298357614884e+01
-6.668934792294436420e-01
-2.769325235434041588e+01
-9.230342850718798786e+00
1.025727372037795249e+01
-1.960993923141818129e+01
-2.532033560090486901e+01
5.232369512219975149e+01
-1.342661068974422278e+01
-2.235414564455754771e+01
1.513875679291487586e+01
-9.796915636195606680e+00
3.033514668135923742e+01
-2.545711110287072643e+00
3.872726766348719707e+00
5.998741913755736732e+01
-6.915115935082098986e+00
-2.036150065939406772e+01
-2.392461073165088692e+01
-2.825565120391337359e+01
-1.898571538554654126e+01
1.505550090811709651e+01
1.506447406844051784e+01
1.237684956447496631e+01
4.081289623276211387e+01
1.823476838517137821e+00
1.161858975368554070e+01
-3.532748046841278722e+01
1.486654978051689113e+00
-1.034245483958190448e+01
-1.479389268868237650e+01
-1.924821179688649408e+00
1.872937616451957865e+01
2.122155129976124499e+01
-3.816704695803352365e-01
6.759499344036896673e+00
1.532410061075832530e+01
1.939393626302397422e+01
-1.358484315431974210e+01
-7.031227021188726667e+00
3.911234291722109901e-01
-1.283311174216242989e+01
-2.824219960949704955e+00
-1.995562287642729871e+01
4.412121343907142546e+01
3.572897586896556277e+01
-9.037621010864882010e+00
8.907531360515918095e+00
-2.568214419590153952e+00
-1.668156699975682500e+01
1.984484905615133954e+01
-5.308152679620263825e+00
2.222803668473889616e+01
-2.913853548648991421e+01
9.980916110098604577e+00
-5.512483045989313268e+00
-2.996776571144317813e+01
-1.356531446952010356e+01
1.486208854806052670e+01
-5.083302722744134883e+01
2.394273573423328116e+01
2.594039396690789090e+01
-5.562414337926606223e+00
-3.315820372619810996e+00
-1.748248715616028903e+00
1.390875554721850449e+01
-1.815580714692063680e+01
2.010266610124164899e+01
1.699194776986982447e+01
-5.474951806916203623e+01
-1.970145382283186564e+01
1.323240195573744060e+01
-4.740587673211052788e+00
2.416285475748598799e+01
-3.549932252707731095e+01
-2.955638746962165442e+00
-2.330373522223447580e+01
-7.162489462654343697e+01
4.283248062584736715e+01
-3.251951002019842463e+01
-3.407020758578793362e+01
4.971181504845688437e+00
7.224592170268492453e+01
6.302873776147066565e-01
-1.567046454645605991e+01
-1.738215268074100095e+00
-3.062110243379272845e+00
-4.772348501482872507e+01
-3.414714452029004832e+01
4.565088459847740410e+01
-5.704168625421203842e+00
-2.098526555096159996e+01
2.749432227665988648e+01
-1.999145711900471412e+01
2.056429067649435183e+01
2.965087663101289195e+01
-3.181445439176961543e+01
-1.565567310920926047e+01
-1.936772852229705677e+01
-9.975484516175441740e+00
-9.817985530602143740e+00
-5.786667900954228116e+00
7.950204695107402131e+00
-1.900773711205502536e+01
1.580559843617918148e+01
3.227234564360092151e+01
-5.018564285561648575e+00
-1.134410830447998819e+01
8.112259349461481861e+00
3.117632124978672437e+01
2.907839233985971816e+01
5.439471064789728416e+00
-3.093932816510829298e+00
-4.850017823543950612e+00
-2.828052858802804792e+01
2.142074859514852392e+01
-1.244227109289246869e+01
1.106199384380772699e+01
-7.766902105507540455e+00
1.504506047351537745e+01
1.018682871055336392e+01
-4.486978086142434563e+01
-1.483716337312887390e+01
-4.375660658575080220e+01
-1.987719482752299882e+01
2.959555157844000917e+00
-9.572992955467611864e+00
1.818663723602348625e+01
-1.670901953131181017e+01
2.053797044325712307e+00
5.984520582522691257e+00
3.942202431978552113e+01
1.999303301606018124e+01
-1.684143908169583526e+01
-6.767064966834084316e-01
6.766592450921052659e+00
2.133012933985458659e+01
2.118829950414919949e-01
3.040660417531779558e+01
1.252338743314848557e+01
5.042600101999198614e+01
1.068440608271259862e+00
3.647064358258271000e+01
-1.503888214225810316e+01
-2.098667902571169463e+01
2.461467420631038294e+00
5.223398152090169333e+00
1.492890397104824274e+01
-7.870617894586018792e+00
-7.611076790137232706e+00
1.441588392951245012e+01
-2.698094126738692466e+01
-3.067903941596496509e+01
4.411113357419566228e+01
-3.305285910202087507e+00
-2.177176882592755192e+01
-2.257113292364437029e+00
-7.504964482891580246e+00
2.366802790715152582e+01
1.841218156700909958e+01
-1.121441641174521919e+01
4.421904298799290700e-01
-1.472834530350353077e+01
-1.964680310144888153e+01
-1.490435598052067689e+01
-5.381437270364446590e+01
2.990269364043740552e-02
-3.585154731461645383e+01
-3.098567797130836254e+01
-2.074780477083760388e+01
1.064879994612357450e+01
-2.028369042489140384e+01
1.285569456764714857e+01
-3.408728247083811169e+01
5.948958834340771773e-01
-2.305435732123821779e+01
4.750771702899939442e+00
6.249037597078114459e+00
1.856411428116291518e+01
-1.166503073456144080e+01
-8.899939227436448164e+00
1.644527086513107506e+01
3.297101304054007187e+01
1.827609846409620786e+01
4.606703581998090158e+00
-3.991315990368712363e+01
-9.462069708079042130e+00
-1.758296529246200635e+01
-3.362093674981099412e+01
2.248881110694696872e+01
-2.019790977594249171e+01
-1.818090575381589247e+00
-1.561118741181951464e+01
-5.550305088721282232e+01
2.879702326420928671e+01
-9.794427855517767512e+00
2.255019926352417770e+01
-3.974166835299656952e+01
3.751441604536719865e+01
2.043443096207937515e+00
-1.602285614662710245e+01
4.791367303765497354e+00
-1.158519727854516645e+01
-3.647766286124914359e+01
8.053884439268017559e+00
1.982873627845239639e+01
9.783879478659969209e-01
-2.016454304918670459e+01
-9.105421338542583953e+00
9.764490440563918128e+00
1.776010037155381838e+01
3.507674763867510848e+01
1.316637956027562950e+01
-1.293077268499880006e+01
5.309563506288678525e+01
1.334293241729011470e+01
2.360670498548149965e+01
-1.014758573086800197e+01
1.559546258450910727e+01
1.089741213058428571e+01
-3.449899776794819672e+01
-1.148345989783804555e+01
-2.275886474139202775e+01
-2.052801436311250427e+01
-6.714202555516578741e+00
-7.722855836071232716e+00
-2.346952701979904532e+01
-6.167135064668684663e+01
-1.607124379783611801e+01
6.949965095946083693e+00
5.071390784874665769e+00
7.715481073168419357e+00
2.581557439193380787e+01
7.823444917612658145e+00
1.808246625682591002e+01
-2.318530186853611497e+01
2.544457198001697407e+01
-2.531779521519013088e+01
-4.001614814570791623e+01
1.223613983984625975e+01
-2.401694688661709165e+01
-2.184692431753155972e+01
-8.822230526570911024e+01
-6.442261058232801929e+00
4.537208804573754151e+01
2.359012646471018826e+01
-5.691926458015188928e+00
-7.702595908686987514e+00
2.099777175771410498e+01
3.702463081288129843e+01
-2.316013758319547833e+01
-6.008692386080042525e+00
-1.894339444273023787e+01
-1.953823833490196193e+01
-1.710398291627755185e+01
7.069010705154511243e+00
3.938733497526766314e+01
-3.630182020707124479e+01
-3.123587763964627584e+01
1.823372045185720935e+00
-5.934621847119984750e+00
-7.432282526855875204e+00
-5.018522210959639551e+01
3.499716391828671647e+01
1.333712475173388157e+01
5.217583747521651105e+00
2.694687031314946069e+01
-1.824969962720762240e+01
1.722972609682850020e+01
1.548117872625428504e+01
2.057550688603640765e+00
-3.405364417697153812e+00
4.914675111338313584e+00
-8.790767789863913606e+00
2.822581917297718235e+01
-2.229630920881490397e+01
2.396193467998665483e+01
5.377587786886948606e+00
8.043924009429986199e+00
1.264659246469045684e+01
-4.841365716264857610e+01
4.683085823383919433e+00
-3.730357259594808284e+01
-2.726766656429559532e+01
-2.728425271179341394e+01
-2.779145913966908665e+01
2.892625705769091837e-01
9.332675683299555658e+00
2.772036100753386734e+01
4.815727393704058557e+00
7.997757874650741172e+00
-3.907838149578475395e+01
-1.421230499131333858e+01
1.894421962327726305e+01
-1.118124880249524722e+00
-2.542839105257144183e-02
-4.943827811701510200e+00
1.949741632191782514e+01
-5.080593628867453049e+01
6.273264889299479563e+00
1.128313528790390308e+01
2.405934982236275133e+01
2.059417897389052854e+01
-3.149791337872792951e+01
6.270019673298463658e+00
3.253649696552557202e+00
2.656564911752695934e+00
3.301506166615325810e+00
-1.048322878350734300e+01
-1.963927694819975045e+01
1.054080519178059205e+01
3.344333568544783475e+01
-2.763651042666708690e+00
6.441933867188168961e+00
9.437246778745532083e+00
-1.427691078569944239e+01
-1.511135252194492296e+01
-6.641915082026355321e+01
-2.055517227556818227e+01
-3.037852769008955534e+01
-3.722065278217513651e+00
-3.756921463620946611e+01
4.177626214359665369e+01
-1.741426738193484880e+01
-2.982395980311690664e+01
-8.605248381018327564e+01
3.698232401345504172e+01
7.414241647360597653e+00
3.361797187308170010e+00
-3.486432162990439565e+01
4.905273536141351087e+00
-1.108630988852075916e+01
-1.823827986726897521e+01
6.504540068188683577e+00
1.877420010419933760e+01
4.079167874527463766e+00
-1.182963336026227807e+01
-1.299115194848354804e-01
1.544289409475538832e+00
8.744726722267557761e+00
-3.535351617223633269e+01
4.013756171734516442e+01
-2.385107399071229395e+01
-1.665440342179979538e+01
-2.723841997632706580e+01
-5.784721138143643770e+01
5.014682275362240205e+00
-2.910591622501908660e+01
-1.060443808189234005e+01
1.813720552378691764e+01
-1.438941625798889845e+01
-1.927032246788542125e+00
-6.552549422485469677e+00
-1.118060811087627826e+01
1.771598137282403229e+00
3.018401027285395344e+01
-2.797462560568707346e+01
5.535547955386141439e+01
-1.256416667167363244e+01
1.859517728279962512e+01
-7.646008005580817724e+00
6.333206794615719559e+00
-6.042492410206421027e+00
2.437779014347989914e+01
3.409920386131260273e+01
1.063819756780060999e+01
2.562345003426764833e+01
-1.979201352670283143e+01
-3.674669195596784732e+00
-1.241952731624542139e+01
3.815016824491905822e+01
3.201660728923292254e+01
2.419545377358309679e+01
-8.569089919876773820e+00
-1.546455011806000357e+01
1.381309637758877074e+01
-1.560663347926178801e+01
-6.887436648629886804e+00
-3.209354216269481697e+00
-1.641597608431031574e+01
2.761697978072093917e+01
-4.574412673352348691e+00
2.108676490408799964e+01
1.087147696731990187e+01
9.614135772310071104e+00
-1.838787103976778781e+01
1.472002335640029003e+01
-1.016218725506709575e+01
-6.546194243780519173e+00
-1.742129978382052968e+00
-2.673922308501499856e+01
4.143113111033295581e+01
-1.480929369137678187e+01
-1.754848811012266196e+00
1.238107607906236751e+01
1.068411901896237737e+01
4.119427608490441628e+01
-9.590208228443088956e+00
4.187997802591571883e+01
3.757065083801913374e+01
-5.206046993071822726e+01
2.820504895332916817e+00
-1.030339122887424708e+01
8.685268182178290886e+00
3.274534813388768839e+00
1.103862456714256268e+01
3.463889619249282958e+01
5.424596504350811443e+01
-4.173493717510322654e+01
4.202211919888804914e+01
-5.441952563765018169e+01
-4.511487445701911270e+01
-8.029264528933637735e+00
6.212220874820673089e-02
4.048100641823423018e+01
1.987107768162593402e+01
-6.674607047872257226e+00
-4.959257624875006343e+01
3.922962869774698902e+01
-2.321147738671419347e+01
1.026917051279951920e+00
-3.951711219839751266e+00
6.998692553297973973e+01
-1.407939248858176029e+01
-5.932414232104872553e+01
1.741637955465398591e+01
-9.040127721236143543e+01
6.399620146394582321e+00
-2.027057830803855154e+01
-1.022131239806900993e+01
-1.508688312543873167e+01
-3.247328200422850841e+01
2.125679003706871129e+01
-2.110299042828814819e+01
-6.540231775808535986e+00
-4.383009863718913834e+01
-2.431281264086720739e+00
-2.907453986183663375e+01
-4.142746606684681865e+01
-6.312687276257850044e+01
5.091940922092419441e+00
-1.976524445875750757e+01
3.467047674000980351e+00
-7.811552633653548128e+00
-4.514403544776143917e+01
-3.611760724178602544e+01
-3.030749124651691773e+01
-3.147697404950656619e+01
2.959633656425737769e+01
2.845200756882491078e+00
-2.768295787160374744e+01
-1.206135739498370185e+01
-1.364099438447439638e+01
2.235635601117262894e+01
-1.727923486099268757e+01
-4.253818075160442191e+00
-1.557424347096761608e+01
-1.986700086082200301e+01
-2.247835004767910050e+01
2.052725966388152301e+01
-8.630363660910632007e+00
-5.143570202039620654e+01
4.285858570909741161e+01
2.445487750947064143e+01
1.462156328785141568e+00
-4.340081157808691614e+01
-4.162926264473679794e+01
3.842741598185682506e+00
3.987735983489244518e-01
-1.760454202253583844e+01
-2.546701986340030288e+01
1.744562338534979062e+01
-3.077309590995184863e+00
1.462309495178357110e+01
2.722431734581226692e+01
1.766081786574385148e+01
1.774379778770403959e+01
1.328718360838696277e+01
-1.161457609609203701e+01
-8.278601970185633263e+00
-1.206294371949577382e+01
-2.040781505935484574e+01
-2.377989982167588323e+01
-3.543263376386364882e+01
-2.070314488578510037e+01
-5.675164578888384881e+00
-4.273419019780465078e+01
-7.951458380865915387e+00
2.027971667402775680e+01
-4.390949335393605679e+01
1.654979152460165892e+01
1.492650276722153535e+01
-3.998210815401245100e+01
-3.156141102272439980e+01
-9.550336580453063107e+00
9.778716281947581024e+00
-2.188940384528717686e+01
4.023320182514609655e+01
3.571169897639813939e+01
-4.300533404926369485e+01
2.487328722478315512e+01
1.935375701233118662e+01
4.867447646613953793e+00
1.205612071368555860e+01
-2.382346135999340220e+01
-7.258072414572211528e+00
4.630686976447520919e+00
1.071339425635270004e+01
2.355360036438604254e+01
-2.856182242153887074e+01
-3.338944071081186848e+00
8.330473070894228727e+00
2.959362874168306234e+00
-1.660647889099683994e+01
1.216599581450027756e+01
-1.423733511681373898e+01
-1.143546621470911617e+01
6.396915285308750754e-01
-3.389969852071172340e+01
1.649325687716185485e+00
-9.396873309325371793e+00
-7.719618899454957273e+00
4.706757032212379954e+00
-3.026591795866318080e+01
3.306847300534280976e+01
-1.405694036676649716e+01
-7.434771798555840405e+01
-4.758691076663012609e+01
2.063240855438776578e+01
-2.256899767148178171e+01
-1.051478411362825227e+01
-1.465180535600177336e+01
-1.023236737741878954e+01
-5.620869677560975219e+01
-3.525991487399721791e+00
-3.473274905569741122e+01
-1.920330538586512148e+01
1.185824345434704696e+01
4.389116802148299712e+01
1.576002973679926811e+00
-5.384164758007869978e-01
3.323867254788399350e+01
-3.090071777079295146e+01
1.781359904410619777e+01
4.243006240772217552e+00
-2.660221146149848437e+01
-1.422328893994929899e+01
1.243329213300143010e+01
3.455766150769292722e-01
6.771162015512253163e+00
5.766031608945780818e+00
-1.321954178715947137e+01
-1.810011021973514289e+01
-2.786981625086349368e+01
2.749331906029323136e+01
-3.600337491428119563e+01
-2.672641989515068417e+01
6.983079408572322677e+00
-4.855720364945395318e+01
1.256257829968606643e+01
3.578278396642116377e+01
-4.040879869573423377e+00
6.474280765171997132e+00
-1.606492441774616964e+01
-1.228123559789008823e+01
5.810208636442666830e+00
2.123394308826154386e+01
-2.167354280615728612e+01
1.507237744592676165e+01
-5.901642245488631033e+00
1.717515527597157643e+00
1.293445137958667601e+01
8.330961148587419984e+00
-7.175327581670082111e+00
1.423941152484644590e-01
1.072924336993276029e+01
1.594871868205589749e+01
-4.008738395381386965e+01
1.807746498421010983e+00
2.876438654102684822e+01
-5.155521875677135313e+01
1.695135112564211965e+01
-6.511768821649395989e+01
-6.008589305880443376e+00
-8.280260272114091435e+00
-2.874741091353712363e+00
-6.786281139582797550e+00
-1.403745580446692998e+01
-5.333987752330813237e+00
6.684902722651429485e+00
-1.487350979145058716e+01
6.718090266803628197e+00
4.889271991373504989e+01
-3.382361406207797927e+01
-1.475300027696576421e+01
2.221217597201879812e+01
1.340887109515445275e+01
2.439737160539831962e+01
1.177549404931436072e+01
1.177212159926517643e+01
-8.954698606286115137e+00
-2.737603268821061420e+01
-2.523741915664197677e+01
-1.506771301397213847e+01
2.608809854539131834e+00
-2.355844145149768565e+01
-7.793065537057831449e+00
4.078544496539450392e+00
1.327611718048905232e+01
-5.703341053119110882e+00
3.327051930857963669e+01
-3.226984476394113699e+01
-2.187168819787160601e+00
-1.715981071420097592e+00
1.534311717288902344e+01
-2.189265430523280997e+01
-1.385965412040778233e+01
1.047276421295565640e+01
2.504912732657022900e+01
4.164519226936918272e+01
1.781339425214062544e+01
2.330170160771869803e+01
-1.556668292904416973e+01
3.509023355383578746e+01
3.681991843174347423e+01
-1.422987678794811472e+00
1.903164096018215901e+01
2.101295765730505138e+01
-1.309047684486087348e+01
4.730211786288549547e+00
3.377339308739919943e+01
-1.342306433062333326e+01
-5.103261082513995461e+00
-3.355393766031876623e+01
1.323990969952504315e+01
-7.143804773734970581e+00
1.097778272598961280e+01
3.264022433919635091e+00
-2.215085561979095985e+01
2.535135995937474718e+01
2.232036485396071157e+01
-1.495268245892778225e+01
1.061385891542786908e+01
-3.396449259699073764e+01
-2.953283953136216411e+01
1.377495858041640986e+01
-3.789519611026891255e+01
-1.711630940634435305e+01
2.902764058101922728e+00
4.596991289339750608e+01
-1.414410881147261989e+01
-6.808644864943474317e+00
-1.001589123299027051e+01
6.230522757713268334e+01
7.778600591668016762e+00
-2.393504116388281489e+01
3.936552173624534134e+01
3.486048761365681514e+01
1.747581518952497959e+01
4.175654946082056540e+01
4.776188894263159312e+01
-4.170672724275636511e+00
-1.538862286443308847e+01
-1.612065789572000085e+01
1.604439060797358252e+01
2.084019976634246518e+01
-3.816716510959707875e+00
-1.286684505583369287e+01
-3.393404826559124388e+01
-1.403442541758805362e+01
-2.508800057196384614e+01
1.672307335169386988e+01
9.490366077215014684e+00
3.541793119047292748e+01
4.104460245808951413e+00
-1.307099104248692356e+01
-4.702253555275650143e+00
2.192795365669310570e+01
6.939283455951567703e+00
3.022047294976303533e+01
3.094730408331668059e+01
-6.717575333410252370e+00
-5.997171508499448578e+00
-5.577776421255174455e+01
2.809326113216077658e+01
-6.636019532548402822e-01
3.005579766523433705e+01
-1.201421650402340902e+01
-3.466456455460534869e+01
1.171555099574888459e+01
4.044782242806203243e+01
-1.454824106447298959e+01
3.667428400568371671e+01
-4.039240342291719799e+01
-1.276351734222811274e+01
-4.506653379133291537e+01
1.058450094664988228e+01
4.470499145368961535e+00
3.005695937046027666e+00
-3.446944976314546238e+01
5.019141049251771847e+01
3.004562555390583611e+01
4.887511698283333317e+00
-2.857996685881713006e+01
1.201358370919066942e+01
-1.292273806919517654e+01
-6.870237348197520078e+00
-1.326129496078556258e+01
1.015363765062492973e+01
-7.996782814134036244e+00
-1.117237296989992501e+01
1.153858385532294051e+01
1.434393125391165569e+01
-4.742374497661063515e+01
1.098763420161486692e+01
3.735874384034053719e+01
2.223220969851757900e+01
-5.786603873721320568e+00
8.604649418559020546e-01
-1.941904891983463699e+01
3.210898134193138276e+01
8.621263212198414294e+00
-2.307443141380957741e+00
-4.118426859385749594e+00
5.910473104777486242e+01
-1.779948162833079550e+00
1.351395772214377189e+01
4.125807577058124309e+01
5.317932218708184422e+01
3.434868593829176575e+01
2.241490899946293780e+01
-3.670162881319696169e+01
-2.503717726166502189e+01
1.902289414166222059e+01
3.833207024450842937e+00
1.745124849353402396e+01
8.784607417073374336e+00
3.392858004329769983e+01
-4.272861389736382876e+01
-2.690694418523483478e+01
-6.385738300658516664e+00
-4.716272801673937209e+01
1.052290061883252292e+01
2.428654617577433328e+01
3.760256874337414956e+00
-1.223553959330726570e+01
1.280078142787689899e+01
7.614610118604127820e+01
1.703491743212777010e+01
8.695279148034160244e+00
-2.588434904097175604e+01
-3.300060287521966984e+01
-8.072359788491588972e+00
1.822518054530769405e+01
-3.292278385058125423e+00
1.307356519983548537e+01
1.920892730437873297e+01
-3.145407638384895677e+01
1.439023267467058531e+01
2.433749339047062676e+01
3.107510480761072813e+01
-3.617445016633098476e+00
2.583453466154082889e+00
-5.526583146718976991e+00
-2.661389912481817532e+01
-3.819194402515537945e+01
4.372299766448428215e+01
-4.267207657658332209e+00
-3.041888801838554457e+01
2.975996133065606841e+00
-1.425347969741564924e+01
4.994685382862343204e+01
-1.281074823762281767e+01
-1.970865951399409255e+01
1.912441706197301983e+01
-9.045593686217429763e+00
2.450096905856429430e+01
7.110740799770667309e-01
5.345956943916826276e+01
2.900114910503839383e+01
2.177706437334116174e+00
-2.046921508124492561e+01
1.512706828949683313e+01
-2.963619986466149214e+01
-4.793977780822245904e+00
3.368668854273906277e+01
-1.537253063254439667e+01
-2.467251768734425355e+01
-1.331755255254410031e+01
2.749619716801305458e+01
6.960413637462281145e+00
-4.558894510090297558e+01
1.830515570527600744e+01
5.129969325103530764e+00
5.072799242857925606e+00
-2.766057755575263855e+01
1.596778960629450239e+00
1.857780316984960223e+01
2.636194234437517991e+01
3.622609684300341115e+01
1.588450857938714478e+01
2.164211928604785840e+00
-2.972313667768372625e+01
-2.570095659653591724e+01
-3.797444488572291732e+01
-7.218505455302874907e+00
1.743676898070927450e+01
-1.376098549102579227e+00
2.819727151396438103e+01
-1.798694975421278741e+01
9.002205106377346056e+00
-9.568277908392644804e+00
-1.643708583731417505e+01
3.365384911088327868e+01
3.888255680574530970e+00
3.459868267106099893e+01
2.658051822666266162e+00
1.224180131490039969e+01
-9.855570578679220262e+00
3.341589112399161365e+01
-9.156608998877118211e+00
3.392454776922155801e-01
-4.296458468817897369e+01
-5.276499985395631143e+00
3.935052059137774449e+01
3.518102839029040751e+01
1.479158928075889889e+01
-9.130986862528047254e+00
3.034945445594544822e+00
-1.152527347601026975e+01
-7.629108657999609022e+00
5.087031676449531403e+01
2.740264015512707374e+00
-1.443976584627625925e+01
-5.966871598855393444e+01
-2.616106399388846881e+01
-2.115040518373507439e+01
-3.532716558284730013e+01
-3.198632744022350494e+01
-3.810015487579326532e+01
-2.528128593297443416e+01
-1.750079368482579412e+01
-2.722742690120060161e+01
2.583353489447076967e+01
-1.146213534446383164e+01
-4.872336251173152277e+01
2.217081465863927292e+01
-1.677148018808108532e+01
-4.474970306460380698e+01
5.353359117517857158e+01
-1.434024376126979661e+01
9.460405935278686229e+00
2.211904953164528820e+01
4.947899150143598490e+00
1.465598392609166467e+01
1.801483214038327674e+00
1.105258306042102845e-01
-8.183508231313048498e+00
-4.161506024713855822e+01
6.587372048896227739e+00
-6.876491284965158002e+01
3.914112299533333328e+01
-2.349144999527109690e+01
-9.744940462490319533e+00
-1.004187802538007190e+01
8.284036745542021407e+00
-9.431008435664097078e+00
1.492275999828446231e+01
-3.050858809830924656e+01
1.979798095822934556e+01
2.383955561106702348e+01
5.781663676134826346e+00
6.323076220340141163e+00
1.194391282787269404e+01
5.023912876911424519e+00
1.526028741295556301e+01
-4.419795514155779870e+00
-3.882770123984640520e+01
5.306253587879211864e+00
-1.371935692516683503e+01
-3.008744678252327276e+00
3.055618152789892861e+01
-4.444190999265653375e+01
7.761032934836578079e-01
1.159806509496831950e+00
5.059829611702468810e+00
1.734012572974611999e+01
-6.726406295381199385e+00
4.596419658082368187e+01
2.439496093910337038e+01
-8.517231526583820767e+00
-4.182801809810996474e+00
2.095649880258150688e+00
4.262576583558990251e+01
-2.931750764579084034e+01
-5.706810142267460151e+01
1.708101042376705436e+01
-6.779500518233447792e+00
-9.275980548707948969e+00
9.159213451680059848e+00
4.214326423161372759e+01
2.460020146995930190e+01
-8.892544532237820931e+00
-2.914743030868967821e+01
-4.722146442748552886e+00
1.567151443051479731e+01
-8.491396632825797042e+00
-4.140919750968498647e+01
-3.375617654128490130e+00
-5.295659555751085179e+01
-2.818386437127722388e+01
4.562172219532270390e+01
-2.897481906694885367e+01
-3.800179517852106414e+01
-2.868438934414335506e+01
-2.054386655392298167e+01
2.015365408894430743e+01
4.693767165905439498e+01
-3.671468323232033981e+00
1.438999744118420665e+01
-1.184442152085982514e+01
-3.872457287184747088e+01
2.617249310858634814e+01
-2.631514727801129538e+01
1.456310090446976346e+01
1.783425200257806864e+01
-5.940748290786075358e+00
2.108275661263701295e+01
2.299795489613609334e+01
6.334929752769761535e+01
-6.649388841921791027e+00
-2.887732448008462427e+01
-3.511323979139024232e+01
-9.568237273776034613e+00
-1.874382293816806566e+01
5.281851308416452184e+01
-2.450323873888194726e+01
6.445100258112237412e+00
2.734372981693695692e+00
-1.230008611155831488e+01
-4.748413727320905764e+01
-3.502205660909226026e+00
5.513020105381255576e+01
9.708932061845032990e+00
4.212532196746224145e+00
-3.231066953661601815e+01
-3.214171844324289395e+01
-7.859265326841295973e+00
2.570116933963288375e+01
-1.423725586238265350e+01
5.753133104395607234e+01
-2.709154051425900889e+01
1.052922211007084741e+01
-7.660218603958071526e+00
-3.627963991452841697e+01
2.411747649835746188e+00
-2.867131508493514502e+01
-4.135059256551772933e+01
6.215224998298708670e+00
1.050142483737914745e+00
2.926227590078428875e+01
1.322412506499157558e+01
-1.879784860227107757e+01
1.205100962199765036e+01
-4.897550507180926616e+01
-2.677905686515742900e+01
4.993550857125936915e+01
4.634906232036655638e+00
-5.935401463727714599e+00
-1.667956815144586358e+01
-2.454200935355856927e+00
-5.533265049685041959e+00
4.985730844946448315e+01
2.331506253713318699e+01
-6.629194933609937834e+00
-1.964160183728552056e+00
-2.202602053305626839e+01
-8.794841232522998098e+00
-3.525519430970834378e+01
2.766005265179112982e+01
3.908667829555113826e+00
5.753449230141484350e+00
1.003910739612749126e+01
-4.472479206194822865e+00
-1.150711674027401621e+01
3.024367034998099335e+00
-6.056457655832400633e+01
-8.684471327045855560e+00
-5.735843786809311950e+00
-4.324557354547096111e+00
2.695998941516242553e+01
3.639418849042760939e+01
9.677304606882557891e+00
-5.330081594782613053e+01
3.481219292499741869e+01
-1.198681900950862200e+01
-2.095235858390441308e+01
-4.881204498507685230e+01
-1.686786854808258340e+01
3.476934682263193821e+01
1.709932177025450528e+01
5.652870040629068171e+00
1.885921532500509556e+01
-3.266027717857861035e+01
-2.604906524394226608e+01
3.156177938559562790e+01
2.177248318719712472e+01
2.688333369334387157e+01
2.741350172354174219e+00
4.727076992885315576e+00
3.051244251375931071e+01
5.404409724661329051e+01
-1.167793818975997056e+01
2.155050641765365071e+01
-1.448573033057189718e+01
-2.455702119257227167e+01
-1.939501943904045334e+01
-1.950160642552492618e+01
-8.099265959690512773e+00
-2.661080894902752902e+01
-1.095882577696517046e+01
-7.595409095842578040e+01
1.898568557466856532e+01
1.239443013757692924e+01
-2.653613964197873543e+00
-2.172904430868885584e+01
-1.036192780456516971e+01
-3.069984168191626850e+01
5.517638916756908429e+00
4.508254967452339201e+01
-1.235252386433631955e+01
-9.445013598968387214e+00
1.172419611731561417e+01
-2.858011422677830282e+01
4.735438208174196717e+01
8.228050993303895666e+00
7.798064735016282611e+00
2.767323049268219393e+01
-1.391275693343487774e+00
3.128957382347687144e+01
1.057291119877037033e+01
-2.201276380953459011e+00
4.569582183688822852e+00
-3.553931275548961821e+00
3.701790049789241266e+01
4.817423859330062896e+00
1.015283973859374100e+01
-6.508689381352468217e+00
7.870033328948153439e+00
-5.157454486214180633e+01
-1.968204483260080906e+01
-2.725199364329785112e+01
2.650242714513277065e+01
-1.787696185130130289e+01
-3.355548247972893705e+01
3.233368800701430246e+01
-6.821425586157047860e+00
2.262383651368423898e+01
-5.034061928222132565e+01
1.037719740773349919e+01
2.904844925999469751e+00
3.401536638220477471e+00
-6.489273019871149017e+00
-4.066573647874008657e+00
2.836544033738380222e+01
1.037719483283922273e+00
-2.833683617434903113e+01
-1.046605552694570918e+01
1.231010245914455936e+01
-6.421197641758730867e+01
-4.910419744991296653e+01
7.179370662021824501e-01
7.844582196024603604e+00
-2.621901656586899776e+01
-1.082471001060525850e+00
5.867732882365925207e+01
1.562102659456201081e+01
-3.001779970219791949e+01
5.216770023504935239e+00
-5.178483683778182467e+00
6.986687843042162172e+00
-1.984456783094339016e+01
1.226890652248034286e+01
1.466485657489636196e+01
-3.850995956669947873e+00
6.218000844568599916e+01
-4.401718163391819871e+00
-1.762045747718678967e+01
1.328904284062781471e+01
2.393557178049360346e+01
-1.883692966663042512e+01
-1.022604897916849609e+00
5.454019307271211403e+01
-1.578811006499108771e+00
3.272637814125903333e+01
8.155977603861174430e+00
-3.893400411541577455e+00
-1.263672029113621420e+01
2.907031019070467437e+01
-3.113024470155026791e+01
-5.977524396449780397e-01
-1.014518572108906369e+01
-2.210967669187284201e+01
8.357282196809538988e+00
1.479172015068076540e+01
2.416590324608250739e+00
-2.199836402944015390e-01
-2.214457360705611677e+01
9.018631853224476913e+00
-1.844465291908534255e+00
-1.261320888610369195e+01
-1.122557985365807554e+01
9.212190382217528395e+00
-2.088400345966476834e+00
-2.105332272808152538e+01
-6.071374867443037715e+01
5.814311475528242568e+00
1.075953903503994979e+01
-2.699403757363786838e+01
-1.327789583100775417e+01
4.603986288395039139e+01
6.249123736763223746e+00
2.196172360521995870e+01
4.801372104003348795e+00
2.218181759114858664e+01
3.208336813885665606e+00
-2.167809928310319378e+01
-6.053015108430059854e+00
3.025452223859502965e+00
1.752773812185719748e+01
4.200045630714811296e+01
2.739585201558833205e+01
1.701873755321287263e+00
9.498747507737618889e+00
3.373087408555217337e+01
1.470588049151870891e+01
-3.859641403177832331e+01
-1.537487497261267322e+01
6.231236617359854790e+00
4.740090075988121043e+00
1.372133990283342797e+01
-2.885462626968865152e+01
3.912898381298603567e+00
2.409299662186862179e+01
2.663905187825142207e+01
-2.393955685253050092e+01
2.555509469732442085e-02
-1.244407808083622058e+00
-9.493972992689066359e+00
-1.581468418622141314e+01
-8.617639136258304688e+00
-4.892221011200405201e+00
5.648434311201924629e+00
2.356902403923905354e+01
-1.720216829371959477e+01
4.507641588165370194e+01
1.827776917028336356e+01
1.495175412773301105e+01
1.972231085177859455e+01
1.510845779665121569e+01
2.024415129075523723e+01
3.048184236699570704e+01
-2.537709842432801111e+01
3.467862032382441129e+01
-6.356264444133471159e+01
1.764800953679139184e+01
-5.955672377594535760e+01
4.649450383571257817e+01
4.200415850194922029e+01
-5.229916345498708097e+00
-2.685378990284715428e+01
-2.363943843590752181e+01
-3.066846162241347429e+01
-3.529221673817340843e+01
3.153048860285420574e+01
2.342522377516834808e+01
1.332496204836061793e+01
1.577676167362261594e+01
2.489355788583918638e+01
-2.183168532779927773e+01
-9.869130965720785298e+00
3.072080007132274204e+01
-7.273212752460935349e+00
2.973509372114626359e+01
4.148454252701077394e+01
-3.201569685657805309e+00
-4.080286920698267750e+01
2.775698760293494161e+00
-1.435485359035059361e+00
-5.684410777621053512e+00
6.025691346178518870e-02
-3.632053537677489885e+01
-7.008496710555519371e+00
4.935183492246721926e+00
7.421422301796283705e+00
2.720916567658530028e+01
-2.378296923104524296e+01
3.106607550237430360e+01
-2.222862896026026647e+01
1.429562306399486715e+01
2.249809916143608746e+01
