---------------------
  #    meV     cm^-1
---------------------
  0    7.7      61.8
  1   10.2      82.1
  2   15.4     123.8
  3   22.2     179.4
  4   25.0     201.5
  5   36.9     297.5
  6   70.2     565.8
  7  124.4    1003.2
  8  124.8    1006.4
  9  128.3    1034.7
 10  150.3    1212.6
 11  165.3    1333.1
 12  178.7    1440.9
 13  184.8    1490.3
 14  185.5    1496.1
 15  200.6    1617.6
 16  369.4    2979.7
 17  379.0    3056.9
 18  383.5    3093.4
 19  421.5    3399.4
 20  430.9    3475.3
---------------------
Zero-point energy: 1.807 eV
