-3.468580885999408281e+01
-2.019200123182514517e+00
-7.147059671002544690e+00
2.405940522230939393e+01
-1.192052372533900950e+01
-9.208253477431895817e+00
-2.407357430133595244e+01
-5.032564124500115099e+01
-2.148171820376231977e+01
-2.259173902089094099e+01
-2.099123978830613169e+01
4.273010271561004103e+00
1.999778204280701743e+00
-1.085496122670633667e+00
1.726801299009110835e+00
2.651639609816101029e+01
-1.020574039151735235e+01
-7.194722091677761000e+00
1.173618149739320415e+01
-6.193986970291635430e+01
3.104450386761536151e+01
-1.330733997314638373e+01
-2.400072016597167845e+00
-5.599725498397845058e+00
-9.564072668289327339e-01
-2.139827411845985239e+00
4.802942002260419940e+01
-1.504247741289081830e+01
-4.018428561909047403e+00
-3.037682600240883346e+01
3.923652097924514237e+01
-4.327622832698565958e+00
-2.135638105386317420e+01
1.122730482176244493e+01
-2.052946014335958580e+00
1.302516635169629922e+01
-5.390487661413487785e-01
2.725124683564018824e+00
1.893697169773842148e+01
-5.465283156243873464e+01
3.045173360403151719e+01
8.136391920957436241e+00
-6.281237194864161211e+00
-1.748271548107635809e+01
6.898945270936309271e+00
-1.095829494644453916e+01
2.489899999156097010e+01
1.990081516731095235e+01
-1.281265125854747566e+01
-1.637902616037393955e+01
-1.728721076729192418e+01
-2.081050209128696338e+01
1.056900740547052919e+01
-2.708762539171027584e+01
8.302075075130460391e+00
3.463175152387874789e+01
3.991604776013684841e+01
1.858819771447814162e+01
8.308441715135913341e+00
1.735741861686756238e+01
5.091508199265302892e+01
8.584367122058267796e+00
-2.984992242513776262e+01
-6.033272696984340655e+00
-1.408461573138205836e+01
3.326288974749283511e+01
-3.939771150570925329e+01
-3.433048020797133404e+01
-1.749671467424988691e+01
-9.829861302476615492e+00
-2.240408531653602608e+01
1.571105489255170085e+01
5.193888874007598133e+00
7.837231455025090554e+00
-2.166971497324449913e+01
-1.897015133336191184e+01
-3.274020591877005870e+01
1.801735438284015345e+01
-1.877307925103306019e+01
1.694874458022756869e+01
-5.411169861689862692e+00
-1.488461516220655767e+01
-2.867952860818148508e+01
-8.513704897705565600e+00
-6.110532956242991531e+00
-6.878232215718654174e+00
2.237510345204984930e+01
4.193753763083986996e+01
-2.466270205292411788e+01
-4.297972606815643815e+01
-1.077987465088806118e+01
5.950047428694921337e+01
-3.246594103266367881e+01
1.791915214727720240e+01
-6.528831614417185847e+00
-3.339598631654155270e+01
1.381528277276615313e+01
1.956958805103943178e+01
-9.666484861586269517e+00
1.835495459025116816e+01
-1.343328496586786969e+01
-3.131537267695631499e+01
5.257923560179727929e+01
2.505345851177821714e+01
1.417751615143032495e+01
7.879052667422371314e+00
1.498526150240338950e+01
4.524735197628990591e+01
-1.477614022054719456e+01
3.350632892340669855e+00
-7.576688608208280584e+01
8.804765290042354309e+00
-3.711382123266629662e+01
7.780562077603093485e+00
1.222863034679829752e+01
-2.000338752493155425e+01
-2.836281406636064162e+01
1.205431520854460814e+00
-1.688107236269081568e+01
2.139598715129096718e+01
-2.782597608921400933e+01
-3.086249467417474079e+00
-2.016390955642964400e+01
-1.958049916963943815e+00
1.112307139406766510e+00
1.248882193422400633e+01
4.281439847418937461e-01
-2.896170149444571962e+00
3.567781830949901689e+01
5.050582245315081309e+01
2.727126485349566565e+01
3.941391872085853265e+01
-6.488544768208257096e+00
5.565994609282000738e+00
2.947659373050953491e+01
-4.927710102672477888e-01
-4.219504078356027321e+01
-2.261691130601165156e+01
-2.812564873116578212e+01
-1.536919530328152206e+01
1.589716709249182713e+01
-6.593831968377855901e+01
-9.278574910756191230e+00
2.460669767887586090e+01
-2.080373486684337081e+01
-1.729323214141493281e+01
3.310765451912305934e+01
2.471888253630652343e+01
-1.837653141494898534e+01
1.546065932463721992e+01
-1.409051214756253501e+01
1.895962522708587983e+01
1.855934611199018036e+00
7.352903524018387316e+00
-4.737330076526136224e+01
-2.627871053186406414e+01
-4.809764386435119832e+00
-9.078448773828000640e-01
-2.269297332689222912e+01
6.039479844643756223e+01
-9.685122172873946056e+00
-1.791860756630244111e+01
1.975654786732832235e+01
-2.551256778333452502e+01
-2.033591562687547594e+01
1.816342369030303416e+01
7.109565206355924261e+00
8.535168493485741692e+00
8.734849297668532131e+00
-6.131189299600180220e+00
8.859795994265198260e+00
3.239182129419865674e+01
-1.470026914729564282e+01
1.067856997667956875e+01
5.053968666586523995e+01
1.815491537081886975e+01
-4.202266636923695842e+00
-1.137178401058861255e+01
8.650273797709454016e+01
-1.185825445502328535e+01
2.082837718594615239e+01
1.439451912388582855e+01
1.634722572255810746e+01
4.911854519838465194e+01
2.661403611810885650e+01
-1.509011728603582014e+00
1.345877002637735131e+01
2.726878955000341875e+01
1.999697991366957694e+01
-3.234349986511455199e+01
5.235692500378468139e+01
-4.661223180336281757e+01
-6.818819518181960859e+00
3.058151480217676976e+01
8.330397320288351892e+00
4.173568688891236889e+00
1.573561342567343502e+01
1.242985050324267604e+01
1.911945687741666688e+01
-3.475875389183295283e+01
2.217486459005783672e+00
-1.476639103618032323e+01
-3.711538834369292772e+00
-2.479825631101277850e+00
-5.956746787057561221e+00
-3.192914154265565685e+00
4.652857143615045743e+01
-4.707345156694970001e+00
-1.442696432592396150e+01
-1.434377911467745292e+00
7.219681600857910553e+00
-3.310903081593191644e+01
-2.843045259576123840e+01
-2.014394799845878481e+01
-3.432167409654482526e+01
-8.882656393789179816e+00
-2.317550859560513032e+01
1.013666138410648898e+01
7.259876938917244615e-01
-6.950782133104297600e+00
-4.583341494081849987e+00
3.183665984621342204e+00
-8.124953304724542136e+00
3.781210394574630129e+01
-4.802787736599643154e+01
-8.420537075380511993e+00
-7.498281259821549583e+00
8.850343163291967130e+00
1.251573538186988799e+01
-2.609652583220122324e+01
-8.419950661553656346e+00
2.384291791760098889e+01
-1.114565927072324314e+01
8.815822299428674569e+00
1.891517537205520227e+01
-1.615943598657992197e+00
6.185993675397628522e+01
-7.735997600894449988e+00
-1.756240619873153719e+01
1.775679560824556802e+00
-1.362352982611506036e+01
3.030766779804829980e+01
-2.350162566272177145e+01
6.735178689685312747e+00
3.145967868296619940e+01
-7.029669829184683749e+00
6.557453528331933512e+01
7.099911132850638751e+01
-3.679981707245724465e+01
3.268168874374983091e+01
1.206395475877357626e+01
-3.088084179045125666e+01
9.193766366131463030e+00
2.329683557620751344e+01
2.382777292430412786e+01
1.288609795137830361e+00
9.392241563130085069e+00
4.125917580823204389e+01
-1.300693916379812265e+01
7.902575615377678275e+00
3.978763998739049157e+01
-2.050717852437647082e+01
-1.104910967122818022e+01
3.101386724436267173e+01
1.591052968882036822e+01
4.192727452023211754e+01
1.671449179907165217e+01
6.017378028756496633e+00
1.477311200592902196e+01
2.241596130775734252e+01
-2.968166278274802039e+01
3.795169827528837914e+00
1.370919786045490341e+01
6.430396320318948256e+00
1.310163357478261048e+01
-3.390304290966339806e+01
1.769832785798712393e+01
-2.365530625420774413e+01
-1.843690979247389095e+01
1.182593490155780813e+01
-6.451490383932792838e+00
3.202414839347972020e+01
-9.228205970707847428e+00
1.665378938056915104e+01
1.791749794316467614e+01
4.300383240646947769e+01
3.018713738734194862e+01
2.701136590256396630e+01
-1.829487029579041746e+00
-4.632951653646159684e+00
-1.769480797965599095e+01
4.420897916056472354e+01
4.397878187676718653e+01
2.161753464034387662e+01
-1.392712789133287288e+01
2.754346941302890173e+01
-2.832384599786536228e+00
9.872701039801540901e+00
3.659037321941002574e+01
-6.804436829831956857e-01
-4.393025414551090080e+00
-1.113329709340149520e+01
-3.238419565233587605e+01
5.287159575967734781e+01
2.800473581356499153e+01
-3.305788714237536396e+01
-9.105407862722643131e+00
1.457857619305025310e+01
-5.523320598565788941e+00
3.512898753668564922e+01
6.951293215826694905e+00
4.425366920330486664e+01
1.921914751774415109e+01
-1.257121255550606520e+01
1.107931241281390555e+01
-3.469700719200943695e+00
-1.520222272080462744e+01
8.695238376861595953e+00
8.290279448404362483e+00
5.199684784839294593e+01
4.370052449154989915e+01
3.072810452840658968e+01
3.694580386998154609e+01
4.804927091224428182e+00
-1.436252695046187000e+01
7.921062746679950806e+00
-1.851986230161118741e+01
-2.976069737710032825e+01
-3.085766451624994033e+01
-1.731122606408820275e+01
-6.031302308251724753e+01
-1.934787266651477466e+01
-4.806423482340312603e+01
1.301799324566442273e+01
-2.569365997036920390e+01
2.583122894255461688e+01
-5.491001477759998295e+01
-1.651328844289636777e+01
2.375024171886451541e+01
1.161360705733983423e+01
-4.926799014415014710e+01
3.138593032593200860e+01
-1.435755569240859586e+01
2.986693946946390810e+01
-1.286658018789776747e+01
-4.349359276609581570e+01
7.965823271917571446e+00
-3.613250802626117775e+01
-4.129250871617614393e+00
-1.668172120051693241e+00
2.267991920121917815e+01
6.993941335594769271e+01
-2.393148740182172673e+01
-1.938719836556636267e+01
-2.329715934534306143e+00
-6.333907319982586159e+00
-4.480561333979983374e+01
-3.091882581640399508e+01
2.653577286235001509e+01
-1.177955485698015536e+01
1.123971968275208155e+01
-2.725070209853876690e+01
-9.115112798589990462e+00
-2.301057634495508353e+01
2.860944135915295305e+01
5.260121327792830925e+00
-1.238017728443742271e+01
-9.450143599783046966e+00
6.601141126631262068e+00
-4.541131108785691595e+00
2.391879960889863810e+01
-1.430194293427950925e+01
5.544231898628368072e+00
1.969191629827307111e+01
7.602066722101312735e+00
-1.180555197873269435e+01
8.534569563751131227e+01
3.264850937059330249e+01
2.366316258098798642e+00
5.658330685973453456e+00
-3.477194373078833678e+01
1.866752313442174227e+01
-4.243416981329241366e+01
-1.614737668082210575e+01
-3.054672720837547217e+01
-1.098549649201822831e+01
3.152552932215553483e+01
-3.147055899618860053e+01
1.331248656200422431e+01
-2.127640590773808071e+00
1.151509845604167026e+00
-1.990092268580451673e+01
-2.461720779994382724e+01
-3.126161861152866095e+00
-1.983034723809895183e+01
-1.098075894366539274e+01
-2.294681186865386735e+01
-5.150060587828573233e+00
-1.927635282836614294e+01
-2.787202818997647569e+01
1.159948011351982444e+01
-7.975804111164592314e+00
1.359642432102307907e+01
4.718451971237698217e+00
-4.228471732907794944e+01
-2.913362608164689505e+01
-2.535809066363816555e+01
1.799226665905837308e+01
-1.356454215481647907e+00
-3.442603843324751267e+01
3.271301965795892386e+01
-2.173077947102274265e+01
3.172971198890483180e+01
-1.757516605003490184e+01
-2.683254363464951098e+01
1.314105981710764581e+01
-3.772578165869131084e+01
-1.911526955694358776e+01
3.440453458905759021e+01
1.047186283018521635e+01
-2.440045791676959652e+01
3.015049064936791723e+01
-1.008320483768500253e+01
-2.111692612645333611e+01
-1.689495571046580835e+01
-2.782708996174551430e+01
1.539842278341667026e+01
-4.992823126742837303e+01
-4.399504698842048356e+01
-5.645997399448560827e+00
-1.671612488652706929e+01
-3.284205619597400982e+01
4.083153340644440732e+01
7.453063211842268743e+01
-1.526519576467674710e+01
-2.000290543999142301e+00
-3.366031993631072083e+01
3.641100358355566868e+01
1.133772742518738141e+01
-1.332273050413766668e+01
-2.023138994328772355e+01
8.189645298347272728e+00
-3.224248318115009937e+01
-9.820432508178498665e+00
-4.831152119830085212e+01
2.026729286000045249e+01
6.122552822556770025e+00
-9.857476988787539085e-01
-5.764473236314017868e+00
-2.226261395768642615e+01
-6.090273551411257813e+00
7.290554528233667497e+01
-1.018247417862772863e+01
-2.671625291631079335e+01
-3.883925087913993934e+01
7.753214113899701943e+00
-2.084616299173969978e+01
6.056666273541544854e+00
1.686422488423824007e+01
4.250772715759111975e+00
1.739650659398958510e+01
8.403228736501944240e+00
3.254561381212738524e+01
1.462221398216628643e+01
-1.945904301047670515e+01
2.667617136436072656e+01
1.940686022780920439e+01
6.879148899504002657e+00
2.356485318234831539e+01
-1.579021393480022084e+01
4.102133324370564083e+01
1.310435132486153975e+01
-1.764098061948924112e+01
-3.264052864371787877e+00
-1.003278165413834699e+01
1.136008522030317636e+01
-1.295698385806461772e+01
-4.402470071676361840e+00
-7.135273885682863693e+00
4.501296470143813622e+01
3.072426297409847962e+01
-3.610117497349258997e+01
-4.526993464811070567e+00
-2.935425742267671012e+01
-8.063221384690251625e+00
-1.312248646519751816e+01
4.781189022198645944e+00
-5.664746706814671739e-01
-1.599100842097212194e+01
9.454914112390554237e+00
-4.598251869612695941e+00
-5.216147526722600958e+00
4.791688557456816966e+01
8.017792712741535155e+00
-4.589507641160373197e+01
-2.205743818719980709e+01
5.327891699565435601e+01
1.515583463796423302e+01
-5.292956384099340994e+00
5.940750195393974309e+01
-8.972055832599949099e+00
-5.073232255936744650e+00
-4.493262095005093215e+00
8.612978906496778109e+00
1.733648060147436354e+01
2.433298518206655103e+00
1.612240253634655573e+01
-7.096315650503242978e+00
-1.956535323857529818e+01
-2.316052202918567104e+01
-2.666914049173647072e+01
2.288647872172174402e+01
7.201694494909517630e+00
2.120814155218831587e+01
7.741604260661233639e+00
4.962621196104595356e+01
1.038809916491052832e+01
-4.483010327401035511e+01
-1.906009056942289703e+01
3.400376282903785352e+00
-1.619655531473544841e+01
3.511623915853823519e+01
-7.749176562619709330e+00
9.353146380427489248e+00
2.931698898046832369e+01
-4.151276657716221052e+01
8.316298789305457717e+01
1.152674009685959788e+01
1.324921365744165769e+01
2.010122056582198979e+01
4.153219019841742465e+00
-2.391338037895991420e-01
1.948936343306041863e+01
-2.059094928539531111e+01
4.613119138397330232e+01
4.079515596014621792e+01
-2.317410999319298526e+01
8.930313867169104469e+00
3.889990408902392005e+01
-1.143209367390878128e+01
9.699434455390274934e+00
2.094713733433467695e+01
2.253899659221349339e+01
-4.244310018671237117e+01
-5.706098657061716040e+00
-1.703415694719117113e+01
-1.717462559576745207e+00
-4.418617506649962223e+00
9.733709271361021820e-01
-6.938855539667031280e+00
-1.766059298388336174e+01
7.338222305372383403e+00
3.812605627255351237e+00
2.948344868997096313e+01
-2.434198145956632686e+01
2.424327513081834695e+01
2.625867483620565679e+01
-6.935060660363802754e+00
4.526800745239199841e+01
-3.782758787259476208e+01
-5.728792666224615715e+01
-4.801690447627036562e+00
-4.423039297395746416e+00
-6.759118943415955982e-01
4.442453918077227826e+01
-2.715434085617857818e+00
2.379414573557727408e+01
2.987642056011718239e+01
2.076159955998048190e+01
-6.401765688809859967e+00
3.312091973575712700e+01
-8.836768531330818632e+00
-1.970299186182495532e+01
-2.274034269642413619e+01
6.026858440019331908e+00
1.965078587571306912e+01
-7.319841077649584804e-01
1.934174041429560020e+01
3.199814869200565681e-01
3.365967567008506478e+01
9.623782453955953997e+00
5.007588049207157610e+00
-2.089135458372027188e+00
1.789320884152096625e+01
2.084688589050576013e+01
9.554293824628672382e+00
-9.930543625607413105e-01
-3.054432907670847896e+01
1.616673380315488373e+01
1.056046952873188616e+01
1.973046088536812448e+01
1.563268219787028102e+01
2.006261265058295606e+01
-4.819582423194617604e+00
1.730343391344382553e+01
-1.489917351024803338e+01
-3.839974200310507513e-01
-3.008024205373800442e+01
-1.705338411915562347e+01
2.233267737396739250e+01
-5.001312080293629947e+01
1.472429924758384345e+01
8.801414710269909847e+00
4.607765389566074532e+01
-1.049307963836400859e+01
1.850593064392552023e+01
-5.512703361056765061e+00
-2.687675142204157552e+01
-3.771236699433677586e+01
-6.501591664723136432e+00
-4.906346072492763710e+01
6.514419079456615691e+00
-1.102021152387527358e+01
1.711135053084035462e+01
1.306443195418103187e+01
-1.585475187885589321e+01
-1.622979924017846542e+01
2.272924777309446753e+01
-3.413531741790914253e+01
-6.765330849054265627e+00
-1.049446928795659773e+01
1.519348925923280191e+01
5.367938749250811270e-01
1.487296717699010173e+00
-1.047800420438838387e+01
3.039915922334139964e+01
-3.077170304803451018e+01
3.768826046557137488e+00
3.340932962282803942e+01
-2.041816499977124977e+01
1.715432154867770009e+00
-1.344380551948916036e-01
-3.611621603686874238e+01
-2.219153474817721872e+01
-2.756848224610287446e+00
1.566650525680342554e+01
1.830236119399273775e+01
3.389213950001249032e+00
-5.361058449237361856e+00
9.884055171894260639e+00
-2.360204121942538791e+01
-1.104084382194400860e+00
-2.877787314970737498e+01
-1.546720681856766078e+01
2.696212452742861387e+01
-1.582951816789400823e+01
3.764667770220995635e+01
-1.333822507956119807e+01
1.816857790287077989e+01
1.401437869936771818e+01
-3.516871473066645137e+01
-1.392582619988880310e+01
4.834344154888668754e+00
-2.316708458543146776e+01
-2.091529975018654852e+01
-4.844619359893590627e+01
-2.998534160552250682e+01
-2.832299658800010889e+01
-2.437333414564977829e+01
4.629927973488889847e-01
1.010990076820888817e+01
3.786710352387871126e+00
1.350861908592523264e+01
-3.149077130490560705e+01
8.461422585016350695e+00
1.495913392721978141e+01
-3.735616722729323413e+01
-3.447938206608534983e+01
-2.340988116343521597e+01
-1.508696103655664444e+01
9.006266392682903188e+00
-7.407949548103260895e-01
-2.336622372750710142e+01
1.659973102111842991e+01
-1.324445190253123883e+01
2.784094335623535699e+01
-4.932383673430928184e+01
3.507450705259455503e+01
-5.006762436976963215e+00
-2.223433467764448324e+01
-1.389757249335134048e+01
1.031376437810983759e+00
2.481782003781212254e+01
-4.086552850034595963e+01
-6.547127690595175409e+00
-1.122207386490555336e+01
2.477920389248349409e+01
4.630760747439423142e+01
-5.508082744707394340e+01
5.152807647060967611e+01
2.303281205313084001e+01
-4.135273994357881122e+01
-1.768833909180587227e+01
4.391231401670684420e+01
3.292343707777382633e+01
-1.154204652256106556e+01
-3.253892881777659341e+00
7.955301826522401143e+00
4.137168872172387069e+01
-3.146590107033714645e+01
7.028165683626525606e+00
-4.632851839804800420e+00
1.511541514777701423e+01
-4.021192556863191214e+01
-1.823847013736354938e+00
-1.684556382050080714e+01
2.646153142246200218e+01
2.332462460672513771e+01
-4.836725447853774540e+01
-2.646179699560646270e+01
-1.195503642549874712e+01
-2.359165491618945509e+01
-6.455725745229713652e+00
-1.126994354299829126e+01
2.491894549532432279e+01
2.329308118666244809e+01
-1.177278578359477024e+00
-2.543977917359115537e+01
-4.711291518842392634e+01
2.635132917366252059e+01
-2.720394852408003317e+01
-2.016375078239545360e+01
3.285480231194476630e+00
-1.989157031282005050e+01
-2.164240478401089263e+01
-1.586696766106678780e+01
-2.654012380991497366e+01
-1.435947881810471927e+01
-2.879438943939980788e+01
3.099402969408112085e+01
3.402084782112633832e+01
-3.666902615923333997e+00
-1.214503442262429189e+01
-2.403667797795492334e-01
2.520442237701678323e+01
-4.761456867826743178e+01
-1.101373901722973869e+01
2.725210455862065828e+01
3.927190833800810310e+01
-9.292610004297642945e+00
5.490831635266602007e+00
3.039711048358634571e+01
9.191065468356711676e+00
-5.416958139405778638e-01
-2.464894118014370861e+01
1.117306062924211574e+01
-1.921061898452839500e+01
-5.815755067166861636e+00
-1.076497065356872440e+01
-9.110048969857189149e+00
1.255462488587215830e+01
4.381388327302502006e+01
-1.326005852565316445e+00
1.892508243832807580e+00
-5.044329521107069070e+01
-1.050290930263849987e+01
-1.992809004719833865e+01
-1.017968778069189284e-01
-2.602435063010074145e+01
4.728660972767855242e+01
4.495314212348091587e+01
7.766423364619924996e+00
-1.094742583905966171e+01
9.203542757980173405e+00
1.141115513292945138e+01
-2.643589153276948167e+01
-4.656819226865081873e+00
1.051509103187902383e+01
7.375446363141080042e+00
3.053194801739975617e+01
2.239841132954239811e+01
-1.174636523136089750e+01
1.442320682080850247e+01
-5.495550585231703877e+01
-6.812510679154470949e-01
4.834665617518834324e+01
6.604797860864948689e+00
-1.157057018099635570e+00
1.693741148196977520e+01
-1.587202469197967325e+01
4.981608140686824981e+01
-9.220840652497770407e+00
4.457113290156138419e+01
2.172220626669464139e+01
-2.244447114991709213e+01
1.794592140655421986e+01
-1.696880794846178730e+01
-4.009747040021318298e+01
-3.580033335680809614e+00
-3.087767565370113232e+01
-2.914063568328327847e+01
-2.740757860132745805e+00
2.003659665642749133e+01
-5.385737539346280300e+00
-1.735815049398098608e+01
4.977072653456957596e+00
-3.838710208446411798e+01
-3.908961070779611191e+00
-4.600752055806060525e+01
2.707820861318189998e+01
-6.666494285869219993e-01
-2.769344807542836406e+01
-9.198293651115818648e+00
1.025967436636855723e+01
-1.961940783054534165e+01
-2.532545750448458932e+01
5.233469923753469288e+01
-1.342767392095359469e+01
-2.235054684759165866e+01
1.513998545966461506e+01
-9.807607548126618724e+00
3.035279725517689187e+01
-2.542347586344135379e+00
3.876141155813016326e+00
6.001074356537776566e+01
-6.902528248083825702e+00
-2.035795083020556717e+01
-2.392402909870577332e+01
-2.825514353569872128e+01
-1.898874588400570929e+01
1.505452756960687566e+01
1.507822420782056838e+01
1.237083541973125733e+01
4.082114888909802630e+01
1.838397922800254491e+00
1.161815934288611629e+01
-3.532485183855661148e+01
1.486256176114608252e+00
-1.032614010473227495e+01
-1.479141500790331065e+01
-1.935244116557953475e+00
1.872508330344655292e+01
2.122989305563925200e+01
-3.837089524144090547e-01
6.780700580892073503e+00
1.531278865367568720e+01
1.938132424948645394e+01
-1.360027316391015972e+01
-7.034327634687485897e+00
3.866239048521009636e-01
-1.283742114252839883e+01
-2.808706302386752895e+00
-1.997185426599256175e+01
4.413968760737036234e+01
3.574510251097103719e+01
-9.047275392338974598e+00
8.906316778097533415e+00
-2.572985695026197561e+00
-1.669487137550856914e+01
1.985049121527877247e+01
-5.314066095647604016e+00
2.224560178960390999e+01
-2.913743536379647736e+01
9.984341896702801478e+00
-5.513766013279109757e+00
-2.997612099659050955e+01
-1.357817781925643885e+01
1.486440066555448425e+01
-5.083197227640800975e+01
2.394931084364105800e+01
2.594188598995611983e+01
-5.567914695093422850e+00
-3.324476501827462016e+00
-1.756221400024173818e+00
1.391268289611645059e+01
-1.817383341353277615e+01
2.009816024037867521e+01
1.698808435728258814e+01
-5.474255210159469698e+01
-1.971106701818860074e+01
1.323225665354460290e+01
-4.735486901489110778e+00
2.417164133418864935e+01
-3.549591297511011589e+01
-2.975771749648629338e+00
-2.331089201138444267e+01
-7.163968741297354370e+01
4.283472413330972017e+01
-3.250542363148133518e+01
-3.407821747504820564e+01
4.966639926060381072e+00
7.224224327187732797e+01
6.362803517921804541e-01
-1.566894117816980270e+01
-1.742719352926258125e+00
-3.063344924523242696e+00
-4.772073571761968935e+01
-3.413633619696540222e+01
4.564720904808712021e+01
-5.705003155553526994e+00
-2.098368290404356173e+01
2.748830515384645423e+01
-1.999786921687092089e+01
2.055808319840036802e+01
2.965589754701957759e+01
-3.181277825695509875e+01
-1.565434844774244993e+01
-1.936851830259922735e+01
-9.991869633754561164e+00
-9.809260377477741599e+00
-5.795644601882429470e+00
7.963512876149195563e+00
-1.901192035542003111e+01
1.580401609497066318e+01
3.226549208688140169e+01
-5.009311896945707332e+00
-1.134996867247875230e+01
8.119729915556774813e+00
3.118744868604707676e+01
2.907913390956001365e+01
5.454722947144688305e+00
-3.093956321868290615e+00
-4.859511383778155391e+00
-2.827906574606845425e+01
2.141725413368635600e+01
-1.243138426627626103e+01
1.106169364384669507e+01
-7.774104590245599411e+00
1.504197498362520946e+01
1.019234421936086932e+01
-4.486716560046912150e+01
-1.484370450325536694e+01
-4.376784001996871609e+01
-1.988432167933160599e+01
2.955843290163464587e+00
-9.582616454070432610e+00
1.819789501306765089e+01
-1.671341032355736900e+01
2.061225757760702493e+00
5.982825893843539689e+00
3.941775807453927882e+01
1.997419336431114800e+01
-1.684966682570770402e+01
-6.786594583427074667e-01
6.764554579457893624e+00
2.134023944187266153e+01
2.101669924679754331e-01
3.041657787996530260e+01
1.250604235113173246e+01
5.044209292216021367e+01
1.059809677315826093e+00
3.646132791381914728e+01
-1.504957972101973951e+01
-2.098984738574765174e+01
2.459400082180451363e+00
5.221486096426303902e+00
1.492383181458316699e+01
-7.884125579910630677e+00
-7.613742812454354691e+00
1.443244363410191866e+01
-2.698217070941905149e+01
-3.069147688566270915e+01
4.412556944337296727e+01
-3.310986845288653058e+00
-2.175751276740221840e+01
-2.256207386511569268e+00
-7.506835455430859838e+00
2.368427478807979014e+01
1.841834069264200480e+01
-1.122592604825939588e+01
4.516693289378821419e-01
-1.472573550821732624e+01
-1.965528800991569369e+01
-1.489341880901690729e+01
-5.381974491295885343e+01
3.556213620126413844e-02
-3.583271886407123930e+01
-3.099684859104108625e+01
-2.073752760418523167e+01
1.066738665923656981e+01
-2.028575562746198102e+01
1.286387207519364040e+01
-3.409114293044699195e+01
5.872634685470643490e-01
-2.305814127184741835e+01
4.762733097318971431e+00
6.262067452888850028e+00
1.856464248450072319e+01
-1.167641946443103507e+01
-8.882481653583397474e+00
1.645121373739635118e+01
3.296189051643258949e+01
1.827724233368061846e+01
4.629886885163045918e+00
-3.992381866508737431e+01
-9.472894358873176657e+00
-1.759233266332637413e+01
-3.362458980594561808e+01
2.249188002894169358e+01
-2.020337471984805688e+01
-1.824147142141583799e+00
-1.561436495088821630e+01
-5.550199710956695753e+01
2.878588979745840959e+01
-9.791811665843169976e+00
2.255344103889711960e+01
-3.973915299939694989e+01
3.751758028318371885e+01
2.037516779212609208e+00
-1.601394266553037227e+01
4.806654027392823991e+00
-1.158639328604937191e+01
-3.646273579244279972e+01
8.048087923187267734e+00
1.984083192230004045e+01
9.750733224821033218e-01
-2.016516454369536859e+01
-9.109885988238829668e+00
9.757369769600018117e+00
1.777323676372398609e+01
3.507458164633231945e+01
1.316529063187692827e+01
-1.293600535621237668e+01
5.312293615380821166e+01
1.333952926786069426e+01
2.361929813772522380e+01
-1.016024924457144607e+01
1.558890887482601784e+01
1.090387585592529263e+01
-3.449538462110783144e+01
-1.148760077055604256e+01
-2.276521490486143406e+01
-2.053961335587092663e+01
-6.717560816047864591e+00
-7.717726750961901416e+00
-2.348147957152619369e+01
-6.166055429107879604e+01
-1.607049434616267547e+01
6.946617541051523403e+00
5.071410913591648750e+00
7.731597184916765286e+00
2.582234154669876602e+01
7.813517766864571001e+00
1.808488758173842825e+01
-2.317780717831556103e+01
2.544905204336123461e+01
-2.531458339681498160e+01
-4.002269424621442795e+01
1.224001301116584273e+01
-2.403043932195183174e+01
-2.184201889971186006e+01
-8.822866813701796218e+01
-6.440063261159053809e+00
4.538843059097985133e+01
2.357622873216657666e+01
-5.688322988570405414e+00
-7.706897684836320650e+00
2.101983625253038213e+01
3.702427370129171891e+01
-2.315625251868495837e+01
-6.006337456896403637e+00
-1.894537128822298655e+01
-1.954487710320222504e+01
-1.709681995196674364e+01
7.058459241104110049e+00
3.938471271251273720e+01
-3.629004354040586122e+01
-3.123517824704029522e+01
1.829607215550367982e+00
-5.935644575910487220e+00
-7.418264640222307804e+00
-5.019636352662968193e+01
3.501289276698088315e+01
1.333518175674697659e+01
5.226933263412913533e+00
2.694667245479013218e+01
-1.825618016700449786e+01
1.723060713328708005e+01
1.547858147570229903e+01
2.034855917789883506e+00
-3.397875240751453418e+00
4.902719596499085952e+00
-8.790981032048897248e+00
2.824695395268580000e+01
-2.229623159992314640e+01
2.397741527161230124e+01
5.368363552174258757e+00
8.044724664551040405e+00
1.265748805258249376e+01
-4.841303239023341121e+01
4.690729347608765920e+00
-3.729889484238267983e+01
-2.726534380913363265e+01
-2.728229240710597026e+01
-2.780481338336232966e+01
2.890215020633490894e-01
9.334916538389634866e+00
2.773117669189940671e+01
4.813431057843594374e+00
7.998250987612390617e+00
-3.908263736690747692e+01
-1.421266864329083290e+01
1.894019786387596582e+01
-1.133850982975580735e+00
-2.633779647521805600e-02
-4.938126968909045900e+00
1.949856394706038998e+01
-5.080265243565926880e+01
6.280240973779552149e+00
1.127395238504038844e+01
2.405985481859878305e+01
2.059137063618950947e+01
-3.149956791423160496e+01
6.263483558944813012e+00
3.257325063659209263e+00
2.639000164269077686e+00
3.311559909907458632e+00
-1.047677966424544138e+01
-1.964410293684726128e+01
1.054210805424669672e+01
3.345467952449075710e+01
-2.757864877707390860e+00
6.439270524327326939e+00
9.449914922282147245e+00
-1.427433380007727237e+01
-1.512335976853560737e+01
-6.642549813861705843e+01
-2.053801925298020592e+01
-3.038537307304244450e+01
-3.718776721138084440e+00
-3.757620816155505850e+01
4.177991986166060201e+01
-1.742144441331902271e+01
-2.982903984506637585e+01
-8.605758059773211244e+01
3.697314438261881264e+01
7.416482221483533976e+00
3.387330232728970714e+00
-3.486520104571303591e+01
4.902077672478128534e+00
-1.109370666439588149e+01
-1.823161216356789538e+01
6.518670439174414355e+00
1.878275123398387336e+01
4.070838043846684684e+00
-1.183303604395297270e+01
-1.311842818403192723e-01
1.541594320023051523e+00
8.747208599771340687e+00
-3.534539754648966436e+01
4.014127623719276272e+01
-2.385639085871450504e+01
-1.665999334321905678e+01
-2.725130250931988485e+01
-5.785687413714784810e+01
5.018700303479754155e+00
-2.912071570476550164e+01
-1.059486704217219000e+01
1.814083580659536210e+01
-1.439217047409107408e+01
-1.930985190726914880e+00
-6.547538118818522435e+00
-1.116123615195829188e+01
1.780276711545681678e+00
3.018059016581493381e+01
-2.796173614173750366e+01
5.536227715963511287e+01
-1.257612987107501112e+01
1.858832606044512659e+01
-7.667345072873175127e+00
6.332948450883495894e+00
-6.051564771398062703e+00
2.437250251696303849e+01
3.409106650977706465e+01
1.064103351862312508e+01
2.559585158050274600e+01
-1.978876025984777698e+01
-3.685412322967376753e+00
-1.241249440257064407e+01
3.816243526039230005e+01
3.202626445375011599e+01
2.420423020734637021e+01
-8.551341575286983243e+00
-1.546251270266088795e+01
1.381929700889712365e+01
-1.561403271201834286e+01
-6.890589652777805441e+00
-3.205203607006886557e+00
-1.641086800530180057e+01
2.761695564617600951e+01
-4.579028514719816201e+00
2.109800353850732790e+01
1.088476032439513119e+01
9.609978126621378181e+00
-1.839074354553925161e+01
1.471490784683085451e+01
-1.017659693766816531e+01
-6.547673258777109595e+00
-1.737783654717816262e+00
-2.673421378052802311e+01
4.142912817368971901e+01
-1.480586543707663161e+01
-1.760047547822097158e+00
1.237873725344348230e+01
1.068188153767749782e+01
4.119641700344105573e+01
-9.574788778003949119e+00
4.188095554266861598e+01
3.756969873965159934e+01
-5.205284060233884702e+01
2.817773039485729214e+00
-1.030704262732554355e+01
8.703292568579485078e+00
3.274893344492596725e+00
1.105069551008654116e+01
3.464013834188707364e+01
5.426471366619497871e+01
-4.173244913036302250e+01
4.202264487232275769e+01
-5.442976276134042735e+01
-4.512929956555971955e+01
-8.033230029333680022e+00
4.859669924013587661e-02
4.047918289583525109e+01
1.986654248551411683e+01
-6.668780051245562390e+00
-4.957868243423465060e+01
3.922799961711565686e+01
-2.319124367073214898e+01
1.013657266677967073e+00
-3.959796376550826835e+00
6.997245260794915112e+01
-1.407329221581835554e+01
-5.932965753054315883e+01
1.741167965085850255e+01
-9.041001925118079896e+01
6.395836071344277229e+00
-2.027372503159929806e+01
-1.022610843575946404e+01
-1.509213060666762374e+01
-3.248765659611527212e+01
2.126253330280417231e+01
-2.111464248166852542e+01
-6.538493710328509678e+00
-4.383352122122010996e+01
-2.431239838987011126e+00
-2.907098566212112445e+01
-4.144106628159681804e+01
-6.311252531789705245e+01
5.082132345039667598e+00
-1.977483927986121159e+01
3.483811369339264274e+00
-7.823223353972025507e+00
-4.514662687591982149e+01
-3.612054836579869743e+01
-3.030480441726325580e+01
-3.149599280971355597e+01
2.959387454167044496e+01
2.834150640801013310e+00
-2.769409697419469296e+01
-1.206800430371066568e+01
-1.364940472689585249e+01
2.236678949155965412e+01
-1.727731011850695353e+01
-4.246735595861359513e+00
-1.558855957343433829e+01
-1.986250549332063997e+01
-2.249087203255308509e+01
2.052465205039668206e+01
-8.635863279465809228e+00
-5.145316851548477644e+01
4.285863524288970439e+01
2.445486316030063989e+01
1.461885877971894843e+00
-4.341248425320691240e+01
-4.162798508625388649e+01
3.822372925637466778e+00
3.911236781884781522e-01
-1.758668524652966880e+01
-2.546030262175250414e+01
1.743667122157131644e+01
-3.068044467691692034e+00
1.462059760288093457e+01
2.723684310265815611e+01
1.765475072432627712e+01
1.775048784734727292e+01
1.328454439944240839e+01
-1.161609912107923037e+01
-8.287454743555727532e+00
-1.207382541902829942e+01
-2.041636111567271428e+01
-2.377458880367487382e+01
-3.542705381646909757e+01
-2.070474424710180728e+01
-5.685016851366626156e+00
-4.273375569570521293e+01
-7.962651742275284050e+00
2.029158475636900860e+01
-4.392287762545942087e+01
1.655974479314178893e+01
1.493584006683153120e+01
-4.001139818319836650e+01
-3.155786658489125784e+01
-9.553551977263637696e+00
9.774499998862694383e+00
-2.190208296552759748e+01
4.023826826003568158e+01
3.571657921756198562e+01
-4.301063249086018914e+01
2.487524290405809779e+01
1.936076543988411913e+01
4.866023007172543657e+00
1.206388684873718375e+01
-2.382635314594388376e+01
-7.257085794865986372e+00
4.632648098508184376e+00
1.071751959271669818e+01
2.354987128101686977e+01
-2.855308355639610340e+01
-3.333869238751731245e+00
8.324531374207566614e+00
2.989308671900488434e+00
-1.660581006802435411e+01
1.216792103737387265e+01
-1.423768598100164695e+01
-1.143412772597622507e+01
6.372281461294733163e-01
-3.390592917078109281e+01
1.661664935068749571e+00
-9.386404384999195827e+00
-7.721001536771154861e+00
4.704243512265094296e+00
-3.026721935227655536e+01
3.307574033402525515e+01
-1.405437963845581351e+01
-7.435535637475481963e+01
-4.758790888651864748e+01
2.063018186779579821e+01
-2.258040477251745415e+01
-1.050657194613620504e+01
-1.464154070869308555e+01
-1.023370743299821584e+01
-5.620318175728704091e+01
-3.522957027266556906e+00
-3.474191935281305632e+01
-1.921518128540304815e+01
1.185187936431992739e+01
4.389741381621462324e+01
1.578812296774156465e+00
-5.471740212286988481e-01
3.323938804919973222e+01
-3.091866067359156034e+01
1.781008220824780608e+01
4.243815721427139920e+00
-2.661517917724791005e+01
-1.423444766050414501e+01
1.242578606665477992e+01
3.515690897411474225e-01
6.774628513422960907e+00
5.764117858560496188e+00
-1.321432178342374186e+01
-1.812747004619768632e+01
-2.788693548500521047e+01
2.749133698835046857e+01
-3.600502378325248287e+01
-2.672701802224999312e+01
6.968178507396785903e+00
-4.855113216580122071e+01
1.257229442497356331e+01
3.579648646757823371e+01
-4.042459195295705854e+00
6.489899858661445364e+00
-1.608288873019424159e+01
-1.229101811377537956e+01
5.813344589303596877e+00
2.122591884337214196e+01
-2.167574482919723522e+01
1.507701607905997321e+01
-5.909637400713535271e+00
1.734928256648714751e+00
1.292300766562746617e+01
8.320519182531668889e+00
-7.192332184335448630e+00
1.431462652587640605e-01
1.072225508058483001e+01
1.595591403993344670e+01
-4.009389032942581821e+01
1.819511164030473083e+00
2.876264169636244006e+01
-5.155566473134058469e+01
1.695181191333656301e+01
-6.511727654732699477e+01
-6.012762539277394680e+00
-8.275086561641842309e+00
-2.878441110341100284e+00
-6.795119033399686259e+00
-1.403917602078553273e+01
-5.337456746488953740e+00
6.679994209498687496e+00
-1.487733583634001988e+01
6.713702169049639679e+00
4.890140732818744596e+01
-3.382434186192296011e+01
-1.474678949080549728e+01
2.223082595959303376e+01
1.342096948090160424e+01
2.440994681133560817e+01
1.179052645035923064e+01
1.175995892727371483e+01
-8.965050935133120902e+00
-2.738268727280618009e+01
-2.524300735738052026e+01
-1.508228126033855432e+01
2.607437813145807581e+00
-2.357111280779020035e+01
-7.797508387711598488e+00
4.075978039499844385e+00
1.328054568519746681e+01
-5.703922787263973504e+00
3.328105329240869992e+01
-3.227618737999728182e+01
-2.183730273100650265e+00
-1.712764077843356603e+00
1.534099862595898855e+01
-2.188284771234766879e+01
-1.386237413840078148e+01
1.046011714235957157e+01
2.504220369913775812e+01
4.165288581227764553e+01
1.780014013786586702e+01
2.330445844043376269e+01
-1.556716508681990518e+01
3.509738341942755824e+01
3.681604177030408209e+01
-1.419800612377230209e+00
1.903256141963970549e+01
2.100973716267652946e+01
-1.310365393657821187e+01
4.742752676086240626e+00
3.378506753091971859e+01
-1.342456472464311901e+01
-5.094012866203797785e+00
-3.354359675078968195e+01
1.323705552175599109e+01
-7.154533203584094281e+00
1.097101779126600718e+01
3.258405093882814185e+00
-2.214848003125831966e+01
2.534765862033185613e+01
2.232401688596334566e+01
-1.496569853251614290e+01
1.062100340369169515e+01
-3.397904210707253014e+01
-2.953585451053964306e+01
1.377229734160755470e+01
-3.789750451557918609e+01
-1.712147368673517533e+01
2.883267699949328744e+00
4.596428943792165711e+01
-1.415722450871726323e+01
-6.811429329632673557e+00
-1.002135846384419438e+01
6.230316879564271915e+01
7.761307784090178075e+00
-2.394490782343797264e+01
3.937829573923227144e+01
3.485919541278374822e+01
1.747029311883073888e+01
4.175981115845198133e+01
4.777992351834760854e+01
-4.159382259084903666e+00
-1.539042375272209995e+01
-1.611125630683551435e+01
1.605433232859033410e+01
2.085954503644458669e+01
-3.820890455578933143e+00
-1.286045457121335289e+01
-3.393044701735354352e+01
-1.402928349401615549e+01
-2.509923977853549104e+01
1.673672575024031062e+01
9.500175469612315737e+00
3.541851839654736978e+01
4.112770889931965712e+00
-1.307485989628457901e+01
-4.711199975171327381e+00
2.192224611528357059e+01
6.940189088772740433e+00
3.023136956991135094e+01
3.094478660988755792e+01
-6.710667460104559723e+00
-6.003463513989309774e+00
-5.577919823838391267e+01
2.809766668960209302e+01
-6.556325757791796605e-01
3.006076350206264181e+01
-1.202021663383553829e+01
-3.466324738714203590e+01
1.171997325748439245e+01
4.045896868464895135e+01
-1.454497735691364824e+01
3.667759565067177618e+01
-4.039398762490114336e+01
-1.277060111800946629e+01
-4.508294586362944756e+01
1.057819857176431810e+01
4.460007879645843332e+00
3.012371444725573610e+00
-3.448066382193746904e+01
5.022015663859934875e+01
3.005728113354717834e+01
4.891993248538142325e+00
-2.860306489942101393e+01
1.200433917823733054e+01
-1.291385009587754951e+01
-6.877267385285847467e+00
-1.328202254531544213e+01
1.014711073053679513e+01
-8.016085009845426157e+00
-1.117024235083485451e+01
1.153774882963352866e+01
1.434427550200868495e+01
-4.741886323356510502e+01
1.099528856668203503e+01
3.736584081525766976e+01
2.223723039662067436e+01
-5.779116807870122940e+00
8.490161672902800660e-01
-1.941479725332311546e+01
3.209950729950060122e+01
8.613051567512627571e+00
-2.298381502898621420e+00
-4.132290736616084814e+00
5.910838411788438407e+01
-1.777572253638652455e+00
1.348946340134739330e+01
4.127086346343173773e+01
5.316552189302778686e+01
3.436205037155349373e+01
2.240534523573322190e+01
-3.671752242410335043e+01
-2.504207215347295801e+01
1.902755579297485156e+01
3.848145241912561687e+00
1.745938752248099490e+01
8.782075385220167618e+00
3.392995292501973381e+01
-4.272835554919014101e+01
-2.690827838947052442e+01
-6.381206344458121293e+00
-4.717767038546325864e+01
1.053573402307665674e+01
2.429070233334512352e+01
3.746116975630911838e+00
-1.223419494208894776e+01
1.279409798601912485e+01
7.615465868435387620e+01
1.703638423563489823e+01
8.689056126607340502e+00
-2.588699231920045918e+01
-3.299898985897391412e+01
-8.064977132712314756e+00
1.822500843891734235e+01
-3.288330006952946860e+00
1.307802021164658868e+01
1.922110408382008018e+01
-3.143427904073195123e+01
1.438522966906668898e+01
2.433579417516750709e+01
3.107361293655776535e+01
-3.622618123909120413e+00
2.596037668834640044e+00
-5.532915444163421625e+00
-2.661746696708948434e+01
-3.819466737273995705e+01
4.372859631680689319e+01
-4.262555580866802529e+00
-3.040454813797717293e+01
2.987568514057329594e+00
-1.425338820808182305e+01
4.994307548060442059e+01
-1.282974371391901514e+01
-1.971163690558532267e+01
1.912481924256454136e+01
-9.040963323580541555e+00
2.450075199241999258e+01
7.184366642377426615e-01
5.345798300314476137e+01
2.901694838498713835e+01
2.192100001599193604e+00
-2.047723515164743446e+01
1.512082764348457431e+01
-2.963345697504272636e+01
-4.797008762753506517e+00
3.368823307514962551e+01
-1.537232082816120737e+01
-2.468214627364989155e+01
-1.333210694598068358e+01
2.749551574511218632e+01
6.961301875861479971e+00
-4.558009673734122202e+01
1.829697111977577606e+01
5.112091253852469208e+00
5.073016710458205125e+00
-2.767384227989350620e+01
1.598389413923428037e+00
1.858280520342535169e+01
2.634695261611301476e+01
3.623883322970115728e+01
1.588041834693735765e+01
2.164665987160404370e+00
-2.973519344309838175e+01
-2.570763120265502266e+01
-3.796569472563666636e+01
-7.229129360476008515e+00
1.743455353127845342e+01
-1.367351524787771666e+00
2.819924412783990419e+01
-1.798513180760306795e+01
9.014077210824780195e+00
-9.574418322683698079e+00
-1.644187925520250459e+01
3.365951985825756765e+01
3.896677336303810080e+00
3.460244357312620878e+01
2.640677213709182070e+00
1.223565847406477403e+01
-9.867844280535393864e+00
3.341922308628230098e+01
-9.164140302839527408e+00
3.438506741563021052e-01
-4.296433803611455460e+01
-5.273786678064681155e+00
3.935116006135496036e+01
3.516727487232620319e+01
1.480751645591810473e+01
-9.141758311379476254e+00
3.052598811259372269e+00
-1.153553970509612725e+01
-7.648107502590193008e+00
5.088428258300685769e+01
2.758934150934919671e+00
-1.444646359734429097e+01
-5.966299623434323962e+01
-2.615043686202977824e+01
-2.115386309589776204e+01
-3.531604759329391641e+01
-3.198360040724341502e+01
-3.809440845194924918e+01
-2.528250733635644565e+01
-1.750188254503001417e+01
-2.724616994193331720e+01
2.583809328503830827e+01
-1.145288649974344253e+01
-4.869349123527229040e+01
2.215217967777300601e+01
-1.677519935954097008e+01
-4.475974616036319276e+01
5.352846569090256423e+01
-1.434890736534769928e+01
9.456476453435413987e+00
2.210092541218139672e+01
4.962412242273359197e+00
1.467284485218269197e+01
1.802189800761055949e+00
1.083012180345956921e-01
-8.185977816851455202e+00
-4.161506091291261100e+01
6.575290347309341144e+00
-6.876350748246943567e+01
3.916613398634919463e+01
-2.349514371975047311e+01
-9.757442752744992731e+00
-1.005975641618050531e+01
8.280348556011011496e+00
-9.424667350834397439e+00
1.491036445450650660e+01
-3.051092947407732936e+01
1.978514580100807052e+01
2.384597549202952393e+01
5.770303919387501423e+00
6.326664650604982398e+00
1.194535128508115918e+01
5.024536205372896802e+00
1.524743964654388151e+01
-4.410238424019226500e+00
-3.884639574988088384e+01
5.304871139465006991e+00
-1.372005745648928610e+01
-3.012728416680886312e+00
3.056676265551729443e+01
-4.443202681867323633e+01
7.780331837902565439e-01
1.166661640198185523e+00
5.064067187619656352e+00
1.733901121801181944e+01
-6.727220221924291366e+00
4.597929624619524702e+01
2.439220280151691611e+01
-8.508121333306057466e+00
-4.173384015447794582e+00
2.093626257136236291e+00
4.262928342488277167e+01
-2.932423781583116806e+01
-5.706580066751052982e+01
1.708146428555369312e+01
-6.777686053931489596e+00
-9.276168455542205038e+00
9.167893505090276562e+00
4.213641212697706351e+01
2.459712665902392814e+01
-8.895495919612613989e+00
-2.915796187224358960e+01
-4.726812393775482235e+00
1.566607446488734467e+01
-8.490398796400882020e+00
-4.141471290299136854e+01
-3.376226066727113562e+00
-5.297599292037689622e+01
-2.820104638191341451e+01
4.562948162727919055e+01
-2.898569785486951389e+01
-3.799549011931611631e+01
-2.867414306396834434e+01
-2.054548914694190387e+01
2.015764841935393292e+01
4.693925245251391232e+01
-3.676831774324682556e+00
1.439203568813194067e+01
-1.185068690944390823e+01
-3.873745610410131235e+01
2.616154029053011598e+01
-2.631546820535703546e+01
1.454567145628465141e+01
1.782110296174943187e+01
-5.931087746759800439e+00
2.107053307016283838e+01
2.299238914783094145e+01
6.337648136480504490e+01
-6.641803517004461810e+00
-2.889605925672560716e+01
-3.511955835924032954e+01
-9.580524951751385743e+00
-1.873897107850820021e+01
5.280251032410163248e+01
-2.449841728917925820e+01
6.456538849290819115e+00
2.732161310924510644e+00
-1.229675806703575347e+01
-4.748869114582589646e+01
-3.498153241788998002e+00
5.513064623295181832e+01
9.718848667593789514e+00
4.206475326009694982e+00
-3.233008002728971064e+01
-3.216373407598268841e+01
-7.879534942241129158e+00
2.570702516583713759e+01
-1.423336703999814290e+01
5.753249684504169181e+01
-2.710421279314996923e+01
1.053529152130549562e+01
-7.649627332178340566e+00
-3.628559941888374851e+01
2.413903257603749353e+00
-2.867668314568652477e+01
-4.135816320916012501e+01
6.223007900975176199e+00
1.059450053154677107e+00
2.927246755169380776e+01
1.322498523151273275e+01
-1.880109721446887860e+01
1.203871409267679837e+01
-4.899436126909467504e+01
-2.678425181168188374e+01
4.993206727217800278e+01
4.629336334987812052e+00
-5.936249848786360417e+00
-1.667417106837078222e+01
-2.463621308491667605e+00
-5.548575828925777387e+00
4.986144147880696664e+01
2.331130817446867098e+01
-6.626344088638745689e+00
-1.953276880715179686e+00
-2.201945221367967420e+01
-8.784099940705885956e+00
-3.525720699290712901e+01
2.765404157061200152e+01
3.913297043822282717e+00
5.759503123517220047e+00
1.004692807090947326e+01
-4.482521305395827937e+00
-1.151210677701725160e+01
3.044239734099356554e+00
-6.058793788421262150e+01
-8.670151161918795424e+00
-5.746608839419252490e+00
-4.325710499145131394e+00
2.695175335212273637e+01
3.640365267905151114e+01
9.689509702516602374e+00
-5.330665343941474532e+01
3.481561520663802867e+01
-1.198133787833131692e+01
-2.095424486910403061e+01
-4.881401302367029871e+01
-1.684695704952592621e+01
3.478999460509984942e+01
1.709603122886454685e+01
5.632294330765233781e+00
1.886030555132532527e+01
-3.268115437174458293e+01
-2.605573813500333813e+01
3.156314167943304483e+01
2.177062871715858705e+01
2.688271414190694486e+01
2.755887118312259076e+00
4.719680648925873356e+00
3.052086712233733579e+01
5.403732475529287171e+01
-1.166911659632057763e+01
2.155503318734929508e+01
-1.451741399582067515e+01
-2.455247822138284164e+01
-1.940004835383936665e+01
-1.951677263118742189e+01
-8.110661393442114786e+00
-2.660864493761621929e+01
-1.095613215592629786e+01
-7.596189156212116700e+01
1.898456014178353257e+01
1.238813932689611619e+01
-2.663248285762449541e+00
-2.173117436496846722e+01
-1.034956091839325154e+01
-3.071556600777927315e+01
5.501778389921156531e+00
4.508623174719312487e+01
-1.236493757551153294e+01
-9.441326318697633724e+00
1.172533543622671459e+01
-2.858688909157819680e+01
4.734188852665563729e+01
8.216593358837414485e+00
7.801196548709071976e+00
2.767434322722007778e+01
-1.391824842788480510e+00
3.129864338796971879e+01
1.058430013945219628e+01
-2.187597434418904641e+00
4.570033240812293229e+00
-3.546538735994573699e+00
3.700770290249926120e+01
4.805460135162746838e+00
1.015994281176961067e+01
-6.503912340012021787e+00
7.874909834223288385e+00
-5.157599498810921546e+01
-1.967453216900196367e+01
-2.727183673789880913e+01
2.649461752504356582e+01
-1.788114972151251436e+01
-3.355368474138072088e+01
3.233427486262866069e+01
-6.810292392106163106e+00
2.261812832128339323e+01
-5.033484345888109601e+01
1.035942161855136945e+01
2.899582501798391831e+00
3.418024524295503852e+00
-6.504944600402410515e+00
-4.058550134980748680e+00
2.836807005994953812e+01
1.025040263711076705e+00
-2.834939686542264781e+01
-1.046286442586266219e+01
1.229758696944054464e+01
-6.420349653297679993e+01
-4.909733567772212126e+01
7.156077095935415855e-01
7.843870121040900756e+00
-2.623093711226799485e+01
-1.071616966805891025e+00
5.867709040292754707e+01
1.560193840443980662e+01
-3.002062633708533212e+01
5.221995984328131613e+00
-5.178141990879694845e+00
6.982460019702607212e+00
-1.985262015512515177e+01
1.227689740466379931e+01
1.467016123521921145e+01
-3.864925581593553261e+00
6.219918328347334580e+01
-4.399038102509933879e+00
-1.761450951459664793e+01
1.328549576744433125e+01
2.392931783474432450e+01
-1.882592254727660475e+01
-1.019205090583568563e+00
5.454652519141755818e+01
-1.576077394277888288e+00
3.273762995530347553e+01
8.145989501224505602e+00
-3.889433331439917652e+00
-1.264532344861964930e+01
2.907116847700379481e+01
-3.113009431448151787e+01
-5.857236553035818361e-01
-1.014218794537899271e+01
-2.210114968325226670e+01
8.356515081594043437e+00
1.480483128528631198e+01
2.405407216694783301e+00
-2.132024128978287081e-01
-2.215397644520732001e+01
9.011980223403895707e+00
-1.841518078038603790e+00
-1.261787127539928832e+01
-1.122027258802395977e+01
9.199491276839495413e+00
-2.072151056245502332e+00
-2.106114935542677813e+01
-6.071160888751231255e+01
5.828989589787980208e+00
1.074388802186133773e+01
-2.701826267404196358e+01
-1.329380148769871539e+01
4.604403929072240942e+01
6.257817663354430238e+00
2.196528358237742395e+01
4.807240209355583715e+00
2.220026748788859550e+01
3.201955559960595110e+00
-2.168259665414062454e+01
-6.071275117099375507e+00
3.020166680863752617e+00
1.753692970465186818e+01
4.199012738429536284e+01
2.739930564998184082e+01
1.701505698067961703e+00
9.510561334995571769e+00
3.373339712538887625e+01
1.471164797228381715e+01
-3.858841765413652070e+01
-1.537363608930758119e+01
6.210896445935389920e+00
4.749057327190058686e+00
1.372159807066426396e+01
-2.884875988424556681e+01
3.921353424498853713e+00
2.410195577458111416e+01
2.663666827582569852e+01
-2.394584236491996876e+01
3.111271362450906963e-02
-1.238118204746314177e+00
-9.488603847693582338e+00
-1.580946368206534203e+01
-8.610317514155980234e+00
-4.907486493156788754e+00
5.646524166757956209e+00
2.356861525973579319e+01
-1.720543746601558155e+01
4.507855588588182627e+01
1.827004635253112497e+01
1.495569685109029479e+01
1.972371651470872678e+01
1.509614714495561927e+01
2.025540032132360579e+01
3.048602164659338598e+01
-2.537318027498270823e+01
3.468282167105432734e+01
-6.356716677854646491e+01
1.765039164540991834e+01
-5.956791745946969741e+01
4.650696324484249544e+01
4.200524942091089997e+01
-5.233050440101692402e+00
-2.685270948873659336e+01
-2.364502758852887609e+01
-3.064970846042257335e+01
-3.529690517063434640e+01
3.153729935503508841e+01
2.343163470738313947e+01
1.332564673436498026e+01
1.576433086774250114e+01
2.491228987682629281e+01
-2.183721313195968605e+01
-9.882763259552746149e+00
3.071990046111093875e+01
-7.275162129018838186e+00
2.974528270542259634e+01
4.149904442505797419e+01
-3.213732748671338513e+00
-4.080915659872556489e+01
2.785483978964066409e+00
-1.450719093517438552e+00
-5.684403607098886368e+00
6.046302452190843724e-02
-3.633001915868749165e+01
-7.002539200311133527e+00
4.930392116908674183e+00
7.426062375072319810e+00
2.721728894270755461e+01
-2.379563928293374886e+01
3.104733076187307006e+01
-2.222934004472006109e+01
1.429974993282084483e+01
2.250830592613611714e+01
