-3.540728737594864128e+01
-2.043706076236432523e+00
-7.299937665905943618e+00
2.456256195471452486e+01
-1.217139143344756747e+01
-9.404565811903438544e+00
-2.460230668197107207e+01
-5.140635205096450022e+01
-2.192476677738522994e+01
-2.307577943449501845e+01
-2.139117096994252165e+01
4.321627743673923661e+00
2.026486132408848562e+00
-1.095649169803394329e+00
1.775741972048891171e+00
2.705510579014264749e+01
-1.045131944159615500e+01
-7.355801195051355990e+00
1.197315763482504281e+01
-6.322728209933476506e+01
3.168009448179843446e+01
-1.355966152341005682e+01
-2.474730233485436415e+00
-5.724267466578680796e+00
-9.522418562387429120e-01
-2.208646073470745819e+00
4.905922579298928099e+01
-1.530087872954466377e+01
-4.126332178691825447e+00
-3.100433991713859427e+01
4.007766728464878270e+01
-4.426751972134724156e+00
-2.182374641102677515e+01
1.145340310604698431e+01
-2.094788180962268598e+00
1.329411820191600668e+01
-5.527398161177643487e-01
2.766880486786121196e+00
1.931647142758905034e+01
-5.582704577749078112e+01
3.111077226575412169e+01
8.283103043331152548e+00
-6.400077513644333749e+00
-1.784192088462194548e+01
7.046181949378109266e+00
-1.116114080073029413e+01
2.544290012438926851e+01
2.030546633335808338e+01
-1.307927544374507534e+01
-1.671990174552246344e+01
-1.763290300917725517e+01
-2.124006687584456188e+01
1.078824599504216053e+01
-2.768196317556447639e+01
8.486081395766461810e+00
3.532920413180964658e+01
4.073458474853940459e+01
1.897707736667567247e+01
8.516932393710817450e+00
1.771714468037271217e+01
5.198298579447521206e+01
8.800201500510468122e+00
-3.049133010845619651e+01
-6.162063561634568032e+00
-1.440375894407947044e+01
3.397300833381926566e+01
-4.026478481275401577e+01
-3.502471026894608030e+01
-1.785887155906361556e+01
-1.000621424479174948e+01
-2.287626555119297223e+01
1.604058000333368739e+01
5.334005649708728924e+00
7.993738925578696808e+00
-2.211963820914612455e+01
-1.938006801582807270e+01
-3.340448130217949796e+01
1.841166758724062902e+01
-1.915402964685632270e+01
1.729944502539403572e+01
-5.501116219360894455e+00
-1.522264357541766344e+01
-2.929412905975000569e+01
-8.678574156638603654e+00
-6.257904006061153268e+00
-7.048821830624916629e+00
2.284801383108500517e+01
4.278593920813590046e+01
-2.516162358539199317e+01
-4.389747287045611301e+01
-1.099895648062157250e+01
6.076940047579091697e+01
-3.312704758905747582e+01
1.829034411624803624e+01
-6.649026612062129971e+00
-3.410510300040259324e+01
1.412797423957630372e+01
1.996870802234812459e+01
-9.839559435234988882e+00
1.870824626885860198e+01
-1.371949334365092454e+01
-3.196843509820911322e+01
5.368536626153724001e+01
2.557890912951938844e+01
1.448352836183067893e+01
8.017643072554307082e+00
1.523957555885303350e+01
4.618968886059718670e+01
-1.509378345021655576e+01
3.398289580824751965e+00
-7.737315371800428920e+01
9.033716374018666784e+00
-3.788855552838894880e+01
7.937245867716285375e+00
1.248247442613669023e+01
-2.040472133703104873e+01
-2.896562295288228484e+01
1.228300094193855330e+00
-1.722113540547186972e+01
2.186292462953232985e+01
-2.837212625374008468e+01
-3.154930763995935195e+00
-2.059203658178017093e+01
-1.995876952704122687e+00
1.126011160533366251e+00
1.272394275830049537e+01
4.310105343469672334e-01
-2.970604686725891952e+00
3.642069983339162320e+01
5.156225437963267666e+01
2.783548276965108670e+01
4.024162458028656886e+01
-6.645880733850674460e+00
5.660651944616517994e+00
3.009994161343416863e+01
-5.073869292842800860e-01
-4.308087152338393366e+01
-2.309751181032807210e+01
-2.869892901773197025e+01
-1.570071495618817181e+01
1.620370393640095585e+01
-6.731328549729056476e+01
-9.450450204752058880e+00
2.511441438860767050e+01
-2.125608155677224431e+01
-1.765771842762114829e+01
3.375560517992954601e+01
2.526216565493064081e+01
-1.874735244299134251e+01
1.577377358812509556e+01
-1.439313500406065316e+01
1.938751489761434499e+01
1.933903133486040815e+00
7.503231743878330917e+00
-4.835120438351568595e+01
-2.683212091150293688e+01
-4.926801589435683582e+00
-9.451827716958529635e-01
-2.317252698396379174e+01
6.163896777842296615e+01
-9.870346913822288570e+00
-1.827082844368763404e+01
2.022159046006402150e+01
-2.604910502480255730e+01
-2.075085169086521830e+01
1.850385288693200891e+01
7.230605141731004437e+00
8.665546240809931078e+00
8.897231850544841336e+00
-6.257388514333030116e+00
9.015885073738786559e+00
3.307211241705653038e+01
-1.502987273812468061e+01
1.089706010517829782e+01
5.158388338063529233e+01
1.852775106220938994e+01
-4.280856982624015927e+00
-1.159035391422692385e+01
8.828951896567266999e+01
-1.211716565343434127e+01
2.126084022238421767e+01
1.470844570898856318e+01
1.670045504265917202e+01
5.017885633868172590e+01
2.715364218385929007e+01
-1.551177775011883142e+00
1.373300412740013599e+01
2.784523038255122174e+01
2.043465209987826370e+01
-3.304731004586403742e+01
5.344169121921106580e+01
-4.761733968762520419e+01
-6.978343724037166851e+00
3.123007365915880484e+01
8.471782040568417216e+00
4.222613758652869365e+00
1.608175697863957510e+01
1.265070082635588733e+01
1.951664000905881835e+01
-3.547308115110968174e+01
2.255182865981396390e+00
-1.505468621137231366e+01
-3.785335213039928703e+00
-2.492508735640910800e+00
-6.091530768302552801e+00
-3.265852226883225740e+00
4.751068626252123295e+01
-4.778792299819201617e+00
-1.475880406177358850e+01
-1.454158277012211897e+00
7.368204410743317112e+00
-3.381629814898808206e+01
-2.899858722764855656e+01
-2.053566333173189662e+01
-3.504765367481772387e+01
-9.079206598227248293e+00
-2.365717931484648773e+01
1.036263294889783992e+01
7.246245408911349273e-01
-7.106133063069620448e+00
-4.689796864651412989e+00
3.255448852818346950e+00
-8.336180619904780542e+00
3.856408952712600069e+01
-4.903391442230142161e+01
-8.573052304191861595e+00
-7.667345948859370708e+00
9.035359520884185258e+00
1.273677509563823662e+01
-2.664063396993162769e+01
-8.596745060788094861e+00
2.435275500001996463e+01
-1.139350277300120950e+01
8.981570828258156780e+00
1.932334576983836882e+01
-1.631112047297051504e+00
6.317689496495245294e+01
-7.903699360449024880e+00
-1.796067118768854698e+01
1.804353907893727182e+00
-1.392911578453288257e+01
3.091682294539322129e+01
-2.400750029759813486e+01
6.870635283317085396e+00
3.209697889062408649e+01
-7.196464759968733915e+00
6.693525920480749392e+01
7.248472551683545362e+01
-3.759894708992726464e+01
3.335113333919260015e+01
1.229410344959967460e+01
-3.151512325963827266e+01
9.420463356951799483e+00
2.377768077005659109e+01
2.432887697743763056e+01
1.325988439397704610e+00
9.579163062393945438e+00
4.210701282019840619e+01
-1.327085138404264342e+01
8.029217136794741805e+00
4.060252058932741193e+01
-2.092010228556935658e+01
-1.127914832897315023e+01
3.166995675804066934e+01
1.624675836614885327e+01
4.280760340788731355e+01
1.705576018217581691e+01
6.157670912396753238e+00
1.506492216967046716e+01
2.289059496222981238e+01
-3.026158604792028939e+01
3.861407472126927587e+00
1.397521176080654826e+01
6.548077244908995453e+00
1.337104691405278345e+01
-3.461890254992614757e+01
1.807584808974536372e+01
-2.414143394211276927e+01
-1.881506959741911089e+01
1.204562932471603176e+01
-6.579814728678670122e+00
3.268984188147146597e+01
-9.451540260883120936e+00
1.699015047997247052e+01
1.826565823534394895e+01
4.391099074987020856e+01
3.081224774361371033e+01
2.759596302275718926e+01
-1.908994085459909229e+00
-4.726228773836595565e+00
-1.806747130630378706e+01
4.512528915463204271e+01
4.490787585627191447e+01
2.206369446779180521e+01
-1.422617848544928165e+01
2.811698507530508095e+01
-2.898329843155408980e+00
1.010639494190669296e+01
3.735274048378184375e+01
-7.096195388668178339e-01
-4.501815211880142442e+00
-1.139469260089100544e+01
-3.305457252024626769e+01
5.398533557182653908e+01
2.857802924604300188e+01
-3.377060610719172473e+01
-9.320476582809092747e+00
1.487491080919229347e+01
-5.667776053562803895e+00
3.585108886851842414e+01
7.120824250282197454e+00
4.515768562986306733e+01
1.956844556004030977e+01
-1.285545756389905137e+01
1.131387781827031347e+01
-3.544574584429568631e+00
-1.551405940223594371e+01
8.895203567261347644e+00
8.495624801860742537e+00
5.304668834214554352e+01
4.458607970393953224e+01
3.137242430069790089e+01
3.773010402867839730e+01
4.898390193903111367e+00
-1.467940324672747465e+01
8.071200272572127687e+00
-1.891505453133188652e+01
-3.037457089522522580e+01
-3.152216912604814070e+01
-1.767911175191244411e+01
-6.156413067370232284e+01
-1.975344756275208624e+01
-4.906641981291735988e+01
1.325639840466680575e+01
-2.623160344368232799e+01
2.636976432826219252e+01
-5.601915944660107272e+01
-1.685747887650065024e+01
2.425696316317927881e+01
1.185763874510912785e+01
-5.028449183136818590e+01
3.202082403249653453e+01
-1.467445074846719422e+01
3.049275206682680306e+01
-1.318173924909385164e+01
-4.440411632917988527e+01
8.144816574239740703e+00
-3.687700832478844859e+01
-4.222131640571632261e+00
-1.675670094300437007e+00
2.316884148205319605e+01
7.138023195572969826e+01
-2.444446849581296988e+01
-1.981177867191615860e+01
-2.386802797107179686e+00
-6.462307501743254079e+00
-4.573305622527047376e+01
-3.158378118588140637e+01
2.712111530131296888e+01
-1.202914009735513901e+01
1.145011384498585016e+01
-2.780446835421855667e+01
-9.285451021959630680e+00
-2.349700364918396644e+01
2.918263391721696820e+01
5.407630859594235062e+00
-1.264414783443277202e+01
-9.626223768267948344e+00
6.734697507037928688e+00
-4.644149933319511092e+00
2.439352599498192831e+01
-1.459787940011051433e+01
5.645030827238713300e+00
2.008969046424813598e+01
7.758085382410683906e+00
-1.205478657919303487e+01
8.713060029257479755e+01
3.330938146348293571e+01
2.443205878476113924e+00
5.739660325245552031e+00
-3.548230652191142553e+01
1.903661404114333777e+01
-4.329704260856833287e+01
-1.649879938894787301e+01
-3.120808056780299466e+01
-1.119763859734717926e+01
3.219200856678475020e+01
-3.213916293666810020e+01
1.357714480213175534e+01
-2.169803223922599500e+00
1.172125985605163123e+00
-2.029300523754378105e+01
-2.511469758097857152e+01
-3.168074647972616731e+00
-2.026592751826908767e+01
-1.124193080506830711e+01
-2.339438471284967136e+01
-5.242097267998062193e+00
-1.965384736540028143e+01
-2.845709214385978214e+01
1.187458265624525922e+01
-8.141260479587629106e+00
1.386344135670114497e+01
4.841179086035531043e+00
-4.316143802639142280e+01
-2.975286334126845844e+01
-2.589459242664581495e+01
1.839595241928145697e+01
-1.396808108263925874e+00
-3.515267223827918031e+01
3.338562764838077612e+01
-2.220987494742337276e+01
3.237088110789763107e+01
-1.793156790363725506e+01
-2.739531610907991421e+01
1.342846501997598807e+01
-3.853815889776026893e+01
-1.951802355595060590e+01
3.513058397769830776e+01
1.069817310022773427e+01
-2.487811284148210689e+01
3.078457872288556274e+01
-1.029801944223805776e+01
-2.155237530230607490e+01
-1.725452813616317371e+01
-2.841083325903082368e+01
1.570063737469354237e+01
-5.096735084327076493e+01
-4.490793746634716399e+01
-5.754740995019972161e+00
-1.705826569919781832e+01
-3.353195661264994243e+01
4.167571709649223521e+01
7.609457148672325388e+01
-1.558333501042299929e+01
-2.023786763096381947e+00
-3.438666579350318386e+01
3.716278518402862119e+01
1.157927525962020354e+01
-1.356885979233982198e+01
-2.067110441017982225e+01
8.361253486211751351e+00
-3.293148753629486691e+01
-9.994937611415764422e+00
-4.933806902940816030e+01
2.066325771053226390e+01
6.281827769833540742e+00
-1.017439932402396607e+00
-5.865347942056018837e+00
-2.271338044125695887e+01
-6.221956952400006458e+00
7.445192564935057078e+01
-1.038141199210559762e+01
-2.727048373961665106e+01
-3.963342556062413280e+01
7.917472276062255787e+00
-2.127206979150415833e+01
6.158159903400246549e+00
1.722548003806096517e+01
4.323537381342589470e+00
1.778492489077496685e+01
8.587067256974364682e+00
3.322994402458419927e+01
1.495287023375382773e+01
-1.985893203175347566e+01
2.723858879074992956e+01
1.981050975659431401e+01
7.024306524808025642e+00
2.404499589284620242e+01
-1.610069146437157173e+01
4.184286979941168738e+01
1.336030114723673279e+01
-1.801660096175078252e+01
-3.346030811958597084e+00
-1.023570417123701759e+01
1.158396575603094902e+01
-1.326113505398522818e+01
-4.485708650294597533e+00
-7.289807035772696509e+00
4.594507228553288769e+01
3.138411440053363322e+01
-3.688156661167793260e+01
-4.596621709519638443e+00
-2.996481463796880007e+01
-8.226824214231214683e+00
-1.339765735621340070e+01
4.881542776180765486e+00
-5.979912133674663011e-01
-1.630899403073587450e+01
9.623436118306187836e+00
-4.686226556149378553e+00
-5.331691932835461500e+00
4.890931508341654421e+01
8.205399441328115273e+00
-4.685254854702976246e+01
-2.252884336353389472e+01
5.438012182170336928e+01
1.545483957152111998e+01
-5.388920486464428450e+00
6.067347618508897256e+01
-9.171653225524778463e+00
-5.177907864498592971e+00
-4.602218474266010162e+00
8.793039292879029745e+00
1.769225629876096662e+01
2.475308455190841528e+00
1.644878488123492843e+01
-7.251548795804154679e+00
-1.997091967191798290e+01
-2.362270567716031877e+01
-2.724410149457366970e+01
2.338244082262426105e+01
7.369682754204902153e+00
2.164905659551358852e+01
7.917731217232585550e+00
5.065906354719697902e+01
1.058518223100786315e+01
-4.572156542914336796e+01
-1.944817830540959136e+01
3.479787695123427227e+00
-1.651671634682854517e+01
3.583446087926509449e+01
-7.927021944632087980e+00
9.541204364427329665e+00
2.992390881992861296e+01
-4.240033265796495243e+01
8.487927818567550275e+01
1.176781338370827257e+01
1.351505626108814795e+01
2.053132454042724930e+01
4.234644639893019757e+00
-2.661300656040737067e-01
1.987471598079531532e+01
-2.101260845636036834e+01
4.709447627793447566e+01
4.165272711401706829e+01
-2.362933013784578407e+01
9.143468363750798744e+00
3.972009787132819270e+01
-1.167653670108774122e+01
9.897114698390993226e+00
2.138235422540924446e+01
2.302943267374152470e+01
-4.332491680338844731e+01
-5.828421293892915855e+00
-1.738672767440207423e+01
-1.780602682170723483e+00
-4.504043930022724851e+00
1.010110173108216713e+00
-7.117117447311954948e+00
-1.802085224547317921e+01
7.499804515570986041e+00
3.910170028871277736e+00
3.010613122089443650e+01
-2.484670457964165280e+01
2.473819080993291664e+01
2.682102265795164442e+01
-7.077556688696574838e+00
4.619436702103341474e+01
-3.860922568586178727e+01
-5.848874550825195229e+01
-4.876381685809528577e+00
-4.522437131992148807e+00
-6.627830295351486711e-01
4.533080936255987581e+01
-2.765089707927160134e+00
2.429300758880552280e+01
3.050516107693530898e+01
2.119998389666022831e+01
-6.471381333099884614e+00
3.382228012747430057e+01
-9.037386798010288658e+00
-2.012445339422129109e+01
-2.322686772875965744e+01
6.115865648302772684e+00
2.007650520357921664e+01
-7.658866523356806510e-01
1.974495623476553874e+01
3.210137253286404757e-01
3.435299899608767760e+01
9.837626144355851920e+00
5.102195485951220633e+00
-2.126387513581335043e+00
1.825989336883627345e+01
2.130121639233431097e+01
9.754540017616051273e+00
-1.021101531996393419e+00
-3.115879746340403500e+01
1.650511793260571380e+01
1.078635852258946670e+01
2.014012322427603152e+01
1.598432434272720570e+01
2.047303259416980836e+01
-4.908457017813120160e+00
1.765351528209365028e+01
-1.521898881854622232e+01
-4.093823669999778758e-01
-3.071224867664577118e+01
-1.742864125549658638e+01
2.280480547618735443e+01
-5.106480204399150580e+01
1.504703805378818515e+01
8.964947034135036574e+00
4.706093324187426674e+01
-1.073011519812534686e+01
1.887865786957777203e+01
-5.656525148142350190e+00
-2.744104742850716860e+01
-3.850842278140146391e+01
-6.643098054871884983e+00
-5.011383618317824329e+01
6.655974483767863603e+00
-1.126406140788899890e+01
1.747633834911121653e+01
1.332381654619018718e+01
-1.617794485040215591e+01
-1.656997693281334705e+01
2.322280628386292989e+01
-3.479541312554804477e+01
-6.919096884480467224e+00
-1.070135195123358329e+01
1.546846722833961607e+01
5.271974894329787276e-01
1.534944053964593991e+00
-1.068722938654285315e+01
3.102596453909950469e+01
-3.139398117488491380e+01
3.885829888708087765e+00
3.410868554545785969e+01
-2.081656325666590135e+01
1.743884138498387415e+00
-1.631123904178934936e-01
-3.690687179125336570e+01
-2.268171876633849138e+01
-2.818466845075736416e+00
1.599341564965636309e+01
1.867794454415360406e+01
3.474123089224548266e+00
-5.451485531997320777e+00
1.010352071555607267e+01
-2.409619685084800267e+01
-1.119362018666720360e+00
-2.937384297790558207e+01
-1.578274115241880793e+01
2.753567056993560414e+01
-1.616100145930724352e+01
3.843440798147375403e+01
-1.360696860472069147e+01
1.856992518926607261e+01
1.432026137552711020e+01
-3.589095921074031992e+01
-1.424293483692538587e+01
4.916583169787259067e+00
-2.362160894598905259e+01
-2.137228214625252321e+01
-4.943197232664249441e+01
-3.063698608020692404e+01
-2.893010758490990497e+01
-2.488372921249239766e+01
4.841131720338154310e-01
1.034661399462494558e+01
3.872775910248520859e+00
1.378534834490812955e+01
-3.215514980359770902e+01
8.625658473546991445e+00
1.525561034344629263e+01
-3.814103179109144293e+01
-3.517890764389645142e+01
-2.386475585333107574e+01
-1.540104733214943877e+01
9.218159672225340273e+00
-7.564983208233115874e-01
-2.384977641226552336e+01
1.696127932964989782e+01
-1.348468728164803565e+01
2.843766648263940056e+01
-5.033763009691222123e+01
3.579721906604670778e+01
-5.100754165640836391e+00
-2.272354017897141887e+01
-1.420128378470135289e+01
1.036246217406613823e+00
2.532906933510028225e+01
-4.170295099508011560e+01
-6.688299075260630389e+00
-1.143931502912929687e+01
2.529972038892769604e+01
4.724534995741483101e+01
-5.622564221502148030e+01
5.260208245571675434e+01
2.351115486698128620e+01
-4.223061780499746476e+01
-1.807389673372925643e+01
4.480708999286284211e+01
3.359820165196623520e+01
-1.179220149774386073e+01
-3.326716007194050917e+00
8.118374571684370267e+00
4.222681806346011513e+01
-3.212125291201576260e+01
7.191935812697479946e+00
-4.711003020950037978e+00
1.544897315205685118e+01
-4.104639520926414775e+01
-1.866667643449183345e+00
-1.720711732920371517e+01
2.700796730380328370e+01
2.378549829627247902e+01
-4.937555040637602133e+01
-2.702307016037711662e+01
-1.220749507411181867e+01
-2.405905930505092272e+01
-6.604547104567288329e+00
-1.150811215426922729e+01
2.544532469310530587e+01
2.377955281862602988e+01
-1.234306138377121442e+00
-2.593036994404789652e+01
-4.808978999407611354e+01
2.688156492446984203e+01
-2.777281584195276309e+01
-2.055660384944911812e+01
3.363916535313862255e+00
-2.030719157674600694e+01
-2.210160613748323044e+01
-1.620860823966119568e+01
-2.709882155988941577e+01
-1.465142007703408566e+01
-2.938056614393978805e+01
3.166010413139902013e+01
3.473626202880254965e+01
-3.731275985623881297e+00
-1.240894203027187359e+01
-2.317170085951829606e-01
2.571524984643997414e+01
-4.862028565026685101e+01
-1.127234411126445934e+01
2.784256372064407969e+01
4.007117192972270914e+01
-9.469273844027014775e+00
5.621742638121190794e+00
3.101769158153996386e+01
9.380841367567271050e+00
-5.620983009955864418e-01
-2.513208983540909003e+01
1.139527979674045355e+01
-1.961546127548749041e+01
-5.973534513220499775e+00
-1.097467155251149507e+01
-9.301236844202065868e+00
1.281269523653963915e+01
4.473645188035779086e+01
-1.385883808829717623e+00
1.936932802011213539e+00
-5.150559720793670238e+01
-1.073074229805166624e+01
-2.035425080366667316e+01
-8.598151486145866329e-02
-2.652073236921694388e+01
4.826167319989525595e+01
4.592723804644390384e+01
7.965045904076752947e+00
-1.117788861580018533e+01
9.383925950246464254e+00
1.168694177987177341e+01
-2.696584883907518559e+01
-4.747618448541686575e+00
1.070680167381624415e+01
7.533431510287385890e+00
3.115290910638859145e+01
2.288419027440448872e+01
-1.198676535935788934e+01
1.472490925407078066e+01
-5.610703358371894467e+01
-7.196130223776719959e-01
4.936789353628284971e+01
6.773131933261765880e+00
-1.171893425636426400e+00
1.728065553676182731e+01
-1.617654772490028847e+01
5.087317997908652956e+01
-9.411062650933274654e+00
4.551462133937559429e+01
2.215299172453178755e+01
-2.292592154228867685e+01
1.831200249571239169e+01
-1.730153207600721998e+01
-4.090954796922500236e+01
-3.646624938499257951e+00
-3.153075769145191742e+01
-2.975291566628726514e+01
-2.784766062025525457e+00
2.044952520790377548e+01
-5.492389070653487693e+00
-1.773692998936820686e+01
5.070236238582651822e+00
-3.917512157751747282e+01
-3.973113240576957139e+00
-4.698402534911633666e+01
2.769704193755259780e+01
-6.943773027389710251e-01
-2.826999129551178669e+01
-9.431780304948972571e+00
1.047397860775788558e+01
-2.001750998380308033e+01
-2.583989498637127724e+01
5.338349263199103234e+01
-1.372949614359427528e+01
-2.282927917221002190e+01
1.548064711352316181e+01
-1.000910229405466367e+01
3.096792149801601468e+01
-2.562970288175620226e+00
3.931641433800280083e+00
6.123396954927881097e+01
-7.057750148704968751e+00
-2.077536406781140954e+01
-2.442153548699980092e+01
-2.886977466223976307e+01
-1.938683025599971188e+01
1.538752258030888243e+01
1.538041912359335583e+01
1.267154009483463994e+01
4.165889398977759583e+01
1.866437828419208245e+00
1.185069272160950504e+01
-3.605383772242414864e+01
1.507499476494245982e+00
-1.057682362017283140e+01
-1.511044139299440303e+01
-1.961813404614076717e+00
1.912512752933076854e+01
2.167134806254165369e+01
-3.951852524971712910e-01
6.888916397993057217e+00
1.565636547102025666e+01
1.981048183855340028e+01
-1.385231231298087096e+01
-7.146890218837597786e+00
3.920493076653599474e-01
-1.311396346087400389e+01
-2.888811397679774018e+00
-2.036393544703011571e+01
4.501896110659907890e+01
3.646859477184005982e+01
-9.238191695717318908e+00
9.076605255873317901e+00
-2.631515093047225307e+00
-1.701912587588478232e+01
2.025761879816241873e+01
-5.406971827757274696e+00
2.266748707732196522e+01
-2.972692323804942305e+01
1.018710029119304750e+01
-5.618517916884684382e+00
-3.058781588649134164e+01
-1.383837870922980073e+01
1.515999373023318242e+01
-5.191265596097007062e+01
2.441140212595956882e+01
2.648978479823236398e+01
-5.672423219242283210e+00
-3.395224481810089401e+00
-1.781702176925165304e+00
1.421194514538098019e+01
-1.856316565523928830e+01
2.050099161064071396e+01
1.734629546862649363e+01
-5.589236577618424917e+01
-2.012603090811161621e+01
1.350603354300496406e+01
-4.856364960434348177e+00
2.467533370940122950e+01
-3.621752762806409009e+01
-3.021213585276655067e+00
-2.379393261103829715e+01
-7.312271636593270330e+01
4.372424326443302789e+01
-3.320359116261045074e+01
-3.480289827274300762e+01
5.066822635123848784e+00
7.373682920206552183e+01
6.635292093734364016e-01
-1.598943008404847888e+01
-1.765050743495237384e+00
-3.109318133257929162e+00
-4.874058676165670079e+01
-3.482567872707535628e+01
4.660110621693109323e+01
-5.833040147556943111e+00
-2.142984034102187252e+01
2.807762522686209650e+01
-2.039920840242970002e+01
2.099306525653281597e+01
3.026135004120601479e+01
-3.247839094331450838e+01
-1.598212640010621044e+01
-1.974912530781372766e+01
-1.017024791089741598e+01
-1.004613260308344280e+01
-5.922804970482047793e+00
8.136910021114488245e+00
-1.941899631103237311e+01
1.614216415213819289e+01
3.295263984449594830e+01
-5.132783337032623905e+00
-1.156536616625868419e+01
8.285153427246143565e+00
3.183665652191632489e+01
2.967941601457768286e+01
5.540183140739003420e+00
-3.171375913474435038e+00
-4.958137440543239904e+00
-2.888487306728376325e+01
2.187980134168491020e+01
-1.271912608209213857e+01
1.131038785724439322e+01
-7.945966955624044203e+00
1.534878698738904745e+01
1.040400458800721850e+01
-4.580696782476908879e+01
-1.515715062131056357e+01
-4.468773534736656927e+01
-2.031455406173830625e+01
3.027984180739068165e+00
-9.781302057705374864e+00
1.856966157678293428e+01
-1.704535785305517948e+01
2.089444554276582267e+00
6.092177856513728784e+00
4.025871367233474984e+01
2.040262086675535613e+01
-1.718040027720031304e+01
-6.962224334764499645e-01
6.927241309006888059e+00
2.178377622779932210e+01
2.239624640232307229e-01
3.105280026262653337e+01
1.281340694114885537e+01
5.147371086695136455e+01
1.109118963721542173e+00
3.723792207633809426e+01
-1.534348964792417291e+01
-2.144769592895924148e+01
2.524102896433078058e+00
5.318201530646319952e+00
1.523771945898837998e+01
-8.055395754058395141e+00
-7.776904343331445091e+00
1.473132525108202984e+01
-2.755410149918432694e+01
-3.132590917169174816e+01
4.501207305143901749e+01
-3.376746632585991392e+00
-2.222602873105500976e+01
-2.304304655869131579e+00
-7.650681530168526479e+00
2.414088349971920877e+01
1.882345765998815068e+01
-1.145454896082173946e+01
4.609065466902677599e-01
-1.504194458222005437e+01
-2.004975961064769763e+01
-1.521312670186631522e+01
-5.492613273687577191e+01
2.784007550825151611e-02
-3.660010681225965357e+01
-3.164491361655692714e+01
-2.118339843314993232e+01
1.088781644861381892e+01
-2.073113452746886765e+01
1.312812346745748471e+01
-3.479067301500740683e+01
5.954385079649568979e-01
-2.353823674012193123e+01
4.843247814462188217e+00
6.389938685931227269e+00
1.895676392165808011e+01
-1.192332298320016548e+01
-9.095712934332482291e+00
1.677939534422716861e+01
3.367868375336098552e+01
1.865542121654834773e+01
4.722520539471133816e+00
-4.075888093067955964e+01
-9.643592306982043283e+00
-1.792476198258128761e+01
-3.434747146731456269e+01
2.297052514812230584e+01
-2.060493951118519362e+01
-1.878956661346279589e+00
-1.593458794664864797e+01
-5.666361497455429230e+01
2.941254099151666423e+01
-9.993104914147238560e+00
2.301130576777575243e+01
-4.058071779470120077e+01
3.828752741589366337e+01
2.086036219878650400e+00
-1.635372886972580631e+01
4.872651293682025653e+00
-1.183675873225453756e+01
-3.724686240536991022e+01
8.242614093346020354e+00
2.023049680921610616e+01
9.966040277349179632e-01
-2.058586667848862817e+01
-9.286781873919579766e+00
9.979834216117694723e+00
1.815193857377582276e+01
3.581384565493892325e+01
1.343714921881331747e+01
-1.320801935249096459e+01
5.420707682164147201e+01
1.363078943121162467e+01
2.412743487994278269e+01
-1.035023323813834395e+01
1.591463369157484919e+01
1.112634692143760162e+01
-3.522986344172738882e+01
-1.172074093452152965e+01
-2.322720838296193335e+01
-2.095495371626834924e+01
-6.851572112010217097e+00
-7.857805222167769443e+00
-2.396065845851325093e+01
-6.297493623514074557e+01
-1.640005005922333936e+01
7.117159552397026800e+00
5.163678303523795421e+00
7.888256691859993452e+00
2.634801179194334964e+01
7.984443066974272085e+00
1.844832818760741588e+01
-2.369007634833660347e+01
2.596313158746181671e+01
-2.582366690659156916e+01
-4.084407037897710779e+01
1.246008930003159776e+01
-2.450880779111739116e+01
-2.231716443978471887e+01
-9.008681427395791275e+01
-6.565684749710150925e+00
4.633590478745730934e+01
2.408237970225857083e+01
-5.811871810320951681e+00
-7.827864744645239625e+00
2.143831934149085328e+01
3.777921754444176372e+01
-2.364296881397402217e+01
-6.141101462410915701e+00
-1.932339621457717271e+01
-1.994401443381121908e+01
-1.748152476359224750e+01
7.206904701169545291e+00
4.020400765384096076e+01
-3.706165713603365930e+01
-3.187843537196630450e+01
1.867999243905245521e+00
-6.049195095745034223e+00
-7.624580060886099631e+00
-5.123893473997674164e+01
3.570848595113332635e+01
1.360745875452198561e+01
5.304151186979080279e+00
2.753280405007070897e+01
-1.862377464835912377e+01
1.760655555739474210e+01
1.581001825322638865e+01
2.089949415786577447e+00
-3.474966433687637135e+00
5.021510047445641334e+00
-8.972123861995761729e+00
2.879931124819144372e+01
-2.277919751410365734e+01
2.447692603143735823e+01
5.484818587488604180e+00
8.202149731395223853e+00
1.290263271322072569e+01
-4.938458976323541094e+01
4.766421730233361131e+00
-3.806527312044300970e+01
-2.784059086736345279e+01
-2.784432718367179405e+01
-2.836509269611846662e+01
3.080231276953782071e-01
9.516481286034576215e+00
2.829536181753519486e+01
4.920632641330289658e+00
8.160756528303839019e+00
-3.988989301292821210e+01
-1.451692932866242813e+01
1.934085387094552289e+01
-1.138018763701303726e+00
-3.865594856804932533e-02
-5.060876091869488391e+00
1.990666998144257605e+01
-5.187103111881305040e+01
6.420168785979303294e+00
1.153691703874878272e+01
2.455916085062246879e+01
2.102306812746229525e+01
-3.215483730282491592e+01
6.411992238447396630e+00
3.326439380351501995e+00
2.710565623466720808e+00
3.358245250243982127e+00
-1.072344787665852550e+01
-2.007862059877386685e+01
1.074501829037778577e+01
3.415482827563187129e+01
-2.823532177032234358e+00
6.591567325917139897e+00
9.622465659009122874e+00
-1.460007249120312167e+01
-1.544044507701349289e+01
-6.781754536844781001e+01
-2.099267831699704345e+01
-3.102026616239740520e+01
-3.817647064644518196e+00
-3.834905889691711423e+01
4.265942287711482095e+01
-1.779550144641524412e+01
-3.043991950038281402e+01
-8.788183602818173767e+01
3.776239962583963461e+01
7.574350006185653683e+00
3.435313702389279911e+00
-3.557624520915479138e+01
5.002072618137162863e+00
-1.128322232220730825e+01
-1.859625617730274882e+01
6.614611689113171877e+00
1.916157041841617570e+01
4.158676445826571921e+00
-1.206132145928484078e+01
-1.212482017845104565e-01
1.574905754084880982e+00
8.908032145319793926e+00
-3.611132535027779511e+01
4.096316052490207937e+01
-2.433488027092517569e+01
-1.698161293864221832e+01
-2.780334151451484104e+01
-5.905585514663345492e+01
5.105794977659805056e+00
-2.972664309922572556e+01
-1.082892204638851297e+01
1.852372640360545120e+01
-1.468819854141233350e+01
-2.004637336410382886e+00
-6.676612852196143422e+00
-1.142095923848279426e+01
1.807644165959494842e+00
3.080032119655849954e+01
-2.857482029693342440e+01
5.651166352156201356e+01
-1.284550916297561685e+01
1.899187983312543793e+01
-7.815557026005869545e+00
6.476563320853966133e+00
-6.175273066523658372e+00
2.490748991638247389e+01
3.481893914495854858e+01
1.086857410024312998e+01
2.618042146643702495e+01
-2.018720562117447059e+01
-3.735321636300536596e+00
-1.269035675143993558e+01
3.892149273180027080e+01
3.268968881320961373e+01
2.468602201894424297e+01
-8.741439846866001062e+00
-1.579030710656212477e+01
1.411552098775739950e+01
-1.592643052853121333e+01
-7.050111565334702846e+00
-3.288330536977767338e+00
-1.676878056041363152e+01
2.820818688900612869e+01
-4.688193808804513196e+00
2.152696696682904332e+01
1.108219317581222185e+01
9.804694246499252586e+00
-1.877512712779829940e+01
1.505064506504777455e+01
-1.035684597501062854e+01
-6.662003428588434417e+00
-1.767328822441811553e+00
-2.731432870090191045e+01
4.231538347291149194e+01
-1.512855984943366749e+01
-1.775559728254933134e+00
1.262498775605343582e+01
1.089748753998213715e+01
4.205466145936244260e+01
-9.814601504743080795e+00
4.275638163036722972e+01
3.837079876865362849e+01
-5.317088264985846990e+01
2.883089993196023215e+00
-1.052239287779900678e+01
8.859639289078984348e+00
3.343562146697109938e+00
1.127764265323349946e+01
3.537084748646649501e+01
5.536960103978252334e+01
-4.262238426024433124e+01
4.291109358524317940e+01
-5.553930682015879938e+01
-4.607213103249527819e+01
-8.195027907575152426e+00
6.025749670246227652e-02
4.135374904296624265e+01
2.028901331963038501e+01
-6.836321296207927389e+00
-5.059481532748813493e+01
4.002516959736687596e+01
-2.369994478848371955e+01
1.026893081551577325e+00
-4.024209822839743822e+00
7.146227552733910215e+01
-1.437648190840843654e+01
-6.055142727455188378e+01
1.778024483180411153e+01
-9.228966357923093256e+01
6.542683285996901077e+00
-2.070985133788559551e+01
-1.042743422177937873e+01
-1.539609235265858445e+01
-3.316656629116852173e+01
2.170047794412964492e+01
-2.153777830075490130e+01
-6.650700715317896083e+00
-4.474487089039078569e+01
-2.481061335056864436e+00
-2.965462149335647979e+01
-4.231135536778072037e+01
-6.444376167076342199e+01
5.203192603417562623e+00
-2.017881639753397849e+01
3.527075509571886869e+00
-7.978716536865192666e+00
-4.609280183027050271e+01
-3.685083848660143246e+01
-3.094205886022950835e+01
-3.213770726875483774e+01
3.022106823687628463e+01
2.918633612008733280e+00
-2.825600614537717092e+01
-1.230975533936555166e+01
-1.394696574379287313e+01
2.281757876740881841e+01
-1.764630765289157210e+01
-4.347521837360247332e+00
-1.590181735632245363e+01
-2.030639269510970735e+01
-2.293797151583362393e+01
2.097214699566468710e+01
-8.789867714859269654e+00
-5.249055533368738224e+01
4.375655905137651303e+01
2.498005954877745083e+01
1.501115238598060841e+00
-4.429527227828594960e+01
-4.249409351885270780e+01
3.933069230677517680e+00
4.193934501319631636e-01
-1.798371555738424377e+01
-2.599836829569814967e+01
1.782895493258564557e+01
-3.142418764351305072e+00
1.494476390855498948e+01
2.778511567760358503e+01
1.804974961001107658e+01
1.810518908887708278e+01
1.355092899204204215e+01
-1.187485322155430367e+01
-8.458782670903445933e+00
-1.230106402199125171e+01
-2.084365825188183408e+01
-2.429494014060520612e+01
-3.615610844084889663e+01
-2.113478550571070258e+01
-5.791822629815953860e+00
-4.363055939384037174e+01
-8.116809494470260233e+00
2.069270429073153039e+01
-4.482766654752174418e+01
1.691933106648238549e+01
1.525337710176933115e+01
-4.081507358860096701e+01
-3.220792993208345933e+01
-9.753394895209780202e+00
9.962012317545486439e+00
-2.237117037953947829e+01
4.109255803222319514e+01
3.648009889761590330e+01
-4.390256361559602283e+01
2.540942829552852800e+01
1.976509042601733768e+01
4.984203978382652167e+00
1.230638633256663184e+01
-2.432057965734961158e+01
-7.437578913172103512e+00
4.713422811302507398e+00
1.093102862479211979e+01
2.404944583736197927e+01
-2.917970130900623715e+01
-3.421575471430742255e+00
8.512584187174994099e+00
3.039617627550484258e+00
-1.697074297388061837e+01
1.241719692532608121e+01
-1.453564969893997727e+01
-1.165552665830885815e+01
6.521250972962491232e-01
-3.461170602623083425e+01
1.681368987434140649e+00
-9.581278073320845579e+00
-7.881115636910237754e+00
4.799534517392260113e+00
-3.089309657344438165e+01
3.374464225925174787e+01
-1.433722613391495315e+01
-7.589741273521480025e+01
-4.859710106945030361e+01
2.106064449953996132e+01
-2.302270354234511274e+01
-1.073535911434686341e+01
-1.495671190622736901e+01
-1.043344007305131527e+01
-5.739829195161155440e+01
-3.588012852680321885e+00
-3.546088688157715296e+01
-1.959383085342594200e+01
1.210462094063728955e+01
4.479124528664374338e+01
1.598675987984240265e+00
-5.484508083305286164e-01
3.392349035241723243e+01
-3.154441628404416065e+01
1.817641862812525488e+01
4.327758854362997454e+00
-2.714713421141397021e+01
-1.452755654478505676e+01
1.268214164422283829e+01
3.595767796760256374e-01
6.927554971740669032e+00
5.900083015945469356e+00
-1.349150356212527413e+01
-1.845047135674474248e+01
-2.845097214784397011e+01
2.806924468810936446e+01
-3.676288651996694057e+01
-2.728858472576199290e+01
7.115915056741272338e+00
-4.956446184295421631e+01
1.281904453705320179e+01
3.650390257977545616e+01
-4.150315562037107497e+00
6.635421348090503102e+00
-1.640947714958082315e+01
-1.253102041414035739e+01
5.944889204762262125e+00
2.166198590146203529e+01
-2.211514168757302201e+01
1.537752999998240000e+01
-6.049229999998004814e+00
1.749710709647899876e+00
1.319817214739225619e+01
8.508432324974904759e+00
-7.329006775974342247e+00
1.510141119577781410e-01
1.093164562112633575e+01
1.627658193303736311e+01
-4.090747135965365544e+01
1.837545956617873344e+00
2.937728081786207213e+01
-5.262712930957371782e+01
1.732083646560957391e+01
-6.646797348089447155e+01
-6.135236545577585687e+00
-8.445876174492369159e+00
-2.944144785507091910e+00
-6.920447780454566100e+00
-1.435878490163094057e+01
-5.418919894262671733e+00
6.841518294461494065e+00
-1.515937393543650558e+01
6.870531472589291866e+00
4.993045138897844026e+01
-3.452594464854198009e+01
-1.506248072927473913e+01
2.267989195133807812e+01
1.367442794958934371e+01
2.490969983579037716e+01
1.199701945672921255e+01
1.202826812185665517e+01
-9.151134816923530479e+00
-2.796555527755410253e+01
-2.575286279646161347e+01
-1.538914468168545824e+01
2.653230010006254247e+00
-2.403464317993899613e+01
-7.945293699140961508e+00
4.154224326135448564e+00
1.355665603684872167e+01
-5.804684261151752622e+00
3.395917891452214121e+01
-3.294371780836942776e+01
-2.226911567676864934e+00
-1.780469412528592699e+00
1.567721992745877202e+01
-2.236856703090016651e+01
-1.416502831191041878e+01
1.068652289048321435e+01
2.560173262728518750e+01
4.249426741053864021e+01
1.818242485593754054e+01
2.380082556989300713e+01
-1.589008237260013701e+01
3.581808444354749099e+01
3.757163818410359113e+01
-1.451790290058795563e+00
1.942872707427153500e+01
2.145620323397135110e+01
-1.336039992841467949e+01
4.827596376631788644e+00
3.450894772385066744e+01
-1.371052306982502955e+01
-5.197408515689517117e+00
-3.427087933915531437e+01
1.350712859421207668e+01
-7.287311423211875194e+00
1.121288970523912099e+01
3.334180559068471439e+00
-2.262110516793649495e+01
2.589199941337258792e+01
2.277943823287091618e+01
-1.527291751986504664e+01
1.080781695075482673e+01
-3.465699949369439992e+01
-3.017154334847836594e+01
1.406423393801463817e+01
-3.869577301827395388e+01
-1.747501450506489462e+01
2.936057104059727862e+00
4.694503501011435276e+01
-1.443146657504991026e+01
-6.952561881130080224e+00
-1.022471400823917520e+01
6.362857129509035303e+01
7.953896327857762572e+00
-2.443490965926677916e+01
4.018456483650265909e+01
3.558075877945941556e+01
1.784002999524312827e+01
4.263905724273070064e+01
4.874104528121182511e+01
-4.247981764776699976e+00
-1.572585531406576820e+01
-1.645429651754119504e+01
1.636529876530056526e+01
2.128653986461273462e+01
-3.895003376224394742e+00
-1.311846552043004976e+01
-3.462478992393965882e+01
-1.431804937322766591e+01
-2.561877057312062789e+01
1.708733155595277253e+01
9.684825334814377129e+00
3.613083354153599203e+01
4.218291262912941875e+00
-1.335144054635139810e+01
-4.808428147565514621e+00
2.238912714488014899e+01
7.081081063532224107e+00
3.088621868876552412e+01
3.159834567561784979e+01
-6.843462389909177546e+00
-6.094675953506602184e+00
-5.692938627523494688e+01
2.868509024894056125e+01
-6.821010837612107025e-01
3.069383566000547603e+01
-1.229021314825776301e+01
-3.538551950277482661e+01
1.193393586559379216e+01
4.129072418181652182e+01
-1.483715900507675656e+01
3.744121088077855575e+01
-4.122001396970394183e+01
-1.305046856021664325e+01
-4.603250084590445113e+01
1.080625711589632942e+01
4.578524886596426313e+00
3.066932858859416910e+00
-3.518562414946507033e+01
5.125076433156039002e+01
3.067287203351384051e+01
4.970083684242013078e+00
-2.917444645174111884e+01
1.224362704802462076e+01
-1.318682706522022841e+01
-7.007742052617118134e+00
-1.354133917214278426e+01
1.037290819628674399e+01
-8.162897494327438608e+00
-1.138874552059385792e+01
1.177377161019740015e+01
1.463773810352488169e+01
-4.844654165788671207e+01
1.121572916105222362e+01
3.813370669446376837e+01
2.271220384390937852e+01
-5.932850835749332141e+00
8.634727758619860083e-01
-1.983120023649243535e+01
3.278005231623899363e+01
8.767188467959101672e+00
-2.350365948500950708e+00
-4.199520993494616050e+00
6.036675329336583218e+01
-1.810779665216159628e+00
1.380425162755139468e+01
4.212337449151428359e+01
5.428737143805795284e+01
3.505613781531607742e+01
2.287972417090324484e+01
-3.744520995425567378e+01
-2.555943435962441868e+01
1.943461463306951487e+01
3.906727585668022584e+00
1.783274872679831446e+01
8.936120820303187884e+00
3.464413310089511810e+01
-4.363281686725513708e+01
-2.748063885896635838e+01
-6.488052765988499004e+00
-4.817630543989555036e+01
1.074589106528523530e+01
2.478226326684155367e+01
3.824627944140729596e+00
-1.248040498223207351e+01
1.304211206850862936e+01
7.773548720824214797e+01
1.739158141841903671e+01
8.879721184349989471e+00
-2.644262337729023216e+01
-3.370925028474022156e+01
-8.242207477866010379e+00
1.857172390439052378e+01
-3.364068106665683899e+00
1.335344786431424779e+01
1.961963743514320413e+01
-3.213733324759849097e+01
1.469806628853876873e+01
2.482783752981117686e+01
3.173558278087932649e+01
-3.715776158365628135e+00
2.626365793566264983e+00
-5.631338122617052022e+00
-2.716820885320646539e+01
-3.902162863718211838e+01
4.464921897911955995e+01
-4.360718688841913604e+00
-3.105374595183674558e+01
3.043460076602627851e+00
-1.456240819126342245e+01
5.096651523365835601e+01
-1.307270718855147607e+01
-2.012356855123985611e+01
1.952483381802443319e+01
-9.219992418183210248e+00
2.502813153281400105e+01
7.237318967008263826e-01
5.456784600319019773e+01
2.958874662226713070e+01
2.245134516875225472e+00
-2.090297889323196046e+01
1.542988278872039132e+01
-3.026423070841796203e+01
-4.885386342459440812e+00
3.441383642250032437e+01
-1.568863078665964395e+01
-2.519701587587820768e+01
-1.358564906203636724e+01
2.808018381850007472e+01
7.100883863881051639e+00
-4.653870592812461382e+01
1.868988414209847804e+01
5.243063193290538493e+00
5.188920837371597372e+00
-2.824357998599805342e+01
1.650302855325605833e+00
1.897386152444221352e+01
2.690915769698871429e+01
3.696918929548768062e+01
1.624040684378663713e+01
2.226647357562356433e+00
-3.034512714903806341e+01
-2.621906092409102484e+01
-3.876546793207309349e+01
-7.377746146159722684e+00
1.781404274211109851e+01
-1.397842079821735695e+00
2.879749866098313760e+01
-1.836545314994685896e+01
9.209384607012054857e+00
-9.777756514322447856e+00
-1.675862122366064710e+01
3.433314648774081235e+01
3.964017352310037268e+00
3.531610190683551309e+01
2.698254523660921222e+00
1.250683679203611831e+01
-1.004117279047900979e+01
3.410644006886627722e+01
-9.325941638658349575e+00
3.390375736919857275e-01
-4.385667773065407005e+01
-5.386487509146490993e+00
4.016048280063890275e+01
3.593523809061974816e+01
1.508696309678325065e+01
-9.298283284500925561e+00
3.092193027552582407e+00
-1.176664721192170759e+01
-7.782061203112732528e+00
5.191451803103230134e+01
2.797203154487874599e+00
-1.474701681451313107e+01
-6.092348924150245182e+01
-2.671418240671823696e+01
-2.158295968809694898e+01
-3.605369341504604108e+01
-3.267585768671781921e+01
-3.890943703040116475e+01
-2.580812934843209661e+01
-1.787195155102040189e+01
-2.778254901979856584e+01
2.637531655329120284e+01
-1.170296556858011172e+01
-4.975160397430721559e+01
2.263596838592530958e+01
-1.715666118463141743e+01
-4.567759983545701630e+01
5.466769255910557490e+01
-1.463940110633464187e+01
9.653660547920480894e+00
2.256524498043762605e+01
5.065731845955156132e+00
1.495529691444806986e+01
1.810882040361107670e+00
1.115444016928393012e-01
-8.348333419268868738e+00
-4.247232172831161279e+01
6.701549860156809757e+00
-7.019920308109357165e+01
3.996115595507359330e+01
-2.398149768839797957e+01
-9.937659117094398198e+00
-1.025677792485242890e+01
8.473345307285345740e+00
-9.633467232021843074e+00
1.523990997857085716e+01
-3.115450480730052618e+01
2.021958960498042757e+01
2.433223931077431246e+01
5.917836544610466376e+00
6.448039063976409579e+00
1.219183527991165761e+01
5.116727399489491290e+00
1.560296812202699357e+01
-4.499137268207448415e+00
-3.963420502753875496e+01
5.422846449836129068e+00
-1.404809016205109629e+01
-3.051518637444559090e+00
3.117872234674771903e+01
-4.537730438190766336e+01
8.041656057556281212e-01
1.177377037186943198e+00
5.161990601886230934e+00
1.770882513074472797e+01
-6.895057283424215200e+00
4.694497487098317379e+01
2.489003863492573032e+01
-8.682043223090609274e+00
-4.287379416071019023e+00
2.132183759888363284e+00
4.352982874923833378e+01
-2.991669950491001373e+01
-5.824783219017228930e+01
1.742948847808250434e+01
-6.883598435192240572e+00
-9.461353266523914840e+00
9.374938283428377872e+00
4.303090766978675674e+01
2.510693941513792993e+01
-9.092360694728000681e+00
-2.977110387979703887e+01
-4.835692761174428256e+00
1.600070826539666768e+01
-8.671706819629207530e+00
-4.226671789386546152e+01
-3.445708388095397368e+00
-5.407543694680246915e+01
-2.876083244076212964e+01
4.659934109219568654e+01
-2.957825118139767540e+01
-3.880037653883408666e+01
-2.929681579845253481e+01
-2.098402858832358220e+01
2.055598813144638370e+01
4.790041187462546191e+01
-3.753281356028196569e+00
1.471211036551613915e+01
-1.206618941029101677e+01
-3.952785641038971676e+01
2.676034492106319718e+01
-2.686371291819426688e+01
1.487079489775422303e+01
1.818203069599755395e+01
-6.058335762040741201e+00
2.153953911057337223e+01
2.346154122176578483e+01
6.469608925660213572e+01
-6.793774569512379458e+00
-2.949460131949402353e+01
-3.587135489075859596e+01
-9.757217337303686122e+00
-1.913384459983098651e+01
5.393725875923547619e+01
-2.503586298039010671e+01
6.564502034524464236e+00
2.788402014625233960e+00
-1.255373473969378040e+01
-4.846092916001151707e+01
-3.583592381095428436e+00
5.628224067645597017e+01
9.909152554851864636e+00
4.289326378969519737e+00
-3.297194082376168467e+01
-3.279859213789973182e+01
-8.030934886083556989e+00
2.624840548533018136e+01
-1.453480239969016452e+01
5.872232047346989248e+01
-2.764005612069138351e+01
1.073776694609338733e+01
-7.838015396348851027e+00
-3.701849148272293633e+01
2.481666621074253953e+00
-2.929931418365481477e+01
-4.220340448568680358e+01
6.331442654541262982e+00
1.084598734766430539e+00
2.985312244101616841e+01
1.350362092146336579e+01
-1.920106126735985086e+01
1.231826523983363586e+01
-4.998198957702219758e+01
-2.734432580407275282e+01
5.100333739967467750e+01
4.706390962061192340e+00
-6.049711324223778774e+00
-1.700259965730791123e+01
-2.492211747729925264e+00
-5.645951603360629178e+00
5.089569021726416054e+01
2.379346480543959785e+01
-6.754797524723244351e+00
-2.009766122405494571e+00
-2.247390058813866176e+01
-8.964048450110908561e+00
-3.598915351221930337e+01
2.824766258767947136e+01
4.000953503785609655e+00
5.886616172346464282e+00
1.022935508407319105e+01
-4.596297094836486963e+00
-1.175383615523083414e+01
3.075092000899591227e+00
-6.184094620933935005e+01
-8.848885004837057977e+00
-5.858640865374269424e+00
-4.413067990830541021e+00
2.754490199922244642e+01
3.714896470481340884e+01
9.878888928068704445e+00
-5.439550227924263481e+01
3.555807782130040096e+01
-1.225814309269526348e+01
-2.139517337613452241e+01
-4.983340571226538884e+01
-1.721228724577188984e+01
3.548370035749741191e+01
1.746994503338021332e+01
5.795946687182151891e+00
1.925156956577762912e+01
-3.333172107973953757e+01
-2.658943289394073872e+01
3.226255513277601494e+01
2.224216200114568665e+01
2.745042642172808200e+01
2.794873306977422089e+00
4.841424181804256932e+00
3.114730486475832549e+01
5.518031271232223389e+01
-1.192793870033990800e+01
2.201328181035535181e+01
-1.477359336602933126e+01
-2.505781789604652232e+01
-1.980183690806117625e+01
-1.989486543519157635e+01
-8.265520091893364452e+00
-2.715869463075549106e+01
-1.120022058936609710e+01
-7.752595648455439914e+01
1.937687956879054241e+01
1.266900350635825134e+01
-2.696287282283755360e+00
-2.218266924276565533e+01
-1.057247570444266671e+01
-3.135640078356820482e+01
5.619062669304611290e+00
4.602295531616755397e+01
-1.258949686006150159e+01
-9.649145685781846282e+00
1.195985592561817157e+01
-2.917158757315296924e+01
4.835417098087926746e+01
8.403265171966580738e+00
7.923737451345232330e+00
2.827615327133338496e+01
-1.431754254849437302e+00
3.196653745792082191e+01
1.079746480585737345e+01
-2.248078526399595489e+00
4.698062387346539026e+00
-3.634427235599616779e+00
3.781537389988699260e+01
4.904347238063962777e+00
1.037477087180300828e+01
-6.627535137803704401e+00
8.011824802233988407e+00
-5.264346197726186460e+01
-2.010725394904687846e+01
-2.782073111116375230e+01
2.708104839768392935e+01
-1.826784604927843247e+01
-3.424177474771630614e+01
3.301403185306082833e+01
-6.960367269978533500e+00
2.311814784194760364e+01
-5.139069967633474789e+01
1.060935920882540628e+01
2.954864830842410584e+00
3.475093846467302683e+00
-6.628155059282391903e+00
-4.137030482240334095e+00
2.893791135586644714e+01
1.049202245178150861e+00
-2.891967674758768680e+01
-1.069315584608413872e+01
1.254620426564167701e+01
-6.556319476059900353e+01
-5.015041541097171063e+01
7.405502378353503445e-01
7.992710783049005840e+00
-2.678475784658363068e+01
-1.088948594214713239e+00
5.990456922716248300e+01
1.596409916610161872e+01
-3.065763750065349313e+01
5.319919099270322249e+00
-5.277019932309151784e+00
7.125134333384231411e+00
-2.025508125489312761e+01
1.252127744929518371e+01
1.496689783584162114e+01
-3.948572164516889416e+00
6.348917580650771697e+01
-4.499785522896942780e+00
-1.797983334026895363e+01
1.357456133343305282e+01
2.442136446525256588e+01
-1.923620594150884244e+01
-1.031281156119810305e+00
5.568038377107636450e+01
-1.590861667516833222e+00
3.336819574518651166e+01
8.324974486946103980e+00
-3.983530729708412821e+00
-1.287944684533704276e+01
2.967201262477907164e+01
-3.178356642799859344e+01
-6.134967589874236182e-01
-1.034778899996288715e+01
-2.258268988496898544e+01
8.508549510854541253e+00
1.509552842084882407e+01
2.446051574240470927e+00
-2.412452842207244430e-01
-2.260821153066692091e+01
9.201772286248754540e+00
-1.870886249969402115e+00
-1.287769421820561888e+01
-1.145971215986147485e+01
9.411076803803297253e+00
-2.128224621653089343e+00
-2.149800356707532956e+01
-6.195315494651057975e+01
5.911717183227423789e+00
1.097414487446332032e+01
-2.755128648097257837e+01
-1.356803514594668059e+01
4.699607778301066219e+01
6.366440315298973474e+00
2.243626814388312596e+01
4.903817103836388469e+00
2.264200587971048151e+01
3.248224991797428629e+00
-2.214665717020099578e+01
-6.162642359884003440e+00
3.089709077155816885e+00
1.787988796091394761e+01
4.288230505815729998e+01
2.796053175810621383e+01
1.717310300400356482e+00
9.676153418143144336e+00
3.444029483067848219e+01
1.501948532795221070e+01
-3.942865774479554375e+01
-1.567983258042508510e+01
6.375096784374449044e+00
4.849680519133528378e+00
1.401393101563399313e+01
-2.945648225600416481e+01
3.991428117663566866e+00
2.457800349538148055e+01
2.719333472467600643e+01
-2.443543254702507284e+01
1.200764005668020218e-02
-1.267507792636280328e+00
-9.697482154015716560e+00
-1.613847087415089732e+01
-8.785092285254876288e+00
-4.987828539576113940e+00
5.746510207500534761e+00
2.405003449237778312e+01
-1.755644077417272797e+01
4.602359833593675376e+01
1.865724022873013155e+01
1.526314732971044918e+01
2.015094914938472925e+01
1.541998259063115029e+01
2.065146188305504182e+01
3.112546735369828355e+01
-2.591230264369651337e+01
3.541452106336319616e+01
-6.488759966719831596e+01
1.801714666021856459e+01
-6.080387304258772474e+01
4.744649996031500905e+01
4.289347560043974283e+01
-5.338149329098115459e+00
-2.740078993245586503e+01
-2.413774306800939939e+01
-3.129780839899552802e+01
-3.604455732985536542e+01
3.217451485542360956e+01
2.393582172228731508e+01
1.360074813229194035e+01
1.611638813019163763e+01
2.538860291022629667e+01
-2.228905776119205484e+01
-1.006710601549912099e+01
3.137782862556205998e+01
-7.433907037029555909e+00
3.035401939453295483e+01
4.237318362036023700e+01
-3.271343103950510312e+00
-4.165980030945371482e+01
2.843052952611003548e+00
-1.441132467702908926e+00
-5.805881730871078616e+00
5.888511258228845691e-02
-3.709453072155145037e+01
-7.158824442465203219e+00
5.056406595679998617e+00
7.560996566063352020e+00
2.779049446343178431e+01
-2.427660424825751306e+01
3.171388746894086808e+01
-2.269947360810742509e+01
1.459904278937148092e+01
2.299023497729995569e+01
