---------------------
  #    meV     cm^-1
---------------------
  0   16.0     129.2
  1   16.1     130.2
  2   19.0     153.6
  3   20.0     161.6
  4   23.2     186.8
  5   34.8     280.3
  6   39.1     315.8
  7   45.4     366.5
  8   48.5     390.9
  9   72.1     581.5
 10   73.1     589.6
 11   86.4     696.9
 12  126.7    1021.5
 13  129.5    1044.4
 14  137.8    1111.2
 15  166.2    1340.9
 16  177.6    1432.6
 17  181.9    1467.4
 18  183.1    1477.0
 19  366.5    2956.3
 20  373.0    3008.1
 21  381.5    3077.1
 22  426.8    3442.6
 23  468.0    3775.0
---------------------
Zero-point energy: 1.806 eV
