[[-412.87924333]
 [ 359.48796048]
 [-273.55139497]
 [ 184.02941803]
 [-113.78526764]
 [  71.7909956 ]
 [ -54.24008109]
 [  51.01590271]
 [ -52.62654077]
 [  53.80093244]
 [ -53.31769202]
 [  51.74709676]
 [ -49.52302437]
 [  46.38958461]
 [ -41.99418103]
 [  36.55799235]
 [ -31.00924375]
 [  26.50506919]
 [ -23.83925761]
 [  23.10658053]
 [ -23.81207095]
 [  25.2066814 ]
 [ -26.61877791]
 [  27.57010979]
 [ -27.74866169]
 [  26.95828045]
 [ -25.16479691]
 [  22.56842517]
 [ -19.63322933]
 [  16.97835129]
 [ -48.64091084]
 [ -33.00105904]]