---------------------
  #    meV     cm^-1
---------------------
  0    6.0      48.1
  1   10.2      82.3
  2   16.0     128.9
  3   22.1     178.1
  4   24.6     198.5
  5   36.0     290.6
  6   71.2     574.4
  7  123.7     997.8
  8  125.4    1011.6
  9  128.5    1036.5
 10  150.9    1217.3
 11  164.5    1327.2
 12  178.3    1437.9
 13  184.4    1487.3
 14  185.5    1496.2
 15  200.9    1620.3
 16  369.1    2976.9
 17  379.4    3059.7
 18  384.2    3098.7
 19  420.9    3395.0
 20  430.8    3474.7
---------------------
Zero-point energy: 1.806 eV
