---------------------
  #    meV     cm^-1
---------------------
  0    3.7      29.6
  1   10.3      83.0
  2   13.9     112.2
  3   16.6     134.3
  4   19.0     153.6
  5   20.2     162.6
  6   24.0     193.8
  7   29.1     235.1
  8   34.8     280.9
  9   36.0     290.6
 10   42.4     341.9
 11   63.6     513.2
 12   74.2     598.6
 13   75.4     608.4
 14  106.1     855.7
 15  124.4    1003.4
 16  139.1    1121.9
 17  169.6    1368.1
 18  179.0    1443.7
 19  181.3    1462.2
 20  197.1    1589.6
 21  197.7    1594.9
 22  368.6    2973.0
 23  378.6    3053.2
 24  383.1    3089.9
 25  457.7    3691.2
 26  472.7    3812.2
---------------------
Zero-point energy: 1.909 eV
