-3.451759685259906973e+01
-2.018488657759206717e+00
-7.105118315208976298e+00
2.395776462252383254e+01
-1.185649324452690223e+01
-9.167553039231847833e+00
-2.393190296098930503e+01
-5.006521390814681638e+01
-2.134718712026508314e+01
-2.249588282553582985e+01
-2.092692784956720686e+01
4.239389356154237731e+00
1.990782234444594678e+00
-1.064427746448217249e+00
1.712272575693006615e+00
2.639160285521575133e+01
-1.014893107759412771e+01
-7.164882076463328531e+00
1.171972134151832279e+01
-6.163018884072550208e+01
3.091271532519725440e+01
-1.327630045956544791e+01
-2.389667603461012035e+00
-5.561136466680750345e+00
-9.750672021884838614e-01
-2.101644472528278129e+00
4.778683959836408235e+01
-1.499713765003471622e+01
-3.974262855608571954e+00
-3.025329585574792191e+01
3.906485833537794861e+01
-4.305716716267198763e+00
-2.126578903907665108e+01
1.115909797903105982e+01
-2.045116938822928887e+00
1.298650979078021805e+01
-5.386872141823459970e-01
2.703933827678881130e+00
1.888459173384502776e+01
-5.437132444684422694e+01
3.030209388525702252e+01
8.095543154000722552e+00
-6.242388138776163942e+00
-1.738141497082816755e+01
6.872554197037658241e+00
-1.089942836845031593e+01
2.479150334152063806e+01
1.979609784241648640e+01
-1.275498624119200031e+01
-1.630862185259508124e+01
-1.725550545945691283e+01
-2.070192757163669484e+01
1.052433630015829635e+01
-2.694820111317301325e+01
8.254573209368629705e+00
3.444793895425137009e+01
3.973360592803405922e+01
1.849373807294587380e+01
8.237985296168034210e+00
1.726609837065177544e+01
5.067641002203475864e+01
8.549202345312721718e+00
-2.970451377663883363e+01
-5.992822518591538028e+00
-1.401604606211043347e+01
3.311418944879569892e+01
-3.917240569729133881e+01
-3.420365176221542924e+01
-1.742890273954471070e+01
-9.759336136976969556e+00
-2.227928581185921075e+01
1.563525309613380898e+01
5.178617685043036545e+00
7.792854373170797544e+00
-2.158112034956290159e+01
-1.888133949531155054e+01
-3.259384769249241032e+01
1.794514024450046463e+01
-1.869327958962842473e+01
1.688135121341026945e+01
-5.396624506032519086e+00
-1.482199366722170453e+01
-2.853383054342874914e+01
-8.494406747393725254e+00
-6.091807141084359500e+00
-6.822383369054591640e+00
2.226415614785903330e+01
4.175164443174656981e+01
-2.452363243913737989e+01
-4.275770575752159175e+01
-1.073099677587907763e+01
5.921007214269559427e+01
-3.233273977551774436e+01
1.786220817299511054e+01
-6.493511111035502381e+00
-3.321583878171415449e+01
1.371771731807137940e+01
1.945432639290692123e+01
-9.658624029914577136e+00
1.829728373494378957e+01
-1.338622049810464887e+01
-3.115567322764439950e+01
5.233689879616736107e+01
2.495260547302217446e+01
1.410205327371414796e+01
7.850478609235409522e+00
1.493120377622985018e+01
4.501933052739369145e+01
-1.468256717463865257e+01
3.338836154963018998e+00
-7.540900384679980561e+01
8.735606613913319052e+00
-3.695272896993245126e+01
7.742133587263026584e+00
1.216077005668304878e+01
-1.991177091621761974e+01
-2.823450976879774998e+01
1.226684043200293672e+00
-1.682276273171717662e+01
2.129626399854797114e+01
-2.771160904728624530e+01
-3.088490016234231916e+00
-2.006070537836804846e+01
-1.944627260407401081e+00
1.109873039125346850e+00
1.244457072721957047e+01
4.510135888939430515e-01
-2.857909868063870817e+00
3.550375140298275767e+01
5.027074056349255216e+01
2.716361896418025879e+01
3.922198878375647269e+01
-6.432793919681031980e+00
5.559041888073977589e+00
2.931012612137186579e+01
-5.001629471745872024e-01
-4.197844936245442682e+01
-2.250729382242549903e+01
-2.799957968715847301e+01
-1.529307016975949551e+01
1.584060459631015760e+01
-6.562826020227259960e+01
-9.268804488183832291e+00
2.449367820608905788e+01
-2.069281688215454551e+01
-1.726544232250716959e+01
3.296815395304440699e+01
2.458567073403031600e+01
-1.829671661691551776e+01
1.539104405259601549e+01
-1.403944338442320827e+01
1.886420176486510769e+01
1.826140293349425292e+00
7.305903250548141159e+00
-4.713528419734205954e+01
-2.613757472188562758e+01
-4.766701991353158974e+00
-9.111470473483995747e-01
-2.255538272726090554e+01
6.013763458327571243e+01
-9.644997683662438703e+00
-1.784936583530098630e+01
1.966135114709396703e+01
-2.538837587307993005e+01
-2.024967170410185702e+01
1.808629391121797880e+01
7.096573938331395937e+00
8.484579945394727929e+00
8.717662625029845458e+00
-6.119344741283128997e+00
8.815713223230005724e+00
3.221749169643226196e+01
-1.462222195873317787e+01
1.061657513998781610e+01
5.029997197067197590e+01
1.809924189902805836e+01
-4.169673148579022381e+00
-1.134457375850396943e+01
8.607920631056397553e+01
-1.181401159850165072e+01
2.074072000380974146e+01
1.431691652930018677e+01
1.627341467009696885e+01
4.888032595048974827e+01
2.651270250446532373e+01
-1.480933999029049986e+00
1.342017061420654045e+01
2.717311911185618101e+01
1.989458435036686978e+01
-3.216315520911820158e+01
5.212149356423617519e+01
-4.636652769884128134e+01
-6.800097754708318121e+00
3.044035291241853258e+01
8.303322778092301348e+00
4.190476765018502192e+00
1.563701740485983294e+01
1.239631476596741777e+01
1.901921877320540943e+01
-3.460641495842111226e+01
2.211882189486118477e+00
-1.470325897723330399e+01
-3.702657726266210148e+00
-2.488222070176391298e+00
-5.949323909897373142e+00
-3.180092958915508916e+00
4.628736020398656592e+01
-4.683342308373980245e+00
-1.435375380728461892e+01
-1.418169683829045624e+00
7.197077410441210077e+00
-3.296072756803826564e+01
-2.830283640404792322e+01
-2.005223406148191145e+01
-3.419240729611919960e+01
-8.860719614551019419e+00
-2.308289738121143841e+01
1.005730232253112888e+01
7.163225959922741026e-01
-6.901040390611825615e+00
-4.557299090010417331e+00
3.170799826752798367e+00
-8.080240211344545287e+00
3.764874393250073581e+01
-4.779420742329224936e+01
-8.385575585038111512e+00
-7.457093133648442063e+00
8.799846478815538831e+00
1.249654333262886041e+01
-2.598584620135341083e+01
-8.410976258354025958e+00
2.371959480826520661e+01
-1.109133177405617232e+01
8.798936469085390399e+00
1.881116337888386170e+01
-1.630293325007841077e+00
6.157488053554789076e+01
-7.716766663283181060e+00
-1.746826892008442655e+01
1.760391531859767156e+00
-1.356628695177585087e+01
3.016164246203942412e+01
-2.339845185235774494e+01
6.719572594618057337e+00
3.130696248178929864e+01
-6.962243081201222594e+00
6.528642870951358645e+01
7.065654848209385364e+01
-3.662314199720162833e+01
3.254956920528874775e+01
1.201460533779908246e+01
-3.072580995878735166e+01
9.149713473227137683e+00
2.319343591535063354e+01
2.369809878332389985e+01
1.266353228830638500e+00
9.385377790265067688e+00
4.105509792854303441e+01
-1.296681872329871510e+01
7.886207639863169305e+00
3.957141083201236142e+01
-2.038810029712558958e+01
-1.099031975642446923e+01
3.087546767954648885e+01
1.583468710915859390e+01
4.173299134032674829e+01
1.662715774800005875e+01
5.987422880539185144e+00
1.469505811014073515e+01
2.231421429853749316e+01
-2.955939225126977021e+01
3.780086703340003851e+00
1.366217875041214214e+01
6.423017572513231244e+00
1.305260403001904024e+01
-3.374671421130110360e+01
1.764232468892600991e+01
-2.355706377176903743e+01
-1.836391642024420179e+01
1.179411236113397621e+01
-6.417852966118644531e+00
3.191698885781195827e+01
-9.189001814387438571e+00
1.658628710422539143e+01
1.786852299984821002e+01
4.282323443778416561e+01
3.005039958912098541e+01
2.686031188648982493e+01
-1.788672359263557610e+00
-4.634411885901755568e+00
-1.760201928150388540e+01
4.401671497870270855e+01
4.377224384566645199e+01
2.151877749313435118e+01
-1.385749902186248050e+01
2.742221766852182441e+01
-2.813476406243410111e+00
9.802383700135976596e+00
3.640580943633682409e+01
-6.501711202381130761e-01
-4.359476895862599122e+00
-1.110268546755150965e+01
-3.224569892867535259e+01
5.264882977886142612e+01
2.789102546396338766e+01
-3.291865367742573767e+01
-9.070770321635976075e+00
1.448945043748280881e+01
-5.470080181047151768e+00
3.496926274588061290e+01
6.916035427689081416e+00
4.407051103050491747e+01
1.914401481467766075e+01
-1.251738794212531047e+01
1.104358009119566475e+01
-3.445133401763399661e+00
-1.513403789476242878e+01
8.666754084027132876e+00
8.268206214944882504e+00
5.178763722094772959e+01
4.350028602198037220e+01
3.059538552987170590e+01
3.678405857916084187e+01
4.790119890622051457e+00
-1.430835869308197061e+01
7.912510758621891682e+00
-1.841410281313832087e+01
-2.961043563603067952e+01
-3.068880905555442951e+01
-1.721367531251101468e+01
-6.002713301885671626e+01
-1.927519471690925457e+01
-4.782608757180452130e+01
1.297573357025914831e+01
-2.555714623919018180e+01
2.570935279022992859e+01
-5.466270857629226043e+01
-1.647559601004988394e+01
2.363741855644974521e+01
1.157339785998067327e+01
-4.905628638232218464e+01
3.125401163748523459e+01
-1.427411805360850394e+01
2.970456810495434041e+01
-1.276721212847806441e+01
-4.327721607639210788e+01
7.894867066088409047e+00
-3.593698946913781356e+01
-4.099669576019209671e+00
-1.666907773105384294e+00
2.254572638147607222e+01
6.962575216645535647e+01
-2.382602881976413300e+01
-1.930405796342697045e+01
-2.320890337079276833e+00
-6.277045830596904352e+00
-4.461029247547395471e+01
-3.075764256510760219e+01
2.640963341073015158e+01
-1.172284050187073490e+01
1.121682372833456043e+01
-2.711316684882910977e+01
-9.083479194398506706e+00
-2.290405131074255962e+01
2.850678492451532975e+01
5.238970221021588713e+00
-1.233131715442704035e+01
-9.405820801516114216e+00
6.565181579838466064e+00
-4.486291348764069653e+00
2.378652852351078195e+01
-1.422468375105211180e+01
5.520676317980132808e+00
1.960976572574472243e+01
7.568208551536599771e+00
-1.175168782631340036e+01
8.495855833150187664e+01
3.249538796017765208e+01
2.351000292044822970e+00
5.662652200790432744e+00
-3.459086609103553656e+01
1.858858128298479073e+01
-4.224211427739938074e+01
-1.607080992322363500e+01
-3.041089853618487382e+01
-1.095261673364353783e+01
3.140334873078205646e+01
-3.131656811001251128e+01
1.323676054768282739e+01
-2.132876145812133473e+00
1.150210221105908204e+00
-1.980903770394962748e+01
-2.452505587158069034e+01
-3.131147045485192848e+00
-1.972213404456137198e+01
-1.091393666696845344e+01
-2.284175942701310191e+01
-5.124187850625904872e+00
-1.918908077209850660e+01
-2.773018798958143805e+01
1.150062110387284520e+01
-7.913403099725428547e+00
1.354743895789133035e+01
4.679783721247964934e+00
-4.208809858219812128e+01
-2.899516862544443541e+01
-2.524803037013921880e+01
1.787272460076917469e+01
-1.366175555135114905e+00
-3.423388494792703796e+01
3.257393498299650503e+01
-2.162909961692143668e+01
3.160279096783583697e+01
-1.748976598533615245e+01
-2.668607838945820276e+01
1.307977728419416508e+01
-3.754385708585409276e+01
-1.901460109845203306e+01
3.423226529038956301e+01
1.043148058606612949e+01
-2.429966732600928481e+01
2.998927513673528722e+01
-1.001901861877945521e+01
-2.101408339602886599e+01
-1.679328850561418562e+01
-2.769773185092395806e+01
1.533800798961524947e+01
-4.972008929569739166e+01
-4.377472412162802584e+01
-5.625155054896538331e+00
-1.666097576584925832e+01
-3.268063076399261035e+01
4.064229301747275258e+01
7.420069378460571841e+01
-1.518784914649637585e+01
-2.016310855227857246e+00
-3.348119341407053184e+01
3.628009153593086467e+01
1.125755016602767000e+01
-1.323986665548255814e+01
-2.015078446733434703e+01
8.156122592455261611e+00
-3.208009077521506924e+01
-9.778047574964602973e+00
-4.805687153485072827e+01
2.014860664962060355e+01
6.081209628785245513e+00
-9.646825242599561534e-01
-5.760303514338716013e+00
-2.213624584438582588e+01
-6.084463833439997416e+00
7.256040446239278197e+01
-1.016510502402422844e+01
-2.658883788057323727e+01
-3.867152874375106819e+01
7.717674103279563269e+00
-2.076545598779357960e+01
6.025232514750555879e+00
1.676976169409029183e+01
4.245965619523943246e+00
1.730214542901978092e+01
8.358036100774612009e+00
3.241905455080819820e+01
1.456296643353618947e+01
-1.938031051386564485e+01
2.656509437705450694e+01
1.931525650611465039e+01
6.836745313183868689e+00
2.345730611547293165e+01
-1.573694907413129584e+01
4.082444474668071166e+01
1.305421926450275194e+01
-1.754856615954437160e+01
-3.240070216872094733e+00
-9.999204077769434207e+00
1.132418518101559357e+01
-1.287831975973794840e+01
-4.385065662312911172e+00
-7.070299761858905185e+00
4.483266471058936986e+01
3.056352176631472162e+01
-3.589595636679709401e+01
-4.498117671911003868e+00
-2.920401214250424005e+01
-8.039600549006422625e+00
-1.305478891719040746e+01
4.743901389022909143e+00
-5.463758470588881977e-01
-1.590790137812930993e+01
9.418013278723066151e+00
-4.560890351080097105e+00
-5.164347625370538708e+00
4.770924305870786952e+01
7.979768345227473247e+00
-4.571533260714551261e+01
-2.197123436671694208e+01
5.306221695216038370e+01
1.508802155865674877e+01
-5.275652456472869289e+00
5.910488455869790414e+01
-8.905530480889240152e+00
-5.068323840413398784e+00
-4.480968189332656948e+00
8.549595852675395236e+00
1.727340393871502044e+01
2.429145262729427657e+00
1.603451178243449249e+01
-7.085066127074213682e+00
-1.947913223120633575e+01
-2.307298225438636052e+01
-2.651356017875968973e+01
2.280343081784548076e+01
7.163801745136503030e+00
2.109802278230304751e+01
7.702413084444174274e+00
4.940147827567182048e+01
1.034095269232707182e+01
-4.465824478727574842e+01
-1.897675746122673246e+01
3.375727764067384840e+00
-1.611509872875106453e+01
3.496258207305072574e+01
-7.659355765422560580e+00
9.296326107420803453e+00
2.917884326798267125e+01
-4.130930430692671962e+01
8.276149008983634303e+01
1.147877420505585633e+01
1.321302814692984384e+01
2.000964142580664884e+01
4.095203640989097948e+00
-2.356266242899209828e-01
1.938764582321681473e+01
-2.049552933717220071e+01
4.593323344296184985e+01
4.061408349400593920e+01
-2.306117642439792803e+01
8.853576946876614784e+00
3.870029960090786858e+01
-1.137717715208952995e+01
9.687336476292159659e+00
2.084588185151234541e+01
2.242077699505460942e+01
-4.223074818557131493e+01
-5.685878986573925431e+00
-1.693502425955200863e+01
-1.672622383976374749e+00
-4.384136277050842523e+00
9.654939205623804810e-01
-6.887718599997896263e+00
-1.757021819702140419e+01
7.303205124726645181e+00
3.798884765250932105e+00
2.933693226177608437e+01
-2.422589912305727466e+01
2.414270356264131578e+01
2.612711084776223913e+01
-6.875151756103576872e+00
4.505248703327009707e+01
-3.766526271248736180e+01
-5.703663933767862915e+01
-4.806791724256774145e+00
-4.386916604328291669e+00
-6.830256028057988260e-01
4.424443504469084587e+01
-2.688901577262249987e+00
2.368994621985049776e+01
2.970798640270807311e+01
2.067698486018917947e+01
-6.402037130324572445e+00
3.295888379267182700e+01
-8.794334381332816974e+00
-1.959096782281278593e+01
-2.260265336166682459e+01
5.989192599680862372e+00
1.951060740919859882e+01
-7.386029966291260962e-01
1.924351253767662229e+01
2.834343278353514961e-01
3.351259332666477064e+01
9.550574040438874590e+00
5.006505537796606120e+00
-2.087751726172086819e+00
1.779871679163245801e+01
2.076161264592548150e+01
9.504930925983501311e+00
-9.856030350112519045e-01
-3.040978346084714445e+01
1.609469048859200768e+01
1.051204928363961244e+01
1.961181062356084936e+01
1.554838939226304717e+01
1.999585083187982804e+01
-4.795706891275514749e+00
1.722228191543663911e+01
-1.485923784003216497e+01
-3.700559848190891898e-01
-2.994347767793877324e+01
-1.698328810531586441e+01
2.221415555988914292e+01
-4.977535363849722216e+01
1.464474858855535899e+01
8.764006618608391364e+00
4.588324178382805485e+01
-1.043813600515788664e+01
1.841940371157674861e+01
-5.514641808472049433e+00
-2.676832734051480500e+01
-3.753465257929315158e+01
-6.474207769641694199e+00
-4.882510484601868228e+01
6.487775963077126562e+00
-1.095929309477237190e+01
1.704866790911832197e+01
1.304694539639513096e+01
-1.577223256703376819e+01
-1.614218526419466571e+01
2.261036624146135665e+01
-3.399736127776424865e+01
-6.746041176749997703e+00
-1.045094894902312177e+01
1.511503114307658535e+01
5.301967724389271552e-01
1.496162032397307939e+00
-1.041966614423979109e+01
3.027252829867509831e+01
-3.064474013976877131e+01
3.727739638806383482e+00
3.324884991575419235e+01
-2.031638867417856886e+01
1.712973060683140147e+00
-1.445750885253005436e-01
-3.591816549057575969e+01
-2.207419130201199664e+01
-2.737612435875977468e+00
1.560262851090308089e+01
1.825335819390181769e+01
3.371309004263110864e+00
-5.346055156739339509e+00
9.821249163470440635e+00
-2.347667808233498477e+01
-1.089079067687180213e+00
-2.864208910682032183e+01
-1.543566770099849350e+01
2.683377348717584709e+01
-1.575794604337386318e+01
3.746904082643163747e+01
-1.327882772054914540e+01
1.805859199710091900e+01
1.394550053386546296e+01
-3.500607750580437028e+01
-1.385056712936872714e+01
4.857608647571453275e+00
-2.309434977363477515e+01
-2.079071043707336486e+01
-4.826577697537425138e+01
-2.982443227769067562e+01
-2.817986248410849726e+01
-2.425074167518451418e+01
4.440362108797870633e-01
1.006013268478633904e+01
3.777416636403472694e+00
1.345970611394316663e+01
-3.134317105303466633e+01
8.418046215338620186e+00
1.490651872113366494e+01
-3.716994128600156699e+01
-3.433042010784222953e+01
-2.332905981247216687e+01
-1.500999925901216159e+01
8.947855153401377493e+00
-7.297611318168719663e-01
-2.323022245379777928e+01
1.651624832118238828e+01
-1.319383836880220429e+01
2.771456441521058878e+01
-4.912293829227562014e+01
3.494158005877058315e+01
-5.006789076011280315e+00
-2.210462999768024162e+01
-1.381724123193816922e+01
1.040093477029742530e+00
2.468307286165666881e+01
-4.066852104296192749e+01
-6.527138137766726800e+00
-1.117123174772022765e+01
2.467385342257638570e+01
4.612277857249252122e+01
-5.483522822747056580e+01
5.128907758095658664e+01
2.291914240490055477e+01
-4.116632123710380853e+01
-1.760647321815015687e+01
4.370821231414574015e+01
3.278704713830552464e+01
-1.146792173159110462e+01
-3.224903138843501438e+00
7.897271177798941721e+00
4.116755732540723045e+01
-3.129651114944104506e+01
6.980072474745483646e+00
-4.613351315811506481e+00
1.503651945605702167e+01
-4.002843040425221233e+01
-1.825659382470380621e+00
-1.675597934800717681e+01
2.633873505387957437e+01
2.322108564922926632e+01
-4.815828759639299506e+01
-2.633329834745205744e+01
-1.190489800476575510e+01
-2.349345810685908020e+01
-6.417698077675950685e+00
-1.119109377630124413e+01
2.480272300643261474e+01
2.315915679703155661e+01
-1.149627211094980339e+00
-2.534088004955964379e+01
-4.692842986805419514e+01
2.624679713829033290e+01
-2.707588418621469373e+01
-2.006959295680178457e+01
3.268894999100389498e+00
-1.981485212381434735e+01
-2.155313348715617394e+01
-1.577776426095168461e+01
-2.639303199399165578e+01
-1.429337851356022071e+01
-2.863632938179245002e+01
3.082278612799019513e+01
3.382870592922613184e+01
-3.656919756951424461e+00
-1.208392161753613436e+01
-2.386880660200176862e-01
2.505717443242701847e+01
-4.736175673656930485e+01
-1.092752019847873157e+01
2.713464282000421690e+01
3.911408227059564524e+01
-9.247697949698448383e+00
5.423990127116610438e+00
3.025618775912215597e+01
9.149036981501950550e+00
-5.528972958206850308e-01
-2.453415429209411514e+01
1.112940552814137618e+01
-1.910397743678129245e+01
-5.742216477155949406e+00
-1.073251492147446129e+01
-9.066085125694939961e+00
1.252774024768700656e+01
4.360950706611286876e+01
-1.306285934293399009e+00
1.895076637084159188e+00
-5.019000229622808718e+01
-1.041411431662390896e+01
-1.982465149629629764e+01
-1.215777116387641854e-01
-2.594121664647360603e+01
4.706520332105128546e+01
4.473911731451840978e+01
7.722044316077401049e+00
-1.089545492391061998e+01
9.192410587424092228e+00
1.135086334966720756e+01
-2.632805187690762949e+01
-4.666960897580054279e+00
1.046264285349087686e+01
7.335023007452505794e+00
3.039013097313750222e+01
2.227858090930260460e+01
-1.165973673773623887e+01
1.432822576281202487e+01
-5.467513661240403167e+01
-6.456220573202813284e-01
4.811716030621508366e+01
6.572543723631213197e+00
-1.156826301774970034e+00
1.685150503234251573e+01
-1.583006855094385124e+01
4.956901957492836175e+01
-9.178253287265235372e+00
4.436958597334836440e+01
2.163156971200824330e+01
-2.233515888398187599e+01
1.785992347562059024e+01
-1.690445174873296708e+01
-3.990713316751327966e+01
-3.554920034479863489e+00
-3.072504366880743021e+01
-2.900228675781210086e+01
-2.739748469590551849e+00
1.993985865547318781e+01
-5.382620404655568791e+00
-1.727280806672678182e+01
4.956049740423509320e+00
-3.822432578717811680e+01
-3.887981186116057586e+00
-4.581854507303069113e+01
2.690847618133777530e+01
-6.414026902480287617e-01
-2.756074562912871784e+01
-9.110895256632275618e+00
1.022622687435023181e+01
-1.954170959805826158e+01
-2.520842821915738341e+01
5.210501948031594566e+01
-1.336213642162505266e+01
-2.222653973930141547e+01
1.509263177453900084e+01
-9.768847764510873333e+00
3.024049390456929132e+01
-2.532806003603639056e+00
3.870374343821055163e+00
5.975706629287196847e+01
-6.859744706546194948e+00
-2.025575199988207942e+01
-2.376410183852840419e+01
-2.811633004103015310e+01
-1.891658617700056766e+01
1.496298354919377971e+01
1.501485876488879967e+01
1.229437416442527820e+01
4.065258243229629898e+01
1.852753732071704462e+00
1.156433205160733735e+01
-3.514416582990472193e+01
1.485675280657432040e+00
-1.026341906174798169e+01
-1.475414654346707266e+01
-1.920406886472335373e+00
1.862433468255659363e+01
2.113778194454090453e+01
-3.715273526927340697e-01
6.789075956813690027e+00
1.524052566436263767e+01
1.929031645278287499e+01
-1.357324873296033729e+01
-7.014201440879162419e+00
3.790836721397852216e-01
-1.277669539766657181e+01
-2.769754294315333709e+00
-1.986665407280875684e+01
4.395920010226321040e+01
3.561666860682868219e+01
-9.041976587948227007e+00
8.867754086870235142e+00
-2.566211164991567983e+00
-1.661016057146805736e+01
1.974261255561009420e+01
-5.298610037383241433e+00
2.215935520063746367e+01
-2.900673955061758846e+01
9.966960099126509931e+00
-5.517340074246533277e+00
-2.985994082741416378e+01
-1.355719156439727158e+01
1.482896623187063057e+01
-5.056786453705854001e+01
2.383806004124306810e+01
2.582540335776451457e+01
-5.538675181882211973e+00
-3.329111757100264413e+00
-1.782536627963281717e+00
1.383579571880898129e+01
-1.813089734324756819e+01
2.001390766743490346e+01
1.688400815198372129e+01
-5.449016076708102219e+01
-1.963461913432691119e+01
1.317932559940460990e+01
-4.691586199988790895e+00
2.406384918064919987e+01
-3.532336937870081783e+01
-3.009247958299681613e+00
-2.322031350858814847e+01
-7.130888866679268290e+01
4.264422262048310586e+01
-3.232623662796493136e+01
-3.392546503159633886e+01
4.945561887663942002e+00
7.188120927222057333e+01
6.485068934650115580e-01
-1.558246710663436829e+01
-1.744778872625431632e+00
-3.041747937742030672e+00
-4.748274550423572293e+01
-3.394816591369151837e+01
4.542709853339366077e+01
-5.687243876759737304e+00
-2.090363098714343693e+01
2.735454151751150675e+01
-1.989719013171337991e+01
2.044208043330866076e+01
2.954280895341020852e+01
-3.165136052530009181e+01
-1.554385886692733720e+01
-1.926573811697937799e+01
-9.961987281897506818e+00
-9.744347099388505740e+00
-5.770383313623085542e+00
7.941039635584786538e+00
-1.893061825122984487e+01
1.572740003477113646e+01
3.210800890251723416e+01
-4.985499739470046876e+00
-1.130933737018503393e+01
8.099005643106607977e+00
3.105898128040163897e+01
2.892988514585903204e+01
5.450690344686393018e+00
-3.074889196703935568e+00
-4.828950495789300135e+00
-2.813606633002455482e+01
2.132016422377674303e+01
-1.235470953922066428e+01
1.101894304259803903e+01
-7.767606344588557477e+00
1.498142096674840218e+01
1.013585935246102565e+01
-4.462551513062979325e+01
-1.477800439558035350e+01
-4.357627263142080665e+01
-1.977327024362460861e+01
2.916799518390106982e+00
-9.538388499744655746e+00
1.811973059496709482e+01
-1.665331759645390264e+01
2.063568903985320446e+00
5.952350597756208117e+00
3.921233343315037700e+01
1.986853794374133031e+01
-1.676163875565942973e+01
-6.883009218823019637e-01
6.717285277006510569e+00
2.126422070541046949e+01
1.827304143752712662e-01
3.027089894940417025e+01
1.243223963772911134e+01
5.021464957507834015e+01
1.048894288389391249e+00
3.629365459817610429e+01
-1.499708261465001158e+01
-2.088725276391392072e+01
2.434282494422376431e+00
5.170062213444623467e+00
1.484566412514826084e+01
-7.857959743381911721e+00
-7.575301491354359484e+00
1.438990716135239367e+01
-2.684964869178912750e+01
-3.056695527584460592e+01
4.392812047485114135e+01
-3.313509384483495523e+00
-2.164349057995129755e+01
-2.232197357223220990e+00
-7.481651980065521457e+00
2.358740373626895348e+01
1.833344516272597957e+01
-1.119900005171206203e+01
4.760925522006402844e-01
-1.464109824105052837e+01
-1.955592224389408784e+01
-1.480033858351691833e+01
-5.356887597473911455e+01
4.644257935004247884e-02
-3.564814986915328632e+01
-3.086452551759271046e+01
-2.064035929860642682e+01
1.062839788204865954e+01
-2.020069346867970239e+01
1.280358390760637377e+01
-3.394436744051562016e+01
5.805172394362614341e-01
-2.294315940323942016e+01
4.774279093665029450e+00
6.231778531521634079e+00
1.848806830458354966e+01
-1.163701192059221512e+01
-8.811750416114534801e+00
1.638353432184192471e+01
3.281323245454056803e+01
1.819301777571453727e+01
4.626678660064158066e+00
-3.975324972517694277e+01
-9.445448860377297251e+00
-1.753136180442891146e+01
-3.346013857711307082e+01
2.240978429206825240e+01
-2.011898234190630319e+01
-1.814909852670311352e+00
-1.553694357609310828e+01
-5.523660348252869312e+01
2.863099065491219619e+01
-9.746393418690729504e+00
2.245710011248041837e+01
-3.954580320373727886e+01
3.735216683828642203e+01
2.035133024467540963e+00
-1.593043266873821651e+01
4.806636554446470200e+00
-1.154224745155909204e+01
-3.628614408390413359e+01
7.992894468668893637e+00
1.976419022894727107e+01
9.687675870528664746e-01
-2.006596814096553771e+01
-9.075945675770441312e+00
9.705399147701257334e+00
1.769460726315082866e+01
3.490390591562291434e+01
1.312510590277082656e+01
-1.286898979036814694e+01
5.290286629962413656e+01
1.327373976925311538e+01
2.352252602028219997e+01
-1.014146040590486564e+01
1.548106487461903669e+01
1.086747388908867151e+01
-3.434190192504075867e+01
-1.143393604242989170e+01
-2.266530413451168968e+01
-2.046508995107805617e+01
-6.701932680176810209e+00
-7.681909956960112140e+00
-2.338731045506324335e+01
-6.136839895095550901e+01
-1.599540121892917632e+01
6.901905932841202684e+00
5.043696966390484704e+00
7.707106907964032416e+00
2.570276011142976813e+01
7.749952314355883942e+00
1.800436104394509584e+01
-2.303351901576313310e+01
2.533790157982349456e+01
-2.517614230555156496e+01
-3.986262579150587726e+01
1.216859948685953441e+01
-2.393588067228665750e+01
-2.173538651648409825e+01
-8.782975481213003377e+01
-6.407427270144438580e+00
4.519361161723583109e+01
2.347726148485839559e+01
-5.686593547181416852e+00
-7.652791937782865261e+00
2.094863546430326551e+01
3.684818164046859579e+01
-2.305804128495721272e+01
-5.951964228896144959e+00
-1.886108825148687629e+01
-1.947049410612174825e+01
-1.700202165083289430e+01
6.996820668440975055e+00
3.920091057720503613e+01
-3.610480301373138445e+01
-3.106959710264030150e+01
1.823960207531541755e+00
-5.908591791316496256e+00
-7.352459796068412601e+00
-4.997890271472175527e+01
3.487203669218689583e+01
1.329319436640315644e+01
5.225485274454158002e+00
2.681596129815885377e+01
-1.818348513270304068e+01
1.713862197609841331e+01
1.539415799487758818e+01
1.983787439499423044e+00
-3.360765000107726053e+00
4.878360013306437537e+00
-8.747496903899964593e+00
2.813617893428832417e+01
-2.218659053425224670e+01
2.387918070813773852e+01
5.326059876697883055e+00
8.003785713735823037e+00
1.262583718291136847e+01
-4.820374193125903162e+01
4.695474724255035426e+00
-3.711899284900718499e+01
-2.713276659938358293e+01
-2.713785500794355698e+01
-2.767968181326284594e+01
2.867360381654293633e-01
9.295557987789877075e+00
2.761351506666916578e+01
4.787799869699643551e+00
7.966965130843853160e+00
-3.891040326133185090e+01
-1.412748565696883674e+01
1.884465459948094690e+01
-1.140386468121761254e+00
-2.745072541810600342e-02
-4.896477282662090147e+00
1.941603447631494817e+01
-5.057134975458654935e+01
6.239318661700846036e+00
1.122349837733597155e+01
2.395274852815328614e+01
2.047851236972473288e+01
-3.135672093848600639e+01
6.227494042102449612e+00
3.233696267465035135e+00
2.596637231993724981e+00
3.315268105394949316e+00
-1.041982589893146383e+01
-1.953895115301017427e+01
1.048309312745588784e+01
3.332768742305330534e+01
-2.759890139901585826e+00
6.389210851167348437e+00
9.424782707481966781e+00
-1.419943280334587143e+01
-1.506213629981360214e+01
-6.610048826755229356e+01
-2.040834525109839603e+01
-3.023772826543354597e+01
-3.692015662647662566e+00
-3.739058093590952581e+01
4.158653399878309642e+01
-1.734102707957868006e+01
-2.971625309183181685e+01
-8.568419071715879909e+01
3.678064837675361787e+01
7.385781158395872126e+00
3.412572382122945669e+00
-3.470856810244191593e+01
4.881750046274760280e+00
-1.106542026306576076e+01
-1.814903064311033987e+01
6.506657023647569815e+00
1.869938746355973080e+01
4.039927001935524231e+00
-1.177119890043809391e+01
-1.302768068673572088e-01
1.524962313392876467e+00
8.723427604716903261e+00
-3.515926540210588769e+01
3.996799183254864829e+01
-2.375181145385186454e+01
-1.657971152535178305e+01
-2.711170407784351255e+01
-5.758915842145592734e+01
4.981387511548064140e+00
-2.901087697644422292e+01
-1.053390392529443176e+01
1.806714617624356833e+01
-1.431668016069735927e+01
-1.910668680355456672e+00
-6.506603842264652826e+00
-1.109279431570047336e+01
1.773070246799061778e+00
3.003747166081110720e+01
-2.781724216230456648e+01
5.507321800650981913e+01
-1.252993759581764266e+01
1.849608268242810993e+01
-7.615411235941714096e+00
6.298208443642504761e+00
-6.038855038720441826e+00
2.426779903611691225e+01
3.391408541643734509e+01
1.059122892521489234e+01
2.544008258083601248e+01
-1.970064361548793386e+01
-3.679673586157043985e+00
-1.232910085502237507e+01
3.801251810581160839e+01
3.189279548313555779e+01
2.410998681195491145e+01
-8.467618995522059322e+00
-1.539086305780961084e+01
1.377255327503243620e+01
-1.557167387172147244e+01
-6.876675367470909350e+00
-3.184293509228638186e+00
-1.632028602988366828e+01
2.747775374069838961e+01
-4.564806753995547695e+00
2.100667338443706456e+01
1.084976433626157544e+01
9.554450386457617128e+00
-1.830296521076441252e+01
1.464548747803137019e+01
-1.014696557671908295e+01
-6.529211827217523023e+00
-1.727141942096352523e+00
-2.660558550340243755e+01
4.125646496291221865e+01
-1.471276789329856349e+01
-1.781958442488416949e+00
1.231246620076390030e+01
1.064315383921137936e+01
4.101158356573300523e+01
-9.476865563842835627e+00
4.168332661354529023e+01
3.738053984621603831e+01
-5.179356608452201272e+01
2.804444231473397053e+00
-1.028361832250358532e+01
8.690120375776842820e+00
3.298449265726901558e+00
1.099525425089780128e+01
3.447514775704983236e+01
5.402915088952906331e+01
-4.153088225874776640e+01
4.183841514313405696e+01
-5.416411581662102037e+01
-4.493593099247932798e+01
-7.987526112064813333e+00
2.161366838402045687e-02
4.026466975190847108e+01
1.979447907863908540e+01
-6.655778662220967590e+00
-4.932574663724247443e+01
3.904056418735045497e+01
-2.307017217743015181e+01
9.711749502144471080e-01
-3.961265018394158233e+00
6.961059248851668713e+01
-1.399855256973464179e+01
-5.906149809137968987e+01
1.730517737225886776e+01
-8.997019113783326816e+01
6.354376528924461809e+00
-2.017251841655691180e+01
-1.019201257613947220e+01
-1.501050411434887621e+01
-3.234469090247279155e+01
2.117478335884341334e+01
-2.103857341614388332e+01
-6.494575387962072455e+00
-4.362740369427677933e+01
-2.411847347673955255e+00
-2.891817692532400486e+01
-4.128890117121784442e+01
-6.281395345752582671e+01
5.069312704677770398e+00
-1.970520594712650109e+01
3.482629156986718044e+00
-7.818804377744868361e+00
-4.494625640445190129e+01
-3.595659226867910263e+01
-3.016354534095194140e+01
-3.137599585478835706e+01
2.947202038648637767e+01
2.797095418164758485e+00
-2.757629214489544722e+01
-1.202623155574406155e+01
-1.359188086347408841e+01
2.227392343769532346e+01
-1.717121756418330492e+01
-4.228092053827079866e+00
-1.554144151458316969e+01
-1.975527832226683245e+01
-2.239362192634924043e+01
2.042098254247591171e+01
-8.624136268006679984e+00
-5.124609489949148156e+01
4.263925866992900637e+01
2.434948092808108200e+01
1.464019161147007253e+00
-4.322676642147592929e+01
-4.141424550809534821e+01
3.774488185184623035e+00
3.847485899210312255e-01
-1.747224033227826112e+01
-2.531034888330342625e+01
1.734438496193962465e+01
-3.048657361469395255e+00
1.455126027613806627e+01
2.714385887038741885e+01
1.756031197196168137e+01
1.767616436023645576e+01
1.322453636300965840e+01
-1.154592228162030665e+01
-8.252884458204675866e+00
-1.204242896701936871e+01
-2.032811485494613635e+01
-2.364945147814842130e+01
-3.524871724804106066e+01
-2.061560008652735121e+01
-5.667325440939407599e+00
-4.255030857769077102e+01
-7.912120615329115481e+00
2.023196675565485947e+01
-4.370993733430185557e+01
1.649586977439079760e+01
1.489036838695858478e+01
-3.985732029255763109e+01
-3.140752505882360879e+01
-9.512923440730034486e+00
9.732143571676772353e+00
-2.182732671829745641e+01
4.005715102137206429e+01
3.555087572569365761e+01
-4.282956122922144004e+01
2.476291790173547724e+01
1.928301858519355960e+01
4.853054906604654661e+00
1.202815299498332990e+01
-2.372703860732897851e+01
-7.219822338147935170e+00
4.601370537425339080e+00
1.066869689537750787e+01
2.344169779906997775e+01
-2.839781923457828228e+01
-3.314508129999410357e+00
8.297550988054226195e+00
3.024645496370482078e+00
-1.649727056327274965e+01
1.211461298179349200e+01
-1.416684180028521212e+01
-1.139301240389612246e+01
6.470424310221574160e-01
-3.375583673126207884e+01
1.654891970881465113e+00
-9.351911995285831836e+00
-7.673185731918124475e+00
4.669896710638653303e+00
-3.013100626656662939e+01
3.293566808551545932e+01
-1.399044468849345435e+01
-7.398821830797504617e+01
-4.735884319318111579e+01
2.053682833242440609e+01
-2.248167959256605286e+01
-1.042566433113267976e+01
-1.454629080409394248e+01
-1.019595450693208250e+01
-5.592341313279501946e+01
-3.514687411518764293e+00
-3.459808340517690795e+01
-1.915179358684338240e+01
1.177701282170616537e+01
4.371083814258642519e+01
1.579138592752201475e+00
-5.726359097430417933e-01
3.307274358038051787e+01
-3.079709604637116627e+01
1.774119186280103833e+01
4.230835252983538908e+00
-2.649333817070106534e+01
-1.416994555447141124e+01
1.235752315473320095e+01
3.640028318213097691e-01
6.751650769417583575e+00
5.732269345620622403e+00
-1.313929427613842904e+01
-1.807991505518270969e+01
-2.780343599652906050e+01
2.736229045943773031e+01
-3.583329913933155808e+01
-2.661354751352608616e+01
6.907873214734308931e+00
-4.829904576137224126e+01
1.252519885463959781e+01
3.565585533199288193e+01
-4.010565065059708445e+00
6.471078655649563416e+00
-1.602885325964220442e+01
-1.223987778465391330e+01
5.770007357241809132e+00
2.111872124842287946e+01
-2.157890700999919886e+01
1.503121662356232946e+01
-5.893889714766800125e+00
1.729002490395572522e+00
1.286493885364568257e+01
8.267927506691648887e+00
-7.171058139722077840e+00
1.217347733247322594e-01
1.064067386493411504e+01
1.590635618355494785e+01
-3.992488709376316081e+01
1.849783154700730847e+00
2.861016673835618462e+01
-5.131330601158020954e+01
1.687545352130201337e+01
-6.481827853278902296e+01
-5.983623180758311122e+00
-8.235513223448165832e+00
-2.911051263624131025e+00
-6.775397135138774729e+00
-1.395718352605425139e+01
-5.305505833098948187e+00
6.623251792000019122e+00
-1.483202240438005504e+01
6.688610439277994146e+00
4.868818191457910416e+01
-3.367079581254176901e+01
-1.466804310147136903e+01
2.215379553012093083e+01
1.337552138963494031e+01
2.430919586951442568e+01
1.174284397262584889e+01
1.169387594568554789e+01
-8.939729339704001632e+00
-2.724297862773535428e+01
-2.512432834169209173e+01
-1.500550653829157710e+01
2.574303658432583575e+00
-2.348140411565310615e+01
-7.774193826617299408e+00
4.044311568605522211e+00
1.320805713714656804e+01
-5.678111649481881074e+00
3.312170911398598605e+01
-3.212083908966192780e+01
-2.178674851225963494e+00
-1.689950552111577409e+00
1.526426809214995473e+01
-2.176851240688394995e+01
-1.379094748530795300e+01
1.040217996401709932e+01
2.492141439116917923e+01
4.145387561390019471e+01
1.770381821156192359e+01
2.320165459237040295e+01
-1.548490124002393742e+01
3.496353860199195651e+01
3.662843387178696730e+01
-1.413898398308504056e+00
1.894353648317965622e+01
2.089453227946218306e+01
-1.304972400344699679e+01
4.726799632496692993e+00
3.363901562938065126e+01
-1.337054455254457253e+01
-5.067945221972422587e+00
-3.336747534715348706e+01
1.317413462483847297e+01
-7.134577007419025563e+00
1.090380465391118037e+01
3.237307418362917133e+00
-2.203767867002145664e+01
2.522554836799122313e+01
2.221620853322838229e+01
-1.491219066576741170e+01
1.058093926249723182e+01
-3.384244252427498623e+01
-2.940044210366878374e+01
1.368981301627610492e+01
-3.770681359791272769e+01
-1.703094875024250143e+01
2.849045126534861083e+00
4.574938908501511037e+01
-1.410913232693533814e+01
-6.791220984456401766e+00
-9.967951291417790571e+00
6.202801027650451715e+01
7.694407834033924587e+00
-2.385064157738618462e+01
3.920241974565499277e+01
3.470624633379797785e+01
1.736147123238893641e+01
4.156707669640019276e+01
4.756254487031822009e+01
-4.125964912918156813e+00
-1.531706205285880174e+01
-1.602966942929231209e+01
1.598808594345052825e+01
2.079149696728134700e+01
-3.804497958081739739e+00
-1.278670745090073524e+01
-3.378043326223676246e+01
-1.394741665982849099e+01
-2.498265807717018561e+01
1.666963736403039320e+01
9.468057006972514955e+00
3.525686958233433188e+01
4.115143499225354162e+00
-1.302329619514756587e+01
-4.683192363756171872e+00
2.180477084735265692e+01
6.916577433411248421e+00
3.010273151038143169e+01
3.080650367133603140e+01
-6.670158840755021856e+00
-5.982735463172645041e+00
-5.552628971366254973e+01
2.797544888043108813e+01
-6.633290073846183077e-01
2.995422094503727806e+01
-1.196293677241193620e+01
-3.447358124435640292e+01
1.167051757101291898e+01
4.025040990382234440e+01
-1.445035363941312312e+01
3.649678111671715897e+01
-4.020409673490476621e+01
-1.271962604055276813e+01
-4.489924182641095740e+01
1.050819230690856898e+01
4.441131797072813470e+00
2.985964011781334193e+00
-3.433107854539230175e+01
5.003549392855870792e+01
2.991062898258627456e+01
4.880977324372850035e+00
-2.849107293494569149e+01
1.196265819832314037e+01
-1.284799424601268925e+01
-6.852350716664943775e+00
-1.323747969503790500e+01
1.010301403699962819e+01
-8.001937709140122479e+00
-1.111871111067966922e+01
1.148269511867812298e+01
1.427423445535632140e+01
-4.719237645254247582e+01
1.096782422543637381e+01
3.720265698107210994e+01
2.214574463202228571e+01
-5.747141793875616855e+00
8.279990772342031846e-01
-1.931919097079776293e+01
3.192802953110481212e+01
8.560619719833567842e+00
-2.304003555926925628e+00
-4.136536534774847951e+00
5.882152747655240432e+01
-1.757747596495164544e+00
1.338279125725563290e+01
4.109173267616567671e+01
5.288277525204090779e+01
3.420313271061809246e+01
2.229265885907204847e+01
-3.656902248773306496e+01
-2.491789548792482378e+01
1.893140527789542205e+01
3.843997363346403517e+00
1.738549082550744629e+01
8.757610740541082350e+00
3.378530175121019852e+01
-4.251764037248713635e+01
-2.677700294075012266e+01
-6.342926950412277165e+00
-4.696380201907244611e+01
1.050371403891243460e+01
2.417674805923655867e+01
3.731302983592399869e+00
-1.218259489965527109e+01
1.274133661602104439e+01
7.582390859694476148e+01
1.692992619107178598e+01
8.631491958204378534e+00
-2.575129066551971846e+01
-3.284916687101008392e+01
-8.032352298508953936e+00
1.813979185277901252e+01
-3.252226292883506176e+00
1.302242467754960131e+01
1.915486790540830953e+01
-3.126132215873161613e+01
1.428446470647065780e+01
2.423506555054689215e+01
3.090041088818225035e+01
-3.612435048289029282e+00
2.591682503807646754e+00
-5.507989935161930362e+00
-2.648400524132389933e+01
-3.800774019260578029e+01
4.350170262437200108e+01
-4.231368168633281357e+00
-3.024328595908374950e+01
2.998931369460549945e+00
-1.417513073667357304e+01
4.971197920778107004e+01
-1.280131097491363334e+01
-1.963413343385329313e+01
1.905436389107083528e+01
-8.990176319307863650e+00
2.436983355518214012e+01
7.332881004126932112e-01
5.320423868482103558e+01
2.890789513163253233e+01
2.201103898413698801e+00
-2.037979340131273887e+01
1.502771044810768331e+01
-2.948958331883981998e+01
-4.791958414088838936e+00
3.353109293349515951e+01
-1.531100568532914963e+01
-2.457424402945173370e+01
-1.328737339030686826e+01
2.738217131737536647e+01
6.915334044546064263e+00
-4.534335983433886952e+01
1.817896675046144139e+01
5.061381679902979158e+00
5.042696663666561108e+00
-2.757332312240225747e+01
1.578610523182732095e+00
1.848566241810709698e+01
2.618878717173139137e+01
3.609039084717143453e+01
1.579668588291616516e+01
2.135120980280220238e+00
-2.961387224663133111e+01
-2.561133909536758324e+01
-3.777343782157998930e+01
-7.202673567266629107e+00
1.735228023004921738e+01
-1.341021306641707156e+00
2.809038109674753514e+01
-1.789529733997807170e+01
8.995424887847207174e+00
-9.531110516377353292e+00
-1.636460374852750377e+01
3.349697979911137935e+01
3.879074674899385400e+00
3.444766236052873865e+01
2.592850092977414533e+00
1.218042966798391546e+01
-9.864747330736861386e+00
3.325523838439754343e+01
-9.120731307571745106e+00
3.586770765724107690e-01
-4.277381502954602865e+01
-5.251177311259638714e+00
3.916061056262734041e+01
3.497384691221998310e+01
1.477405936916103713e+01
-9.107810117843612829e+00
3.077981416358767319e+00
-1.149979630794254604e+01
-7.619798769292486895e+00
5.066880825552596690e+01
2.773514264102630023e+00
-1.436404657965476872e+01
-5.936667311229733457e+01
-2.601334134926018038e+01
-2.106042964253136063e+01
-3.512707870752268491e+01
-3.182320227759794307e+01
-3.790387969674981150e+01
-2.516375772722469151e+01
-1.744841072720612374e+01
-2.713474693311671615e+01
2.572889728917832741e+01
-1.140608202642977176e+01
-4.841072022101928951e+01
2.201478934155448997e+01
-1.669050043360198288e+01
-4.455936876032700411e+01
5.327303905040137977e+01
-1.428744216862178718e+01
9.414134078385899329e+00
2.197389576140440681e+01
4.938630045968210425e+00
1.465263998701450987e+01
1.786255597634692549e+00
1.092560596455101063e-01
-8.158220399396974187e+00
-4.141130026851647017e+01
6.526757045365442877e+00
-6.843703879994023964e+01
3.900332569768735880e+01
-2.340314405091015715e+01
-9.741176320023072321e+00
-1.004871112554894808e+01
8.224231920125262718e+00
-9.383082264149663843e+00
1.482034175335061832e+01
-3.037878729626669383e+01
1.966966300136951418e+01
2.372200993837495631e+01
5.729611968817039269e+00
6.305378313536493806e+00
1.187717792597733535e+01
5.012368341432647867e+00
1.516561740040955897e+01
-4.354938359486027366e+00
-3.868886931133182827e+01
5.261684975327284519e+00
-1.363231473309437547e+01
-2.983295332305772263e+00
3.043658554394238536e+01
-4.420823849770319924e+01
7.706992295805150661e-01
1.168471699104145500e+00
5.054707340828684892e+00
1.725402311397766653e+01
-6.699298554381879711e+00
4.578501488427150434e+01
2.425026689099179578e+01
-8.458327353586298614e+00
-4.142214156239361955e+00
2.086490235791885084e+00
4.241707186848810807e+01
-2.920676959695896358e+01
-5.679944772554944166e+01
1.700289781319463600e+01
-6.768360461880220669e+00
-9.223058494265956142e+00
9.122680147419401919e+00
4.191415089898490010e+01
2.447811218221843887e+01
-8.847096871833542764e+00
-2.903284727608661342e+01
-4.718381612904444466e+00
1.559059571752653994e+01
-8.450814360518251078e+00
-4.124739064237996899e+01
-3.371102474463555154e+00
-5.274266560227317768e+01
-2.809328663156648531e+01
4.543084891700654282e+01
-2.885176122721841807e+01
-3.779935633158331143e+01
-2.851963740950881743e+01
-2.046183412476486296e+01
2.005876309038271188e+01
4.670586153648178396e+01
-3.686763145864205171e+00
1.433992223709367408e+01
-1.180330150080726526e+01
-3.857875853646763176e+01
2.602929477949496473e+01
-2.618200232629146740e+01
1.446392754818552362e+01
1.772798312713403845e+01
-5.882556729552050001e+00
2.092385016850832358e+01
2.287645744278987081e+01
6.308720982041219827e+01
-6.592956389111407134e+00
-2.880477824175483192e+01
-3.495564585542661007e+01
-9.550036804869812102e+00
-1.863249289095766414e+01
5.254833697519717362e+01
-2.438256267420098311e+01
6.439363989678076550e+00
2.719624894199370146e+00
-1.225370831592823606e+01
-4.726851819281813505e+01
-3.480589429712637184e+00
5.486844231382451653e+01
9.673488341562929804e+00
4.171383693827351635e+00
-3.221146843763790457e+01
-3.205370215611890217e+01
-7.854803954084815132e+00
2.561395701637633238e+01
-1.413870414183969615e+01
5.727370535210539515e+01
-2.699654267168034494e+01
1.046904929713542742e+01
-7.614205727506941912e+00
-3.615781121955421895e+01
2.398635093949536667e+00
-2.856192114891655365e+01
-4.117645783788395875e+01
6.194298750094048955e+00
1.065769582146614880e+00
2.914317519811520185e+01
1.314888530312288850e+01
-1.872162007073210077e+01
1.195652150978338568e+01
-4.877759802827426938e+01
-2.667346785715017177e+01
4.969406153638463053e+01
4.599565560891790028e+00
-5.915248587985445283e+00
-1.659068370346068377e+01
-2.453721240424329153e+00
-5.542150813931584707e+00
4.961955414807920306e+01
2.320049117903717217e+01
-6.590107291938920753e+00
-1.938128531905761065e+00
-2.190923145300732955e+01
-8.726883904075833698e+00
-3.510213355529998580e+01
2.750454140136837822e+01
3.895448379841994324e+00
5.750710597555155346e+00
1.001943128460393950e+01
-4.461278675719384523e+00
-1.146319963901871120e+01
3.067699727982303060e+00
-6.032844931064894922e+01
-8.634351956412075424e+00
-5.735862842310041287e+00
-4.320353059170017218e+00
2.682384138268615459e+01
3.624960153762414450e+01
9.670464152996999019e+00
-5.306496853615955445e+01
3.466982559339334102e+01
-1.190692551866163740e+01
-2.086457749754927704e+01
-4.857859890133148895e+01
-1.673574888450204412e+01
3.465746201311196018e+01
1.699813759912848354e+01
5.552288707211715746e+00
1.876544481359806582e+01
-3.254625859789970832e+01
-2.594147682050777348e+01
3.140930030233243997e+01
2.166407530304724105e+01
2.676146789750518451e+01
2.779273469554809139e+00
4.688988198813405006e+00
3.039604825122114562e+01
5.376715248814420534e+01
-1.162213468724865351e+01
2.144843773678593379e+01
-1.447712614426325217e+01
-2.440871342743369610e+01
-1.930760891917229571e+01
-1.943133460053462613e+01
-8.096421615143640338e+00
-2.650009947263367849e+01
-1.089784161168955734e+01
-7.561273449120429291e+01
1.890146232023698758e+01
1.233117008828905270e+01
-2.660624045862107323e+00
-2.161783909250829083e+01
-1.028110602953540820e+01
-3.060176539915013905e+01
5.457850824797645828e+00
4.487291348381992862e+01
-1.232936131710965810e+01
-9.389065317877594907e+00
1.169584802723159100e+01
-2.845920371374589308e+01
4.710211730969029276e+01
8.162351960081124957e+00
7.791915029680126281e+00
2.753133240028813589e+01
-1.382844265132831651e+00
3.116298473547522008e+01
1.053369206551593606e+01
-2.177081383508095769e+00
4.558184124796596848e+00
-3.507441522235808407e+00
3.682814857361842087e+01
4.772713544005000585e+00
1.010735779575074389e+01
-6.464084253521207302e+00
7.826734280027665136e+00
-5.133492017162342336e+01
-1.953954599497268418e+01
-2.715471260261267616e+01
2.634453203057000792e+01
-1.779212686022600565e+01
-3.339159508151379896e+01
3.217586488408261403e+01
-6.758991197285610042e+00
2.251915002106582619e+01
-5.007093856667000864e+01
1.028431311881759669e+01
2.884844671528085769e+00
3.444810846958262118e+00
-6.500300217088067711e+00
-4.044648134538476825e+00
2.821751587343986500e+01
9.994250537836819603e-01
-2.824577101957945047e+01
-1.041068416052735301e+01
1.222210440190444558e+01
-6.389524414085363446e+01
-4.886170767456531649e+01
7.171398441872440799e-01
7.816546043779354136e+00
-2.611680428777496843e+01
-1.049836699794497008e+00
5.841050444133071551e+01
1.550317060838898442e+01
-2.989235037519347316e+01
5.198228256116209423e+00
-5.160208225947897631e+00
6.937549705826519642e+00
-1.977682983812343309e+01
1.222841341195100995e+01
1.461570471808897764e+01
-3.844453574160695553e+00
6.193406520058287867e+01
-4.383660622689120601e+00
-1.750430042886620186e+01
1.319737671600239537e+01
2.381584745259823421e+01
-1.870482876234405012e+01
-1.016957743861489405e+00
5.428621216773476021e+01
-1.559185354529972756e+00
3.260638178281206478e+01
8.087667174040518603e+00
-3.865386289588307989e+00
-1.261521650340893075e+01
2.893104760373492468e+01
-3.096683971405332159e+01
-5.639725196974012533e-01
-1.008541138555560224e+01
-2.198489158883305095e+01
8.339618995930695888e+00
1.474362146688048369e+01
2.393732295853851610e+00
-2.009933286573755140e-01
-2.207129265522303285e+01
8.976782423657340360e+00
-1.823761164131425971e+00
-1.255912427486484262e+01
-1.116039442396424164e+01
9.126460753313665464e+00
-2.036971421512077995e+00
-2.095326121353096482e+01
-6.041415770702397481e+01
5.834192203546621158e+00
1.066329450231191345e+01
-2.689572527596989460e+01
-1.325158189551262922e+01
4.582905021342470775e+01
6.235688986557875069e+00
2.185952601250056659e+01
4.800481954676612872e+00
2.208633625372831943e+01
3.174834493040805228e+00
-2.157322451020075960e+01
-6.061843543202897422e+00
3.015106845502373289e+00
1.745840796486160684e+01
4.177008223435316836e+01
2.728757173115201340e+01
1.682898432111471720e+00
9.477075770038680957e+00
3.357752616268427914e+01
1.464995070875769301e+01
-3.840262535528964349e+01
-1.528772347293235612e+01
6.155122442303508024e+00
4.732080395533472483e+00
1.367255168450906666e+01
-2.870306135184810614e+01
3.916832355716572067e+00
2.398966572836582145e+01
2.652427995187877485e+01
-2.383861898845924543e+01
2.438038048447310757e-02
-1.230593667415291748e+00
-9.418387930350149873e+00
-1.575491888683297503e+01
-8.581400266409417554e+00
-4.907211557878639496e+00
5.610443077377425425e+00
2.345962659234378833e+01
-1.713739899429022273e+01
4.487145290021476285e+01
1.817438555646435816e+01
1.487006455044723907e+01
1.962955440117660899e+01
1.500885525252261132e+01
2.018727952884978905e+01
3.034361792995066764e+01
-2.523559492344149646e+01
3.453683928115950152e+01
-6.327358765389985251e+01
1.755907372379893872e+01
-5.930170931499617382e+01
4.630715771528480218e+01
4.177469996371617356e+01
-5.225532227410496944e+00
-2.671160085315761989e+01
-2.355543840533007938e+01
-3.050035889899112362e+01
-3.514432151406043658e+01
3.139247866451319169e+01
2.333082021950065155e+01
1.326158701280829177e+01
1.568295644686685364e+01
2.482564358502821733e+01
-2.174012386339114755e+01
-9.853267149213223774e+00
3.058816206984447206e+01
-7.240412331395489787e+00
2.963190194497239816e+01
4.132983442950663289e+01
-3.219778270493867112e+00
-4.062517045307123453e+01
2.779469958321271861e+00
-1.469620409108641113e+00
-5.659504098417926343e+00
5.323635731554077211e-02
-3.616396064846315994e+01
-6.969701269844577496e+00
4.895382329247041753e+00
7.390039538554304954e+00
2.710783659113076283e+01
-2.370537465337635297e+01
3.087682764948323211e+01
-2.212668181122155886e+01
1.423081832119373757e+01
2.240023624417700887e+01
