-3.533805088617522472e+01
-2.044164407642753645e+00
-7.284355567990303371e+00
2.451671207589992463e+01
-1.214749987497013706e+01
-9.388121902055559076e+00
-2.451831703429024856e+01
-5.128714380880123258e+01
-2.189114478817418785e+01
-2.306374870876356908e+01
-2.136451951159514806e+01
4.293938775455535151e+00
2.022190980770616875e+00
-1.063652073984840740e+00
1.767188533086454072e+00
2.701033513583303147e+01
-1.043040461089164239e+01
-7.365068116185128133e+00
1.197681619289232913e+01
-6.310568612438148506e+01
3.161878816263693182e+01
-1.357694530232538455e+01
-2.466673907044841130e+00
-5.710526449800994442e+00
-9.865809431581169520e-01
-2.207721108575412927e+00
4.896965209202613778e+01
-1.526916532843122809e+01
-4.103121610327093549e+00
-3.095012967713911678e+01
4.004616194638799698e+01
-4.448581378403446251e+00
-2.179278531874700775e+01
1.143674788574950441e+01
-2.091821797780028191e+00
1.326025532033821719e+01
-5.660466606608167695e-01
2.773373355248082817e+00
1.927540522484391516e+01
-5.572676024571359221e+01
3.104833199155154944e+01
8.263414075431271044e+00
-6.367287267637010473e+00
-1.780906095821663015e+01
7.041446101075649722e+00
-1.111793171616579912e+01
2.539126527249425180e+01
2.027396665133250053e+01
-1.308717187848804997e+01
-1.670345182156262354e+01
-1.762800861338257619e+01
-2.119908079867538220e+01
1.075878266568683728e+01
-2.761314407691264705e+01
8.448622546069259442e+00
3.525143846676317594e+01
4.063830085344530829e+01
1.893878501837320982e+01
8.489777023879753415e+00
1.766322713710701464e+01
5.189314864209416100e+01
8.807778428687583983e+00
-3.042631910305487963e+01
-6.158298718686864959e+00
-1.436707345589607598e+01
3.391697956684993187e+01
-4.018341593258338662e+01
-3.499271833043354718e+01
-1.781133025960332361e+01
-9.941897957772482641e+00
-2.285236549558598540e+01
1.601800699888430302e+01
5.329053156447344008e+00
7.972222701493222985e+00
-2.208406543326713134e+01
-1.934033136771506634e+01
-3.333844553114178666e+01
1.840793489133335470e+01
-1.911364182427629288e+01
1.725875016864807776e+01
-5.493763800341484149e+00
-1.520742868033477180e+01
-2.925926483324622041e+01
-8.683248717532762839e+00
-6.246770949920346538e+00
-7.025633703640068006e+00
2.280406466979384916e+01
4.268256762318023334e+01
-2.509780099026710687e+01
-4.380067569396273086e+01
-1.098305992929347497e+01
6.065750973281444658e+01
-3.307286133522811156e+01
1.827883369565145699e+01
-6.622552597409253394e+00
-3.405594783759984523e+01
1.408911307691155912e+01
1.994774776365949265e+01
-9.840249495880811992e+00
1.870886115912952619e+01
-1.372037867796223054e+01
-3.187509309281296055e+01
5.357811284115769013e+01
2.554750531895518861e+01
1.446622421509010792e+01
8.008016998675827836e+00
1.520595700387457327e+01
4.611016569789245523e+01
-1.505679209163176147e+01
3.398194079843072757e+00
-7.724684183983350749e+01
9.014057140957135061e+00
-3.783977327872963770e+01
7.919120007400266559e+00
1.245446900856579475e+01
-2.034824592080843786e+01
-2.893120495747356813e+01
1.254947711584577519e+00
-1.720132805433090084e+01
2.180574437664549237e+01
-2.833313261339137057e+01
-3.151996807205307505e+00
-2.055466004674264013e+01
-1.985155279345775625e+00
1.108904332212077293e+00
1.268811473491174979e+01
4.579877118169406458e-01
-2.963382889897843597e+00
3.633176283277252594e+01
5.146564726118992894e+01
2.779365626877799400e+01
4.019896066396016465e+01
-6.621845648211774460e+00
5.670925921091424016e+00
3.002844495625834043e+01
-5.366097051368683424e-01
-4.298050570443885476e+01
-2.303551017728161909e+01
-2.865820225375057362e+01
-1.566426829318085368e+01
1.619662850492534290e+01
-6.719457857608642826e+01
-9.455770579413155019e+00
2.506301397062559033e+01
-2.122160393235276388e+01
-1.767319281571218426e+01
3.368510762653630763e+01
2.521318082883146872e+01
-1.872685739186015041e+01
1.572029773901996919e+01
-1.436303579217897664e+01
1.934201118378117812e+01
1.927674743084054398e+00
7.506725604532277885e+00
-4.827171796220081035e+01
-2.677950338033158673e+01
-4.896292408967383381e+00
-9.356518225023231494e-01
-2.309746070730329848e+01
6.154321065563999582e+01
-9.861040570020975338e+00
-1.825476973595807806e+01
2.017305912050039751e+01
-2.601080818440137676e+01
-2.071453110384939578e+01
1.847806295697444057e+01
7.221075472211431645e+00
8.643307059694848249e+00
8.878032031377287581e+00
-6.257028790195874990e+00
9.019696908959417669e+00
3.300765517721664821e+01
-1.499671027830049752e+01
1.086921906750407629e+01
5.148909997743461275e+01
1.850450690759453209e+01
-4.262410903504928683e+00
-1.157354137319021703e+01
8.811904093281751216e+01
-1.209378058711153869e+01
2.122793186425900558e+01
1.465752882269350721e+01
1.668676528643233326e+01
5.008541733056870271e+01
2.712672832687871960e+01
-1.534397331970710709e+00
1.370018931751508262e+01
2.780533274387653364e+01
2.037836195890025692e+01
-3.295127918288898172e+01
5.336065223681134739e+01
-4.751208112237947034e+01
-6.983266226203255655e+00
3.117495904043509825e+01
8.440892252327838463e+00
4.243782930433894762e+00
1.604986963182464876e+01
1.266344153508899240e+01
1.946788546026994027e+01
-3.542215826289213965e+01
2.265839153287231511e+00
-1.503849902141030270e+01
-3.784534658116186279e+00
-2.506644998491708520e+00
-6.080918776138251047e+00
-3.257564024726860907e+00
4.741834249248930178e+01
-4.778245005063311623e+00
-1.472841660653442375e+01
-1.455659082450871722e+00
7.358365643071323348e+00
-3.374915348385421510e+01
-2.892021110818467378e+01
-2.051141843531519271e+01
-3.499707486587621474e+01
-9.064648631645244592e+00
-2.362722532494031213e+01
1.033177173924791248e+01
7.084404238572830081e-01
-7.080805523657573985e+00
-4.679216855881833226e+00
3.257784996241980480e+00
-8.350805582594318821e+00
3.850365671218489183e+01
-4.892599513270545231e+01
-8.556358114823684247e+00
-7.658786736665518902e+00
9.025554583062245229e+00
1.272500993706832162e+01
-2.660238333091376717e+01
-8.611582942634470328e+00
2.429534747263203087e+01
-1.137942468678782149e+01
8.971417600138835269e+00
1.929147305145734492e+01
-1.642971382053701745e+00
6.307402351478867786e+01
-7.922252007430870435e+00
-1.793431855535584418e+01
1.798527383285403403e+00
-1.390243113868194769e+01
3.085478532860670953e+01
-2.394874110214806251e+01
6.876385077311795158e+00
3.205380042870487500e+01
-7.162838669743166520e+00
6.682513644137208075e+01
7.233937051350534375e+01
-3.753717738094030665e+01
3.330320943257004274e+01
1.226565553162322431e+01
-3.144471925275425406e+01
9.418164641683461014e+00
2.372082654619416076e+01
2.425742500673840141e+01
1.323207208487588105e+00
9.583003252508888181e+00
4.200664366084424728e+01
-1.325721414934183429e+01
8.025018547961238369e+00
4.051974390190594022e+01
-2.087845829509355156e+01
-1.123166110000919105e+01
3.160287858071769307e+01
1.621582680129728260e+01
4.274966525440822807e+01
1.700501457513482251e+01
6.129981292108084290e+00
1.503242511813735405e+01
2.284292983129800803e+01
-3.019196045453688271e+01
3.839625379923205628e+00
1.392912348529894828e+01
6.530109144197183468e+00
1.335141552042334467e+01
-3.455222612429469109e+01
1.807377736266380452e+01
-2.410896273628821973e+01
-1.878948570052764921e+01
1.202364021735532162e+01
-6.580219479138420979e+00
3.264226798239573668e+01
-9.468555567301848441e+00
1.695185860935339406e+01
1.826648160614286098e+01
4.384447515885214841e+01
3.076394257540023602e+01
2.752535379415468242e+01
-1.917250339213836696e+00
-4.714836621830215790e+00
-1.802729416387609263e+01
4.503853192668637462e+01
4.482775498184633989e+01
2.201116454264307265e+01
-1.418234513742635272e+01
2.808156149004003055e+01
-2.914539269829788282e+00
1.009336054298020002e+01
3.727351077052426831e+01
-6.930014435667999351e-01
-4.481146687138334528e+00
-1.140478886184337171e+01
-3.297391919088516943e+01
5.389354148611175788e+01
2.850676991540274230e+01
-3.369597015814247953e+01
-9.283327720988140186e+00
1.483995720903523008e+01
-5.645921253904703008e+00
3.577476722418328592e+01
7.113831080384841243e+00
4.509177434856638911e+01
1.952795812056608327e+01
-1.285078678176938638e+01
1.131252648023328788e+01
-3.539149052670182982e+00
-1.550896641216030503e+01
8.886733961385971270e+00
8.507959515719051069e+00
5.296113787461437994e+01
4.451117334917645962e+01
3.131457858273311956e+01
3.770208438752320035e+01
4.894438847825341554e+00
-1.467249161833666449e+01
8.072308042290302410e+00
-1.887736974060505446e+01
-3.029065346763752586e+01
-3.144959589723987392e+01
-1.763954537594764815e+01
-6.146595197978604119e+01
-1.971566198742544884e+01
-4.896263223752453086e+01
1.323460934256406851e+01
-2.618438215487971377e+01
2.630977627851427769e+01
-5.590383840804419435e+01
-1.683717293292440331e+01
2.424313322913428692e+01
1.184651858203586983e+01
-5.018424961507584214e+01
3.199640750349038854e+01
-1.462677721801372854e+01
3.042679884989050265e+01
-1.314641055163332339e+01
-4.430216099860035683e+01
8.117432089487309099e+00
-3.678411143344811762e+01
-4.227626807993004832e+00
-1.676152053702034905e+00
2.312139146260801681e+01
7.126430113711847980e+01
-2.441154176351719229e+01
-1.978314556162671067e+01
-2.383742687435272956e+00
-6.441027216669510835e+00
-4.566186724692222754e+01
-3.152719850808139768e+01
2.708491727008076566e+01
-1.201165491337965818e+01
1.143088571758107719e+01
-2.775847986304137294e+01
-9.257903527583039249e+00
-2.346734567222287637e+01
2.915218476770093048e+01
5.416170499895770263e+00
-1.262664930038141620e+01
-9.595029261479453453e+00
6.715112722512920129e+00
-4.625049162226559929e+00
2.434230045172810719e+01
-1.457863956648060366e+01
5.604082857079106361e+00
2.005328830662473649e+01
7.761098887448213191e+00
-1.201052303493190720e+01
8.699509500418139396e+01
3.323543866731048979e+01
2.418625000811886139e+00
5.770722520312972392e+00
-3.540438243773849081e+01
1.901251619450414410e+01
-4.320943036245787994e+01
-1.645656583978131948e+01
-3.114496314428595269e+01
-1.119168742789614157e+01
3.213598261524964528e+01
-3.207408954908567011e+01
1.353129291482667895e+01
-2.169164733030811476e+00
1.178127607568853819e+00
-2.027872619006518562e+01
-2.509308592007704419e+01
-3.171797764815153187e+00
-2.024470974685462465e+01
-1.121005847890188534e+01
-2.335059986350532313e+01
-5.241362920076234388e+00
-1.962129741093809798e+01
-2.840138444864633982e+01
1.184307409217264251e+01
-8.123883800302138525e+00
1.384573212262793618e+01
4.826004766588610551e+00
-4.308042423094484974e+01
-2.970602058871825335e+01
-2.583110012375553310e+01
1.833880109879396514e+01
-1.385503788262113289e+00
-3.507808412814549115e+01
3.333134627539300965e+01
-2.215857924175240612e+01
3.230438267338935532e+01
-1.788458147691714117e+01
-2.733660242023708520e+01
1.342310145488823991e+01
-3.845573994458347755e+01
-1.948004680574084091e+01
3.508529963382895289e+01
1.068523199547638569e+01
-2.480931837245424276e+01
3.070719660419769781e+01
-1.026661249139840493e+01
-2.149196060265433061e+01
-1.721464682907088672e+01
-2.836548849046693022e+01
1.567986946217507693e+01
-5.089974594955140219e+01
-4.483617872243942770e+01
-5.734073495912355156e+00
-1.704201152339464898e+01
-3.346551882584613224e+01
4.160026900044459808e+01
7.595493024780560631e+01
-1.556671937690438767e+01
-2.028490352479735748e+00
-3.431990517373456129e+01
3.711793919390970586e+01
1.153472863309829677e+01
-1.352054237182341012e+01
-2.064528555102900498e+01
8.340174174099118432e+00
-3.286135373769644730e+01
-9.974845037910142764e+00
-4.924394054806890608e+01
2.060084334540795226e+01
6.279763110959208916e+00
-9.908848766452820200e-01
-5.859139795564146880e+00
-2.263136928925382563e+01
-6.214290987940216837e+00
7.429253430242812328e+01
-1.039121704278136349e+01
-2.719922040409218766e+01
-3.957097126011615273e+01
7.894374654572089867e+00
-2.122984280789715683e+01
6.132223141472572081e+00
1.717283688299120570e+01
4.332375061413131334e+00
1.773646499226023110e+01
8.566039347787892666e+00
3.319198042848859131e+01
1.493840053072064222e+01
-1.981476689852743789e+01
2.715578214846097183e+01
1.978233981889223969e+01
7.013988384594028958e+00
2.400936819871949979e+01
-1.605788142411373087e+01
4.177840344704677022e+01
1.332973027917877573e+01
-1.796971296210782754e+01
-3.336733544894286752e+00
-1.021110063122074507e+01
1.158736259513634081e+01
-1.323620976446125752e+01
-4.462381886918009855e+00
-7.249297628984265884e+00
4.588138155934490214e+01
3.130926733083578029e+01
-3.681750729832223357e+01
-4.579483626569498256e+00
-2.992645040893802388e+01
-8.232563341850550387e+00
-1.337690478033717056e+01
4.846645834924231622e+00
-5.909717628566877323e-01
-1.626755682608238374e+01
9.600275029185439735e+00
-4.672742515513505168e+00
-5.323395009589575011e+00
4.882837387947796515e+01
8.189221479863434183e+00
-4.677243077918518566e+01
-2.251068419031571466e+01
5.427943136001641733e+01
1.542401021883031831e+01
-5.395407099577596455e+00
6.053390853129965876e+01
-9.162255309100970635e+00
-5.179865928187638247e+00
-4.592467856569896867e+00
8.757283695286901093e+00
1.765537512034932632e+01
2.486794549494405260e+00
1.642412407642882499e+01
-7.263360387892731751e+00
-1.991132363350736512e+01
-2.358223150471958007e+01
-2.717651159623466128e+01
2.336298688301923221e+01
7.358025506093383683e+00
2.160077813382502754e+01
7.899539089429197247e+00
5.056428509392929982e+01
1.055750555661896328e+01
-4.566355795750280322e+01
-1.941563351673043059e+01
3.485283205463645118e+00
-1.649358342042950198e+01
3.576875116446566949e+01
-7.867800514864370598e+00
9.517475390422646342e+00
2.985442344675125526e+01
-4.230394197788007205e+01
8.473184639671089258e+01
1.174985697244866856e+01
1.350963623080195930e+01
2.048212800102447773e+01
4.209758734006868508e+00
-2.814930340875037018e-01
1.984903875426877562e+01
-2.096676169531315281e+01
4.699343401863606573e+01
4.156169991398478203e+01
-2.357119287833370436e+01
9.103959968287824722e+00
3.962497937135020720e+01
-1.165618717674144023e+01
9.886707708170490605e+00
2.135784621595162491e+01
2.299179186485335435e+01
-4.322631638419593969e+01
-5.824442646999216322e+00
-1.735155949528303410e+01
-1.750288374338282438e+00
-4.491937127850452072e+00
9.756598762483008613e-01
-7.115200865511781103e+00
-1.796001711238420739e+01
7.465680909279370780e+00
3.908434281290396939e+00
3.004106923705386478e+01
-2.478389319187411388e+01
2.466786583777184205e+01
2.676854632686158197e+01
-7.069530717141276455e+00
4.611404120491565095e+01
-3.854763257696660617e+01
-5.838323119618301860e+01
-4.875394959942232376e+00
-4.493320985414584356e+00
-6.482423145506572837e-01
4.525275407771667346e+01
-2.772553443362383518e+00
2.424552071598779435e+01
3.041312363809730357e+01
2.117805573399340346e+01
-6.479439451722782906e+00
3.377775110804793712e+01
-9.020941797707521914e+00
-2.005902578661624602e+01
-2.319121206759672305e+01
6.094511927332384005e+00
2.003139041634071305e+01
-7.762223417051217211e-01
1.972551992524051911e+01
3.003410209131516240e-01
3.430932765777761517e+01
9.818817145130253721e+00
5.104684227793221396e+00
-2.152787003282014666e+00
1.822826258918914277e+01
2.126237117818340039e+01
9.753774273785722926e+00
-1.013614804523143675e+00
-3.110128345434767283e+01
1.646515905736554686e+01
1.076120502929310874e+01
2.011174044999933130e+01
1.593995954132255122e+01
2.044633455252921550e+01
-4.905766143631595355e+00
1.759335767543751672e+01
-1.521432048140241022e+01
-3.940626628514110052e-01
-3.067319868558405460e+01
-1.739891236554069565e+01
2.275325902580478754e+01
-5.097961559246408569e+01
1.502553816927914454e+01
8.960433904507510761e+00
4.697726988914934054e+01
-1.073719974126376542e+01
1.884265415879051275e+01
-5.665279867451317841e+00
-2.738826858354678961e+01
-3.847228876367648809e+01
-6.616858061578902550e+00
-5.000711979624914250e+01
6.673101525527897593e+00
-1.123793439932515525e+01
1.744205372287203204e+01
1.332086846439744932e+01
-1.612817664288289166e+01
-1.651261279329696663e+01
2.318123806902900341e+01
-3.473558144971738670e+01
-6.897164660831407446e+00
-1.068099324597177002e+01
1.542284483026056563e+01
4.930168396575140832e-01
1.538719533184121246e+00
-1.066949066476276187e+01
3.098284169370853647e+01
-3.132221874921856397e+01
3.857309856194774511e+00
3.403163029943658557e+01
-2.075932891438837657e+01
1.734511037720523063e+00
-1.933723695667595166e-01
-3.683200598149574034e+01
-2.265567711478675506e+01
-2.824641867384915628e+00
1.596252540072465820e+01
1.865273964008838448e+01
3.471034939600599500e+00
-5.445424798532258137e+00
1.007535125953506849e+01
-2.406457683694330285e+01
-1.090930103676669205e+00
-2.931983295485824215e+01
-1.578156894051123516e+01
2.746923649201286821e+01
-1.613227924993748275e+01
3.834361968048420977e+01
-1.357336954664489781e+01
1.852175707848937236e+01
1.429343753006320128e+01
-3.583467858222867619e+01
-1.421522590603603931e+01
4.922190864997659787e+00
-2.358278918263427215e+01
-2.132118878862948463e+01
-4.935638964711870358e+01
-3.057324247908431403e+01
-2.886525852969876382e+01
-2.482970535936655665e+01
4.782527650546484210e-01
1.030979770449188493e+01
3.849557725583451884e+00
1.375172020944332196e+01
-3.209400953187066818e+01
8.593491677430051823e+00
1.522564752526545817e+01
-3.806814903420289653e+01
-3.513441832514553198e+01
-2.384598089262976828e+01
-1.534405801091232746e+01
9.193955507674530736e+00
-7.321426488774704922e-01
-2.379746285876202450e+01
1.694318579842502004e+01
-1.346484298344621777e+01
2.839095394657783800e+01
-5.025699482722984612e+01
3.572784200430527335e+01
-5.084773271568042929e+00
-2.266218720899701111e+01
-1.417041153042706725e+01
1.040448830839793004e+00
2.525454633457025722e+01
-4.162846270507710500e+01
-6.682440671313912617e+00
-1.142471534665971689e+01
2.527348696813297124e+01
4.717832502562163199e+01
-5.612728481351075516e+01
5.251882832217597752e+01
2.348427538344589038e+01
-4.215052426661956986e+01
-1.804817616925571144e+01
4.472328860945166440e+01
3.356637740611643039e+01
-1.174413831956900367e+01
-3.312006954842246387e+00
8.080550104045379101e+00
4.212570913483202162e+01
-3.204051466397292103e+01
7.179065936024500161e+00
-4.701498985315090806e+00
1.543858489725312211e+01
-4.097503173394157727e+01
-1.867330832949711805e+00
-1.718418309556663814e+01
2.695120866335425092e+01
2.375841529416139508e+01
-4.929071104917358070e+01
-2.697511002704537475e+01
-1.219836178964828832e+01
-2.400161801055456579e+01
-6.585393639701706547e+00
-1.149470945437964531e+01
2.540996800567430114e+01
2.373130400701373333e+01
-1.228576050939693687e+00
-2.588726512881084574e+01
-4.801452866973130540e+01
2.683751564504257203e+01
-2.773374869896883865e+01
-2.049888578510274328e+01
3.361141315091252579e+00
-2.025936590400350212e+01
-2.206560485210644629e+01
-1.615808570316109183e+01
-2.701138300182441299e+01
-1.462735288672018896e+01
-2.931418519608055817e+01
3.159955928783501378e+01
3.466672358587368308e+01
-3.715716921889168134e+00
-1.238329276710817339e+01
-2.511219715995025581e-01
2.564350489778775000e+01
-4.852203788865909928e+01
-1.121786065016155476e+01
2.781918023810914065e+01
3.998102759131924699e+01
-9.483206611549576337e+00
5.581173216977333595e+00
3.094710126378419091e+01
9.369705637009957400e+00
-5.868604577788403276e-01
-2.508025472885134377e+01
1.138194840039489009e+01
-1.956815538851449787e+01
-5.964418341394463141e+00
-1.095842806323238960e+01
-9.295071863001680867e+00
1.279481173051760834e+01
4.465661765196765742e+01
-1.365781407098879185e+00
1.945097163351931613e+00
-5.139258590362315715e+01
-1.068347826394762023e+01
-2.031949916278338719e+01
-7.900732394205078890e-02
-2.647937017017278549e+01
4.814589432352138942e+01
4.583798004121467784e+01
7.946723716427150919e+00
-1.113791957178048619e+01
9.371104501288613164e+00
1.167806201768493679e+01
-2.692295788138731893e+01
-4.749437829313194470e+00
1.065842351308475600e+01
7.521269600653809562e+00
3.109030186141524155e+01
2.283616432691704290e+01
-1.194473963754037982e+01
1.470785304771992230e+01
-5.599380223250994959e+01
-7.107959776838583821e-01
4.927532518610908596e+01
6.753721070850133401e+00
-1.152596483646618708e+00
1.723559308886379426e+01
-1.616297384249035929e+01
5.078822631735451409e+01
-9.383099611058739242e+00
4.544939687413568663e+01
2.211922885089080637e+01
-2.287730723354383144e+01
1.828095395060773853e+01
-1.728840403606591281e+01
-4.083111466034438308e+01
-3.638476418498868270e+00
-3.147047642162174697e+01
-2.970519953985120765e+01
-2.794846420959743227e+00
2.038708606198679263e+01
-5.475164866611748948e+00
-1.772642197305907530e+01
5.058803929670546040e+00
-3.912759395082701985e+01
-3.973139779950178863e+00
-4.691107710605342618e+01
2.763144106511154519e+01
-6.802676619697507476e-01
-2.820163719457714535e+01
-9.408902633591694098e+00
1.046502152595141411e+01
-1.996903491511532991e+01
-2.579581259531765625e+01
5.327592625122912295e+01
-1.368572165812744856e+01
-2.282169738707375473e+01
1.545052110036635895e+01
-9.974401914140678116e+00
3.089741077963829952e+01
-2.543948577803917033e+00
3.950955880072058335e+00
6.112554391085421912e+01
-7.059649607772428226e+00
-2.071921513694098849e+01
-2.431818063404853092e+01
-2.883479301412967288e+01
-1.935050197928836724e+01
1.533123633007642184e+01
1.534639693927044846e+01
1.262791151839982007e+01
4.159597599113038768e+01
1.868152668754476053e+00
1.181637309268118941e+01
-3.600833851822721954e+01
1.496102184176805849e+00
-1.056639571437887071e+01
-1.510825718966475506e+01
-1.918400961815052597e+00
1.907399469275807746e+01
2.164249285300081738e+01
-3.861036429494379973e-01
6.890683592664913704e+00
1.563104633093159634e+01
1.979239072310781467e+01
-1.383864651725346562e+01
-7.149973775920841490e+00
3.878039282105163466e-01
-1.309619944877914577e+01
-2.894090504672846009e+00
-2.029488337333575032e+01
4.494104037461823964e+01
3.642313251537620999e+01
-9.242110697420685028e+00
9.050020704165206098e+00
-2.625164403648318157e+00
-1.696436247381095086e+01
2.020151517139197495e+01
-5.406128669602423997e+00
2.262749961610114724e+01
-2.968677792760632528e+01
1.018309655733537511e+01
-5.632083491765797589e+00
-3.055482378593109161e+01
-1.385431680689453060e+01
1.514631453543389483e+01
-5.179714785674802613e+01
2.436018666521221121e+01
2.644030911824222585e+01
-5.661028676499071821e+00
-3.393989270450262552e+00
-1.792086626822339213e+00
1.416694006014802198e+01
-1.855288113191784305e+01
2.048012664236758695e+01
1.729246558035444536e+01
-5.583767975735537448e+01
-2.008521655759938085e+01
1.348523968466194844e+01
-4.823113001271025269e+00
2.460372467427919929e+01
-3.613461955928261204e+01
-3.031899949682156148e+00
-2.376208696312565394e+01
-7.298437839477045941e+01
4.364692253485186768e+01
-3.311678940574972785e+01
-3.472512079372122429e+01
5.065194286800227985e+00
7.358150593333309075e+01
6.583720032682833789e-01
-1.593247351726753891e+01
-1.761052493861711810e+00
-3.107226960104000568e+00
-4.865087666474332906e+01
-3.476116588721042433e+01
4.650569636523416506e+01
-5.817034413720335806e+00
-2.140313948537578881e+01
2.805002945543219539e+01
-2.036846598770669559e+01
2.094488939112318349e+01
3.023074451211876124e+01
-3.242371163763162656e+01
-1.592655618871333445e+01
-1.970027131800085840e+01
-1.015793589012741904e+01
-1.002095511045190790e+01
-5.894719148144815790e+00
8.120834660202888244e+00
-1.937439552952340449e+01
1.611838084209068711e+01
3.289752740248682272e+01
-5.129370573656522936e+00
-1.153855861401299876e+01
8.273612032035259745e+00
3.178946749260603610e+01
2.960436292515997536e+01
5.524892301746348267e+00
-3.139929099787252653e+00
-4.936969577580825330e+00
-2.881695648651305675e+01
2.183309010842215514e+01
-1.268455756018121861e+01
1.126260493492605974e+01
-7.962659213874189845e+00
1.533699529494117542e+01
1.037776864172877822e+01
-4.570603327704415619e+01
-1.515471693465889302e+01
-4.460674147491960184e+01
-2.024641947297430988e+01
3.011461658424870791e+00
-9.753149842820334925e+00
1.853452243865052651e+01
-1.702450554441185204e+01
2.089074383503330523e+00
6.084500740639100513e+00
4.019413938631231531e+01
2.035533466498668531e+01
-1.713069336807354759e+01
-6.997700958354755585e-01
6.894708881987440918e+00
2.174947346890856892e+01
2.160930037648824964e-01
3.099918874647249822e+01
1.277684744967603692e+01
5.139315926076750429e+01
1.107839872968284567e+00
3.718561392180697567e+01
-1.532075177111525477e+01
-2.140707416526231555e+01
2.535708351832766994e+00
5.269410648238363137e+00
1.521908122083218018e+01
-8.011451652769608245e+00
-7.774602633778812333e+00
1.471884434869618019e+01
-2.749701658459827058e+01
-3.125917082774591904e+01
4.492528295860930143e+01
-3.393965269093314419e+00
-2.219544054980637782e+01
-2.299886479079653157e+00
-7.650101583368382308e+00
2.408348725639297072e+01
1.879339494321064308e+01
-1.145166631532907786e+01
4.585849659132037459e-01
-1.500875113759776980e+01
-2.002173358862779651e+01
-1.517217448113865430e+01
-5.481849346670820466e+01
1.183081204511893247e-02
-3.653547655445085240e+01
-3.158487240697925813e+01
-2.116378549690824684e+01
1.086824592997584205e+01
-2.070262513825267092e+01
1.308654640801569258e+01
-3.472041947922425464e+01
5.814274989253931381e-01
-2.348750114191803107e+01
4.840292838706517387e+00
6.384926842622469678e+00
1.890792971808465950e+01
-1.191576347616600628e+01
-9.057698933296194355e+00
1.674150507278032407e+01
3.361553095549039938e+01
1.861246194461261894e+01
4.735691873254609163e+00
-4.068571185573520665e+01
-9.637682612396332615e+00
-1.792243717006465431e+01
-3.429002139722143738e+01
2.295141705528828879e+01
-2.057484999020579153e+01
-1.864439214484690410e+00
-1.590660357414122927e+01
-5.656669465457116530e+01
2.933099114001690566e+01
-9.978899676378716777e+00
2.298385899718863357e+01
-4.049860533057645284e+01
3.821901061625544571e+01
2.062828563417042460e+00
-1.632404170343842864e+01
4.869339185537768344e+00
-1.183806528912836598e+01
-3.719801927635106154e+01
8.217740678356008743e+00
2.017482581751060877e+01
1.003804467879035656e+00
-2.053505817280239398e+01
-9.265716471569504620e+00
9.937890781352166414e+00
1.811077858388600248e+01
3.574768935793280633e+01
1.343763763698865432e+01
-1.317395072483887475e+01
5.408869344342657115e+01
1.361030787372892448e+01
2.407012867313157756e+01
-1.034852491229185034e+01
1.587273816172410079e+01
1.109046163903300908e+01
-3.517348802907147842e+01
-1.170039020392506757e+01
-2.318349350492507455e+01
-2.090436912622442378e+01
-6.828321338833916343e+00
-7.863122013520921882e+00
-2.390275352056917768e+01
-6.285529812285584228e+01
-1.636351199850438221e+01
7.111975812688285714e+00
5.137476924576276360e+00
7.861687951255831308e+00
2.632517393554255136e+01
7.969383150108189540e+00
1.841248989496182276e+01
-2.362879892572127005e+01
2.593718194857467552e+01
-2.577545452438283746e+01
-4.080519417743079202e+01
1.241339898284957144e+01
-2.445757604651257111e+01
-2.227477260686028160e+01
-8.992897111742115612e+01
-6.562822742626607919e+00
4.625805995948223881e+01
2.404335287238934882e+01
-5.823342222934400070e+00
-7.806463532255975224e+00
2.138046243905267829e+01
3.770548363672963887e+01
-2.361247493300143674e+01
-6.102802057806684388e+00
-1.927688308781395676e+01
-1.993391186834861628e+01
-1.744149733020761772e+01
7.192724471313681534e+00
4.014760050963789695e+01
-3.698206518760486006e+01
-3.180685269968086004e+01
1.852118285937422115e+00
-6.027167901717092491e+00
-7.593229508850932064e+00
-5.116493119280568180e+01
3.563876363811502301e+01
1.361782436023355558e+01
5.287055449057294965e+00
2.747132758190534219e+01
-1.859082520443013209e+01
1.756771465856240866e+01
1.577149178858846312e+01
2.074542692399887756e+00
-3.459042296917171910e+00
5.012551342139916599e+00
-8.942587286003945479e+00
2.874060004847247285e+01
-2.274499493512416848e+01
2.442295886555660900e+01
5.463630883783338277e+00
8.176441021319618585e+00
1.291287421881042974e+01
-4.929632178355501537e+01
4.765545694369848206e+00
-3.799442345428545309e+01
-2.778659937026741389e+01
-2.779536699875733063e+01
-2.831056152471376208e+01
3.287365058665727702e-01
9.491945544413212588e+00
2.824610845839897877e+01
4.916365820022257083e+00
8.146379286589137791e+00
-3.983248135581612814e+01
-1.448650497748177202e+01
1.930446788540557179e+01
-1.128251323496463954e+00
-2.637241076180885102e-02
-5.029245113624824626e+00
1.987620310240816934e+01
-5.178668373639311540e+01
6.406733538722434673e+00
1.152255823684780012e+01
2.451885703954207330e+01
2.097474485547430589e+01
-3.210224615352146316e+01
6.374912141522088405e+00
3.317564234900984843e+00
2.680074546836237914e+00
3.341823980063679755e+00
-1.070448892078650260e+01
-2.001005642589379363e+01
1.071967061376037122e+01
3.411975863888505955e+01
-2.857292082382059561e+00
6.556229360176274668e+00
9.610758017972244716e+00
-1.454981464619149278e+01
-1.539803602868130383e+01
-6.766441290050084945e+01
-2.094636973561749471e+01
-3.093914678761251480e+01
-3.822412735404611794e+00
-3.827309238420843940e+01
4.259604812115384220e+01
-1.776392266990416147e+01
-3.039218633764079414e+01
-8.774857815691586893e+01
3.767960382627242666e+01
7.558816036823088780e+00
3.417330309651887887e+00
-3.552120112449804878e+01
4.992538624274629910e+00
-1.128151994760364119e+01
-1.856488300354246235e+01
6.609473054887150312e+00
1.913757456815324076e+01
4.153655277721192363e+00
-1.201868047144711227e+01
-1.475708572750136227e-01
1.567573587302319993e+00
8.928959024865889660e+00
-3.603196043262261838e+01
4.087992174259611744e+01
-2.429844922624878478e+01
-1.695985766018311836e+01
-2.772093774760429596e+01
-5.891897446845599262e+01
5.101602165868712291e+00
-2.965365321597531079e+01
-1.082050564911127566e+01
1.851071675510775094e+01
-1.463719654329565856e+01
-1.962587468022604753e+00
-6.647280469240840262e+00
-1.140738436653714416e+01
1.799922320529660169e+00
3.074901678131718086e+01
-2.852842871326350860e+01
5.637682770349823613e+01
-1.281047673261247155e+01
1.896811178884382798e+01
-7.772343545462092607e+00
6.461962326518069233e+00
-6.177602542158354026e+00
2.485729990703634940e+01
3.474762659118938046e+01
1.084419404119650210e+01
2.612543842177117881e+01
-2.016633259406241052e+01
-3.724661906499459718e+00
-1.266999887621727794e+01
3.888055923583192452e+01
3.265459527085090485e+01
2.466715341036183418e+01
-8.700911607885188914e+00
-1.575970873110833281e+01
1.409052972760535027e+01
-1.590239909445459432e+01
-7.049198185973580166e+00
-3.279291186240321565e+00
-1.671405386339157673e+01
2.816087842530821206e+01
-4.674493377712721554e+00
2.149518929768616715e+01
1.105328947030092301e+01
9.792099004049703126e+00
-1.874081965571910757e+01
1.504033093418556177e+01
-1.036197980542294772e+01
-6.670324110755046831e+00
-1.765526451033736066e+00
-2.728069795331657588e+01
4.225217470863020708e+01
-1.509290545288012630e+01
-1.774831140483399849e+00
1.258024274704765588e+01
1.088137446398133079e+01
4.197190791680576183e+01
-9.757437021924062037e+00
4.268503476834156629e+01
3.829184932697060617e+01
-5.307925954805278934e+01
2.873179459675057501e+00
-1.051969377497783853e+01
8.858403104631861424e+00
3.359724523118003958e+00
1.123115534052010389e+01
3.530393220574190138e+01
5.524219951950371410e+01
-4.255487169406606540e+01
4.285627759321641861e+01
-5.542242282645322859e+01
-4.596719047775597744e+01
-8.167374836021295437e+00
4.638528659469898230e-02
4.124090518813616768e+01
2.028896732282106541e+01
-6.836840684749944330e+00
-5.051336083018262002e+01
3.994853820986881487e+01
-2.364459298751529559e+01
9.911519681797358317e-01
-4.026361250011511572e+00
7.129780884847014022e+01
-1.434835672232844672e+01
-6.045543222358679714e+01
1.772894935731574151e+01
-9.209635514964233494e+01
6.524742453512544671e+00
-2.066465467894605013e+01
-1.041509128400443274e+01
-1.536882590536919224e+01
-3.310036399093456794e+01
2.167344215776099503e+01
-2.150271727680003409e+01
-6.609406289832577386e+00
-4.467770702394813043e+01
-2.467676158420943011e+00
-2.957708407338189005e+01
-4.225341767017533812e+01
-6.436415579858129377e+01
5.212050569957654034e+00
-2.013172622050066707e+01
3.492391132377406393e+00
-7.968347128920981959e+00
-4.601846965844799797e+01
-3.677653660543616354e+01
-3.089324801505460982e+01
-3.207944286247791865e+01
3.016923784785426221e+01
2.905952688366923553e+00
-2.820188243819076490e+01
-1.229484153631875643e+01
-1.392280179851070443e+01
2.277443116238978149e+01
-1.760693842399297182e+01
-4.356859781229211137e+00
-1.587494904322764455e+01
-2.025643454906979457e+01
-2.289524501222670949e+01
2.092253654574706445e+01
-8.794027244299570611e+00
-5.240685002920741908e+01
4.368547948079572052e+01
2.493574131830498075e+01
1.513671748860815569e+00
-4.421802310130334490e+01
-4.241534393480219478e+01
3.913082541326218688e+00
4.338737697192698306e-01
-1.791443463487212284e+01
-2.594945783384567051e+01
1.781018987409458987e+01
-3.128750823502599587e+00
1.490165940344246565e+01
2.776350251959240722e+01
1.801069656647212014e+01
1.808825583993726127e+01
1.352649401589385292e+01
-1.185617898810929205e+01
-8.439047354633800069e+00
-1.228479313315718002e+01
-2.080360553249380473e+01
-2.424760027434979293e+01
-3.609365804900356522e+01
-2.110564315650805156e+01
-5.788021988932712247e+00
-4.359745261918328652e+01
-8.065573197043249820e+00
2.065678478956806430e+01
-4.470062821982969581e+01
1.687277906513961057e+01
1.522473013715224965e+01
-4.075561793117390152e+01
-3.215278071699867724e+01
-9.724523976491809663e+00
9.955745562619014777e+00
-2.234711718382396839e+01
4.100743821946871037e+01
3.639911748806380842e+01
-4.383699833995490280e+01
2.539401869752754237e+01
1.973905927516267411e+01
4.985934952871218684e+00
1.230519536822571069e+01
-2.427733676221730263e+01
-7.406778498771444674e+00
4.685346135551696989e+00
1.090800082713356289e+01
2.401068394392132177e+01
-2.912197721550818486e+01
-3.383227903440456430e+00
8.499632333872312984e+00
3.035150461229164875e+00
-1.691881764650282349e+01
1.240578376444969422e+01
-1.452128725596365655e+01
-1.164312269809127542e+01
6.707076859070468799e-01
-3.455425907912197658e+01
1.687989296862241417e+00
-9.610222904768875196e+00
-7.846267784032249892e+00
4.751413069488791052e+00
-3.084873543154881759e+01
3.367329261264052320e+01
-1.432653449166045334e+01
-7.572807065821095307e+01
-4.850703195751083285e+01
2.102949199257380997e+01
-2.296088497126459060e+01
-1.068776497425272964e+01
-1.493073041775631538e+01
-1.040416426628530644e+01
-5.726788614945485278e+01
-3.614747107410494209e+00
-3.541151619990642985e+01
-1.954952361747490386e+01
1.209277718971000581e+01
4.470687117911961650e+01
1.594186274420628990e+00
-5.688757883206108090e-01
3.384630480604124614e+01
-3.146524540567136796e+01
1.816260680804790439e+01
4.333972065806335650e+00
-2.709141431836764013e+01
-1.447737009760408000e+01
1.265479888940069486e+01
3.514580147125982990e-01
6.903232131099297675e+00
5.886246648413788307e+00
-1.344517227299655815e+01
-1.843756772421477308e+01
-2.841941334076403791e+01
2.799418946021012289e+01
-3.668120926154193739e+01
-2.723689396393869799e+01
7.088158315733480208e+00
-4.947344979866957715e+01
1.279160204511646270e+01
3.643660493414301982e+01
-4.125636774513523619e+00
6.604309274725636669e+00
-1.637548016734666589e+01
-1.250878411858559502e+01
5.915350710381630961e+00
2.161495990151910362e+01
-2.207791030751995720e+01
1.536931463609568027e+01
-6.044334215307912928e+00
1.711051215773807144e+00
1.319210266644853391e+01
8.518035256316679238e+00
-7.317552251349752623e+00
1.405554820933048177e-01
1.090708446807582277e+01
1.625968941873520635e+01
-4.084015658430304541e+01
1.887730813478015079e+00
2.931467428989716950e+01
-5.255722002719062402e+01
1.728068552026645932e+01
-6.635644870331285006e+01
-6.114431944661227192e+00
-8.430769387775001178e+00
-2.984871553545076495e+00
-6.906095779720885730e+00
-1.432693993085260331e+01
-5.383310832450490580e+00
6.821782195781793234e+00
-1.512497318694597936e+01
6.858355166051779861e+00
4.983902844832707046e+01
-3.447215692809106713e+01
-1.503019413478045863e+01
2.264542595388402901e+01
1.367612363271716447e+01
2.486149428916910864e+01
1.196585146690221535e+01
1.202920885304439480e+01
-9.148874571319083771e+00
-2.790972580930412050e+01
-2.571930166173058296e+01
-1.532408506703883688e+01
2.624188043398859804e+00
-2.400545505630532261e+01
-7.941618160383605129e+00
4.146976145255379720e+00
1.351667101818651417e+01
-5.799051560886308465e+00
3.390069834258436288e+01
-3.283829379195765341e+01
-2.242662122488837895e+00
-1.764511952385097615e+00
1.562919649751498241e+01
-2.232355271299370969e+01
-1.413730984730955242e+01
1.067981227830749091e+01
2.556958221127588615e+01
4.240033275571489924e+01
1.816359841021952093e+01
2.374727386573650278e+01
-1.586503736069605353e+01
3.577830537858136495e+01
3.748592689721172633e+01
-1.474787644480045401e+00
1.941326100327839299e+01
2.141361576661736876e+01
-1.333896762750714515e+01
4.807619654333365133e+00
3.445349434786845677e+01
-1.371059114833647641e+01
-5.212244770156644336e+00
-3.419851335512244361e+01
1.348981821824997951e+01
-7.278544282082620498e+00
1.116594583189646528e+01
3.338007212960491188e+00
-2.257270679660556922e+01
2.585138462120028180e+01
2.274267269458934493e+01
-1.524028855987697284e+01
1.079231771744142065e+01
-3.461090817882177362e+01
-3.011446093186312467e+01
1.401975823191213522e+01
-3.861193336508237905e+01
-1.742961363033761302e+01
2.924297176926529573e+00
4.684968013522090047e+01
-1.440397419086983177e+01
-6.955930516245928175e+00
-1.018303574677605638e+01
6.351763367942299965e+01
7.914795790288216892e+00
-2.438528127207096929e+01
4.011210135842702584e+01
3.551666162067105859e+01
1.779085674744385415e+01
4.255409631079072597e+01
4.863574618646018877e+01
-4.253245951828752425e+00
-1.570042688851211210e+01
-1.645065212201427585e+01
1.633430779635637009e+01
2.125583031256294930e+01
-3.889557267370932436e+00
-1.308166170535889705e+01
-3.457750902474795396e+01
-1.429779242241926340e+01
-2.558136906523719745e+01
1.704836755125283787e+01
9.677916097950401308e+00
3.604760526623033456e+01
4.196918311147214808e+00
-1.334052506887383061e+01
-4.795239743555399059e+00
2.233924913292618442e+01
7.089153135746300904e+00
3.081958799007816197e+01
3.155532822948629246e+01
-6.840568726108330111e+00
-6.087968494522911556e+00
-5.679489615809018233e+01
2.863910588775584642e+01
-7.030211916926987215e-01
3.064326732335328529e+01
-1.225780845325235191e+01
-3.529681024910911447e+01
1.191550287892217952e+01
4.120051433162643661e+01
-1.480757469589111963e+01
3.738509417623288300e+01
-4.115156514168481294e+01
-1.302145492069438149e+01
-4.595147366504608044e+01
1.079579028494131876e+01
4.586843129434299726e+00
3.039115394752712973e+00
-3.513334153601050502e+01
5.116846301041630340e+01
3.062674748878333730e+01
4.984453511451647501e+00
-2.910485110417670285e+01
1.223209979528473923e+01
-1.318451756421019638e+01
-6.991719618399997671e+00
-1.351354075409898314e+01
1.035523640931446465e+01
-8.148361737070473509e+00
-1.136215084933490971e+01
1.174492192224300879e+01
1.460506973364290673e+01
-4.833096138649852946e+01
1.121210003487504991e+01
3.806785694845123658e+01
2.267111452872941868e+01
-5.914986813819551159e+00
8.684029128764336747e-01
-1.978975155742037373e+01
3.270436921193186208e+01
8.766056635894955207e+00
-2.363107070062199000e+00
-4.211619697883577373e+00
6.024019457366321717e+01
-1.776562299881447871e+00
1.377028943870195121e+01
4.204381202876696477e+01
5.417384973931346082e+01
3.500323873494770055e+01
2.284636962768200874e+01
-3.737691937165108413e+01
-2.551185858293254682e+01
1.938966587769411376e+01
3.895762602874498270e+00
1.779950355843124044e+01
8.935308302793231405e+00
3.458119922195075446e+01
-4.353855683142984390e+01
-2.742621039034844443e+01
-6.468443417767872461e+00
-4.807664744425076009e+01
1.071655841079456195e+01
2.470780761585024266e+01
3.854264369438681115e+00
-1.246599704391672958e+01
1.303378425994307577e+01
7.763064602799067870e+01
1.733839825081292929e+01
8.836701386557422211e+00
-2.639617438800490845e+01
-3.366177663948991494e+01
-8.237331235709476118e+00
1.853417977716196674e+01
-3.343237588349836642e+00
1.331172478197760256e+01
1.959573023439645567e+01
-3.207056967524593460e+01
1.464557199896643169e+01
2.483769608793727457e+01
3.168070282009813354e+01
-3.712790967445073420e+00
2.609083548255796359e+00
-5.635115284424884408e+00
-2.712863557308014606e+01
-3.894889201763680830e+01
4.456673103000814251e+01
-4.333624811823455047e+00
-3.098652555989366419e+01
3.038230279132704936e+00
-1.452241394236506977e+01
5.088864245928684227e+01
-1.306689166480003905e+01
-2.008766096429289405e+01
1.949134879999462555e+01
-9.185629038875219976e+00
2.496128496064508795e+01
7.148126642682939291e-01
5.448613341968010104e+01
2.952934031883330945e+01
2.224304387572836106e+00
-2.085482760897083665e+01
1.537666680155166432e+01
-3.019692541004579311e+01
-4.893401929900264236e+00
3.434903221576823285e+01
-1.566243898612484031e+01
-2.516540997702992399e+01
-1.357267165948272236e+01
2.804344198080178785e+01
7.088365966674381013e+00
-4.645524484594089643e+01
1.863714890157854143e+01
5.228475071444023570e+00
5.163586342574006949e+00
-2.821963094233387892e+01
1.625562710046381198e+00
1.893887426455702894e+01
2.685529689762098826e+01
3.689799649458453246e+01
1.618795145759452581e+01
2.214452087692862392e+00
-3.029107727601780198e+01
-2.619403194961125791e+01
-3.870738756004841719e+01
-7.345003896529988197e+00
1.777775122312476697e+01
-1.394594459790646113e+00
2.876704687756182466e+01
-1.832132215968960054e+01
9.210499513706906782e+00
-9.742461089825411591e+00
-1.672558336164219028e+01
3.426754897504877562e+01
3.972571765462078019e+00
3.523618027589850499e+01
2.669880153240626441e+00
1.249607043951728969e+01
-1.004476567542445764e+01
3.404094150164536359e+01
-9.292985103194652652e+00
3.404863084687903552e-01
-4.378287019759579834e+01
-5.391230958432402076e+00
4.009627660840061480e+01
3.587215045437500294e+01
1.506674677164093623e+01
-9.276588125931226614e+00
3.097651913634678067e+00
-1.174696281494856009e+01
-7.745578304448784479e+00
5.182972551483776158e+01
2.806148990506073915e+00
-1.469067771672172285e+01
-6.081650461131525276e+01
-2.668149751443112905e+01
-2.154690275133587818e+01
-3.597782594532168332e+01
-3.260331363066717358e+01
-3.883304046627736739e+01
-2.575508614285533326e+01
-1.787623646950805778e+01
-2.773691099624132050e+01
2.633715806245535163e+01
-1.171410999977075562e+01
-4.967972034263141268e+01
2.257540230685847860e+01
-1.711409896458106061e+01
-4.560262343294071741e+01
5.455881967060997795e+01
-1.460324096001090410e+01
9.657714965467476986e+00
2.253082794020644997e+01
5.038560032007950440e+00
1.494351190741130608e+01
1.815250516611087050e+00
1.116155975723618354e-01
-8.335088885305516726e+00
-4.237845225823437545e+01
6.675194825680947019e+00
-7.009330612678797934e+01
3.988366750351823953e+01
-2.393949080385635853e+01
-9.930231760902501037e+00
-1.025482989915650478e+01
8.424700720998716363e+00
-9.633797818840420746e+00
1.520820586172563083e+01
-3.108555760327104167e+01
2.017944415105452549e+01
2.426893829756503251e+01
5.918308332522968840e+00
6.435186998737265185e+00
1.216487858645142239e+01
5.092101984965097472e+00
1.558062212421657478e+01
-4.479877027919059174e+00
-3.953272905101093215e+01
5.398642676614144875e+00
-1.398858125956260778e+01
-3.029984312861699891e+00
3.111325977629127237e+01
-4.529837129056264189e+01
7.866901759143445361e-01
1.179309893323420511e+00
5.162626067193940571e+00
1.767924628561452494e+01
-6.885592692551771421e+00
4.688222889626564438e+01
2.486466911126346702e+01
-8.664868238626844743e+00
-4.281740273323151769e+00
2.113628147174068772e+00
4.345777150396310162e+01
-2.989575040254197802e+01
-5.815796869991976337e+01
1.740234082663971549e+01
-6.875969823011345738e+00
-9.434487973028780061e+00
9.351422148975998994e+00
4.294007921644396220e+01
2.505592337098963185e+01
-9.081678799904523203e+00
-2.971947478301655110e+01
-4.820589189867213520e+00
1.596874548993779008e+01
-8.638759909676025472e+00
-4.220756624638454468e+01
-3.426487213057171743e+00
-5.397162008656553667e+01
-2.871533833580014061e+01
4.650108244276255220e+01
-2.951892137510847647e+01
-3.869715835308772967e+01
-2.923389739161588352e+01
-2.094606640371850403e+01
2.051262654831657528e+01
4.779989696177274539e+01
-3.738159206372131393e+00
1.469268828577951069e+01
-1.204271936474906113e+01
-3.946628304517462027e+01
2.670040280978380309e+01
-2.679492240431494565e+01
1.484931274404962664e+01
1.815026729201049704e+01
-6.015857639588375605e+00
2.148780566027772920e+01
2.342201901642352624e+01
6.455257789396179646e+01
-6.795005164333247194e+00
-2.943914886081290661e+01
-3.581015705383396153e+01
-9.733352030826750934e+00
-1.905827413960346561e+01
5.385166044831998988e+01
-2.498939416156304105e+01
6.563404105769579999e+00
2.803533209746831290e+00
-1.254555208675616029e+01
-4.834774307487265332e+01
-3.571118878826666787e+00
5.617821494771244772e+01
9.868659269580632554e+00
4.273892561418250580e+00
-3.290937421117133965e+01
-3.277651687028401284e+01
-8.002570825216885453e+00
2.622663366181586753e+01
-1.449013490288777462e+01
5.863131656536171477e+01
-2.757858366303122466e+01
1.070486932450241113e+01
-7.847356103490199075e+00
-3.697806587339667317e+01
2.464562761076564357e+00
-2.924726491769251879e+01
-4.214493634909831599e+01
6.302687717218361740e+00
1.096042668144647791e+00
2.980526899526803675e+01
1.346099497837545300e+01
-1.916065181234863601e+01
1.227800863205322912e+01
-4.987791143466598953e+01
-2.731451631089242937e+01
5.090501208061445482e+01
4.710441893809566238e+00
-6.077380477992164742e+00
-1.698524765886281784e+01
-2.485521531090171266e+00
-5.645156461221858990e+00
5.077139898419943620e+01
2.373948212515936973e+01
-6.766768919859657672e+00
-2.031431293054879461e+00
-2.244247056423265718e+01
-8.946358031444617609e+00
-3.594457047892069568e+01
2.817600945735988915e+01
3.993584162513926117e+00
5.906341109112133836e+00
1.020970335243615068e+01
-4.575130996441288289e+00
-1.172718559156777829e+01
3.059773849665837098e+00
-6.172107671010732588e+01
-8.836896723722418301e+00
-5.846793557391123386e+00
-4.414222833539596991e+00
2.750724824136767666e+01
3.707365802466230065e+01
9.878360321796776589e+00
-5.430441452090355625e+01
3.550895806801838717e+01
-1.223391437727073594e+01
-2.135532300596966593e+01
-4.973362903109772049e+01
-1.719432532887176990e+01
3.541214440902830063e+01
1.740345306867698127e+01
5.745997765349102337e+00
1.919835862437051333e+01
-3.329109098866260297e+01
-2.652131298701871742e+01
3.218864631317427438e+01
2.220120509428892319e+01
2.740880583081258237e+01
2.783796283386593018e+00
4.815495669001222723e+00
3.110862487165414336e+01
5.505751441882674158e+01
-1.193507222287901470e+01
2.193653813227376759e+01
-1.472186698927362158e+01
-2.499458075471525831e+01
-1.974582091495206271e+01
-1.985118898848526214e+01
-8.264101856178740491e+00
-2.711945700272863746e+01
-1.118805655311268765e+01
-7.739617613582376521e+01
1.935500379361653245e+01
1.263725366272398887e+01
-2.697652975315442347e+00
-2.212803228685947943e+01
-1.054030854592605237e+01
-3.130293857514539013e+01
5.609172091437898189e+00
4.594432532977634764e+01
-1.260364739992434124e+01
-9.623326702008569100e+00
1.193947492540814892e+01
-2.911576635460398421e+01
4.826067981874582813e+01
8.380823623348376827e+00
7.952216792212141172e+00
2.822278751703981925e+01
-1.402528128033907251e+00
3.191300513488647539e+01
1.077353430800459932e+01
-2.259314602542801254e+00
4.691497562396051535e+00
-3.591148225565206076e+00
3.776335614632381521e+01
4.880075279214111106e+00
1.033964857295956108e+01
-6.615887603824205598e+00
7.996693619454347868e+00
-5.254381695117484696e+01
-2.004351558238329289e+01
-2.778419399418743296e+01
2.702569104953238366e+01
-1.822889017342077977e+01
-3.419587261858043803e+01
3.292391078668873661e+01
-6.941264931312787212e+00
2.308277204938264049e+01
-5.127709307535371863e+01
1.058449801536365698e+01
2.954469316853717942e+00
3.486607601828438874e+00
-6.625851055415722612e+00
-4.120979046391994416e+00
2.887965790090307650e+01
1.040181529052176757e+00
-2.886694677091156791e+01
-1.066796763689858096e+01
1.252406426424388997e+01
-6.544019095031953270e+01
-5.006601860698258122e+01
7.501226734293027221e-01
7.963707685636016720e+00
-2.673177375289563429e+01
-1.082753162104893363e+00
5.982394137175032256e+01
1.591834442868980659e+01
-3.062147269036375974e+01
5.311481156749692900e+00
-5.266730838942947912e+00
7.102372781300609006e+00
-2.021812548038195700e+01
1.249349346732941513e+01
1.495215137738500744e+01
-3.947067492074182837e+00
6.337705503597723578e+01
-4.516357385574636396e+00
-1.792986089130391747e+01
1.350356124208497022e+01
2.438788312906797273e+01
-1.919279690044066911e+01
-1.030214879458615229e+00
5.557987018521133393e+01
-1.600541059790259624e+00
3.332878166571560996e+01
8.295021979040768656e+00
-3.981706693647268480e+00
-1.289769495256518894e+01
2.962860380045917452e+01
-3.169904440278394731e+01
-6.023566252087846351e-01
-1.032334433650754590e+01
-2.253579922077943110e+01
8.501140171878228458e+00
1.507002123234654789e+01
2.448501392103878516e+00
-2.256639728269078660e-01
-2.257172799523547724e+01
9.200117368571781640e+00
-1.885026776182883168e+00
-1.286513253075896301e+01
-1.143992949908294321e+01
9.398787999462371090e+00
-2.108801974132802570e+00
-2.145696982581020507e+01
-6.182513184832927777e+01
5.914161845743066692e+00
1.095284596803465149e+01
-2.748975730437878440e+01
-1.355600288051607549e+01
4.690259050549298081e+01
6.344921870506766481e+00
2.235722389143711553e+01
4.885836869373619606e+00
2.259114027456902818e+01
3.232875397754753521e+00
-2.209834448833667864e+01
-6.138345361943279954e+00
3.089571268621739364e+00
1.783544525901879751e+01
4.279693511490737023e+01
2.792341036927069808e+01
1.697101190344397992e+00
9.660056098842062511e+00
3.437749792098827584e+01
1.498628516464531657e+01
-3.937074845330974426e+01
-1.565067030490189381e+01
6.355881508240571520e+00
4.842825448571119296e+00
1.398638471548557760e+01
-2.940843543383391534e+01
3.996988949708068617e+00
2.452405156650839047e+01
2.714238777297049410e+01
-2.439505190184371486e+01
-1.571587539618235496e-02
-1.250390316143125347e+00
-9.660265586998491472e+00
-1.613137152820408460e+01
-8.775567425923071596e+00
-4.970018227340894157e+00
5.730239852652061927e+00
2.400445685498288384e+01
-1.752799914440151952e+01
4.595292014989075824e+01
1.860199015931613076e+01
1.521675287986883518e+01
2.010776937234319561e+01
1.539667271677264893e+01
2.061421173624824377e+01
3.107230211265812159e+01
-2.585193124349050464e+01
3.535752490031248385e+01
-6.475977843821038960e+01
1.798367484835264918e+01
-6.070170862917910881e+01
4.738320869048112627e+01
4.278919056403032073e+01
-5.337241008682610754e+00
-2.735327200563335737e+01
-2.410120298888492130e+01
-3.124770400230485734e+01
-3.597851659331527685e+01
3.210948924060892296e+01
2.389264807944923064e+01
1.357829486295929655e+01
1.611106992277950667e+01
2.534524310161850735e+01
-2.225200326012594587e+01
-1.006685210354771698e+01
3.133172531649360337e+01
-7.417221496177702988e+00
3.031820330188470791e+01
4.229425494910277905e+01
-3.276503589058163968e+00
-4.158318964167813192e+01
2.824936530864022188e+00
-1.454595007599539969e+00
-5.787662230780767914e+00
5.179577543270852402e-02
-3.704089920782587342e+01
-7.178733769261910425e+00
5.028226493326251045e+00
7.535216031566747574e+00
2.773638089654235728e+01
-2.423583815463123869e+01
3.167894058861918438e+01
-2.266489973298004656e+01
1.455039323062368339e+01
2.294308913510378289e+01
