---------------------
  #    meV     cm^-1
---------------------
  0    5.2      41.7
  1   12.4     100.2
  2   17.1     138.2
  3   18.1     146.0
  4   21.7     174.7
  5   31.0     249.8
  6   33.1     267.0
  7   35.5     286.6
  8   36.9     297.4
  9   37.7     304.1
 10   39.1     315.0
 11   40.2     324.5
 12   41.6     335.8
 13   42.4     342.3
 14   42.8     345.2
 15   50.3     405.5
 16   50.9     410.8
 17   62.7     505.4
 18   66.8     538.8
 19   85.0     685.6
 20  269.3    2171.9
---------------------
Zero-point energy: 0.520 eV
