---------------------
  #    meV     cm^-1
---------------------
  0    6.3      50.8
  1   10.5      84.8
  2   13.3     107.6
  3   20.0     161.4
  4   23.5     189.6
  5   25.5     205.4
  6   31.6     254.9
  7   34.4     277.4
  8   43.4     350.2
  9   48.9     394.5
 10   56.7     457.3
 11   68.7     553.9
 12   74.1     597.9
 13   81.3     655.6
 14   84.9     684.6
 15  135.7    1094.7
 16  150.3    1212.5
 17  170.5    1374.8
 18  255.8    2063.6
 19  393.2    3171.6
 20  444.9    3588.4
---------------------
Zero-point energy: 1.087 eV
