-3.533237108930870818e+01
-2.059045119345270791e+00
-7.275433107634313501e+00
2.452305506723283912e+01
-1.212379228955914812e+01
-9.390746523186919603e+00
-2.452201022801210684e+01
-5.127838019837656702e+01
-2.185429134440565235e+01
-2.304561614728703489e+01
-2.140197598799218781e+01
4.306814104487701300e+00
2.030698226306142828e+00
-1.093116763144465153e+00
1.765712311788803390e+00
2.700983006870905001e+01
-1.041652767730830931e+01
-7.353196368750801071e+00
1.199228399581227222e+01
-6.308535227967396963e+01
3.165820007450864182e+01
-1.356781770806753684e+01
-2.462230202938307855e+00
-5.693149492972992221e+00
-9.903485519967034634e-01
-2.194418491295863305e+00
4.893561448611063724e+01
-1.529895494363833564e+01
-4.096413495565798257e+00
-3.098237003872969808e+01
4.001988208608327113e+01
-4.420112795274548034e+00
-2.180026116524885538e+01
1.142899152369288629e+01
-2.085523461184891403e+00
1.329616686331704045e+01
-5.504847610750687181e-01
2.740808856797229964e+00
1.930090027438156852e+01
-5.570051821324355501e+01
3.102152428674779117e+01
8.269107126890190784e+00
-6.370221254526654775e+00
-1.780032053585325968e+01
7.031177231892371537e+00
-1.111812268588604979e+01
2.541172912033295006e+01
2.026274848927016592e+01
-1.305858323177034208e+01
-1.671051566600954175e+01
-1.764550439526311720e+01
-2.117929347154658259e+01
1.074946563904019570e+01
-2.761919557251468405e+01
8.452677466995055511e+00
3.524200498532655956e+01
4.067347076512412229e+01
1.891469749807390599e+01
8.470343994737405069e+00
1.766499616969645103e+01
5.187185099592522874e+01
8.798819239152635419e+00
-3.041893064520439793e+01
-6.134829655633723178e+00
-1.435929285936205702e+01
3.392364155509109480e+01
-4.013759889147641502e+01
-3.498034708089267042e+01
-1.781831867597112762e+01
-9.950317842624542664e+00
-2.283665228656937529e+01
1.600006265365972524e+01
5.330258234077632551e+00
7.990685749432685725e+00
-2.207302550748445569e+01
-1.934250544803001048e+01
-3.335939768676802686e+01
1.839273136159954447e+01
-1.912521741970268607e+01
1.726096595591977234e+01
-5.492743158636020695e+00
-1.519621346038735510e+01
-2.924102300072628680e+01
-8.699964159131951646e+00
-6.270740216433694059e+00
-7.025367784218730094e+00
2.278313373999562685e+01
4.271050227997898219e+01
-2.510348023497295955e+01
-4.380046930673241690e+01
-1.097964071857435897e+01
6.063902522787498128e+01
-3.306131594285816533e+01
1.828000183109313070e+01
-6.646734676342703096e+00
-3.401380299173878541e+01
1.406111147838699083e+01
1.991667154126074024e+01
-9.858554554267783487e+00
1.870335359918203721e+01
-1.371289121056850036e+01
-3.189243183307829099e+01
5.358303467220758876e+01
2.557027572321038633e+01
1.443597268414458767e+01
8.027934950062530106e+00
1.524950064866008859e+01
4.608396945286929736e+01
-1.502739735513844010e+01
3.388906680023154649e+00
-7.722587812527382312e+01
8.984251988278856516e+00
-3.782824678959865139e+01
7.908787463858402589e+00
1.245021476240998481e+01
-2.037430449731948556e+01
-2.891009654935339768e+01
1.267467920772446632e+00
-1.720634604797695033e+01
2.183484541040030535e+01
-2.833892204231641188e+01
-3.174327250738542716e+00
-2.054679342924168139e+01
-1.997764761412554435e+00
1.126833002925479832e+00
1.270229754138284761e+01
4.543644851387398376e-01
-2.935824175378513701e+00
3.633402587310715148e+01
5.146328338599562358e+01
2.780150778700694758e+01
4.016001357362702606e+01
-6.598597038275741511e+00
5.683383307239665783e+00
3.000760291004411329e+01
-5.190817410068291338e-01
-4.296345511434094533e+01
-2.302084683813752974e+01
-2.863440296476024116e+01
-1.566079853990532911e+01
1.618591017368291318e+01
-6.719692103457464327e+01
-9.466109172488557988e+00
2.507854165827772874e+01
-2.119450503561068899e+01
-1.767643064347856807e+01
3.371227596728863318e+01
2.520218009552058902e+01
-1.870600699589068938e+01
1.575067618710033912e+01
-1.435526384157117263e+01
1.933599230571704197e+01
1.911871684493661405e+00
7.476028329064646982e+00
-4.822998827464905247e+01
-2.676498965249561479e+01
-4.868874035656403976e+00
-9.251339777295228828e-01
-2.309630662498835818e+01
6.155741641508075190e+01
-9.865304272490561743e+00
-1.822668969342971934e+01
2.017472921713317646e+01
-2.600444859829319455e+01
-2.071420265269104277e+01
1.848767601360657409e+01
7.245439112071274224e+00
8.635650119992135387e+00
8.905241274771412918e+00
-6.265890572974939232e+00
8.997690942623989940e+00
3.299682517784052038e+01
-1.498915532224356184e+01
1.088133556912598010e+01
5.146782114924840812e+01
1.851966874022119214e+01
-4.266576722241723019e+00
-1.159113823482366001e+01
8.811085887696938812e+01
-1.210560541001257207e+01
2.121781022424727325e+01
1.466570825217067409e+01
1.667849110115703581e+01
5.007959324502985510e+01
2.713486024051923096e+01
-1.543279012905182768e+00
1.372891516706624770e+01
2.781686466103991506e+01
2.039153678609946496e+01
-3.294598832727479021e+01
5.335090247404224328e+01
-4.747374441247850996e+01
-6.976029039037264567e+00
3.118009583536017715e+01
8.463890677130230245e+00
4.279514878488953400e+00
1.602463209885195283e+01
1.264270750228453721e+01
1.946915057036451913e+01
-3.543535261262155700e+01
2.270547434507363960e+00
-1.503133559028981381e+01
-3.810516388679218380e+00
-2.522095803781780887e+00
-6.093464535952804795e+00
-3.259424472352691282e+00
4.737044269320409740e+01
-4.771429951493530552e+00
-1.471591769397295479e+01
-1.431333701423184834e+00
7.368117265705819818e+00
-3.376629723100182900e+01
-2.894742108097352684e+01
-2.051494821596089935e+01
-3.500760751682838645e+01
-9.087533600363141062e+00
-2.362976224588246765e+01
1.031743433672392030e+01
7.225618585174800046e-01
-7.070901193312096211e+00
-4.672392899053491533e+00
3.246983716488642813e+00
-8.305595194456657282e+00
3.849797724031495250e+01
-4.892020892017629308e+01
-8.574364189778894030e+00
-7.648302958228264004e+00
9.007695528822807773e+00
1.274376500808641310e+01
-2.661266487202158260e+01
-8.624243729630791222e+00
2.428260151776791531e+01
-1.135056541909772676e+01
8.976363969871556492e+00
1.926380776893586244e+01
-1.659915495123357232e+00
6.306440121198033921e+01
-7.926770844677889727e+00
-1.790293031697814286e+01
1.804135366843780730e+00
-1.389442642464283040e+01
3.087734782442373671e+01
-2.395991738051866093e+01
6.872115233794943379e+00
3.205125830029882650e+01
-7.137363954965621815e+00
6.682402371965497423e+01
7.233377265199669637e+01
-3.750563939440405647e+01
3.330379247214852967e+01
1.228433751743725111e+01
-3.144674143702184210e+01
9.395775454190598452e+00
2.372115387015459476e+01
2.426211409519601148e+01
1.309291483660146582e+00
9.583127737751965469e+00
4.200238535129238926e+01
-1.326877593378232234e+01
8.033141794401050362e+00
4.050987621428362218e+01
-2.086745272054632494e+01
-1.123719372885778967e+01
3.160472720961876547e+01
1.620127396459113100e+01
4.274907224548906015e+01
1.701275216817751357e+01
6.133013410350770300e+00
1.504210355901378193e+01
2.284052319942850318e+01
-3.020901363675100981e+01
3.858100371799025652e+00
1.395681451572314380e+01
6.561001917677799611e+00
1.335550180596165148e+01
-3.453864382764795238e+01
1.807185551659119938e+01
-2.411785280241855389e+01
-1.877771768608896963e+01
1.203751273377723408e+01
-6.559299263106268540e+00
3.266827395311094051e+01
-9.438605677478790312e+00
1.697928833105552826e+01
1.828175023041336544e+01
4.384330369210778144e+01
3.074354039418990681e+01
2.750236969374522289e+01
-1.875402234616558417e+00
-4.747561659960439329e+00
-1.800279471778418383e+01
4.505245494385724214e+01
4.482262949746402114e+01
2.202603528576911884e+01
-1.419699197211031105e+01
2.807690115667935515e+01
-2.872417801566655271e+00
1.005992428599570587e+01
3.726544544223662569e+01
-6.758570809310384675e-01
-4.467867612622399065e+00
-1.139415912652043517e+01
-3.298377477109386291e+01
5.390467449761416674e+01
2.852826793476589273e+01
-3.370833202192864064e+01
-9.316385564073456749e+00
1.484292470051767765e+01
-5.619299166826650094e+00
3.579870730781675547e+01
7.103326954951398875e+00
4.511560628740829770e+01
1.955467922301819073e+01
-1.286045190431173069e+01
1.132647433270579995e+01
-3.536024126510397991e+00
-1.550575743746946955e+01
8.904480673445618777e+00
8.502581147149726348e+00
5.296544899303692944e+01
4.451293696702776970e+01
3.131133424990184722e+01
3.767211102389717325e+01
4.885535025448092483e+00
-1.465144611562794807e+01
8.092318343761291999e+00
-1.885828467884502402e+01
-3.029829562224692552e+01
-3.143804111103850119e+01
-1.763317792723290722e+01
-6.143679122295833395e+01
-1.973099243384251622e+01
-4.895065811121418164e+01
1.325072055032595841e+01
-2.615673939680252502e+01
2.631819799788709702e+01
-5.592459613640868810e+01
-1.686197482703674666e+01
2.421428409082693634e+01
1.186082590073418430e+01
-5.020991372914911466e+01
3.199282630422197826e+01
-1.461434871780241451e+01
3.041581503255879682e+01
-1.312726623018699001e+01
-4.430900428975820660e+01
8.110475239561765193e+00
-3.679564766619591865e+01
-4.198841337335153412e+00
-1.671527951091754893e+00
2.310401405462249613e+01
7.126187992703813734e+01
-2.440518759429434681e+01
-1.979150062833687684e+01
-2.377070755943208269e+00
-6.416878064271202220e+00
-4.566467404432872002e+01
-3.149274857588437726e+01
2.705465486909804440e+01
-1.200491446743444612e+01
1.146087272508668775e+01
-2.775677495316256227e+01
-9.293173788701324156e+00
-2.345250912955069111e+01
2.916151451701323083e+01
5.413274934318110354e+00
-1.262198733419779728e+01
-9.606049290148064301e+00
6.717795579743892631e+00
-4.610005336280465826e+00
2.433649139290298535e+01
-1.456748445842811179e+01
5.626037105475688804e+00
2.004236618215584542e+01
7.763102286156879472e+00
-1.201755632472048774e+01
8.697903724690837635e+01
3.322999680737459016e+01
2.436559919346812819e+00
5.779887570046014389e+00
-3.538331201079893162e+01
1.901703510691922361e+01
-4.323716112213750762e+01
-1.646931102233668298e+01
-3.114182177112235195e+01
-1.118811252851503468e+01
3.214211377115805135e+01
-3.206729302392334091e+01
1.353622518772290562e+01
-2.164059160673332372e+00
1.185009608611778731e+00
-2.025087907308983404e+01
-2.508948143852506973e+01
-3.160382127539605790e+00
-2.022022926145891120e+01
-1.120909418067256524e+01
-2.335129035793458740e+01
-5.235717222364115742e+00
-1.962874077202565104e+01
-2.838806326617854836e+01
1.180308196230097195e+01
-8.107555827896732126e+00
1.386134499794607677e+01
4.806852671094695495e+00
-4.307265694209749540e+01
-2.969627886126690441e+01
-2.583727984948728817e+01
1.832347559375250512e+01
-1.417032008644653729e+00
-3.506416978596703871e+01
3.332163530138989671e+01
-2.215191117665806786e+01
3.232620221120109250e+01
-1.789079497123417894e+01
-2.733353657844313034e+01
1.341398962807954831e+01
-3.846397307809144905e+01
-1.945594177191588869e+01
3.504244342604869189e+01
1.066388378474005094e+01
-2.484118794652033557e+01
3.068774428677026123e+01
-1.025147807050899473e+01
-2.150465462725207999e+01
-1.719356023140906586e+01
-2.835209131524510440e+01
1.567598086284672121e+01
-5.088070014768567262e+01
-4.480638520534424174e+01
-5.755447752910356485e+00
-1.705433381969444895e+01
-3.344459127931871478e+01
4.160668040342858376e+01
7.596522808761493195e+01
-1.554056055092412691e+01
-2.057826245271598964e+00
-3.428468594170939099e+01
3.714364016281143677e+01
1.152944397261921949e+01
-1.351501841729640319e+01
-2.063858121752156194e+01
8.367466275828569167e+00
-3.286705325088537677e+01
-9.972540504861996169e+00
-4.921478588833380741e+01
2.060498435058201494e+01
6.246310232962997588e+00
-1.003848487976540582e+00
-5.872978949548553373e+00
-2.263241418156678719e+01
-6.224016801482292749e+00
7.427660607072988341e+01
-1.040750869704118031e+01
-2.719850849956560523e+01
-3.957482546411111457e+01
7.893350266990864839e+00
-2.124663119678770329e+01
6.148541214715152137e+00
1.717669181191733685e+01
4.319959544166550813e+00
1.772061930521072881e+01
8.553548395133219628e+00
3.318276602775921447e+01
1.493467188452775929e+01
-1.982754183993049679e+01
2.720202849513148635e+01
1.976952360691279864e+01
7.003753375167704576e+00
2.397916123296556634e+01
-1.609163371023922906e+01
4.176284093514431106e+01
1.335937613490104425e+01
-1.797656717385158487e+01
-3.309331686463792721e+00
-1.021965100019571082e+01
1.158385551120164791e+01
-1.323226437071181749e+01
-4.482200677924538468e+00
-7.240538900641240616e+00
4.590424929642409779e+01
3.130466325376261238e+01
-3.678314403882927763e+01
-4.580250761922272318e+00
-2.990260695386888301e+01
-8.246385593611421427e+00
-1.334857505877695871e+01
4.857853281682992019e+00
-5.923376953512970999e-01
-1.625939887433288789e+01
9.633919144646540644e+00
-4.661697490197482807e+00
-5.287670994914968503e+00
4.884920867795037225e+01
8.187953763952734221e+00
-4.678145473771998297e+01
-2.248877001512875040e+01
5.429477915651716557e+01
1.542473814173791880e+01
-5.390397630192978795e+00
6.051619844720737262e+01
-9.143443570593888126e+00
-5.188309284973144031e+00
-4.591991567980414857e+00
8.751525143450606947e+00
1.766628429031487002e+01
2.473849353559131714e+00
1.640104647568034579e+01
-7.258334767374051921e+00
-1.992248983654563688e+01
-2.358651801400930026e+01
-2.714825769050429471e+01
2.334371738090865733e+01
7.354885320469904286e+00
2.158564206547452358e+01
7.888958783237455918e+00
5.057503324146469481e+01
1.058553570972069480e+01
-4.567068929718880099e+01
-1.941812390717803538e+01
3.465441748227576113e+00
-1.648205429261696509e+01
3.577961277850565125e+01
-7.857994083435301036e+00
9.534801300439923466e+00
2.987261353412338849e+01
-4.230757592444217607e+01
8.471363984960430571e+01
1.174386124323774538e+01
1.352229165404395417e+01
2.048484007355406789e+01
4.182396877612461594e+00
-2.653014942910658647e-01
1.984348213881810352e+01
-2.095448256922156816e+01
4.701671257746689037e+01
4.156833292982628336e+01
-2.357664644483013205e+01
9.074239590293757374e+00
3.963021163523939094e+01
-1.166292879122642034e+01
9.911225890573348352e+00
2.134238897224664555e+01
2.297733416831803765e+01
-4.321859418619550297e+01
-5.814022399882674108e+00
-1.734404560223185854e+01
-1.724092971436647304e+00
-4.464903919505047725e+00
9.825542699829838966e-01
-7.076995405883451440e+00
-1.796094605664643495e+01
7.476523719441772187e+00
3.899165518780108641e+00
3.003482996442937392e+01
-2.479330876688908347e+01
2.469208058875494771e+01
2.674244579223065443e+01
-7.045380508489500926e+00
4.611458602157927089e+01
-3.855043661275828981e+01
-5.838909450855089744e+01
-4.898216734296411801e+00
-4.501781252379316811e+00
-6.853030853038717396e-01
4.526273324391085850e+01
-2.743796337861837742e+00
2.424858088758756480e+01
3.041216931212231600e+01
2.117456276396109160e+01
-6.505997115259958719e+00
3.376529229344509986e+01
-9.018679639136720994e+00
-2.006202611475401909e+01
-2.314258780932379977e+01
6.108321259073768772e+00
2.000041211422774268e+01
-7.681809464860833714e-01
1.971035125605777694e+01
2.814804011307501241e-01
3.430992925376459368e+01
9.799950501160068939e+00
5.113523425646818055e+00
-2.113180409911706192e+00
1.821838170405004576e+01
2.128528295064194253e+01
9.730661202869868021e+00
-1.022555217345939127e+00
-3.111315055315021283e+01
1.648508421157252002e+01
1.077345301768644958e+01
2.007373532012073980e+01
1.595128893204787346e+01
2.046774514151846347e+01
-4.923985788427927446e+00
1.760980562867746357e+01
-1.520300492559181293e+01
-3.799793814113741064e-01
-3.065218482881246587e+01
-1.741830699991544407e+01
2.275126507611015114e+01
-5.094323733572167612e+01
1.500469818173749559e+01
8.948487986967791130e+00
4.696390990764061257e+01
-1.071120000708424413e+01
1.882444451624232329e+01
-5.665439094518887941e+00
-2.740870107293130431e+01
-3.844200128742141942e+01
-6.626204942964847078e+00
-4.999130551831516556e+01
6.643284321535247727e+00
-1.121268539544394116e+01
1.745830894019405832e+01
1.332065663347799500e+01
-1.612657899869000744e+01
-1.649932403898850453e+01
2.316235044121934905e+01
-3.475292380917178292e+01
-6.896627932269950634e+00
-1.068943007197754724e+01
1.544020938183328795e+01
5.212692389880828614e-01
1.548241184493662104e+00
-1.066240252872086103e+01
3.098131065993524658e+01
-3.133682400243344546e+01
3.838484304697999505e+00
3.401554986996245589e+01
-2.077603628247973688e+01
1.734591021378776077e+00
-1.607735421234792739e-01
-3.679952996126552733e+01
-2.262368535108987544e+01
-2.808884795998736195e+00
1.596720874366312160e+01
1.868481745922397863e+01
3.442353280037508512e+00
-5.471089840106287738e+00
1.008223607524450927e+01
-2.404665956276599559e+01
-1.107080094694424588e+00
-2.931054655848092239e+01
-1.578388544757731893e+01
2.746853590360476005e+01
-1.613285144635176493e+01
3.834553927995708023e+01
-1.356667538774024706e+01
1.851386568910110952e+01
1.427856519267763247e+01
-3.581863337224299926e+01
-1.420873352115482646e+01
4.963466971429653540e+00
-2.361040196071905939e+01
-2.130301478874756071e+01
-4.939975293796283040e+01
-3.055555084399608745e+01
-2.885325738583622979e+01
-2.483580162245044676e+01
4.702118704591811138e-01
1.032033455404049960e+01
3.854281585117178111e+00
1.378535498645040036e+01
-3.208844534490366129e+01
8.591517678164223071e+00
1.520605456757526497e+01
-3.806166223701512052e+01
-3.511893626070613550e+01
-2.384120780899655756e+01
-1.536428990862274446e+01
9.183537126300848286e+00
-7.598976626773037424e-01
-2.380816591758715361e+01
1.692479938034449560e+01
-1.347834543228478310e+01
2.838105145795654494e+01
-5.027528555056008486e+01
3.574930777629475642e+01
-5.112882199252560156e+00
-2.262929207099475803e+01
-1.417914091257249254e+01
1.057316585252081609e+00
2.528890774595240387e+01
-4.161291414308997361e+01
-6.698617092649357119e+00
-1.141064567394988671e+01
2.525340454172592786e+01
4.718442169124225671e+01
-5.611588808208966839e+01
5.250904566056209433e+01
2.348416751265079938e+01
-4.216058798673177677e+01
-1.803579235144388804e+01
4.472596925562199743e+01
3.355353861744578126e+01
-1.172152983287867301e+01
-3.312486832242342416e+00
8.082568917064399727e+00
4.214557789256846831e+01
-3.203750650545487133e+01
7.157223854311823175e+00
-4.713854040512011068e+00
1.540980001860691573e+01
-4.095994927717440959e+01
-1.877424967059560856e+00
-1.715879852032252018e+01
2.696599396469709120e+01
2.375322728250441173e+01
-4.928060158416087688e+01
-2.695957581883426712e+01
-1.218641361286643132e+01
-2.403659183415012279e+01
-6.591124280367580468e+00
-1.147347992037526865e+01
2.539285836949110831e+01
2.372475949959022046e+01
-1.200352393051446143e+00
-2.591648999467251002e+01
-4.801838917346987046e+01
2.685775015874656901e+01
-2.771526439156998833e+01
-2.052131925690164849e+01
3.351053212184261554e+00
-2.027313398398601407e+01
-2.207344238621035970e+01
-1.615189081165334528e+01
-2.700693519692291034e+01
-1.463426888451553154e+01
-2.931293956041881188e+01
3.156902907655894097e+01
3.464035804366990590e+01
-3.743926124555287061e+00
-1.237489560544850065e+01
-2.177914636486093514e-01
2.562993752474187659e+01
-4.849259427150222734e+01
-1.121787249323134006e+01
2.780028669877253833e+01
3.999976359948550453e+01
-9.448232020180086010e+00
5.573224013600395210e+00
3.094256307073692369e+01
9.352119662177443615e+00
-5.897663411501525843e-01
-2.508093243076200451e+01
1.136549165247731707e+01
-1.955913197101835976e+01
-5.901778911416499795e+00
-1.099313913427096168e+01
-9.286098234232213144e+00
1.281679119009106671e+01
4.464574572478345260e+01
-1.355729118044834536e+00
1.946281387963367138e+00
-5.137127077618278292e+01
-1.065088312912814672e+01
-2.031574832824765053e+01
-9.476450996172047780e-02
-2.652474387357301566e+01
4.817585917646576377e+01
4.583319087195826569e+01
7.939517035641642906e+00
-1.113910289582221935e+01
9.404539339181241075e+00
1.164382551418417222e+01
-2.692934899548902195e+01
-4.752758977215535197e+00
1.066462768412873174e+01
7.519514687097895944e+00
3.109169078940274744e+01
2.283201944397828242e+01
-1.193858759463043384e+01
1.467318930324279336e+01
-5.594924535872544880e+01
-6.941852974738225157e-01
4.927028472167748419e+01
6.757018051066268072e+00
-1.165365333355680377e+00
1.722369404847421492e+01
-1.618264761053747947e+01
5.075817620491589821e+01
-9.383088297637129926e+00
4.542267124753411167e+01
2.212819538361190297e+01
-2.286394309713500661e+01
1.827367373273075657e+01
-1.729367697358571832e+01
-4.082144639247621853e+01
-3.643058187050769448e+00
-3.146864568174356691e+01
-2.967787526670815623e+01
-2.795237496466796756e+00
2.039431850430833038e+01
-5.503920886550488945e+00
-1.769980350070704844e+01
5.052161574165438651e+00
-3.912010216682665487e+01
-3.966959470117153330e+00
-4.692139639135587004e+01
2.761134163283489329e+01
-6.865459712146133597e-01
-2.820188396177037760e+01
-9.353644203146856739e+00
1.046478932974201825e+01
-1.999100769183688442e+01
-2.580351309710439978e+01
5.327378527051772039e+01
-1.369845191534369633e+01
-2.278230859848304135e+01
1.544859189864806837e+01
-9.986001049816877639e+00
3.094000442080467295e+01
-2.532720622901706520e+00
3.963403309601034152e+00
6.114321491055829938e+01
-7.036769538543779845e+00
-2.073578798445629445e+01
-2.431947829783393900e+01
-2.881453392843110350e+01
-1.937510776019900050e+01
1.534826421727279921e+01
1.535108428791153301e+01
1.262503702084946156e+01
4.162529956634199380e+01
1.890443178894685161e+00
1.182191855680586912e+01
-3.597124813882930994e+01
1.506412430743552022e+00
-1.053151035078926157e+01
-1.508885985907755867e+01
-1.943772705281332946e+00
1.907044071640979155e+01
2.163577573306162094e+01
-3.831740874329554458e-01
6.928964231958445907e+00
1.561809610349810917e+01
1.977362668817653457e+01
-1.387506876443285364e+01
-7.157043830777809035e+00
3.969819502647737863e-01
-1.309539060549366241e+01
-2.848830336896611470e+00
-2.030586149601879242e+01
4.495852177532248106e+01
3.643829491412503785e+01
-9.235395804907852835e+00
9.039961062127446212e+00
-2.625304247939936886e+00
-1.696899929514934513e+01
2.020578281123422215e+01
-5.421435555767345704e+00
2.265098302805978392e+01
-2.967756599001591056e+01
1.019597130627343518e+01
-5.627275222529476650e+00
-3.057462423511123006e+01
-1.386108159849072763e+01
1.516158330955945388e+01
-5.177626850792862001e+01
2.437304064157359562e+01
2.644934120360991869e+01
-5.658732516089370890e+00
-3.416010589466267788e+00
-1.812229262647150563e+00
1.418210604016132947e+01
-1.856813306174353784e+01
2.045220479478268061e+01
1.729541492526132629e+01
-5.579273580874144045e+01
-2.010874523807029846e+01
1.348384929467789206e+01
-4.835267438293669784e+00
2.461994227725629969e+01
-3.612965953974651256e+01
-3.060826824569744531e+00
-2.377238464962866260e+01
-7.297290242658611703e+01
4.366177170073260072e+01
-3.311064622862664919e+01
-3.474380795665817345e+01
5.045672194803358934e+00
7.355816249638789373e+01
6.898993553770935705e-01
-1.593304162834203908e+01
-1.768607438070432636e+00
-3.110730752089963858e+00
-4.865133907594390905e+01
-3.472691735586074202e+01
4.650182972530711822e+01
-5.812729402855410399e+00
-2.140658876877330385e+01
2.802367701335026595e+01
-2.035843994029263371e+01
2.091898702313585545e+01
3.021876802036484122e+01
-3.241416536816868188e+01
-1.591395504805171868e+01
-1.971146718078890103e+01
-1.016836784739103905e+01
-9.995026525563112330e+00
-5.912078474695647401e+00
8.154255902806312406e+00
-1.938035769811983755e+01
1.609416602100732518e+01
3.287726526415016082e+01
-5.135655347038742491e+00
-1.155421670336744455e+01
8.276420804835936451e+00
3.178921409849613156e+01
2.961533652860727273e+01
5.530376760344694276e+00
-3.154047297042268383e+00
-4.932254014125447839e+00
-2.881715080755073188e+01
2.181971657189640723e+01
-1.267487094866341124e+01
1.127863416238903937e+01
-7.956480942681764645e+00
1.534316952347447227e+01
1.037757608935763187e+01
-4.568388330021051047e+01
-1.513406579842546762e+01
-4.461083189267957039e+01
-2.026344721222864109e+01
3.009575660446508039e+00
-9.772703943539625016e+00
1.854455371195018643e+01
-1.702606184288171676e+01
2.093871921831180316e+00
6.074483680796220142e+00
4.017507012795584842e+01
2.034293683605241654e+01
-1.713702240865175241e+01
-6.893290027690710531e-01
6.885092093154014492e+00
2.176814905710110537e+01
1.935789783457551039e-01
3.098057364948931536e+01
1.277370814531099441e+01
5.139886117005966071e+01
1.097801639215120417e+00
3.715329002233406186e+01
-1.534318911124665874e+01
-2.140526978719130824e+01
2.509054759704497428e+00
5.282096017634046348e+00
1.520758584951352077e+01
-8.023665607140287648e+00
-7.754965626463786066e+00
1.471696604276476350e+01
-2.747016551534534301e+01
-3.128295242829733525e+01
4.495112655138339619e+01
-3.395160449455602247e+00
-2.216342849194558795e+01
-2.289653694049945898e+00
-7.653916575621394713e+00
2.409808302342199227e+01
1.879170979948762010e+01
-1.145650695245478801e+01
4.722101331465182739e-01
-1.500336586120337756e+01
-2.000150153737547498e+01
-1.516745051507967901e+01
-5.483362193395747397e+01
1.951890943463752137e-02
-3.651586442997565030e+01
-3.160493754344352624e+01
-2.115078005929467508e+01
1.088621522876519521e+01
-2.070876337368119380e+01
1.310033178407743293e+01
-3.472969146681542441e+01
5.820747117089695166e-01
-2.350216036630117244e+01
4.861602544361318223e+00
6.365056157648773194e+00
1.889912592082600895e+01
-1.190453017646365197e+01
-9.040300759503224981e+00
1.675371629419161934e+01
3.360062633463725490e+01
1.861411723256316009e+01
4.755077491379552157e+00
-4.069268659023778412e+01
-9.634538160669109175e+00
-1.791509414793807764e+01
-3.427971533327183806e+01
2.294739428454766994e+01
-2.057609339293060202e+01
-1.888473611396364049e+00
-1.587744916705676701e+01
-5.654843692808103128e+01
2.933442962838438461e+01
-9.956763816136970036e+00
2.297932837128831807e+01
-4.050244773301237444e+01
3.820671997931802366e+01
2.084577144390124204e+00
-1.631335617069560229e+01
4.902529578172590163e+00
-1.184029217782682508e+01
-3.715883971375237138e+01
8.209291278926897917e+00
2.018609942467074347e+01
9.908716574253730869e-01
-2.053717138276215337e+01
-9.260935847808468679e+00
9.937981357834360097e+00
1.812993333300386212e+01
3.573775122826268102e+01
1.342961134658406763e+01
-1.318311876933685767e+01
5.412599729028440265e+01
1.361363207267527997e+01
2.407631936936449790e+01
-1.035676704487468669e+01
1.586177132247429711e+01
1.111231446398171840e+01
-3.514877221250748107e+01
-1.171602610357717822e+01
-2.317911508886790628e+01
-2.092761130687063087e+01
-6.840289720741907331e+00
-7.847373056748494946e+00
-2.391027023804196006e+01
-6.283344121443954577e+01
-1.636638972417507176e+01
7.096316228056650743e+00
5.138737418277742108e+00
7.877741279431333510e+00
2.631509353630409009e+01
7.949036429988531438e+00
1.842426928186864643e+01
-2.360254873279203025e+01
2.591972912599459278e+01
-2.575892128032944584e+01
-4.079472093757379980e+01
1.243054974218449615e+01
-2.447344371531835350e+01
-2.226182581751105261e+01
-8.991532655769827898e+01
-6.539164566358302011e+00
4.626448083381740162e+01
2.403837593750859725e+01
-5.812422657220679412e+00
-7.804083540232511496e+00
2.141379243236482921e+01
3.769943154484317915e+01
-2.358584770285493448e+01
-6.115480618058484197e+00
-1.929480729338527567e+01
-1.992836598301045115e+01
-1.742334079544924919e+01
7.171601749635460266e+00
4.015079657816460212e+01
-3.695641524523583143e+01
-3.178945020815615408e+01
1.864953879284286131e+00
-6.056888653501772524e+00
-7.566328026984820099e+00
-5.117928568557556446e+01
3.565044393227501018e+01
1.359500302405268712e+01
5.322877842075016019e+00
2.749446883091810889e+01
-1.859877399051809377e+01
1.756738057072496417e+01
1.576800639959822092e+01
2.039882430228459498e+00
-3.445474990779111124e+00
5.003894929362820321e+00
-8.947725236432649609e+00
2.878874814890406242e+01
-2.274306175366041316e+01
2.444892960726681963e+01
5.451565440329886769e+00
8.177792639461188173e+00
1.290824773109920898e+01
-4.929218202037057495e+01
4.780728572538095023e+00
-3.797035315941414524e+01
-2.778056328658629326e+01
-2.778174832785302328e+01
-2.832680528801145670e+01
3.056430993491403569e-01
9.501549000001290324e+00
2.826472406444079866e+01
4.908788064680660312e+00
8.141422433738416231e+00
-3.983551874910909874e+01
-1.448157331641328938e+01
1.928277485239624411e+01
-1.144702282256481851e+00
-3.769375236970518017e-02
-5.020823467620175506e+00
1.989252185371528014e+01
-5.176727132211723870e+01
6.411326330461601941e+00
1.153009134827476601e+01
2.451467314300639799e+01
2.097441659930971980e+01
-3.210364473508892047e+01
6.378299254533203566e+00
3.302696051941211408e+00
2.663646829935544247e+00
3.369074783723220889e+00
-1.067341255998258021e+01
-2.003060022580446287e+01
1.071919870920996232e+01
3.412071251650036174e+01
-2.821574245210968002e+00
6.549779884562241250e+00
9.619748863554008267e+00
-1.455778678327375530e+01
-1.542514265297666043e+01
-6.767355670606572460e+01
-2.090613562537910752e+01
-3.093143751085415261e+01
-3.796025539136849147e+00
-3.825537273933451843e+01
4.258066637655088016e+01
-1.776235225820630603e+01
-3.040781927799685036e+01
-8.773392988836121731e+01
3.766410516472802783e+01
7.558361807728175563e+00
3.462457151342348993e+00
-3.551192247130080659e+01
4.971275240198224310e+00
-1.127408214258552732e+01
-1.856554254673128668e+01
6.637490428192345249e+00
1.912274706821554560e+01
4.131550910256663656e+00
-1.202006514880793020e+01
-1.331381605228330045e-01
1.541167049552058188e+00
8.929904989291230777e+00
-3.599934799071231595e+01
4.089319887326301739e+01
-2.430417140649185370e+01
-1.694439987713413842e+01
-2.773040449277198150e+01
-5.892974944180621577e+01
5.095898690276712273e+00
-2.970152334775684722e+01
-1.079725261199877195e+01
1.849735169400355517e+01
-1.465088311323643211e+01
-1.983158984534838964e+00
-6.649037519072578561e+00
-1.138625819935191430e+01
1.808264995673063424e+00
3.071990894651820270e+01
-2.849789482716593625e+01
5.636481793302360188e+01
-1.281979954578173420e+01
1.894698926822452734e+01
-7.798845165294856940e+00
6.463975676571575235e+00
-6.200437161403243636e+00
2.486847999865710790e+01
3.474458682135644239e+01
1.084448838165380380e+01
2.608319954078014291e+01
-2.015785929548928834e+01
-3.748740561291135975e+00
-1.264575968210772317e+01
3.886661242374066205e+01
3.262666098350467792e+01
2.465845128242597184e+01
-8.660763035683771704e+00
-1.575394717378728160e+01
1.410481985242731895e+01
-1.591826798172660062e+01
-7.048215114306117357e+00
-3.277475521725648377e+00
-1.671644428996748388e+01
2.814904016749881066e+01
-4.679867471438264204e+00
2.150193593272184245e+01
1.108541618046534794e+01
9.784192274745009854e+00
-1.875049705084541074e+01
1.502556327580882112e+01
-1.036782345523093340e+01
-6.649526010296170853e+00
-1.756577670971608995e+00
-2.725467595822578915e+01
4.226046601839209416e+01
-1.509096624689196275e+01
-1.803417230347122313e+00
1.258896556279951540e+01
1.088065630101942816e+01
4.198152015269269555e+01
-9.734459323292185218e+00
4.267693798553212048e+01
3.826731134692835212e+01
-5.303090957666626082e+01
2.898327673883557054e+00
-1.053368131081910519e+01
8.861513398042291101e+00
3.358017652946372777e+00
1.125433291135840363e+01
3.530450664407723593e+01
5.527475113750644198e+01
-4.253017844340391207e+01
4.283896733542439961e+01
-5.542637001129691043e+01
-4.598995688988753727e+01
-8.162197413070984453e+00
2.761523372947749522e-02
4.122762654608371236e+01
2.026626043568433033e+01
-6.857910776134758635e+00
-5.048028406535772206e+01
3.994309689050452761e+01
-2.362367575907524042e+01
9.814652986256646727e-01
-4.029303601109312183e+00
7.128333874030587936e+01
-1.433945828367987474e+01
-6.043971408275052681e+01
1.771912986434631421e+01
-9.210179341580803225e+01
6.514044870986992919e+00
-2.066782581877527036e+01
-1.041306124180358239e+01
-1.537661027152492466e+01
-3.312201174614594379e+01
2.168625558972577494e+01
-2.151751445325963630e+01
-6.637879676585725974e+00
-4.464957213162927019e+01
-2.479636083896338050e+00
-2.959065407591610608e+01
-4.227219139564965644e+01
-6.430886043403688745e+01
5.186604001437018496e+00
-2.015548829117751950e+01
3.537249398002416001e+00
-7.981926490169882982e+00
-4.599922877562124768e+01
-3.678412649000689782e+01
-3.086654268022653014e+01
-3.209946515734128525e+01
3.016238245967184639e+01
2.903591959976353110e+00
-2.822194159771018462e+01
-1.231382248891111431e+01
-1.391784280622496794e+01
2.277959702508292850e+01
-1.760697797810729881e+01
-4.346489677581288902e+00
-1.589106672496839678e+01
-2.025688531243520174e+01
-2.290527538013131448e+01
2.093429714751886195e+01
-8.808486610309245179e+00
-5.242049983124331902e+01
4.367439232709784847e+01
2.495702348348549293e+01
1.524115732017889968e+00
-4.423505616081064318e+01
-4.240358355998847628e+01
3.874702588100262801e+00
4.000107796484826395e-01
-1.788987679109288820e+01
-2.593014672722819824e+01
1.778218029874130934e+01
-3.132906372082231883e+00
1.489545526454224955e+01
2.777079421577599305e+01
1.800548912006053115e+01
1.807740006711956937e+01
1.353056789249783520e+01
-1.182513953989911215e+01
-8.443677141848965562e+00
-1.230135692928224955e+01
-2.081810255941002197e+01
-2.425121554689098957e+01
-3.608402615341424280e+01
-2.110921797498841812e+01
-5.807424702497058888e+00
-4.356709786292083209e+01
-8.094297298822937137e+00
2.066299701263440269e+01
-4.471963944451522366e+01
1.689850219621143879e+01
1.521965570711608962e+01
-4.079002997335084046e+01
-3.215089811027871747e+01
-9.742231884326798763e+00
9.959783892037023634e+00
-2.235973390706101327e+01
4.101701168970123490e+01
3.640690116511794372e+01
-4.383753629950859931e+01
2.538936970068510846e+01
1.974803043132689595e+01
4.964496673870172572e+00
1.231921396753955378e+01
-2.427750059102274349e+01
-7.414975253714587211e+00
4.684810957196361869e+00
1.091339897678031434e+01
2.401107804675806534e+01
-2.909327984095178721e+01
-3.389033740066565770e+00
8.516509061780240586e+00
3.062552671940125038e+00
-1.689366730232912062e+01
1.237994000708641096e+01
-1.451283384571691215e+01
-1.162747060187091108e+01
6.715562549329092690e-01
-3.455976983657467372e+01
1.695746267069516477e+00
-9.576674779874565502e+00
-7.860379173739715952e+00
4.767980076231225439e+00
-3.084353215140532711e+01
3.367659358220711852e+01
-1.429862237464027430e+01
-7.572132108973960385e+01
-4.849331337238916717e+01
2.101674927404667415e+01
-2.298781617832915458e+01
-1.068477694294750791e+01
-1.490245971874981734e+01
-1.041921865762473942e+01
-5.724854358771796115e+01
-3.595404594731974157e+00
-3.542071055915727129e+01
-1.957059534402100098e+01
1.208274042289309591e+01
4.470833955332631149e+01
1.602143474243263199e+00
-5.699688931810555914e-01
3.384698365330820025e+01
-3.149064899152988062e+01
1.816204210546805342e+01
4.342419999329280245e+00
-2.709708353358064414e+01
-1.448370610820569482e+01
1.263896539115620499e+01
3.772688824504157878e-01
6.916256223320917940e+00
5.907480338896277772e+00
-1.345612095637233097e+01
-1.846565403593524479e+01
-2.845548808746650593e+01
2.799858568315906382e+01
-3.668898206028760001e+01
-2.723836504757402110e+01
7.079406830821454832e+00
-4.944202314355484873e+01
1.279612425269337450e+01
3.645058213513391365e+01
-4.114928624093032283e+00
6.644251560154359026e+00
-1.640386880258796509e+01
-1.253030810662812655e+01
5.924033459125951140e+00
2.160106601982056063e+01
-2.208335222686329757e+01
1.537338037992712714e+01
-6.056833856702240837e+00
1.738783070498442385e+00
1.315810078398905603e+01
8.466073708686991495e+00
-7.310063961538602939e+00
1.222717091789888855e-01
1.089163296671853232e+01
1.626683947084083570e+01
-4.085377662249202046e+01
1.882121550201645732e+00
2.931996480142400685e+01
-5.253478322256995625e+01
1.728968233036854940e+01
-6.634955465159255539e+01
-6.112551018889091026e+00
-8.430594657937888314e+00
-2.978106865068525622e+00
-6.913768653033145029e+00
-1.431707522972243396e+01
-5.404189089939791302e+00
6.838023902522763819e+00
-1.513459637915347500e+01
6.847635494622664964e+00
4.984336829773988597e+01
-3.446764029630762138e+01
-1.502533432504102962e+01
2.267228022857275960e+01
1.367158688548349232e+01
2.485739772939942327e+01
1.197774259386715556e+01
1.199725512964933927e+01
-9.150950507907651854e+00
-2.790126325884608605e+01
-2.569022905532051482e+01
-1.535729122553608050e+01
2.617908448090176421e+00
-2.402534639234028191e+01
-7.943577947853142973e+00
4.137974173664190403e+00
1.352423644087019738e+01
-5.798292181749115315e+00
3.388329850108465280e+01
-3.287534753514353270e+01
-2.225073980939981766e+00
-1.767322295100264284e+00
1.564565166398075746e+01
-2.232791149144497211e+01
-1.414662079609647094e+01
1.066853614714561793e+01
2.555529485910003018e+01
4.240515075916121646e+01
1.813094298791835968e+01
2.376206972438548348e+01
-1.585055080562824159e+01
3.577848855883763690e+01
3.747340441254789312e+01
-1.472930566291609011e+00
1.941691930117687548e+01
2.140670634453049104e+01
-1.336071429580098879e+01
4.824149781848745988e+00
3.446846069033784943e+01
-1.368636423503272681e+01
-5.197460695876316095e+00
-3.418068169009185908e+01
1.350093393197892055e+01
-7.280308574435139235e+00
1.116416246055669603e+01
3.318397469990273407e+00
-2.256687126009314071e+01
2.582912363171260495e+01
2.274594739751972838e+01
-1.527351389752192290e+01
1.080607016497626915e+01
-3.461089782315298180e+01
-3.011478275320560272e+01
1.401979844362256244e+01
-3.861292275921671546e+01
-1.744772731116002262e+01
2.909493506263970630e+00
4.684008117361997847e+01
-1.443380157123269214e+01
-6.927997479729711472e+00
-1.019268915279687349e+01
6.350959948933430610e+01
7.906462127819118280e+00
-2.440609326917471833e+01
4.011238071327960597e+01
3.551644467860153043e+01
1.777610645391158073e+01
4.256551862410842091e+01
4.865877320001631290e+01
-4.223504761263846774e+00
-1.570927679313911085e+01
-1.640577071127501085e+01
1.634279047572991317e+01
2.129683428695528846e+01
-3.882703127886642847e+00
-1.307231477945202869e+01
-3.455228305942219436e+01
-1.428763826332910014e+01
-2.558567384852813120e+01
1.708573142330035921e+01
9.676354287752701566e+00
3.605111156405706652e+01
4.223564575969334101e+00
-1.335001154848453098e+01
-4.809165563490745754e+00
2.233214365355520670e+01
7.083280999480450646e+00
3.083779058202750889e+01
3.154416710177378036e+01
-6.829198264155678544e+00
-6.086697963252987620e+00
-5.680846245503033742e+01
2.864162282949257587e+01
-6.938997037719332184e-01
3.064811875819972897e+01
-1.225326066328359786e+01
-3.528633167313345353e+01
1.193160354150854729e+01
4.119325494563289425e+01
-1.478608692850794171e+01
3.737533938211311124e+01
-4.114248630148001951e+01
-1.303997031076758617e+01
-4.598190135171000748e+01
1.078025029563229964e+01
4.562873266132697836e+00
3.049981521442589383e+00
-3.514190806017393243e+01
5.121977605811224521e+01
3.060902505355483072e+01
4.984996174367097410e+00
-2.914047280905057846e+01
1.222077632789060431e+01
-1.314973592857488427e+01
-7.007173845132285805e+00
-1.355000684487401941e+01
1.034726882354851440e+01
-8.172374478122748087e+00
-1.137102240645234019e+01
1.175287280727167172e+01
1.460363306652649129e+01
-4.833590571386343981e+01
1.122876705708156919e+01
3.807790140218307329e+01
2.269050040465401707e+01
-5.912783429023134474e+00
8.422708976838535477e-01
-1.978185398824055596e+01
3.268899549002134108e+01
8.747190317925060299e+00
-2.355039346792779043e+00
-4.220456129072942986e+00
6.025202350430868137e+01
-1.788492327863508535e+00
1.373512065879603483e+01
4.205046560686683677e+01
5.414494647034541686e+01
3.500886217327754935e+01
2.283426329921266529e+01
-3.739092512438718074e+01
-2.550580327302603223e+01
1.939322919454187399e+01
3.886789993040281388e+00
1.780498324339336591e+01
8.945627941705311059e+00
3.457796570718844009e+01
-4.353508163435500933e+01
-2.742832528231269862e+01
-6.464479796132053480e+00
-4.809580540538301108e+01
1.075126917637545887e+01
2.472972196389933686e+01
3.831818414950078022e+00
-1.246185902272367230e+01
1.302475339093805928e+01
7.761871437298964338e+01
1.732054482958909603e+01
8.848879346914543476e+00
-2.639332144629523214e+01
-3.365177540945398960e+01
-8.211568383136167881e+00
1.852207253210661975e+01
-3.329502736007441399e+00
1.330539164281690034e+01
1.960056949782676838e+01
-3.206300572419485206e+01
1.462854186539010470e+01
2.480639095139338224e+01
3.166899402023341281e+01
-3.724800076362896561e+00
2.636176025926204147e+00
-5.625573654011432723e+00
-2.710983783376008205e+01
-3.893688162833149136e+01
4.455700597231601989e+01
-4.349100539078136762e+00
-3.097088799094903777e+01
3.064734503995865111e+00
-1.451900290998563037e+01
5.086047362236175218e+01
-1.308493275481322371e+01
-2.009890166494082564e+01
1.948897366438842482e+01
-9.185809678523156663e+00
2.496602733328447243e+01
7.104805706395893594e-01
5.446806807305094367e+01
2.957233391517985410e+01
2.254152441921736028e+00
-2.086621263737409038e+01
1.537836989920032238e+01
-3.019860893340548103e+01
-4.894808410778495045e+00
3.434308575180061496e+01
-1.565977484234312556e+01
-2.516948027321242876e+01
-1.358655889287572904e+01
2.804786348514022620e+01
7.089507034895220272e+00
-4.642869512858462144e+01
1.861352388749070030e+01
5.191697186113515272e+00
5.165191900385082135e+00
-2.821857984076183357e+01
1.646832762208049417e+00
1.893117555891171833e+01
2.682370776287780245e+01
3.690945968000225008e+01
1.618722030339654339e+01
2.220941888418991539e+00
-3.030327835521134716e+01
-2.619000011903241898e+01
-3.868601651912103989e+01
-7.353552545066179391e+00
1.776768587834533264e+01
-1.373769247773296343e+00
2.875768104370894207e+01
-1.831511138923588078e+01
9.231979572106240539e+00
-9.746978521964976494e+00
-1.672498343618768146e+01
3.425997664196356141e+01
3.960856366707616871e+00
3.524345741185680936e+01
2.648389964998955293e+00
1.247757584296494571e+01
-1.007996177587244802e+01
3.405121032722436780e+01
-9.296994644380944806e+00
3.427620259249115620e-01
-4.378100861034519653e+01
-5.376011936167344629e+00
4.008304686805456640e+01
3.583784389343131238e+01
1.509359011057383526e+01
-9.315828250278926248e+00
3.123659231727359042e+00
-1.175874497995889101e+01
-7.783583559290647713e+00
5.183443724804622832e+01
2.826119536416570099e+00
-1.470700421774421329e+01
-6.078711297689293502e+01
-2.665744018961432005e+01
-2.154244813904293210e+01
-3.597158618793108076e+01
-3.258117069249189512e+01
-3.883292645639966167e+01
-2.574972488354097777e+01
-1.786139061738180089e+01
-2.776908054624666988e+01
2.633417554884768919e+01
-1.168529033895799785e+01
-4.961775533390670034e+01
2.254141084411173779e+01
-1.710098935728959901e+01
-4.560936987471079362e+01
5.456548487017550997e+01
-1.461936828895078122e+01
9.635640819720009631e+00
2.248857340566650009e+01
5.043686952920722888e+00
1.498094839235909603e+01
1.805749446243950729e+00
1.117302669712145757e-01
-8.321429700217699121e+00
-4.236209323219546263e+01
6.667329108121911929e+00
-7.006273697990661731e+01
3.990120327047610260e+01
-2.394911536704594823e+01
-9.955310495551998429e+00
-1.029331679954134415e+01
8.423592450633719864e+00
-9.604948246181464810e+00
1.519986712882568725e+01
-3.111340661128488705e+01
2.014912688881202030e+01
2.426036905019647349e+01
5.896388776396975118e+00
6.428554183186179216e+00
1.215521890934377325e+01
5.120085172423273434e+00
1.556069219032917772e+01
-4.454003163331123005e+00
-3.957663201609295811e+01
5.390991124410447810e+00
-1.399959356814335365e+01
-3.038562695549785531e+00
3.111785159864044203e+01
-4.525698648520456402e+01
7.784542461134833502e-01
1.183920288656707953e+00
5.168928464804082523e+00
1.767281325173381390e+01
-6.875327292674960233e+00
4.688935071605095573e+01
2.483620115211509471e+01
-8.669314529059874985e+00
-4.284127400186662271e+00
2.136673724712125022e+00
4.344430630745654298e+01
-2.989013986698830649e+01
-5.813982965262641756e+01
1.738072975631428108e+01
-6.872357238888099573e+00
-9.418030837104510056e+00
9.359486449855054957e+00
4.292654388494841555e+01
2.505724972446759580e+01
-9.067317403264610221e+00
-2.972177592803279822e+01
-4.838262577411597931e+00
1.596162314723147091e+01
-8.655146479871291376e+00
-4.221012769753849625e+01
-3.437153566989024966e+00
-5.398893766232929181e+01
-2.875116213071089533e+01
4.650267374903894790e+01
-2.952195293841853641e+01
-3.869825037220462605e+01
-2.920184023168365428e+01
-2.094749670568216970e+01
2.049729384811359978e+01
4.779428046738517111e+01
-3.760430440509537675e+00
1.469392983437064970e+01
-1.205082583388913520e+01
-3.947733067027033371e+01
2.667081273483961823e+01
-2.679136667254033455e+01
1.481982382228767392e+01
1.814273539831584969e+01
-6.024556343507867950e+00
2.145981469032682298e+01
2.342002667623773249e+01
6.457814964398056645e+01
-6.761942635048114880e+00
-2.946931412199636213e+01
-3.580280231519571998e+01
-9.765635262159435115e+00
-1.906515970991450004e+01
5.381048420358041540e+01
-2.496362413716508399e+01
6.582571475188007781e+00
2.786909185196918770e+00
-1.254039502847690812e+01
-4.835146602748341138e+01
-3.568420830423661982e+00
5.615857945686417452e+01
9.897634482894126506e+00
4.272776369269735142e+00
-3.293829369766825721e+01
-3.279182626388774224e+01
-8.043269151388585669e+00
2.621477752147086449e+01
-1.446741691860012224e+01
5.861829973707125419e+01
-2.758994960413613740e+01
1.071034904611170191e+01
-7.827799246084964579e+00
-3.698390211398427141e+01
2.471098022350133760e+00
-2.926588542118372516e+01
-4.213907006998977067e+01
6.318892464049895352e+00
1.099105098959356042e+00
2.980492869242797838e+01
1.346639824230250326e+01
-1.916147297327963273e+01
1.226357779273200777e+01
-4.988964422552199096e+01
-2.731814183501398929e+01
5.089361277899912750e+01
4.707704251399235318e+00
-6.044687085391501569e+00
-1.696684175066434364e+01
-2.489654358832240177e+00
-5.665971635834068820e+00
5.076246414867267731e+01
2.372838994643261401e+01
-6.744545158341566093e+00
-2.001614938261411680e+00
-2.242832574486281061e+01
-8.945057475539329062e+00
-3.594081919183500418e+01
2.814863251898060525e+01
3.987428794058601511e+00
5.895216754660395964e+00
1.022629270735150442e+01
-4.587818369003400676e+00
-1.173841341941278849e+01
3.103112477112324186e+00
-6.176054939300118463e+01
-8.811758533147923345e+00
-5.849990716537405433e+00
-4.418289409234731124e+00
2.750281891470100959e+01
3.708470183767152406e+01
9.894051451296149935e+00
-5.430006958934316685e+01
3.550604248749363023e+01
-1.221068199889094785e+01
-2.136144857067620251e+01
-4.972993514543239257e+01
-1.713174819276048311e+01
3.544258700543748830e+01
1.739704001412218304e+01
5.705856371480990674e+00
1.921042673532133449e+01
-3.330332500944723506e+01
-2.655807314629687710e+01
3.218010141904034072e+01
2.219549437779957657e+01
2.740689475410616183e+01
2.804242349756506769e+00
4.799376189315950114e+00
3.110944360396024422e+01
5.505693339045055268e+01
-1.189848824518211501e+01
2.195996311859050820e+01
-1.477372298090625691e+01
-2.498212166735953588e+01
-1.975609655553225252e+01
-1.985394708500825800e+01
-8.280218296966808111e+00
-2.713029674055744067e+01
-1.118224369304039101e+01
-7.737738654239966252e+01
1.932978965382150704e+01
1.264201664259467961e+01
-2.705650046470857717e+00
-2.213084453482190384e+01
-1.053959862818186366e+01
-3.132768818774385977e+01
5.567766763378330097e+00
4.592959302789506637e+01
-1.259670201932800637e+01
-9.609743696202201590e+00
1.195207446925724071e+01
-2.910470951441770993e+01
4.823676594984350885e+01
8.369768318767199844e+00
7.952110816848801278e+00
2.821187377313427191e+01
-1.407934883772952617e+00
3.192539157743101441e+01
1.077563209638219632e+01
-2.233047925943850487e+00
4.698639390246711400e+00
-3.579162512354997716e+00
3.773299870626379970e+01
4.868244128266667303e+00
1.034170938493332415e+01
-6.583621393213832107e+00
7.990922142088805913e+00
-5.255320983733682283e+01
-2.002579552509661198e+01
-2.779171955335527855e+01
2.701440800369002204e+01
-1.822328393972637173e+01
-3.418343712429424386e+01
3.294412660179301611e+01
-6.931929696217679293e+00
2.306648043199174936e+01
-5.126967481701581164e+01
1.054843232954760168e+01
2.958998185196634267e+00
3.507281075015953320e+00
-6.652131731725944519e+00
-4.124997649749047923e+00
2.887480780602714248e+01
1.025548885542747257e+00
-2.889448068406426273e+01
-1.065186047348072407e+01
1.251428022315505473e+01
-6.540877744564322427e+01
-5.003974235253972580e+01
7.444287000029135015e-01
7.984907733095852223e+00
-2.672215385833957413e+01
-1.068203795426711622e+00
5.979544487501391359e+01
1.591856388702916547e+01
-3.060163531925610414e+01
5.320195322511551694e+00
-5.285745725159955555e+00
7.081151250343687309e+00
-2.021883843884006637e+01
1.249945382991390375e+01
1.495441401905389966e+01
-3.959723573509393191e+00
6.340644692177519914e+01
-4.489686393986431767e+00
-1.792631444838343668e+01
1.353277007354301986e+01
2.436921575144623375e+01
-1.915557349830305611e+01
-1.030182499909294336e+00
5.555173945177389783e+01
-1.594605880412473198e+00
3.332736312975367809e+01
8.279865115916720697e+00
-3.977626410558549708e+00
-1.287921851063572376e+01
2.962045946677649511e+01
-3.172363050402070428e+01
-5.908393282487622855e-01
-1.031804636110899764e+01
-2.252172188321475232e+01
8.503825390822566277e+00
1.505799654109203800e+01
2.432955307086444918e+00
-2.207233517136728551e-01
-2.258497986012940828e+01
9.202819203240636625e+00
-1.844700706038494786e+00
-1.286680109378185932e+01
-1.143307136268134627e+01
9.372340770679841171e+00
-2.070808134754827279e+00
-2.144873038855382674e+01
-6.180651328382450060e+01
5.934547354235803596e+00
1.091790881715313333e+01
-2.752179675317924534e+01
-1.356091057411163092e+01
4.689721030621433329e+01
6.360813516598980755e+00
2.238859910015264632e+01
4.908922435877727253e+00
2.260459544223091655e+01
3.223406601415433670e+00
-2.210008134932510870e+01
-6.166213290489423571e+00
3.086764267202369183e+00
1.785726835337814578e+01
4.278607284155677348e+01
2.793068388685006198e+01
1.707224903851624731e+00
9.655853923360922408e+00
3.436044929838854500e+01
1.500502218532338361e+01
-3.934149662040573503e+01
-1.564593608982877981e+01
6.319641479514558569e+00
4.855844972903184953e+00
1.400476289396292628e+01
-2.939016286813085799e+01
4.021734137173098134e+00
2.452056337895601246e+01
2.716345186099584907e+01
-2.440575227349205534e+01
9.073053074530434969e-03
-1.262585226536941718e+00
-9.657484925462227920e+00
-1.613497057423521142e+01
-8.772745607720253247e+00
-4.994689651286876142e+00
5.726688118563515673e+00
2.400218697283533942e+01
-1.754724690213961935e+01
4.592399980020513794e+01
1.861827107468815257e+01
1.521020898917765862e+01
2.008920025982823532e+01
1.537552670268125965e+01
2.061888504685055068e+01
3.106752869703328201e+01
-2.583955594599717642e+01
3.535680651001011654e+01
-6.475388016990376627e+01
1.798361562049468887e+01
-6.071423437511634802e+01
4.738631645814854210e+01
4.277595227770812869e+01
-5.352548536977451477e+00
-2.734310699252509380e+01
-2.410465960886708103e+01
-3.122049521164524322e+01
-3.597800379234374191e+01
3.210972783036442024e+01
2.389975430998413231e+01
1.357575087810421621e+01
1.607283607385403457e+01
2.537578789702195081e+01
-2.225488776403926749e+01
-1.007938665012227375e+01
3.130342221008058345e+01
-7.400465548987043007e+00
3.030644608688777453e+01
4.231782075261382658e+01
-3.272855372477726732e+00
-4.158426173477118937e+01
2.818324842481445103e+00
-1.470920524593246625e+00
-5.799415906797833031e+00
7.526256956003862797e-02
-3.703219581815267247e+01
-7.151045070741346876e+00
5.020195169346596487e+00
7.533625906468856215e+00
2.775539970673864332e+01
-2.426013073721252056e+01
3.162478329161604051e+01
-2.264872245873432632e+01
1.456069725272328697e+01
2.295120782469259524e+01
