---------------------
  #    meV     cm^-1
---------------------
  0   11.2      90.7
  1   15.9     128.4
  2   20.8     168.1
  3   31.0     250.4
  4   31.8     256.6
  5   44.6     360.0
  6   47.3     381.5
  7   49.9     402.5
  8   73.9     596.2
  9   83.6     674.0
 10   92.2     743.7
 11  118.7     957.3
 12  123.2     994.0
 13  146.3    1180.3
 14  154.3    1244.2
 15  176.7    1425.5
 16  180.9    1459.0
 17  190.4    1535.5
 18  372.1    3001.4
 19  394.5    3181.9
 20  420.5    3391.2
---------------------
Zero-point energy: 1.390 eV
