-3.540528779792435898e+01
-2.045235396088685320e+00
-7.298371838752807150e+00
2.456362029127333102e+01
-1.216951031330296473e+01
-9.406662693519251661e+00
-2.460798679749274243e+01
-5.140935612544797095e+01
-2.192621842304552615e+01
-2.306952091478706279e+01
-2.139002650163433827e+01
4.321790201952877553e+00
2.028074588957721858e+00
-1.099108245623881430e+00
1.775602650059482812e+00
2.705312942374882823e+01
-1.045463386021633312e+01
-7.357299911678637727e+00
1.196223978722372294e+01
-6.323094087441455002e+01
3.167831833066419733e+01
-1.355417383682782884e+01
-2.476484760229569204e+00
-5.722119169287793738e+00
-9.482697725423463453e-01
-2.209639964858254757e+00
4.905825390956584897e+01
-1.530126437698373820e+01
-4.132444960809266377e+00
-3.100336901311692372e+01
4.006900851448290268e+01
-4.424793676346368443e+00
-2.181797731828811493e+01
1.145540424387530010e+01
-2.095515628270646857e+00
1.328999186922251852e+01
-5.514016099917284919e-01
2.770933256101699271e+00
1.931498373377365851e+01
-5.582465941902967188e+01
3.111573372180401975e+01
8.286533257012152376e+00
-6.401560163215833654e+00
-1.784079672674305073e+01
7.043690859215075761e+00
-1.116377175771916086e+01
2.543876654553986327e+01
2.029999580542187232e+01
-1.307167796664253956e+01
-1.671010615993782267e+01
-1.762446363247744330e+01
-2.124051393946235322e+01
1.078308204305626816e+01
-2.768762651298067112e+01
8.493452230024445271e+00
3.533095977641421825e+01
4.073388903000827099e+01
1.897955429385298487e+01
8.522145102069629274e+00
1.772324759081237744e+01
5.197968049834577187e+01
8.795848600637668824e+00
-3.049327223640039364e+01
-6.159786021237550813e+00
-1.440225930875988070e+01
3.397368010805475080e+01
-4.026730346812777839e+01
-3.501944280193595205e+01
-1.786003576445314422e+01
-1.000883629620773263e+01
-2.287407466503634623e+01
1.603851505635017816e+01
5.327136996941248981e+00
7.990642365424491800e+00
-2.211885462885319242e+01
-1.937985149155605313e+01
-3.340556650670279737e+01
1.840505059921804332e+01
-1.915027528141909841e+01
1.729757012177663000e+01
-5.500483180806826411e+00
-1.522137969171140526e+01
-2.929559569671901187e+01
-8.675922084014672464e+00
-6.251882050874996821e+00
-7.050795174818205169e+00
2.284926002004261392e+01
4.278761591467143433e+01
-2.516104987079992839e+01
-4.390108697026357731e+01
-1.100048427198103695e+01
6.076733705160901877e+01
-3.312729202236633341e+01
1.828631589743247332e+01
-6.654311698778371920e+00
-3.410392247882205652e+01
1.412714283005816185e+01
1.996673685061901438e+01
-9.836050749303467455e+00
1.870108909763013116e+01
-1.371181516656702115e+01
-3.197182150747036644e+01
5.367860774245974653e+01
2.556856446930839866e+01
1.448598628876237626e+01
8.019263672660713382e+00
1.524080847005346584e+01
4.618744222773833030e+01
-1.509436979397926315e+01
3.399865912173638094e+00
-7.736831190332998176e+01
9.036493671130330085e+00
-3.788856441655789808e+01
7.940651653001566501e+00
1.248275226687093209e+01
-2.041286738977544246e+01
-2.896035936874815775e+01
1.221089149769909454e+00
-1.721838089104198843e+01
2.186161103723171095e+01
-2.837118735639076306e+01
-3.149907066390028376e+00
-2.059017279264772782e+01
-1.995835204517135253e+00
1.127006429664689335e+00
1.272678690514587174e+01
4.225404227425428871e-01
-2.966225891121951008e+00
3.642159778808066051e+01
5.156058010206197650e+01
2.783398537406402085e+01
4.023985255236016201e+01
-6.644171077269525938e+00
5.658829433244505935e+00
3.010476370599479878e+01
-5.050192925661747267e-01
-4.308542793674399718e+01
-2.309740763680058961e+01
-2.869461531618048866e+01
-1.570263148057853897e+01
1.619929243370131644e+01
-6.730785595186239334e+01
-9.447840375802286417e+00
2.511438254728170705e+01
-2.125385738001767777e+01
-1.764833718955583208e+01
3.376261891370870671e+01
2.525712785181926279e+01
-1.874339083081090962e+01
1.577118958342799715e+01
-1.439595656008933133e+01
1.938823808713755881e+01
1.936575458784915327e+00
7.502584534802764438e+00
-4.835350305575545349e+01
-2.683256942437533965e+01
-4.934147809715682342e+00
-9.463294883374091526e-01
-2.318156811847234167e+01
6.163149006741286939e+01
-9.876062675661557932e+00
-1.827214131611395942e+01
2.023182740530080537e+01
-2.605156904760900005e+01
-2.074809816236056292e+01
1.849581727222062000e+01
7.231432293878285122e+00
8.671133245368821463e+00
8.896824787575610571e+00
-6.254586708172780618e+00
9.015395758884096722e+00
3.307346602064262697e+01
-1.503387576565344830e+01
1.089230395459247802e+01
5.158544810646907308e+01
1.852422677317323974e+01
-4.288394448066583209e+00
-1.159153383532937909e+01
8.828701967291475228e+01
-1.211320686238522626e+01
2.125723329872127465e+01
1.471179571479885340e+01
1.670119780438068346e+01
5.017397259167825041e+01
2.715041772587244395e+01
-1.552496132714036747e+00
1.373637194290654406e+01
2.783918957690150364e+01
2.043894354337803065e+01
-3.305420914358842310e+01
5.343321158029471007e+01
-4.761766744789541406e+01
-6.978269764687354382e+00
3.123206948446251374e+01
8.468168990739584956e+00
4.211123984438756906e+00
1.608466307735163525e+01
1.264781338501657615e+01
1.952549993262360317e+01
-3.546794016688880902e+01
2.251325174554267505e+00
-1.505201724086271042e+01
-3.784164481916562295e+00
-2.485451364736832147e+00
-6.090952528521578202e+00
-3.264846296658703295e+00
4.751294125203853014e+01
-4.780473359312750858e+00
-1.475749495420598123e+01
-1.453457208671945722e+00
7.367582357490022105e+00
-3.381293114516529386e+01
-2.899341734063344234e+01
-2.053432953759516977e+01
-3.504385661025176546e+01
-9.078951172372217826e+00
-2.365824008236065623e+01
1.036155799876314632e+01
7.268336706567097849e-01
-7.108112437733296929e+00
-4.691587239418169020e+00
3.253285569675796296e+00
-8.335649926516040864e+00
3.856225203012070324e+01
-4.903824564638389916e+01
-8.572232648757996287e+00
-7.669623775716605252e+00
9.031665639388961608e+00
1.273356696507673291e+01
-2.663112102792410951e+01
-8.592004298679171370e+00
2.435350371084680887e+01
-1.139477371288069207e+01
8.984183691071535804e+00
1.932271723906715977e+01
-1.626492791475072863e+00
6.316784909812645310e+01
-7.898997425797858796e+00
-1.795493881841701977e+01
1.809979837240746292e+00
-1.392706123401251261e+01
3.091824815108589064e+01
-2.400478909615024747e+01
6.864865849672298737e+00
3.209992695262019424e+01
-7.204641852071517860e+00
6.692737305970763373e+01
7.249134394637439982e+01
-3.759118902673924367e+01
3.334990057789099183e+01
1.229053025067429417e+01
-3.151372555862884894e+01
9.418960631127582417e+00
2.378148347549704056e+01
2.433158566840060644e+01
1.322353167778004490e+00
9.571942868367386836e+00
4.211312396104801792e+01
-1.326862089908118492e+01
8.029750156623002511e+00
4.061035258645375734e+01
-2.091888548475375842e+01
-1.128110525439409173e+01
3.166942323797769632e+01
1.624778122976800887e+01
4.280022419154937552e+01
1.705322109361637217e+01
6.162067785903587946e+00
1.507140448213884554e+01
2.288934878133264306e+01
-3.026181020512720465e+01
3.864298832190570465e+00
1.397239477883930725e+01
6.553993421222685356e+00
1.336734261074931851e+01
-3.461929920308317321e+01
1.806802004010921792e+01
-2.413835318347059911e+01
-1.881558042214716409e+01
1.204670470469086041e+01
-6.581000884993585487e+00
3.268805534720195283e+01
-9.450130466470653801e+00
1.699495349248564935e+01
1.826032477372524454e+01
4.391215799779757134e+01
3.081277407907752064e+01
2.759758596443327150e+01
-1.908022554053161457e+00
-4.721738852650474882e+00
-1.807420486326844866e+01
4.512439632829560310e+01
4.490559753896178563e+01
2.206695258155070150e+01
-1.422596260094788079e+01
2.811480666133309114e+01
-2.901944594839875435e+00
1.010589456727766589e+01
3.735031221134312318e+01
-7.126453346111389919e-01
-4.507515587638209809e+00
-1.138829205360156038e+01
-3.305900254187346832e+01
5.398203266542350320e+01
2.858044468713660535e+01
-3.377390601001519599e+01
-9.323690791671126021e+00
1.487934522587129038e+01
-5.671239456057222128e+00
3.585457599726949240e+01
7.118336441937174186e+00
4.515145294445284208e+01
1.956838856875893029e+01
-1.285173855670348075e+01
1.131372090553080056e+01
-3.541411311114188720e+00
-1.550758277836825982e+01
8.890656927830377754e+00
8.490133021756435028e+00
5.304479330758744027e+01
4.458600127842328220e+01
3.136985374545021443e+01
3.771564381426981072e+01
4.897676410500594102e+00
-1.467345707229185336e+01
8.067830066803537648e+00
-1.891698063404537677e+01
-3.037624869395299498e+01
-3.153158784180072871e+01
-1.768281934473375827e+01
-6.155900127530691179e+01
-1.975145854163740466e+01
-4.906830387024194806e+01
1.325544606069806797e+01
-2.623247520137866573e+01
2.636629503573976763e+01
-5.601935126824193389e+01
-1.685655915607482314e+01
2.425410001046657271e+01
1.185652911259623465e+01
-5.028493354060712761e+01
3.201637145405152296e+01
-1.468095147585344762e+01
3.049025720810759310e+01
-1.318482027199652862e+01
-4.441002306278511469e+01
8.144766342223320521e+00
-3.688457736204861703e+01
-4.225768919452804084e+00
-1.674146855646863941e+00
2.316980848014924277e+01
7.137447802774448746e+01
-2.444218554340866945e+01
-1.981159949361759232e+01
-2.383875868351424288e+00
-6.466600994301245464e+00
-4.573244241136509203e+01
-3.158283553733687654e+01
2.712111950216863931e+01
-1.203075031973429532e+01
1.144759648383063677e+01
-2.780126478200372730e+01
-9.290337151861450593e+00
-2.349389443678133205e+01
2.918428340057633363e+01
5.401193398954887925e+00
-1.263813961650504325e+01
-9.627168606090606318e+00
6.730932734866591716e+00
-4.647322644339993758e+00
2.439716081308989715e+01
-1.459255539502345300e+01
5.651549955500343003e+00
2.008320066856693131e+01
7.754366081983107506e+00
-1.205722518459853632e+01
8.712165204358279880e+01
3.331177276088374839e+01
2.445001309668626277e+00
5.731398682391954935e+00
-3.548539237898788201e+01
1.903693381900427539e+01
-4.329254500256993765e+01
-1.649561913315855577e+01
-3.120365496511556103e+01
-1.119300092511682010e+01
3.219017890267571147e+01
-3.213556045695203522e+01
1.357602254337210468e+01
-2.164300748367054439e+00
1.175587349800196080e+00
-2.028985218100493171e+01
-2.511272881860952566e+01
-3.161653682305086477e+00
-2.026677442959252318e+01
-1.124650615848958068e+01
-2.339498033149467915e+01
-5.242672686434939777e+00
-1.965598962671344907e+01
-2.846006457495232667e+01
1.187524096530705719e+01
-8.145015535881810820e+00
1.385974784773509327e+01
4.840470758364073589e+00
-4.315880164446655698e+01
-2.975550503800316449e+01
-2.589581624343624355e+01
1.840779323321226002e+01
-1.396560773765145314e+00
-3.515721500569794955e+01
3.338639711670498400e+01
-2.221330585847538686e+01
3.237030936454912933e+01
-1.793365516968921725e+01
-2.739139725026538486e+01
1.342202836722447046e+01
-3.853828973099030719e+01
-1.952102616919691513e+01
3.512948223992651720e+01
1.069687636269190989e+01
-2.488486044838339240e+01
3.078538339563549187e+01
-1.030433980168061225e+01
-2.155618770192239708e+01
-1.725767853868975976e+01
-2.840476180801130113e+01
1.570169288496160931e+01
-5.096463282264622308e+01
-4.490880599939572448e+01
-5.759316459391357057e+00
-1.705705491919405858e+01
-3.353052653643097614e+01
4.166939383505081196e+01
7.609205590493219518e+01
-1.558595765454765569e+01
-2.020137450973550131e+00
-3.438772506357438630e+01
3.715583289872597561e+01
1.158363592656536412e+01
-1.357824311234571724e+01
-2.067140304703015374e+01
8.360745345808240359e+00
-3.293834161611009392e+01
-1.000044858993805974e+01
-4.934401864126834880e+01
2.067275656306406972e+01
6.280856603259849180e+00
-1.024260693446592541e+00
-5.858007330854263728e+00
-2.271838002908089038e+01
-6.217948020214322469e+00
7.445154346529832878e+01
-1.037608480143194356e+01
-2.727259496050697862e+01
-3.963037541823032939e+01
7.923035451016460229e+00
-2.127130275427055750e+01
6.160613163005940862e+00
1.722694861680076883e+01
4.321103765530040164e+00
1.778606464763703343e+01
8.584428127499890593e+00
3.322510431104876716e+01
1.495670378615125173e+01
-1.986130221331339385e+01
2.724146731902968099e+01
1.981105565124971690e+01
7.024472648333755842e+00
2.404753788236635614e+01
-1.610130801665065547e+01
4.184025819770451449e+01
1.336096145780144084e+01
-1.801672322682254190e+01
-3.347892738414534719e+00
-1.023935148964986297e+01
1.157978190752055525e+01
-1.326299506760068425e+01
-4.484626437844497104e+00
-7.294169859223586627e+00
4.594091677371767446e+01
3.138429700231836250e+01
-3.688252841798053794e+01
-4.594873721045757975e+00
-2.996435116104615304e+01
-8.221447853867687172e+00
-1.340088686407930396e+01
4.886907253385516015e+00
-5.981580393938319418e-01
-1.630915296832814931e+01
9.619821282340495827e+00
-4.686725670508820940e+00
-5.331793597875069679e+00
4.890765755045453034e+01
8.207885215340908758e+00
-4.684783347392189512e+01
-2.252602342758126497e+01
5.438212704510408457e+01
1.545756699665705014e+01
-5.384684475236099388e+00
6.067520846224959996e+01
-9.169684561482426943e+00
-5.173308345053612811e+00
-4.597217349320828816e+00
8.798417717359143353e+00
1.769063192493280923e+01
2.474274661597796410e+00
1.644741841514468206e+01
-7.250191222464621887e+00
-1.997409660712564516e+01
-2.362367713166691630e+01
-2.724960799719383431e+01
2.338126924077073454e+01
7.372000640178455910e+00
2.165195369855473473e+01
7.916532630262253178e+00
5.065529874975194957e+01
1.058826369771964693e+01
-4.571530288225773120e+01
-1.944906999423669447e+01
3.480956900406454224e+00
-1.651651522537791550e+01
3.583318925455662907e+01
-7.936753912686526746e+00
9.539310918305844211e+00
2.992257963293018008e+01
-4.239770775529677849e+01
8.487617057285001465e+01
1.176564745627518960e+01
1.351282788457820061e+01
2.053259224836193653e+01
4.240381494527525774e+00
-2.619860491233794164e-01
1.987267264849887738e+01
-2.101807810692147882e+01
4.709476102300735079e+01
4.165679548455388215e+01
-2.363295814294545494e+01
9.152398621502754850e+00
3.972728933754225977e+01
-1.167591136988879441e+01
9.895650957373220535e+00
2.138330257842579840e+01
2.302733591862738649e+01
-4.333015485339103634e+01
-5.835107854124771620e+00
-1.739161108986439785e+01
-1.783385321083130748e+00
-4.503989101277333873e+00
1.014525854112719117e+00
-7.111985506983472760e+00
-1.802892930397445070e+01
7.500743419734561712e+00
3.915170613770129648e+00
3.010854226689327007e+01
-2.484800616599495982e+01
2.474514930843497496e+01
2.681988902660438612e+01
-7.082373459559050843e+00
4.619621180432517349e+01
-3.860798516763247790e+01
-5.848864362173293330e+01
-4.875505540426502193e+00
-4.527835826074692704e+00
-6.672014023135943717e-01
4.532958744111478211e+01
-2.766343993841005044e+00
2.429328581701861367e+01
3.050550676732650857e+01
2.118886638039072068e+01
-6.465417329289721238e+00
3.381733928402707079e+01
-9.037506081363019916e+00
-2.012785612170949889e+01
-2.322877565194832528e+01
6.116577940714357453e+00
2.007724842239667851e+01
-7.632933056462292143e-01
1.973927744837016007e+01
3.270116650033116912e-01
3.435250882366059955e+01
9.835403032672317636e+00
5.100111139366752866e+00
-2.120092164595916984e+00
1.826128151876173433e+01
2.130062641516551025e+01
9.751015321408658565e+00
-1.020058789113875264e+00
-3.115907712652117567e+01
1.650719723363829416e+01
1.078224984015031396e+01
2.013832660864358104e+01
1.598913693843215356e+01
2.047478549096805978e+01
-4.905798493585876940e+00
1.765951109755903303e+01
-1.520938270560998262e+01
-4.172633578010618294e-01
-3.070705545383736990e+01
-1.742625810695324162e+01
2.280671036925807016e+01
-5.106415206462695267e+01
1.505036625257955052e+01
8.958683991426539706e+00
4.705790134818437309e+01
-1.072931112170711287e+01
1.887972524626966830e+01
-5.651613214949520625e+00
-2.744143541000449815e+01
-3.849981404818072406e+01
-6.643479267870027627e+00
-5.011885116896036152e+01
6.651610142929825997e+00
-1.126686804648280571e+01
1.747926180433338317e+01
1.331376254354142930e+01
-1.618180316740026115e+01
-1.657517965416644756e+01
2.322239282928382664e+01
-3.479633091917390431e+01
-6.920475087913558809e+00
-1.070323576477935035e+01
1.546855718921952061e+01
5.309504533028643891e-01
1.531288351073740728e+00
-1.069028671213561665e+01
3.102373370614151327e+01
-3.138883977762748145e+01
3.890533803377422828e+00
3.411064440298295608e+01
-2.081858587006000505e+01
1.745336901424948906e+00
-1.593056412692135382e-01
-3.690893490293177592e+01
-2.267859466554614301e+01
-2.819772602402423445e+00
1.599213602335667872e+01
1.867325593164542852e+01
3.476461846246252207e+00
-5.443198073964083505e+00
1.010560946358921797e+01
-2.409272040191632414e+01
-1.125531186830187380e+00
-2.937115830605600308e+01
-1.577673677450270873e+01
2.753816389526824082e+01
-1.615875508322574206e+01
3.843780714679772359e+01
-1.360840758998872957e+01
1.857157245092813014e+01
1.432152865286748522e+01
-3.589418841834002194e+01
-1.424461165000670348e+01
4.914948584241400908e+00
-2.361801204950273814e+01
-2.137008905749001286e+01
-4.942533479318251466e+01
-3.063441572048105854e+01
-2.893402173706078884e+01
-2.488565129607655990e+01
4.851312011546866643e-01
1.034553798482892262e+01
3.875983112991832513e+00
1.378469277834759765e+01
-3.215330712619096687e+01
8.629681008180114077e+00
1.525174106154761944e+01
-3.814049182570837360e+01
-3.517723961157795998e+01
-2.385775856302200282e+01
-1.539993129231425684e+01
9.223138280889543239e+00
-7.651142531954633341e-01
-2.385204788649132723e+01
1.695828837556075541e+01
-1.348351374136903758e+01
2.843527365588991529e+01
-5.033259825355446537e+01
3.579957195095963129e+01
-5.098524955379613033e+00
-2.272298856741359430e+01
-1.420171951468870475e+01
1.038632477950628186e+00
2.532806448911556529e+01
-4.170173408111475766e+01
-6.685417095573086499e+00
-1.143814229086876111e+01
2.529819866696391273e+01
4.724481735030411755e+01
-5.621752172271357040e+01
5.259527998750974120e+01
2.350961155734481167e+01
-4.223246565131474739e+01
-1.807050186814137760e+01
4.480448891710137360e+01
3.359394952076138452e+01
-1.179737783090519088e+01
-3.330351816718064129e+00
8.121880364833977239e+00
4.222854999773392137e+01
-3.212417283195719619e+01
7.189850213057852102e+00
-4.711315021167358452e+00
1.544453095012579524e+01
-4.104516844740531667e+01
-1.864233079806204785e+00
-1.720792891771389321e+01
2.701002539486896126e+01
2.378736429773415750e+01
-4.936771955834473147e+01
-2.702141438613963942e+01
-1.220219248015399671e+01
-2.406164623263867952e+01
-6.605340665465377015e+00
-1.150991169143988202e+01
2.544019650980189340e+01
2.377870750647858245e+01
-1.236153894348433369e+00
-2.592765889928652001e+01
-4.808749186332443060e+01
2.687329879206646410e+01
-2.777451785866134060e+01
-2.056044401464768612e+01
3.364719160181095958e+00
-2.030734692296414323e+01
-2.209993387756418315e+01
-1.620939020379085349e+01
-2.710318515927022531e+01
-1.465302208392283845e+01
-2.938357750107535082e+01
3.166073048153302949e+01
3.474223893561253362e+01
-3.728300029376725888e+00
-1.241738700296025399e+01
-2.247998333040186481e-01
2.572528309902759247e+01
-4.862436803126486495e+01
-1.127542979139684576e+01
2.783312600673906445e+01
4.007311025689460848e+01
-9.466082273313787709e+00
5.629715118100818927e+00
3.102067715360163902e+01
9.381855383201852305e+00
-5.595462042383587686e-01
-2.513599473507986204e+01
1.140278817346694495e+01
-1.962034790501527937e+01
-5.978018277858012652e+00
-1.097059940050209548e+01
-9.296562474574614043e+00
1.280862209288162035e+01
4.473939726909399894e+01
-1.388581798574136883e+00
1.940177978706870476e+00
-5.150833316433406139e+01
-1.073730283922327544e+01
-2.035053501769013451e+01
-8.667515918361345939e-02
-2.651671515699723614e+01
4.826210344741645031e+01
4.592193705415894556e+01
7.964630867202771469e+00
-1.118070399138369453e+01
9.380745483978927268e+00
1.168435623247850685e+01
-2.696725925840548399e+01
-4.742026584832103708e+00
1.071364641465692102e+01
7.534536596007811227e+00
3.115587907103562770e+01
2.289027680231896511e+01
-1.199113438917086683e+01
1.472421243751182374e+01
-5.610511468619536402e+01
-7.184849565170168262e-01
4.936457928502497339e+01
6.768558395711124831e+00
-1.174420543953829110e+00
1.728540672418606050e+01
-1.617516653370662283e+01
5.087553880811874762e+01
-9.407462027062081233e+00
4.551321148039428977e+01
2.215350792203923902e+01
-2.292087803207937213e+01
1.830775276855226252e+01
-1.730071181424892757e+01
-4.091325232215649521e+01
-3.643233158926591386e+00
-3.153188832967558142e+01
-2.975156865513946514e+01
-2.785478324187124599e+00
2.045550219039739659e+01
-5.490352766309044341e+00
-1.773093688020696845e+01
5.072481146019413245e+00
-3.917331453431467025e+01
-3.972786838207866822e+00
-4.698036253389540207e+01
2.769909377377500448e+01
-6.957656984104403364e-01
-2.827237488982554225e+01
-9.429433890182338018e+00
1.046978382779158778e+01
-2.001540776408815248e+01
-2.583884021757235416e+01
5.338533832382101707e+01
-1.373308997045583624e+01
-2.281662513372020840e+01
1.547755812598358460e+01
-1.000746860233907398e+01
3.096920002747821599e+01
-2.570648440944182767e+00
3.928614600092316778e+00
6.122807266286434924e+01
-7.057118593987809163e+00
-2.078117980003293042e+01
-2.443416463563062280e+01
-2.886698972718005507e+01
-1.938296122947787126e+01
1.539324660657109689e+01
1.537368823425509845e+01
1.267128569387073611e+01
4.165207285123653946e+01
1.860630681293088173e+00
1.185080555437612304e+01
-3.605168817220896926e+01
1.509544640832416462e+00
-1.058050986416250794e+01
-1.509928659091525560e+01
-1.966034796963128883e+00
1.912717852673858943e+01
2.166289306904513978e+01
-3.961706894048244720e-01
6.883134452652257096e+00
1.565593354235540957e+01
1.980873003205880423e+01
-1.384960367293015793e+01
-7.141326974349510692e+00
3.944241433141542075e-01
-1.310543212455706907e+01
-2.885735794413051281e+00
-2.036589897667576565e+01
4.501577721128995790e+01
3.646478790639008594e+01
-9.230252274488179864e+00
9.078798739101245019e+00
-2.630697975939856548e+00
-1.702183120164663421e+01
2.025827426933501840e+01
-5.405061251319807525e+00
2.267001352223013555e+01
-2.972856967837099873e+01
1.018476869552307562e+01
-5.612020997385400278e+00
-3.058284490658513732e+01
-1.382741411277902444e+01
1.515965435857322063e+01
-5.191500053513377111e+01
2.441889787383092880e+01
2.648791942775699226e+01
-5.673683372115206680e+00
-3.393999375611599589e+00
-1.779131776465135317e+00
1.421576403300491620e+01
-1.856013223772416154e+01
2.050294797696829363e+01
1.734972128852464834e+01
-5.588816993259183619e+01
-2.012732688133401382e+01
1.350578186830512806e+01
-4.860854848985269427e+00
2.467678186425242615e+01
-3.622429833547383282e+01
-3.012144681841391503e+00
-2.379472486730013259e+01
-7.312114573966535147e+01
4.372209544717800611e+01
-3.320772145246428408e+01
-3.480649383457092938e+01
5.070078922327155624e+00
7.374045778002727047e+01
6.623004291551097822e-01
-1.599264771279308661e+01
-1.770248785793967272e+00
-3.108655360071708174e+00
-4.874200560511116009e+01
-3.482827245316724429e+01
4.660473460048880412e+01
-5.835124744506373418e+00
-2.143153609180649255e+01
2.806853927502118040e+01
-2.040095029742842314e+01
2.100052535521342634e+01
3.026282704682881075e+01
-3.248514950620733543e+01
-1.598707848255662611e+01
-1.975130497871404600e+01
-1.016832560426135501e+01
-1.004792287179738963e+01
-5.919059148092969735e+00
8.132485212228289129e+00
-1.942098567512955043e+01
1.614085027657529281e+01
3.295323098310292664e+01
-5.131050458138375348e+00
-1.156181880717889499e+01
8.284236653566892983e+00
3.183299306247806726e+01
2.967955422129529097e+01
5.541405685021459249e+00
-3.175655565078301379e+00
-4.958891672926782235e+00
-2.888398006961922704e+01
2.187811347541040163e+01
-1.272181095280318175e+01
1.131684661372793244e+01
-7.938802533908415171e+00
1.534572342057273886e+01
1.040352579267100452e+01
-4.580946371583388554e+01
-1.515215285571844106e+01
-4.469051204888083362e+01
-2.032200173546135602e+01
3.028462846729695457e+00
-9.779189250716314064e+00
1.857046861732695220e+01
-1.704453497963601194e+01
2.088946176220488837e+00
6.093610205496815979e+00
4.025571496755867429e+01
2.040847414533043036e+01
-1.718134850981510908e+01
-6.939128473983231515e-01
6.933667563071622908e+00
2.178513874715363130e+01
2.273180221984887339e-01
3.104934864303953646e+01
1.281302551278468727e+01
5.146668557814763290e+01
1.111060131505396953e+00
3.723928963635133016e+01
-1.534357369085819300e+01
-2.144984474509640648e+01
2.522734311330310675e+00
5.328179722328002299e+00
1.523649729192831614e+01
-8.060518457159901118e+00
-7.777776504245572653e+00
1.473008220954581660e+01
-2.755658254089041748e+01
-3.132473532168428676e+01
4.500853406511112098e+01
-3.369309831927012056e+00
-2.222706911671862429e+01
-2.301882114406240021e+00
-7.644892801507296554e+00
2.414116404203510058e+01
1.881925286199449943e+01
-1.144856905117165979e+01
4.622114418411342740e-01
-1.504545534727800771e+01
-2.004474370056203725e+01
-1.522141482222389186e+01
-5.492452550064115258e+01
2.887235716113423223e-02
-3.660143328995413015e+01
-3.164515483405408247e+01
-2.117984109746367949e+01
1.087913324237763391e+01
-2.072907296194267701e+01
1.312658134251481812e+01
-3.479050578400234883e+01
6.008579707369676726e-01
-2.353662479254829165e+01
4.843511255599210585e+00
6.390568840958351871e+00
1.895820354165837784e+01
-1.192024057341555476e+01
-9.101049913974691208e+00
1.678210365673640325e+01
3.368201529281282092e+01
1.865759116687854657e+01
4.712605051538730550e+00
-4.075724444399378399e+01
-9.639942301076217746e+00
-1.792044405302561927e+01
-3.434342774026572442e+01
2.296439603366553683e+01
-2.060030563471815412e+01
-1.878798370842190479e+00
-1.593243512149794583e+01
-5.665883780065553310e+01
2.941461709217739440e+01
-9.984713623132449811e+00
2.300897024594462437e+01
-4.058001741805657048e+01
3.829115827861721755e+01
2.090247149693112760e+00
-1.635673655485131661e+01
4.868094458570595862e+00
-1.183291734149608487e+01
-3.724555335005291568e+01
8.243698169282637878e+00
2.022902208508506305e+01
1.000393684188225052e+00
-2.059277964199441158e+01
-9.287104458203913282e+00
9.983078816072520567e+00
1.814821041203887830e+01
3.581390398864061098e+01
1.342958232028144039e+01
-1.321275718547113343e+01
5.420837731404992610e+01
1.363166703712915862e+01
2.412580117937226021e+01
-1.034654959658394091e+01
1.591396299113621637e+01
1.112536277688974451e+01
-3.522808544737182501e+01
-1.171829867667396741e+01
-2.322567021784716701e+01
-2.095324170260238361e+01
-6.858502297156405803e+00
-7.853323747595140958e+00
-2.395995789411159649e+01
-6.297939249407167495e+01
-1.640228011840661182e+01
7.112030496658405809e+00
5.170041861736535793e+00
7.890994619421775269e+00
2.634144425401771628e+01
7.986483811358329632e+00
1.845363664371524237e+01
-2.369347621691943573e+01
2.595785569717492081e+01
-2.582704707753396178e+01
-4.083630843789097753e+01
1.246925418580792666e+01
-2.450898521889399717e+01
-2.231678280947303961e+01
-9.008456647041828091e+01
-6.566209152773879509e+00
4.632928923731714121e+01
2.408591368516974285e+01
-5.806726842598266103e+00
-7.831516655883035583e+00
2.144063686655593415e+01
3.777515864241586030e+01
-2.364448003503925122e+01
-6.146615038553704835e+00
-1.932086516975539325e+01
-1.993684061393389584e+01
-1.748425172302844999e+01
7.209047342975718919e+00
4.020149364705824269e+01
-3.706754002498146860e+01
-3.188072392798687815e+01
1.872723604298101918e+00
-6.044169906833417372e+00
-7.626824122572664066e+00
-5.123446351693036149e+01
3.570766027992446823e+01
1.360135894666149170e+01
5.303819083845205284e+00
2.752936980913487730e+01
-1.862301341190991977e+01
1.760572122370443537e+01
1.581294680252261742e+01
2.094573278106537373e+00
-3.475536802675204484e+00
5.025214619008773198e+00
-8.971661890179049692e+00
2.879747826950521983e+01
-2.277536604350225957e+01
2.447312572500476335e+01
5.490387792926213706e+00
8.201753207474837382e+00
1.289682004142144933e+01
-4.938807673817829880e+01
4.762726457959331583e+00
-3.806523078639335722e+01
-2.784318468350833342e+01
-2.784399362821689294e+01
-2.836087787100223068e+01
3.011107436298630091e-01
9.512865921245790446e+00
2.829751426404827441e+01
4.918419819328899933e+00
8.160049300930008798e+00
-3.988610095693883295e+01
-1.451665666518410092e+01
1.934464532972089046e+01
-1.136440489634637174e+00
-3.934568094894075330e-02
-5.067990174474687137e+00
1.990596212638985207e+01
-5.186581098886114205e+01
6.419341422764116345e+00
1.154099365632907848e+01
2.455930078118708693e+01
2.102381812098939662e+01
-3.215300541429934356e+01
6.416603575880941435e+00
3.324329512177342849e+00
2.716040052408970951e+00
3.362542908603984415e+00
-1.072223023181231838e+01
-2.007883111557684686e+01
1.074541638404028276e+01
3.414748615523416220e+01
-2.814545734959438050e+00
6.595404398755050579e+00
9.626306873371191841e+00
-1.460066159038660771e+01
-1.543896728654942763e+01
-6.782108910527192336e+01
-2.099118531085616723e+01
-3.102081725872878337e+01
-3.813545633960188752e+00
-3.834907930114712826e+01
4.265528483710139085e+01
-1.779025818049956342e+01
-3.043816836103013657e+01
-8.787320956425389795e+01
3.776727068524803599e+01
7.569043546201555728e+00
3.433622566481943750e+00
-3.557209461387537885e+01
5.008633036621972678e+00
-1.128161225757848740e+01
-1.859741234081380767e+01
6.612504721737590074e+00
1.915956360240008394e+01
4.157593348964667257e+00
-1.206759110726579820e+01
-1.157074323818960693e-01
1.576961754984466779e+00
8.904499451400454291e+00
-3.611098969124894609e+01
4.096610867465893335e+01
-2.433436736121177546e+01
-1.698373270378586852e+01
-2.780968963770601476e+01
-5.905789145978440047e+01
5.105001585704201261e+00
-2.973242452097471755e+01
-1.082788328549585088e+01
1.852058199884584155e+01
-1.469443215843602957e+01
-2.012231034966077914e+00
-6.677667891348619378e+00
-1.141813733216662285e+01
1.808514935327767859e+00
3.079774311274253762e+01
-2.857342726642976061e+01
5.651352377938104610e+01
-1.284809135216934806e+01
1.899240670103142747e+01
-7.814372244164857761e+00
6.481823961925439193e+00
-6.172078540540439917e+00
2.491446350326407355e+01
3.481924658753976587e+01
1.086873008528960582e+01
2.618393107997006553e+01
-2.018879795932878096e+01
-3.735114842748519237e+00
-1.268530046012051571e+01
3.891666932279929370e+01
3.268036934128565463e+01
2.468147885619202953e+01
-8.753247288733120968e+00
-1.579210607939893407e+01
1.411850630814860352e+01
-1.592778773078060794e+01
-7.041495151511583117e+00
-3.290490647631770571e+00
-1.676650859781841518e+01
2.820606158513388095e+01
-4.688217784370834806e+00
2.152440560442205708e+01
1.108363224882106479e+01
9.808433431404509406e+00
-1.877574861377611626e+01
1.504844255633774708e+01
-1.035236740009352729e+01
-6.659895738396926390e+00
-1.768296265063327155e+00
-2.731198038506971670e+01
4.231348716621732819e+01
-1.513123549724658901e+01
-1.776447502968068193e+00
1.262701665596792111e+01
1.089755889906581388e+01
4.205660980570871033e+01
-9.818290747410685526e+00
4.275579706391019386e+01
3.837453590592581065e+01
-5.316468521326169139e+01
2.884868748847800646e+00
-1.051968616585295990e+01
8.854147643461175221e+00
3.340701067574769922e+00
1.128250254229237726e+01
3.536848873890038192e+01
5.536976737515661284e+01
-4.262022823439093600e+01
4.290083872372520091e+01
-5.553766169383530382e+01
-4.607357218622475159e+01
-8.196716109902666858e+00
6.355871600530349497e-02
4.135731386643301732e+01
2.027976334854082552e+01
-6.835068889732013986e+00
-5.059335238265532553e+01
4.002529041917978248e+01
-2.370914416388217205e+01
1.035158350239782976e+00
-4.026162883308806784e+00
7.146685071709197246e+01
-1.438043579749034961e+01
-6.054754099668974732e+01
1.778697660615637233e+01
-9.229721680863897859e+01
6.545908143678360602e+00
-2.070929017471158318e+01
-1.042708412813963292e+01
-1.539568505093123463e+01
-3.316965830247102076e+01
2.169996038640869784e+01
-2.153827958250320052e+01
-6.655651496567202230e+00
-4.474391579474396963e+01
-2.487055679948838360e+00
-2.965671362980335601e+01
-4.230248998270678840e+01
-6.444283232634177239e+01
5.202866186978724272e+00
-2.017964810747906768e+01
3.531350607345814296e+00
-7.981230114692323241e+00
-4.608579923426111691e+01
-3.685295949746549127e+01
-3.093661522387583318e+01
-3.213464767126637867e+01
3.022124057567889821e+01
2.920623836442416632e+00
-2.825572331546112537e+01
-1.230387215825487601e+01
-1.394473009736248059e+01
2.281645016708227658e+01
-1.764567448888337964e+01
-4.348720585962432494e+00
-1.589523478438675852e+01
-2.030867003255420400e+01
-2.293595832160882253e+01
2.097121069416353123e+01
-8.785605029930479759e+00
-5.248300736433407110e+01
4.375404871237657289e+01
2.498166336661236642e+01
1.496883778508049545e+00
-4.429036937809883057e+01
-4.248907635640699709e+01
3.940247690161527316e+00
4.150792398428677643e-01
-1.799309336799285575e+01
-2.599859441036272756e+01
1.782723421466550917e+01
-3.146763448129576091e+00
1.494957275919955464e+01
2.777394101142607497e+01
1.804922713460663886e+01
1.810699035953638258e+01
1.355032590496817946e+01
-1.186898584364681142e+01
-8.461147024561412877e+00
-1.230309316493769600e+01
-2.083898287927263482e+01
-2.429124564136367326e+01
-3.616120263364987863e+01
-2.113403799273365280e+01
-5.788782540519477493e+00
-4.361975921821499469e+01
-8.125734306795436623e+00
2.069205720644168878e+01
-4.483553078468298736e+01
1.691826870271857786e+01
1.525266140878048304e+01
-4.080849719910486328e+01
-3.220515091807968133e+01
-9.749198072151244787e+00
9.965558264527359711e+00
-2.236596151600389248e+01
4.109752492503240262e+01
3.648227135391169895e+01
-4.390057640396781835e+01
2.540440808704107667e+01
1.976383295570730070e+01
4.987336402515154532e+00
1.230354773216878073e+01
-2.432271496414814749e+01
-7.441064606395343617e+00
4.718235670341073273e+00
1.092902265482466362e+01
2.404938261144634737e+01
-2.918024667538814043e+01
-3.424542337362709077e+00
8.512859149729024466e+00
3.035039760242284501e+00
-1.697340623909322233e+01
1.242012379338113703e+01
-1.453299076449567906e+01
-1.165502132864102691e+01
6.487034225171441904e-01
-3.460906652307420472e+01
1.682654524215237757e+00
-9.573688382155239651e+00
-7.883938977203484910e+00
4.802217211678879494e+00
-3.088939585607772642e+01
3.374640649378594048e+01
-1.433581689899256162e+01
-7.589893425535544225e+01
-4.860143913956045481e+01
2.106203738358031785e+01
-2.302473154212205486e+01
-1.074041219002128855e+01
-1.496015186045061540e+01
-1.043518859626679784e+01
-5.740451289623808862e+01
-3.582976584050470592e+00
-3.545500124922017449e+01
-1.959766726383531932e+01
1.210122532024348629e+01
4.478658763015144473e+01
1.596405543127566773e+00
-5.495844243557286291e-01
3.392535974149528499e+01
-3.154552944881358201e+01
1.817496160903530011e+01
4.324219382223603247e+00
-2.714275368726521265e+01
-1.452924632411315997e+01
1.268725831755551781e+01
3.599815835799020647e-01
6.929192218255781910e+00
5.899646392823029828e+00
-1.349747342226766023e+01
-1.844097321464107608e+01
-2.844402580724215568e+01
2.807172018675126424e+01
-3.676482300128999725e+01
-2.728792135070642644e+01
7.118626434939486103e+00
-4.956197797095202873e+01
1.281438114769701997e+01
3.650797103540395483e+01
-4.151008131539988710e+00
6.634368039846933129e+00
-1.640393828317445468e+01
-1.252679611240719737e+01
5.949524154287416877e+00
2.166488146450057783e+01
-2.211590673263705753e+01
1.538015274780360642e+01
-6.045062759792699580e+00
1.752015764422083066e+00
1.319908646593832202e+01
8.506826850110996929e+00
-7.328398911575703778e+00
1.547307149354537614e-01
1.094146547165865968e+01
1.627527722414168920e+01
-4.090529213705201528e+01
1.827034341800526818e+00
2.938029400853773154e+01
-5.261950735062305284e+01
1.732261579603857626e+01
-6.647211436645652327e+01
-6.133865309393407017e+00
-8.448492883144623988e+00
-2.934075850831504795e+00
-6.922866292858685711e+00
-1.435738005572602560e+01
-5.426098489827779758e+00
6.841493063596232105e+00
-1.515877982488053277e+01
6.870396425482894642e+00
4.992575423698204418e+01
-3.453281179205671947e+01
-1.506408901373168874e+01
2.267547762163889047e+01
1.367317193796827723e+01
2.490877260391728498e+01
1.199781348422768801e+01
1.202770758328659895e+01
-9.146930967692895820e+00
-2.796642410280975355e+01
-2.574967947632109144e+01
-1.538998184293367899e+01
2.655668101730555009e+00
-2.402719960420370171e+01
-7.944061103383937450e+00
4.153486050921202377e+00
1.356381886229070233e+01
-5.806355052391719340e+00
3.395802634052833469e+01
-3.294916685059467909e+01
-2.225236319586031186e+00
-1.782815307054795184e+00
1.567785019740688313e+01
-2.236926603415298587e+01
-1.416113421916483617e+01
1.069201170304832083e+01
2.560288103997019959e+01
4.249431476686289955e+01
1.817994733087772374e+01
2.379817141305878181e+01
-1.589088459886938409e+01
3.581214603943550401e+01
3.757747783915041850e+01
-1.442483154439798909e+00
1.942785850116072766e+01
2.145708582099128137e+01
-1.335966637132796109e+01
4.822649092332767395e+00
3.450361207862579249e+01
-1.370532585074482768e+01
-5.189851121095898634e+00
-3.427507139292998062e+01
1.350427133869101226e+01
-7.283332825583357817e+00
1.121927985030185937e+01
3.337187539263638314e+00
-2.262260487197583458e+01
2.588990641765803957e+01
2.277759523901465855e+01
-1.526726487638558183e+01
1.080623971943654738e+01
-3.464941094231221541e+01
-3.017272239783066112e+01
1.406998085736245230e+01
-3.869894127622326607e+01
-1.747802596139219844e+01
2.942256392751232852e+00
4.694583210100951476e+01
-1.443573448296723427e+01
-6.948870948105053458e+00
-1.022693588970369660e+01
6.362789035639997337e+01
7.955569004056570748e+00
-2.443773569737456341e+01
4.017987300113566107e+01
3.558154163341830412e+01
1.784196559935639925e+01
4.263493750244384728e+01
4.874078248755618858e+01
-4.249656494992695599e+00
-1.572320334867622194e+01
-1.644716463758851432e+01
1.636370978011153454e+01
2.128220571865654165e+01
-3.892232048552486390e+00
-1.312219128012634428e+01
-3.462346428494539907e+01
-1.431803062803977866e+01
-2.561334923482257864e+01
1.708555872939429321e+01
9.679823057059820712e+00
3.613887922806941333e+01
4.215842577045464168e+00
-1.334797807874787168e+01
-4.808759475351513046e+00
2.239065181273684857e+01
7.073322434062220054e+00
3.087993022953207856e+01
3.159105277252939459e+01
-6.846267034699479836e+00
-6.093301930844901904e+00
-5.693779758151799797e+01
2.868604043760747402e+01
-6.750717134892170179e-01
3.069113414750499658e+01
-1.229086783262228266e+01
-3.538702922441343901e+01
1.193475049809958577e+01
4.129506861886063973e+01
-1.483549244971835890e+01
3.743516606675825642e+01
-4.121822199691695232e+01
-1.304919424115124116e+01
-4.602479965158096320e+01
1.080928296663307719e+01
4.581904829116268729e+00
3.067282881107701087e+00
-3.518137321802907991e+01
5.124473446589382775e+01
3.066610919748330844e+01
4.966678095650649993e+00
-2.916861174045735083e+01
1.224014432098780958e+01
-1.318494656409291110e+01
-7.004437275694897380e+00
-1.353493684592194768e+01
1.037487460011270457e+01
-8.160457313604439378e+00
-1.139426360437215635e+01
1.176574482859939508e+01
1.464076121402054298e+01
-4.845314502930074241e+01
1.121260052684044695e+01
3.813256785407868676e+01
2.271068176311885622e+01
-5.934594565245694398e+00
8.652913409262481537e-01
-1.982991040592557397e+01
3.278796755623773151e+01
8.765345475150638777e+00
-2.345817006365194857e+00
-4.192951687406605288e+00
6.037074547656078494e+01
-1.811670983455712758e+00
1.380695443918821752e+01
4.212249106922919850e+01
5.428934665247087565e+01
3.505501163098409734e+01
2.287535658911741621e+01
-3.744650099354035433e+01
-2.555958763490019692e+01
1.943506766623841031e+01
3.905551231558064273e+00
1.783592193547053739e+01
8.935864780645530914e+00
3.464294980878341335e+01
-4.363732607940452368e+01
-2.747615952432124686e+01
-6.490108718902064311e+00
-4.817738276772555395e+01
1.075072878048334246e+01
2.478451942917247663e+01
3.819611912497236972e+00
-1.247877668440946763e+01
1.304107539268858318e+01
7.772452413899168278e+01
1.739467979136878739e+01
8.884485302634857362e+00
-2.644230433131997415e+01
-3.370504445574465535e+01
-8.242188942518332340e+00
1.857646858694519665e+01
-3.369295803780062215e+00
1.335134551990130092e+01
1.961340530733190235e+01
-3.213195774817287997e+01
1.470304287057547299e+01
2.482513821864387182e+01
3.173153130858662507e+01
-3.711565943626567332e+00
2.631103955563162344e+00
-5.629833271981368625e+00
-2.716645930864163461e+01
-3.902104461603704522e+01
4.464856051433403650e+01
-4.360229519076668225e+00
-3.105537056578523902e+01
3.041446384377252343e+00
-1.456507676103811377e+01
5.096386428628747467e+01
-1.306552032636102467e+01
-2.012170844221446941e+01
1.952095768574838530e+01
-9.221343684275893793e+00
2.503156542052266786e+01
7.252435095565203937e-01
5.456830153742467360e+01
2.958935252466557841e+01
2.244306166222333587e+00
-2.090247551605899901e+01
1.543724329221029734e+01
-3.026664740842682022e+01
-4.884664813599627564e+00
3.441143654513109595e+01
-1.569303069374271331e+01
-2.519237097262609382e+01
-1.358066440873193415e+01
2.807439755552564975e+01
7.103265457952609552e+00
-4.653894059739563716e+01
1.869164358209765453e+01
5.247332022766130422e+00
5.190974197105660437e+00
-2.823299531348158098e+01
1.647501165646303889e+00
1.897367287979757577e+01
2.691224020726238564e+01
3.696996748321717519e+01
1.623908308308981674e+01
2.221000121337127098e+00
-3.034236027162450000e+01
-2.621591083841127556e+01
-3.876517729229485099e+01
-7.380230001156462549e+00
1.781059314309024444e+01
-1.401880963034166427e+00
2.879146412905254238e+01
-1.837366885996067367e+01
9.206136643444779111e+00
-9.779360990860084257e+00
-1.675930927348429833e+01
3.433324505996635878e+01
3.960929618849291955e+00
3.532153027767463982e+01
2.704876735039874802e+00
1.250660111110721751e+01
-1.003707315113265963e+01
3.410715990889181626e+01
-9.328739376905090808e+00
3.375479201840043686e-01
-4.385322372080298692e+01
-5.383183702787079028e+00
4.015975271697743665e+01
3.593304704674670802e+01
1.508834165399947125e+01
-9.298564853106014994e+00
3.088144234183502590e+00
-1.176293427899204858e+01
-7.780444600977048708e+00
5.191506484024052526e+01
2.792773562080640204e+00
-1.475398018220545282e+01
-6.092268321519349428e+01
-2.671610245928820859e+01
-2.158176629617999254e+01
-3.606198405510838256e+01
-3.267871691431381009e+01
-3.890787622407913204e+01
-2.581018405308465447e+01
-1.786815009547143518e+01
-2.777911199644233875e+01
2.637569479238887027e+01
-1.169587115599813387e+01
-4.975070541188318884e+01
2.264083327987398775e+01
-1.715551510009971636e+01
-4.567520406374556785e+01
5.466594481569596553e+01
-1.464165762468289245e+01
9.652657593793662727e+00
2.256534267195058874e+01
5.065448958575075267e+00
1.495247044788590074e+01
1.810331633149417030e+00
1.107026291227608539e-01
-8.349115258061779343e+00
-4.247556672237334396e+01
6.706294653701647235e+00
-7.019587182008012860e+01
3.995726855623206575e+01
-2.398542363163898017e+01
-9.934558611874507505e+00
-1.025011781141483880e+01
8.472346896930032401e+00
-9.632054311888481379e+00
1.524154617111349808e+01
-3.115536513252986595e+01
2.021839257590420402e+01
2.433127345897782234e+01
5.918451924343770543e+00
6.451846511741962331e+00
1.219320784831246840e+01
5.117753651515727142e+00
1.559970679404091243e+01
-4.501957899293557830e+00
-3.963617034281392648e+01
5.429834637883516280e+00
-1.404460077881779512e+01
-3.054674124743172570e+00
3.117586944962829421e+01
-4.537648450490706864e+01
8.052308776913434940e-01
1.171425441370473663e+00
5.159746106904322005e+00
1.770653497113049468e+01
-6.892621390730887754e+00
4.693763105772984545e+01
2.488978451640467426e+01
-8.683575193216839239e+00
-4.284468155360116270e+00
2.138200152095350859e+00
4.352423624574782934e+01
-2.990959037858010561e+01
-5.824305828352783010e+01
1.743302788543286397e+01
-6.887041769573542638e+00
-9.460536299476700606e+00
9.373930711663234661e+00
4.303812739086453121e+01
2.511135533859638258e+01
-9.087335351744229683e+00
-2.976669011230444539e+01
-4.837090481130182695e+00
1.600256278218058270e+01
-8.676273854558786525e+00
-4.225646246812436857e+01
-3.447175653871425993e+00
-5.407379250750952338e+01
-2.875711103996502516e+01
4.659849562838238057e+01
-2.957549252204444201e+01
-3.880396010915268334e+01
-2.929865257820185320e+01
-2.097774998974459493e+01
2.056070811724950431e+01
4.790194000926093310e+01
-3.750068393897549868e+00
1.471281653627883657e+01
-1.206658465514901479e+01
-3.952569247563367583e+01
2.676349102683949255e+01
-2.686966080192451045e+01
1.487752719612103647e+01
1.818372884182460325e+01
-6.065561090164493407e+00
2.154411938465321441e+01
2.346196885119748288e+01
6.469441909871486018e+01
-6.790033810314525908e+00
-2.949226037067735717e+01
-3.586549602299282924e+01
-9.755918812820794983e+00
-1.913190697872512658e+01
5.393315607781045173e+01
-2.503262750260000757e+01
6.564251953198017020e+00
2.785359215962074586e+00
-1.255390924767326766e+01
-4.846930904353843061e+01
-3.585653671810973719e+00
5.627748927363595044e+01
9.910909271396199927e+00
4.294303190629676692e+00
-3.296951316496691220e+01
-3.278764104352717368e+01
-8.032628371640065268e+00
2.624325543895042756e+01
-1.453831869061573911e+01
5.871778311676067119e+01
-2.764241059157492941e+01
1.073775514882900950e+01
-7.834603029206618885e+00
-3.701548116725217596e+01
2.487219349390812795e+00
-2.929177654997306490e+01
-4.219409803399798875e+01
6.336166145895163027e+00
1.080190828522987090e+00
2.985552178609925988e+01
1.350233783337229454e+01
-1.920229731982546895e+01
1.232659493599544476e+01
-4.998332495512175910e+01
-2.733964301250472317e+01
5.100321598480339702e+01
4.706689445984338249e+00
-6.043486523008311906e+00
-1.700401320680310846e+01
-2.497002281956781644e+00
-5.641496735588589218e+00
5.090125515016725899e+01
2.379587314736637182e+01
-6.747591151067751980e+00
-2.005645619959352643e+00
-2.247582113378665269e+01
-8.972421355662902442e+00
-3.598597308321569699e+01
2.824792025340804713e+01
4.000329023694263242e+00
5.882291350049854373e+00
1.022750490736036966e+01
-4.594234176519417900e+00
-1.175188573605099585e+01
3.072533029955057060e+00
-6.183893070659719626e+01
-8.852926764482617727e+00
-5.862124741862061228e+00
-4.413488830565555077e+00
2.754250046572767019e+01
3.715095542650251303e+01
9.874070567480714544e+00
-5.439566697006370077e+01
3.555391660381650354e+01
-1.225434943848455305e+01
-2.139637139220454287e+01
-4.983470984713167695e+01
-1.721004227442067247e+01
3.548414933382098013e+01
1.747830876182774773e+01
5.803510422682791159e+00
1.925458946878381994e+01
-3.332586043247223984e+01
-2.659174701700675314e+01
3.225934730705409947e+01
2.224174953860837434e+01
2.744895649378921121e+01
2.790416981039143707e+00
4.843243788612880962e+00
3.114426251218051789e+01
5.518667949047764409e+01
-1.193055578731491551e+01
2.202336580303938263e+01
-1.477808692999298046e+01
-2.505814383394819345e+01
-1.980484038690813975e+01
-1.989918592107633799e+01
-8.261117626486168319e+00
-2.715571975273482508e+01
-1.119724698033923005e+01
-7.752905820398969183e+01
1.937200429313736549e+01
1.266853167856074691e+01
-2.693278656382787517e+00
-2.218807977556366495e+01
-1.057464234659883573e+01
-3.135175189709559618e+01
5.622457013871070330e+00
4.602135880552604874e+01
-1.258034714213630423e+01
-9.646796203706443862e+00
1.196280026701720089e+01
-2.917394130240191430e+01
4.835605388410697714e+01
8.404030208406197744e+00
7.920048485688312212e+00
2.827095389696651750e+01
-1.435660445652416684e+00
3.196332872032445493e+01
1.079255790055302100e+01
-2.247723843299354485e+00
4.693517220679922275e+00
-3.635643786969779967e+00
3.781291082518453095e+01
4.909386263617705026e+00
1.038014536062689785e+01
-6.629754481259340082e+00
8.010535559841898134e+00
-5.264136684175301184e+01
-2.011464521523868143e+01
-2.781275404396490103e+01
2.708216484651464384e+01
-1.826724365315729415e+01
-3.424162483830895098e+01
3.302201158457711472e+01
-6.960793623953506426e+00
2.311866758748641359e+01
-5.139822754031678187e+01
1.061027623680601195e+01
2.956105800432823116e+00
3.469318411594940699e+00
-6.624382665430744055e+00
-4.141184401452449038e+00
2.893932348026707757e+01
1.050509384999998019e+00
-2.891513685018512092e+01
-1.069165985443059697e+01
1.255185967685676474e+01
-6.556512808039929041e+01
-5.014938985181779429e+01
7.382324491702547675e-01
7.993815595365475701e+00
-2.678237233943460893e+01
-1.090499640792472746e+00
5.989766266593079536e+01
1.597253978869258617e+01
-3.065174368520598591e+01
5.322054990365273852e+00
-5.276870495646718950e+00
7.126892613074303995e+00
-2.025226493133061467e+01
1.252319333051262973e+01
1.496056700177399534e+01
-3.944563802246761952e+00
6.348669862922579910e+01
-4.499666650038719240e+00
-1.798621882078163026e+01
1.357772945424170530e+01
2.441875926240822992e+01
-1.924034316001407774e+01
-1.029455848108703719e+00
5.568099890510636385e+01
-1.584943590013551784e+00
3.336610967854772980e+01
8.323100960870533527e+00
-3.983180447192793849e+00
-1.287456016313535656e+01
2.967469282769413041e+01
-3.178836046856327613e+01
-6.163264861905872749e-01
-1.034377984866591760e+01
-2.258260389774123666e+01
8.508277700983583713e+00
1.509354967660584634e+01
2.450549695958102348e+00
-2.474109704909324137e-01
-2.260107767613328633e+01
9.200692316281745775e+00
-1.870193858112344287e+00
-1.287758267692879599e+01
-1.145887081997030066e+01
9.412448976622044938e+00
-2.132334103550022064e+00
-2.149579216639929768e+01
-6.195510423817356127e+01
5.909718947625435703e+00
1.097678650523857868e+01
-2.754900521387209267e+01
-1.356220748883117722e+01
4.699777328268453402e+01
6.368000082318062027e+00
2.244363804856129718e+01
4.902732626366599789e+00
2.264143636959954620e+01
3.252037631331546663e+00
-2.215019008722622118e+01
-6.165811283801161835e+00
3.089759752387891467e+00
1.788390968281902360e+01
4.288948198839165116e+01
2.795669094717464986e+01
1.722555773388080524e+00
9.680087536714552243e+00
3.443972454714155162e+01
1.501685381912966122e+01
-3.942621540769721378e+01
-1.567796099112024422e+01
6.379855489281681002e+00
4.844874652719255437e+00
1.401519653450537817e+01
-2.945432773137369509e+01
3.989641045981990430e+00
2.457825266604908165e+01
2.719419890260074624e+01
-2.443452325273150905e+01
1.950941349929280477e-02
-1.274340390698711190e+00
-9.700204794431016353e+00
-1.613848652588509935e+01
-8.790643545828544347e+00
-4.984696903095475307e+00
5.742598261789140679e+00
2.405228407220749887e+01
-1.755145223794190201e+01
4.601521184945767118e+01
1.865926391058735589e+01
1.526384425994825733e+01
2.015334940094529159e+01
1.542305233247935803e+01
2.065148630066252267e+01
3.112735485189952556e+01
-2.591431050573388717e+01
3.541326762704628095e+01
-6.488916697939953337e+01
1.801981537391878874e+01
-6.080114595196531013e+01
4.743991799374776974e+01
4.289553615727585623e+01
-5.334865160118511085e+00
-2.740088967740243220e+01
-2.413602317876961934e+01
-3.129769429322180940e+01
-3.604429286107421149e+01
3.217596687235442232e+01
2.393787925677141004e+01
1.359985312457156681e+01
1.610967061844269210e+01
2.538267903364604194e+01
-2.228457785360080834e+01
-1.006451585618557942e+01
3.137573659213683896e+01
-7.435243931773513282e+00
3.035099424841322957e+01
4.237186147099743039e+01
-3.273945424286587524e+00
-4.165367795439408383e+01
2.849489068079776644e+00
-1.443065870705556364e+00
-5.811330918942246626e+00
5.669824206242424225e-02
-3.709082123711323220e+01
-7.156636110883596302e+00
5.058843107861422439e+00
7.556541174266754979e+00
2.779139681182977029e+01
-2.427705283406494630e+01
3.170934523083820977e+01
-2.269936804180080969e+01
1.460329188405336254e+01
2.298861629955158747e+01
