---------------------
  #    meV     cm^-1
---------------------
  0    6.2      49.9
  1   11.1      89.7
  2   12.5     101.1
  3   20.8     167.7
  4   23.7     191.2
  5   27.2     219.0
  6   28.5     229.8
  7   29.5     238.0
  8   34.1     275.1
  9   46.5     375.4
 10   65.0     524.6
 11   68.2     550.2
 12   78.9     636.3
 13   81.2     655.0
 14   90.9     733.2
 15  118.2     953.5
 16  136.6    1101.9
 17  139.1    1121.6
 18  145.9    1177.1
 19  168.8    1361.4
 20  177.4    1430.9
 21  180.5    1456.0
 22  181.6    1464.8
 23  185.1    1493.0
 24  356.6    2876.2
 25  374.6    3021.5
 26  381.0    3072.7
 27  407.9    3290.3
 28  424.9    3427.2
 29  471.4    3802.5
---------------------
Zero-point energy: 2.237 eV
