-3.468655129144923421e+01
-2.020291837008755920e+00
-7.144623536908270012e+00
2.406080123353341804e+01
-1.191842625878540218e+01
-9.207311318088159169e+00
-2.407008793408166980e+01
-5.032428084609161090e+01
-2.147689635995097035e+01
-2.259323870350232255e+01
-2.099711668694462219e+01
4.270356164154437195e+00
2.000761398080825870e+00
-1.086571048994215971e+00
1.724806504188308054e+00
2.652034749032242189e+01
-1.020378906009634079e+01
-7.195614558463105936e+00
1.174491320741981326e+01
-6.193987265137134557e+01
3.104661617636742221e+01
-1.331452526690691229e+01
-2.399982524930319272e+00
-5.596616798000013659e+00
-9.611214348295789023e-01
-2.138637894713781407e+00
4.802911592516750261e+01
-1.504815139446017724e+01
-4.014190044179713368e+00
-3.038257536748147913e+01
3.924027934775335780e+01
-4.325901234858037014e+00
-2.135912282409219642e+01
1.122540432491022955e+01
-2.052598081372138950e+00
1.302948508185070864e+01
-5.408472991598785029e-01
2.723172710844067979e+00
1.894311403303992591e+01
-5.465203081374858129e+01
3.045094124926231416e+01
8.137503754374691312e+00
-6.281008534455054360e+00
-1.747911419928307453e+01
6.901230916582420605e+00
-1.095508146311109954e+01
2.490287433693828234e+01
1.990073369001413539e+01
-1.281379417481792871e+01
-1.638161592014057533e+01
-1.729518235524000147e+01
-2.081118674160076409e+01
1.056976192930252978e+01
-2.708714625155334943e+01
8.299882428662726852e+00
3.462937312463681394e+01
3.991852662987595579e+01
1.858541672054820992e+01
8.304551446498862788e+00
1.735697241679309855e+01
5.091836491516340857e+01
8.584955212827026116e+00
-2.984968326932168026e+01
-6.031711299479354693e+00
-1.408367203464933937e+01
3.326578120947098682e+01
-3.939046567074352367e+01
-3.433597609720436594e+01
-1.749784368645299537e+01
-9.825224734648941194e+00
-2.240418162012753100e+01
1.571148147613922674e+01
5.195259278507421641e+00
7.838523517555614717e+00
-2.167180641396286589e+01
-1.896984106342503651e+01
-3.274454774788749489e+01
1.802005070225646932e+01
-1.877381395723953261e+01
1.695087296770617513e+01
-5.413427911117013380e+00
-1.488562725701504519e+01
-2.867911623601931126e+01
-8.519606023408471174e+00
-6.113456199074391861e+00
-6.875476861110840332e+00
2.237430053406411901e+01
4.194026906252084075e+01
-2.466100541735853469e+01
-4.297776498698461722e+01
-1.078084845995338981e+01
5.949975689967601511e+01
-3.246860988580517926e+01
1.792371946414780837e+01
-6.529275711966590734e+00
-3.339399673639793775e+01
1.381024524819592614e+01
1.956849556129094481e+01
-9.672122104372675722e+00
1.835947380454013000e+01
-1.343645008416285691e+01
-3.131387318806494591e+01
5.258345834750042513e+01
2.505635196735926229e+01
1.417346596673311865e+01
7.881029629828475436e+00
1.499010970932549469e+01
4.524720833516761331e+01
-1.477389538677112668e+01
3.351062479369815605e+00
-7.576947051783258757e+01
8.802081875091573693e+00
-3.711820790248691537e+01
7.778809262786182899e+00
1.222767450268328560e+01
-2.000505647644234841e+01
-2.836319536847020117e+01
1.209298723627910022e+00
-1.688506010855041950e+01
2.139901658212846769e+01
-2.782842967639434306e+01
-3.090536755707603334e+00
-2.016444299105036464e+01
-1.955667530740100801e+00
1.112867577974185451e+00
1.249094544189878775e+01
4.323647916689878912e-01
-2.891988087103868565e+00
3.567732580200798509e+01
5.050699410658550903e+01
2.727598397010577003e+01
3.941298263505571242e+01
-6.482768174289454066e+00
5.569437645622514310e+00
2.947151203754208382e+01
-4.922576581177509070e-01
-4.219190809514591933e+01
-2.261509507009172992e+01
-2.812635189140385705e+01
-1.536849416080224984e+01
1.590028797349501133e+01
-6.594204836300815487e+01
-9.284227137764020199e+00
2.460885174635285466e+01
-2.080396908654230970e+01
-1.730165923454239874e+01
3.311348782359186771e+01
2.471883274823255761e+01
-1.837663302948512012e+01
1.546427166787728424e+01
-1.409046451817373224e+01
1.895832067029262902e+01
1.852459546322791084e+00
7.351283764736109561e+00
-4.737313340786325000e+01
-2.627595227572143699e+01
-4.803822994273957647e+00
-9.086661404185543134e-01
-2.268993342248609224e+01
6.040420539125761934e+01
-9.685793337546499515e+00
-1.791878600264801946e+01
1.975645660221425715e+01
-2.551432668203598553e+01
-2.033803489410652787e+01
1.816495889231617866e+01
7.114310520981156571e+00
8.532596120987193444e+00
8.738757418092887974e+00
-6.133506039453976655e+00
8.860244659930884836e+00
3.239152781381762480e+01
-1.469814667949893305e+01
1.067909421156036842e+01
5.054035049494726195e+01
1.815861406791809429e+01
-4.200752242571240913e+00
-1.137590401506837168e+01
8.650399420124306005e+01
-1.186117232491096729e+01
2.082998282944208768e+01
1.439467946718420421e+01
1.634801852571399650e+01
4.911936462016518590e+01
2.661894349228452938e+01
-1.506761770813783485e+00
1.346136615322046737e+01
2.727486190927930920e+01
1.999485713814087262e+01
-3.233967383160774034e+01
5.236051857595629144e+01
-4.660892519900232855e+01
-6.819425008016011702e+00
3.058307314262364685e+01
8.331503261720310860e+00
4.180271041818627964e+00
1.573274139032583463e+01
1.243389249015018549e+01
1.911925393012819541e+01
-3.476373160836891429e+01
2.221080842609126194e+00
-1.476847771872053272e+01
-3.713131030419873468e+00
-2.484206677594102075e+00
-5.960098647278410766e+00
-3.191763565292319527e+00
4.652558734312108868e+01
-4.706821687655249775e+00
-1.442404522633322017e+01
-1.432504027598746177e+00
7.221908633354885865e+00
-3.311174885989855454e+01
-2.843185143328673803e+01
-2.014614273045756931e+01
-3.432688277400063726e+01
-8.885829974816619625e+00
-2.317944481808481427e+01
1.013161088632381279e+01
7.252283270835562234e-01
-6.947575583000940469e+00
-4.582975647620557424e+00
3.183797447053365204e+00
-8.124757141485133616e+00
3.781573628876672899e+01
-4.802903236603589221e+01
-8.421294588647615598e+00
-7.497646462950715573e+00
8.847998187356694189e+00
1.252104342090085254e+01
-2.609991631790205702e+01
-8.426057989367478740e+00
2.384082971826288144e+01
-1.114374267211851333e+01
8.818173670230407879e+00
1.891227784696320668e+01
-1.620414277522854718e+00
6.186257635856509296e+01
-7.739103238585414601e+00
-1.756260932202980030e+01
1.773799477424063298e+00
-1.362543844918917557e+01
3.030906971137022765e+01
-2.350446753217569551e+01
6.740722030453923708e+00
3.145951174321831445e+01
-7.024594099032299255e+00
6.557898991127876798e+01
7.099934547909833782e+01
-3.680103529133975826e+01
3.268712233862086691e+01
1.206731540483929166e+01
-3.088099443070326799e+01
9.193923251868341140e+00
2.330054504527707593e+01
2.382663457947566599e+01
1.285958237263443493e+00
9.399490630284560666e+00
4.125855381971695124e+01
-1.301037295495001445e+01
7.904703028449205249e+00
3.978519238519913870e+01
-2.050442998812768280e+01
-1.104754528730276775e+01
3.101705173193954579e+01
1.591083346602734139e+01
4.193263780794160311e+01
1.671504888272167477e+01
6.017103205437024371e+00
1.477457683191504145e+01
2.241715345681406291e+01
-2.968462061084017023e+01
3.795487319726504438e+00
1.371198263850132371e+01
6.432702947052462150e+00
1.310282062026227834e+01
-3.390455613358106746e+01
1.770324062900266426e+01
-2.365848193814395017e+01
-1.843958176098240642e+01
1.183041649417288710e+01
-6.451383850909763851e+00
3.203295070109274434e+01
-9.229804550688925247e+00
1.665763247690404114e+01
1.792609183731514122e+01
4.300874996184628429e+01
3.018744456012882438e+01
2.700764439938357953e+01
-1.825967670850900504e+00
-4.636671684307714258e+00
-1.769260586887395448e+01
4.421447657807590303e+01
4.398106489092191396e+01
2.161878863808647111e+01
-1.392724773316706433e+01
2.754742130555553103e+01
-2.830828940927119675e+00
9.869220312449620280e+00
3.659094911865105360e+01
-6.775043776951292784e-01
-4.390260227932429871e+00
-1.113740832245480306e+01
-3.238745856008327451e+01
5.287724839725606785e+01
2.800599224142717958e+01
-3.306162654457909156e+01
-9.107016792343330280e+00
1.457775262035835340e+01
-5.520355114593343160e+00
3.513201459339674670e+01
6.952533986488646178e+00
4.426108254236038420e+01
1.922341362541643051e+01
-1.257336237553539604e+01
1.108382564092846678e+01
-3.470215824682156835e+00
-1.520238767252908474e+01
8.698492818658110082e+00
8.294519671596049193e+00
5.200449971471404353e+01
4.370340037352397644e+01
3.072983269907631154e+01
3.695020191393473397e+01
4.807058314943091659e+00
-1.436493236916271599e+01
7.925255564932683683e+00
-1.851871311993120273e+01
-2.976068527543612419e+01
-3.085582881712241488e+01
-1.731225242398986097e+01
-6.031559057026737491e+01
-1.935137805712915338e+01
-4.806245152599335313e+01
1.302049233961159125e+01
-2.569209023219313792e+01
2.583349091194546077e+01
-5.491322702300598735e+01
-1.651920727441434167e+01
2.375033433840965813e+01
1.161685546763879984e+01
-4.927359777930426077e+01
3.139128308680096779e+01
-1.435589477893773847e+01
2.986532142357377495e+01
-1.286234668085299404e+01
-4.349155638795983236e+01
7.963806561587077226e+00
-3.613136445274670905e+01
-4.126020451912751241e+00
-1.668646741326505811e+00
2.267725984111650916e+01
6.994497980897955358e+01
-2.393286455261605283e+01
-1.939068898168943633e+01
-2.331774221253482438e+00
-6.328290347910524360e+00
-4.480985994085857271e+01
-3.091703937171138250e+01
2.653707267982605345e+01
-1.177654929579111354e+01
1.124539498300094920e+01
-2.725151060857606922e+01
-9.118345578355445014e+00
-2.301293194707653811e+01
2.861553773836271830e+01
5.260326409857498220e+00
-1.238136876242634798e+01
-9.449810702955716124e+00
6.601261003905236180e+00
-4.536948488820883085e+00
2.391643363356774898e+01
-1.430205424978947804e+01
5.544240187108016471e+00
1.969127090980769879e+01
7.603483601758966870e+00
-1.180515810668703125e+01
8.535144499766846593e+01
3.264977379811344349e+01
2.366009716901650961e+00
5.665184233194281660e+00
-3.476986962312446394e+01
1.867374643423900693e+01
-4.243764708871768221e+01
-1.614941507068300552e+01
-3.054771086489432719e+01
-1.098820430273528359e+01
3.153126773098085778e+01
-3.147044973228172182e+01
1.331131454635330158e+01
-2.128723663586129078e+00
1.153668720754282617e+00
-1.990108427939262015e+01
-2.462348548128804282e+01
-3.129749391522636870e+00
-1.982908397633988784e+01
-1.097856612840436696e+01
-2.294694268059913611e+01
-5.150392634530284397e+00
-1.927774229596344924e+01
-2.787045760508802061e+01
1.159236593974745944e+01
-7.972662622832146440e+00
1.360151876487458367e+01
4.715266162839331088e+00
-4.228576740743254447e+01
-2.913581142585461947e+01
-2.536103741449269933e+01
1.798696578922465505e+01
-1.360208514288942183e+00
-3.442342815989059090e+01
3.271631583764577300e+01
-2.173054683050798985e+01
3.173326212862721007e+01
-1.757518317806023589e+01
-2.683202663192412274e+01
1.314087972263990878e+01
-3.772605305767326200e+01
-1.911116843110517038e+01
3.440554014316595044e+01
1.047282902385734360e+01
-2.440346075061995634e+01
3.014865816505945872e+01
-1.008079050032358737e+01
-2.111579903041712214e+01
-1.689109162473275205e+01
-2.782844229446948248e+01
1.540355150697659070e+01
-4.993450086628047302e+01
-4.399492524456502451e+01
-5.647862903671807544e+00
-1.672244091785100295e+01
-3.284228193834573517e+01
4.083363039103340952e+01
7.453745646026223426e+01
-1.526240283904954254e+01
-2.005277370982668117e+00
-3.365683168832776317e+01
3.641981713603536264e+01
1.133452023754688298e+01
-1.332082157172817460e+01
-2.023437331507784620e+01
8.189806048460710031e+00
-3.224412425984141350e+01
-9.819958654943008014e+00
-4.830976324203967920e+01
2.026562149033173910e+01
6.121278810526121106e+00
-9.839177881434579831e-01
-5.768212799501156951e+00
-2.225812596393973308e+01
-6.093253425599158390e+00
7.290526963070887234e+01
-1.018936126576522838e+01
-2.671583787755932349e+01
-3.884428641823470230e+01
7.754409552314257326e+00
-2.084840048097102283e+01
6.057282956412393560e+00
1.686212432319269539e+01
4.253251301182487509e+00
1.739524148073258303e+01
8.402274491957257396e+00
3.255020170621241959e+01
1.462446999800732783e+01
-1.946164872165322635e+01
2.668004128252965756e+01
1.940881006619937921e+01
6.879443722135150097e+00
2.356379673681914255e+01
-1.579379887424038742e+01
4.102369071459744987e+01
1.310941177817932157e+01
-1.764100728420250874e+01
-3.261529611545340046e+00
-1.003441313408643509e+01
1.136293792894488774e+01
-1.295722732758679996e+01
-4.404172715986362618e+00
-7.129438816629885878e+00
4.502132358883289953e+01
3.072337642273248548e+01
-3.609870504681141057e+01
-4.526758772842100598e+00
-2.935624771170864733e+01
-8.066955032858032837e+00
-1.312199762133585068e+01
4.778621515507211370e+00
-5.652624707177249519e-01
-1.598979255156099555e+01
9.458887812240220683e+00
-4.597752504830943110e+00
-5.212556485739483492e+00
4.792296416725716313e+01
8.017198283535304171e+00
-4.590084652521617414e+01
-2.205990564882819172e+01
5.328518954921383965e+01
1.515555779423434046e+01
-5.295226134003712559e+00
5.940424038703530130e+01
-8.970549770840761994e+00
-5.075634285716233762e+00
-4.494792278026238819e+00
8.611119975061939158e+00
1.733920510445095431e+01
2.434721039428715983e+00
1.612307499235060959e+01
-7.099820369784922036e+00
-1.956671342780229850e+01
-2.316305324465868409e+01
-2.666462638525035800e+01
2.288926742392524716e+01
7.202801894000849359e+00
2.120703281796223649e+01
7.740402699884555204e+00
4.963056036327759557e+01
1.039110228474037712e+01
-4.483731660705933564e+01
-1.906331598225812485e+01
3.398021088829693781e+00
-1.619780949278933235e+01
3.511885485864209500e+01
-7.741389626623231379e+00
9.352846849747294300e+00
2.931824617359468732e+01
-4.151279159057878587e+01
8.316627949278932874e+01
1.152790669317033689e+01
1.325485231196370250e+01
2.010138396543227657e+01
4.146126365093010691e+00
-2.398676852704966223e-01
1.949052830536754755e+01
-2.059097163677498088e+01
4.613404971627019791e+01
4.079823985891225391e+01
-2.317403789407001113e+01
8.925703126077678462e+00
3.889981187926616713e+01
-1.143289554616642079e+01
9.705374625288328616e+00
2.094654144483855163e+01
2.253900174623933594e+01
-4.244086092981058300e+01
-5.705865752809359037e+00
-1.703171778611309151e+01
-1.710150972032010941e+00
-4.418002550793989514e+00
9.715108708801949433e-01
-6.935714034153932062e+00
-1.765807134500528264e+01
7.338977650224734361e+00
3.812353503562803780e+00
2.948329467018883676e+01
-2.434254119446448783e+01
2.424584713688562942e+01
2.625906621594252499e+01
-6.930883668946989928e+00
4.526655974078759925e+01
-3.783121651994810009e+01
-5.729089531933437485e+01
-4.806455055398764387e+00
-4.420047333167417491e+00
-6.764536047152205356e-01
4.442920871170164787e+01
-2.714651606516760296e+00
2.379621640816620243e+01
2.987299070290579550e+01
2.076409880476757053e+01
-6.407452661917091064e+00
3.312272698152588646e+01
-8.838857905918786173e+00
-1.969961489991652570e+01
-2.273661708424390326e+01
6.028226965911990476e+00
1.964607766283506862e+01
-7.313495803789749061e-01
1.934170216976178835e+01
3.170564840680469842e-01
3.366272401464856046e+01
9.620077995469330290e+00
5.011358498653009974e+00
-2.090069385199626595e+00
1.789275605054058360e+01
2.085116938183851687e+01
9.553707438912539374e+00
-9.931981207477207363e-01
-3.054679744211539116e+01
1.616854964864793942e+01
1.056032020832319063e+01
1.972651213828713423e+01
1.563219733661770761e+01
2.006908546722550568e+01
-4.823522984643091149e+00
1.730391288343849965e+01
-1.490456320605517249e+01
-3.802903226635976353e-01
-3.008047574131902024e+01
-1.705668011411123075e+01
2.233215540931453091e+01
-5.001312842331270758e+01
1.472400467266874102e+01
8.800885154248135223e+00
4.607988181930424787e+01
-1.049225987597432663e+01
1.850673746533720276e+01
-5.516733280386972638e+00
-2.688089579795930106e+01
-3.771387813386257903e+01
-6.503250816287113878e+00
-4.906405539265880122e+01
6.515723485768489809e+00
-1.101683390507110261e+01
1.711525125183371188e+01
1.307031220023026208e+01
-1.585243830913498186e+01
-1.622666667731874668e+01
2.273008122071092174e+01
-3.413929202192193202e+01
-6.764345668286182445e+00
-1.049561985375042639e+01
1.519300933413110499e+01
5.368630948246106982e-01
1.488563709806911106e+00
-1.047774947784116506e+01
3.040218100078209318e+01
-3.077682198905881705e+01
3.762018240880536268e+00
3.340608189233148551e+01
-2.041776105032649014e+01
1.714513458938100143e+00
-1.361161908414487698e-01
-3.611301183528330228e+01
-2.218958816941119494e+01
-2.756597089493523001e+00
1.566887394201594219e+01
1.830813582371226289e+01
3.387586944223500041e+00
-5.364391070791327820e+00
9.882065492247136262e+00
-2.360248558228423121e+01
-1.102479512441760789e+00
-2.877863195232237103e+01
-1.547218533658484318e+01
2.696239509299357451e+01
-1.583076257137821585e+01
3.764762254392726959e+01
-1.333900287754534020e+01
1.816510877717665551e+01
1.401404678972060225e+01
-3.517173578058013561e+01
-1.392405727979040364e+01
4.841573750206251248e+00
-2.317310451142409988e+01
-2.091361573172435584e+01
-4.845822702909401869e+01
-2.998291994239266955e+01
-2.832082783163403406e+01
-2.437307206774158885e+01
4.601068466311062366e-01
1.011083302888125957e+01
3.789088461709965827e+00
1.351278814585752741e+01
-3.149244798935482947e+01
8.459195012591692375e+00
1.495917632213684101e+01
-3.735681250338713255e+01
-3.448144356977056191e+01
-2.341511169514319590e+01
-1.508626763425721862e+01
9.004046607135705926e+00
-7.410390016263477264e-01
-2.336448240872382343e+01
1.659837891368511009e+01
-1.324794787683184438e+01
2.784342725554512299e+01
-4.932856805952488344e+01
3.508025111691320319e+01
-5.010690835496202311e+00
-2.223025640302707018e+01
-1.389778162667133898e+01
1.032992517901909935e+00
2.481744413641069613e+01
-4.086463764855859893e+01
-6.548377484949668315e+00
-1.122196838809710329e+01
2.477990511369783633e+01
4.631378405242082863e+01
-5.508453612493502760e+01
5.153031170156208418e+01
2.303361106263845670e+01
-4.135556613340695975e+01
-1.768560365683954672e+01
4.391469513716998563e+01
3.292992627437541842e+01
-1.153745725562481539e+01
-3.253439300401026912e+00
7.952892884955133468e+00
4.137356088426824385e+01
-3.146504088894717199e+01
7.024613980374581956e+00
-4.634753243514950327e+00
1.511367462219880053e+01
-4.021226907602068223e+01
-1.822621745577592378e+00
-1.684390171959254090e+01
2.646285233828815819e+01
2.332818291836886715e+01
-4.837162462493483872e+01
-2.646086685639522784e+01
-1.195534398470363158e+01
-2.359595449573509995e+01
-6.455015668179996169e+00
-1.126746629333462124e+01
2.492021513400490562e+01
2.329207403058146042e+01
-1.172451309599324532e+00
-2.544364542417988417e+01
-4.712032041565277041e+01
2.635603294068658897e+01
-2.720565493161398507e+01
-2.016535053548469136e+01
3.286310948110340746e+00
-1.989297079277352509e+01
-2.164424371542543213e+01
-1.586494307990285080e+01
-2.653738029251161379e+01
-1.436047856895493879e+01
-2.879267975821421999e+01
3.099207365329350949e+01
3.401851151906360826e+01
-3.670366136756229025e+00
-1.214466162721799947e+01
-2.392921796472933238e-01
2.520100230300522526e+01
-4.761167744736370366e+01
-1.100802418297146801e+01
2.725590235910652837e+01
3.927558074490561069e+01
-9.293065682361628888e+00
5.484448937943056990e+00
3.039557069401004696e+01
9.190741509865247849e+00
-5.439798751126261322e-01
-2.464866395376242281e+01
1.117278242522792198e+01
-1.920882717199273770e+01
-5.808382000636612474e+00
-1.076953598412387691e+01
-9.109215126018654018e+00
1.256021173245329692e+01
4.381788215298755063e+01
-1.325201290497204809e+00
1.896076453272101503e+00
-5.044048216846034904e+01
-1.049582330262666119e+01
-1.992797735816103000e+01
-1.047920917197302515e-01
-2.603318621105279362e+01
4.728942953862326704e+01
4.495424179995336544e+01
7.766690832744203021e+00
-1.094749974009963012e+01
9.208391817664420387e+00
1.140919900132597320e+01
-2.643899243164119639e+01
-4.660474624670939647e+00
1.051334527170507727e+01
7.374394994934263536e+00
3.053181354017655735e+01
2.239706239161301937e+01
-1.174199487561776323e+01
1.441972883769219038e+01
-5.495317566568307655e+01
-6.772655688120181594e-01
4.834927497505302085e+01
6.605246382235350211e+00
-1.156029829726264779e+00
1.693364756864548326e+01
-1.587746113206146248e+01
4.981605822269574446e+01
-9.219737472079273743e+00
4.457357073738094755e+01
2.172620857282326057e+01
-2.244430651857169323e+01
1.794644383345264771e+01
-1.697438565206761041e+01
-4.009832275027139303e+01
-3.580132384487370700e+00
-3.087853923856656024e+01
-2.914161254710734283e+01
-2.743247941084916874e+00
2.003567438112600030e+01
-5.388284270548240329e+00
-1.735933939384614177e+01
4.975532621056572680e+00
-3.839204064895457691e+01
-3.908149027017481458e+00
-4.601545508267355444e+01
2.707323270892345590e+01
-6.648788680046209265e-01
-2.769255093262732714e+01
-9.189873758900262146e+00
1.026195378716312234e+01
-1.962182296153919481e+01
-2.532690615377637755e+01
5.233722296766957527e+01
-1.342783223177877971e+01
-2.234924309227051253e+01
1.514180444146058591e+01
-9.808835947156687496e+00
3.035881516463216556e+01
-2.539692617972377775e+00
3.880113180101943726e+00
6.001884183221659441e+01
-6.900901418050096936e+00
-2.035838287893696474e+01
-2.391861943279241132e+01
-2.825707492078612404e+01
-1.899201582453196124e+01
1.505152043200257594e+01
1.507976983435275997e+01
1.236848804136445779e+01
4.082669807621516611e+01
1.841170202253522348e+00
1.161830514216499921e+01
-3.532384012392051886e+01
1.484949573205142315e+00
-1.032351398183021729e+01
-1.479376466920587063e+01
-1.933265614735546478e+00
1.872164248123732477e+01
2.123121118658821160e+01
-3.836237578798868952e-01
6.787975184767219616e+00
1.531165772204300168e+01
1.938148143201519247e+01
-1.360676909405935930e+01
-7.035928951498590322e+00
3.860220593147403179e-01
-1.283845143075592432e+01
-2.805019752339831030e+00
-1.997214742243386354e+01
4.414630874519579606e+01
3.575336814363811300e+01
-9.053391193921697777e+00
8.905742746927671760e+00
-2.574306769292702413e+00
-1.669574432358125193e+01
1.984931703393483104e+01
-5.318567140707671115e+00
2.224904328835677347e+01
-2.913974302479698508e+01
9.988383338873205730e+00
-5.516630416872203568e+00
-2.998270607194052673e+01
-1.358711314549839244e+01
1.486861106983454306e+01
-5.083300387320666403e+01
2.395150464504422416e+01
2.594255056681262772e+01
-5.568993356104680714e+00
-3.328324225125882663e+00
-1.761168921276322408e+00
1.391138277719596772e+01
-1.818232626450890166e+01
2.009974104394646943e+01
1.698531390360531645e+01
-5.474710376222816421e+01
-1.971501661541745420e+01
1.323433748242896968e+01
-4.732821700213037275e+00
2.417240033733755666e+01
-3.549525318753347847e+01
-2.984405038352917927e+00
-2.331605745245575889e+01
-7.164362326118501301e+01
4.283906291177949299e+01
-3.250004413392952074e+01
-3.408339620209411436e+01
4.967248355882951216e+00
7.224096280646278956e+01
6.392739351011016424e-01
-1.566781543996577852e+01
-1.743841284545965209e+00
-3.063062312350339766e+00
-4.772131804628735097e+01
-3.413298198315983001e+01
4.564933748326227203e+01
-5.707263106659041796e+00
-2.098642374616258621e+01
2.748934370222991674e+01
-1.999968372751467172e+01
2.055368353224110933e+01
2.966172277728458795e+01
-3.181354282624214136e+01
-1.565083057009198342e+01
-1.936705429784555577e+01
-9.995857269317383498e+00
-9.806276933335816182e+00
-5.796734132059043532e+00
7.967972356713403315e+00
-1.901300641458524154e+01
1.580322918307284397e+01
3.226531366327751016e+01
-5.007631010033239960e+00
-1.135236270998962027e+01
8.122965039310031443e+00
3.119109056646919953e+01
2.907883259794067499e+01
5.458001880694411057e+00
-3.093621502237596133e+00
-4.858870691560767341e+00
-2.827768334050534804e+01
2.141665298612224433e+01
-1.242782722445453203e+01
1.106026477054501811e+01
-7.779096144634081611e+00
1.504475867793397015e+01
1.019121728034944141e+01
-4.486406393519072822e+01
-1.484683593496203002e+01
-4.377185109536833352e+01
-1.988368894373559215e+01
2.951372872683748483e+00
-9.583606679071493772e+00
1.820224530039978106e+01
-1.671669009620666202e+01
2.063746582199932789e+00
5.981307231231596688e+00
3.941780289086159428e+01
1.997232451109840667e+01
-1.684873549564574446e+01
-6.806820543506830745e-01
6.763716791660840499e+00
2.134420484777899318e+01
2.075500511074892529e-01
3.041918477497745243e+01
1.250207014653470949e+01
5.044643169543536487e+01
1.059826587814626464e+00
3.646279902063132283e+01
-1.505361911260652619e+01
-2.099122639318796502e+01
2.459099618245602414e+00
5.216716102205623429e+00
1.492271485901304118e+01
-7.885181749184198452e+00
-7.614786067409482939e+00
1.443677050593065303e+01
-2.698168533568889416e+01
-3.069543136276600137e+01
4.412953720354374809e+01
-3.314699268129402299e+00
-2.175549536500947312e+01
-2.256348967496464297e+00
-7.509110240378163326e+00
2.368749249882151275e+01
1.842107578450398364e+01
-1.123171168257948693e+01
4.548181118959604419e-01
-1.472573001923895220e+01
-1.965635176796104133e+01
-1.488952084425699240e+01
-5.382258156469424648e+01
3.553389609750468026e-02
-3.583162947755182870e+01
-3.100157232330221291e+01
-2.073971288318745110e+01
1.066976704949087207e+01
-2.028826778824591770e+01
1.286241641673769465e+01
-3.409501380560021744e+01
5.854978738578040520e-01
-2.305761152130537539e+01
4.767123366768402093e+00
6.262620733949574969e+00
1.856486324591620019e+01
-1.168017718015696005e+01
-8.878443868458759880e+00
1.645477103068506608e+01
3.296260753576707714e+01
1.827715821271652885e+01
4.636239913417739444e+00
-3.992788002880348586e+01
-9.475668650582946384e+00
-1.759800621622451899e+01
-3.362606169448429227e+01
2.249669835279934205e+01
-2.020727265059849742e+01
-1.825219952127923762e+00
-1.561405087850815221e+01
-5.550198654577295088e+01
2.878347539374753694e+01
-9.789754902823290195e+00
2.255706425245574565e+01
-3.974047481673269999e+01
3.752096988098722363e+01
2.036036802525529765e+00
-1.601303788789316940e+01
4.812443690160279175e+00
-1.159027950399377005e+01
-3.646372425501644443e+01
8.045835038113196447e+00
1.984353902034861505e+01
9.749651922014663796e-01
-2.016424128199878396e+01
-9.110283062622301031e+00
9.755309264420446880e+00
1.777617726210078786e+01
3.507455137849547100e+01
1.316782067143270751e+01
-1.293650751195454518e+01
5.313025308633295651e+01
1.333987765235782774e+01
2.362222949550599083e+01
-1.016617695640780994e+01
1.558526052856061028e+01
1.090471510754871076e+01
-3.449752521095402358e+01
-1.148995368052587196e+01
-2.276643404289320216e+01
-2.054370373815714856e+01
-6.719590920028451819e+00
-7.717513882415232729e+00
-2.348427692530981403e+01
-6.166035324830190234e+01
-1.607070028166604203e+01
6.945689093895509814e+00
5.068249984480814874e+00
7.734454057544269290e+00
2.582393380151540896e+01
7.808981136214534047e+00
1.808702836068511033e+01
-2.317306841207101797e+01
2.545267998182123392e+01
-2.531155989786745408e+01
-4.002765726594401485e+01
1.223814497500774223e+01
-2.403264065902092739e+01
-2.184124445522451197e+01
-8.823436264168313414e+01
-6.440418882484202356e+00
4.539313419946063277e+01
2.357676540035213009e+01
-5.690900638307539339e+00
-7.705592031384696838e+00
2.102585089587753941e+01
3.702327810331699709e+01
-2.315821131688079504e+01
-6.004351784512437007e+00
-1.894602787530820365e+01
-1.954996879405842947e+01
-1.709484234325800145e+01
7.055593143432520975e+00
3.938808470453534483e+01
-3.628817405944732855e+01
-3.123310386229678670e+01
1.831161506626017399e+00
-5.935637143382081149e+00
-7.413518795065687783e+00
-5.020225697717125968e+01
3.501872894458827545e+01
1.333745064079585063e+01
5.229121653863057162e+00
2.694801222486000825e+01
-1.825823845358470976e+01
1.723087692727684939e+01
1.547681660058449893e+01
2.027870231602889817e+00
-3.395487726711213128e+00
4.902352755829262776e+00
-8.789118004818924135e+00
2.825336702177291670e+01
-2.229662026786465390e+01
2.398044918625257083e+01
5.365322119242875942e+00
8.045769847469699698e+00
1.266394155102113928e+01
-4.841579344802516971e+01
4.694534327280337038e+00
-3.729938896185925046e+01
-2.726584044321377576e+01
-2.728244569733625724e+01
-2.780848686461885677e+01
2.902526581669349071e-01
9.335910108676031882e+00
2.773589860385361305e+01
4.813035809756627259e+00
7.998509006312858105e+00
-3.908689519540530455e+01
-1.421249445698826719e+01
1.893996325384323143e+01
-1.135798874281022108e+00
-2.577547081938291740e-02
-4.934897783619646816e+00
1.950112954228715978e+01
-5.080416764638150084e+01
6.280794480463200102e+00
1.127521263232466708e+01
2.405987569109273494e+01
2.058947290075567338e+01
-3.150149366977153420e+01
6.261877344685785829e+00
3.257356294720864298e+00
2.632899347591461492e+00
3.314426030961072911e+00
-1.047655910390741951e+01
-1.964409022188137044e+01
1.054162814351185773e+01
3.346043926545905833e+01
-2.759401969195096171e+00
6.435719854394051254e+00
9.452751887249036145e+00
-1.427185623081086874e+01
-1.512610213699736050e+01
-6.642710702112250942e+01
-2.053191167703811004e+01
-3.038449598840955446e+01
-3.718082883688623497e+00
-3.757772285609388518e+01
4.178361594114477384e+01
-1.742399404722635836e+01
-2.983422728889956943e+01
-8.606576877323482222e+01
3.697161585237068948e+01
7.415643142521986420e+00
3.393052850935944775e+00
-3.486704020623449196e+01
4.900772000549977747e+00
-1.109844098407322122e+01
-1.823324618728686985e+01
6.522090516244045233e+00
1.878573137781478408e+01
4.067825717732361568e+00
-1.183121249101918693e+01
-1.321984622598506576e-01
1.539248966422803733e+00
8.752202523763003228e+00
-3.534256846273805053e+01
4.014508417750018054e+01
-2.385890244614223121e+01
-1.666175633234313125e+01
-2.725110100889907017e+01
-5.785924906717477256e+01
5.017397698396578676e+00
-2.912691492160735152e+01
-1.059421585297978652e+01
1.814345573559103286e+01
-1.439121697039098535e+01
-1.930037980520239671e+00
-6.545204486533833688e+00
-1.115852980952291773e+01
1.781600591945704082e+00
3.017974140738361655e+01
-2.795975214365154216e+01
5.536026792420003062e+01
-1.257886593387456742e+01
1.858986579971158903e+01
-7.667701303440168203e+00
6.333370922229352828e+00
-6.055642633338152336e+00
2.437416285689704409e+01
3.408952365289842135e+01
1.064072351075136424e+01
2.558829900463352658e+01
-1.979005174830345481e+01
-3.688687983047650221e+00
-1.241011432851888685e+01
3.816860474169357076e+01
3.203023390801092773e+01
2.420926687556163870e+01
-8.544446649579185760e+00
-1.546098528534349725e+01
1.382218496715987754e+01
-1.561980311184262860e+01
-6.891954262053047842e+00
-3.204867236431908850e+00
-1.640794485455600693e+01
2.761719145784513785e+01
-4.580897135020038036e+00
2.110008015804245929e+01
1.088957714280908107e+01
9.611292075918548505e+00
-1.839289243815056096e+01
1.471522265342430558e+01
-1.018140417684710997e+01
-6.549215201168436806e+00
-1.736277902047845600e+00
-2.673624482593874063e+01
4.143547065178597677e+01
-1.480473763360635431e+01
-1.762610132339375468e+00
1.237729786486196559e+01
1.068474145903724093e+01
4.120051854071717656e+01
-9.566479228360378784e+00
4.188350883212648057e+01
3.756821075289457212e+01
-5.205118313000730268e+01
2.818759324355532669e+00
-1.031105971538234201e+01
8.707311890122213072e+00
3.277865604563231727e+00
1.105060155216665407e+01
3.464119066659489476e+01
5.426878313972429879e+01
-4.173249817748413193e+01
4.202595274240502476e+01
-5.443122321646687567e+01
-4.513322435330370297e+01
-8.031513276232828957e+00
4.381325684693138101e-02
4.047607350691815498e+01
1.987014579288035065e+01
-6.671615641636577720e+00
-4.957621615203242982e+01
3.922726976120604547e+01
-2.318801790229395010e+01
1.007007925598770726e+00
-3.965238699332104488e+00
6.996861301693485302e+01
-1.407176356649026161e+01
-5.933409994435828594e+01
1.740887816027174040e+01
-9.041248070672560289e+01
6.394897025627301446e+00
-2.027367460801950472e+01
-1.022813405998521219e+01
-1.509312839345182056e+01
-3.249210726193288679e+01
2.126637203063296511e+01
-2.111832642411069472e+01
-6.536564152777600611e+00
-4.383571305551535602e+01
-2.430953301881771722e+00
-2.906960180704907515e+01
-4.144834637278097489e+01
-6.311332213482762654e+01
5.083294574102581009e+00
-1.977799252667787755e+01
3.486195957514780730e+00
-7.827079683386955367e+00
-4.514892016629801219e+01
-3.612216064914136382e+01
-3.030601023434280705e+01
-3.150168749191780648e+01
2.959451622136921856e+01
2.831079670986270003e+00
-2.769730642111355223e+01
-1.207308503102200348e+01
-1.365194060337113058e+01
2.236999600721075154e+01
-1.727502210063279975e+01
-4.248046513330336893e+00
-1.559266469664976285e+01
-1.986161017066784495e+01
-2.249371886749365501e+01
2.052422344345360727e+01
-8.640040943075121049e+00
-5.145900159990969769e+01
4.286088092075314648e+01
2.445768963948357211e+01
1.464148011243679548e+00
-4.342018637130013303e+01
-4.162675262542302335e+01
3.816140743350047160e+00
3.899850852953079539e-01
-1.758011375349087757e+01
-2.545729756041423997e+01
1.743604513506505782e+01
-3.066125705678729219e+00
1.461883858935038916e+01
2.724214786558985679e+01
1.765464799318348810e+01
1.775149094609916745e+01
1.328435900868894848e+01
-1.161376139638215932e+01
-8.289624278635599808e+00
-1.207858083676596905e+01
-2.041938786896093916e+01
-2.377306315360283406e+01
-3.542764104814580151e+01
-2.070679583349404140e+01
-5.688380849491409208e+00
-4.273903740759112679e+01
-7.963102070859690684e+00
2.029641796161712364e+01
-4.392356612341194477e+01
1.656397556893200829e+01
1.493923074625070058e+01
-4.001978097410608370e+01
-3.155841348431485471e+01
-9.553841324355289544e+00
9.775605230331322559e+00
-2.190808375536181529e+01
4.024161186293125070e+01
3.571729858246555978e+01
-4.301754838637958755e+01
2.487956724416329735e+01
1.936519549505044324e+01
4.867865914791821069e+00
1.206834241649951878e+01
-2.382811777247000862e+01
-7.256238557739351336e+00
4.630396381776279213e+00
1.071822422411746345e+01
2.355083763219698056e+01
-2.855113759300768805e+01
-3.331243594463046520e+00
8.326202970047731355e+00
2.997590195251547129e+00
-1.660331997072133703e+01
1.217078546671639572e+01
-1.423906869107702278e+01
-1.143496514360252547e+01
6.396589657489926140e-01
-3.391004442612903347e+01
1.664412446030574699e+00
-9.387399307823272920e+00
-7.718614069754721640e+00
4.701332282511202720e+00
-3.026963706914332874e+01
3.307715943752933185e+01
-1.405518353059753167e+01
-7.435419900661671022e+01
-4.759072403600507073e+01
2.063028416218804750e+01
-2.258278196849420283e+01
-1.050175607520077392e+01
-1.463809744351477349e+01
-1.023554910109884730e+01
-5.620107231008904591e+01
-3.525226572973679140e+00
-3.474563198997873315e+01
-1.921832053996320155e+01
1.185030606007944698e+01
4.390057519936124208e+01
1.579896245493269902e+00
-5.512359943343341229e-01
3.323907150802644139e+01
-3.092324755689223537e+01
1.781244083094023978e+01
4.244824341040953186e+00
-2.661822482901101239e+01
-1.423597827347310840e+01
1.242211435138528941e+01
3.538534635185328625e-01
6.776964487158529948e+00
5.764904877917089721e+00
-1.321310023569230907e+01
-1.813745634208180491e+01
-2.789507923034534542e+01
2.748914810229103978e+01
-3.600600389928452927e+01
-2.673003841770226074e+01
6.965413791882895111e+00
-4.854779506570442038e+01
1.257405275030933467e+01
3.580012794099297935e+01
-4.041431901603061760e+00
6.492715147007203313e+00
-1.608803595626437755e+01
-1.229341120701343471e+01
5.811611585527202806e+00
2.122420961791242888e+01
-2.167716605010856057e+01
1.508110006256531221e+01
-5.913344716647685573e+00
1.734954175186089742e+00
1.292218321497975353e+01
8.318613600088056614e+00
-7.195060776787855161e+00
1.399933338904020275e-01
1.071848949035955911e+01
1.596169188168568098e+01
-4.009835728109030129e+01
1.827688432697641474e+00
2.876276274709345415e+01
-5.155823384251323205e+01
1.695329218105860036e+01
-6.512090727942683088e+01
-6.011188580535415937e+00
-8.275253852221453599e+00
-2.884639669091370706e+00
-6.797807208109190924e+00
-1.403790770708701530e+01
-5.337484277961436874e+00
6.677316438874626670e+00
-1.487886391786546625e+01
6.712062122388502416e+00
4.890595501717200477e+01
-3.382734040616651328e+01
-1.474530289211850231e+01
2.223672124404686201e+01
1.342651002583778563e+01
2.441211719356024901e+01
1.179262017304598231e+01
1.175802184859304589e+01
-8.967546586715513968e+00
-2.738344187139738040e+01
-2.524554284862583131e+01
-1.508236947391697669e+01
2.604346442999684541e+00
-2.357645282810022991e+01
-7.798455206349363067e+00
4.074536594114505306e+00
1.327998001801466899e+01
-5.704469721795355497e+00
3.328419658568472528e+01
-3.227731306347115492e+01
-2.186813481546948879e+00
-1.712129895009679714e+00
1.533953090797977836e+01
-2.188225625656670559e+01
-1.386271754662863032e+01
1.045941120369494293e+01
2.504413370582119569e+01
4.165492585230528277e+01
1.779897299555250356e+01
2.330525792553508779e+01
-1.556687082631227881e+01
3.510411570367767808e+01
3.681351567805435820e+01
-1.420579234330091367e+00
1.903464206100414913e+01
2.100917447975005814e+01
-1.310518502361991011e+01
4.745107944990650140e+00
3.378963181402997407e+01
-1.342494781787098646e+01
-5.094400989168548222e+00
-3.354268864938757844e+01
1.323777694454136622e+01
-7.158214671201704959e+00
1.096908708057549120e+01
3.256911882409241343e+00
-2.214738465308005644e+01
2.534875816282078631e+01
2.232560587036527977e+01
-1.496945475330160491e+01
1.062221027067639056e+01
-3.398442932585470544e+01
-2.953915443261947615e+01
1.376995728351420212e+01
-3.789791820343195639e+01
-1.712449111517432243e+01
2.878525473052945927e+00
4.596591132219825937e+01
-1.416088544703143270e+01
-6.813115959766790297e+00
-1.002043416774000661e+01
6.230715376821240170e+01
7.755958421977787509e+00
-2.394826944004134361e+01
3.938264504094092899e+01
3.486131693193495096e+01
1.746729562661508339e+01
4.176197612448171981e+01
4.778341193379079499e+01
-4.157862902713752362e+00
-1.539061981166273085e+01
-1.611035956375781097e+01
1.605736921817309337e+01
2.086588165099212233e+01
-3.821048719151562523e+00
-1.285896165963092130e+01
-3.393153612093512095e+01
-1.402743489796910126e+01
-2.510346749656230259e+01
1.673990529247255665e+01
9.503724135745528656e+00
3.541964101801761444e+01
4.115318355471373479e+00
-1.307834170137454066e+01
-4.712919082113199210e+00
2.192068217052166545e+01
6.941917405181413869e+00
3.023430517793195804e+01
3.094632454556352741e+01
-6.710281293114434220e+00
-6.004178527043023905e+00
-5.578032005479224154e+01
2.810060570378231404e+01
-6.563470586677340179e-01
3.006587596008552055e+01
-1.202197964682721221e+01
-3.466140409135803679e+01
1.172190638288095244e+01
4.046038332708042873e+01
-1.454178508249313495e+01
3.667957462123564483e+01
-4.039629948225046974e+01
-1.277285523652111010e+01
-4.508996200807303012e+01
1.057712424156565589e+01
4.459763038078222053e+00
3.010647500061793380e+00
-3.448602864362368337e+01
5.023125060666154695e+01
3.005904110540427610e+01
4.895960194723272707e+00
-2.860734041606667688e+01
1.200394538406612810e+01
-1.291355163045304266e+01
-6.879967005387868539e+00
-1.328646843802562216e+01
1.014730542552130288e+01
-8.021296442363052392e+00
-1.117151267482202570e+01
1.153747635152660678e+01
1.434399717255624296e+01
-4.741812108501187595e+01
1.100013484224390936e+01
3.736984030855830952e+01
2.224081724052214781e+01
-5.777743884640798910e+00
8.466860802946882814e-01
-1.941383401335446024e+01
3.209742062840302879e+01
8.611807499004612509e+00
-2.298476983522647288e+00
-4.136939744335563773e+00
5.910914320713334291e+01
-1.773914651332887615e+00
1.348092472840633604e+01
4.127498057652553598e+01
5.316233794991160266e+01
3.436540731990950803e+01
2.240492459866123909e+01
-3.672204962998499411e+01
-2.504446106810064521e+01
1.902735413957719857e+01
3.849072891311664080e+00
1.746155383027002017e+01
8.784720120034151591e+00
3.393260461769088465e+01
-4.272891957778354310e+01
-2.690838841025166062e+01
-6.381741986036672643e+00
-4.718177314391876820e+01
1.053967022343226745e+01
2.428995641232664582e+01
3.745885963158286813e+00
-1.223644130952834530e+01
1.279488313949116218e+01
7.616154522432350404e+01
1.703392458104502794e+01
8.686361086042779789e+00
-2.588801884106558759e+01
-3.300010829297718828e+01
-8.065574071897273711e+00
1.822547014142506328e+01
-3.284900182973217397e+00
1.307765099877317994e+01
1.922638909664470930e+01
-3.143042611999894120e+01
1.438071893867720519e+01
2.434142213807263033e+01
3.107209164715504812e+01
-3.625244969456929311e+00
2.599163066692085522e+00
-5.534292013550214051e+00
-2.661808229809827253e+01
-3.819774741156089704e+01
4.372780377787930206e+01
-4.260571858167537584e+00
-3.040056537568102613e+01
2.991323742075081782e+00
-1.425355271685243252e+01
4.994511847821760853e+01
-1.283559527613169848e+01
-1.971557556281976531e+01
1.912779125917685974e+01
-9.038086134941124783e+00
2.449888394471315678e+01
7.206230046633947950e-01
5.346063921102989980e+01
2.902269327021099343e+01
2.194869708362311655e+00
-2.047822446214495073e+01
1.511854934736589939e+01
-2.963347051371950158e+01
-4.799934000596906003e+00
3.369020784324727913e+01
-1.537376341162385529e+01
-2.468474316101668364e+01
-1.333682275956829244e+01
2.749946045404726647e+01
6.961036015764818785e+00
-4.557923700384887411e+01
1.829338497423543686e+01
5.105404398363106111e+00
5.071377137495176157e+00
-2.767920857508005383e+01
1.598079503915300847e+00
1.858402758714227332e+01
2.634372763487840530e+01
3.624357706143880620e+01
1.587834020032481064e+01
2.161906058014210430e+00
-2.974004178274199717e+01
-2.571167578369360740e+01
-3.796554178172831939e+01
-7.228930977868571972e+00
1.743472561481689809e+01
-1.365701303983065884e+00
2.820418391035502736e+01
-1.798555954016075020e+01
9.019576013050254915e+00
-9.576661819048965185e+00
-1.644213708527770734e+01
3.366051750379276086e+01
3.898579185053250740e+00
3.460399175394184113e+01
2.634360057225023866e+00
1.223548865319037660e+01
-9.874956470417146193e+00
3.342016407208006967e+01
-9.165152337827720430e+00
3.448515842920247820e-01
-4.296729846103357886e+01
-5.273961255896878697e+00
3.935330191479243922e+01
3.516442191052360045e+01
1.481298026567640846e+01
-9.144437295219063344e+00
3.058265102924238477e+00
-1.153889131898495179e+01
-7.651340170922381390e+00
5.089019838986666144e+01
2.766076495660854562e+00
-1.444565695842803166e+01
-5.966274431534242240e+01
-2.614985363235796001e+01
-2.115474448672431151e+01
-3.531377382425819178e+01
-3.198192258301276070e+01
-3.809382397626757211e+01
-2.528287322790633596e+01
-1.750679027904067198e+01
-2.725070772678839148e+01
2.584052861985403027e+01
-1.145353434121193459e+01
-4.868847554575262393e+01
2.214698676321867765e+01
-1.677368505726247250e+01
-4.476394180922841315e+01
5.353041875705656594e+01
-1.435239840915760823e+01
9.458155171357788049e+00
2.209870525512738482e+01
4.963346688996807643e+00
1.468096660234036221e+01
1.802676018739617803e+00
1.094845763520062576e-01
-8.186716725909029435e+00
-4.161345982624425233e+01
6.573689912307798977e+00
-6.876619159109259272e+01
3.917185214218056899e+01
-2.349857384137760619e+01
-9.763603475799584430e+00
-1.006725222889031102e+01
8.276666090760270933e+00
-9.425270996572308491e+00
1.490843637430570823e+01
-3.051335162876789298e+01
1.978154746894557547e+01
2.384446653602452315e+01
5.768928030219015568e+00
6.327882169038105076e+00
1.194421269348362102e+01
5.024188871568526338e+00
1.524593830385106230e+01
-4.404192567330667885e+00
-3.885145343310924204e+01
5.303824456161123635e+00
-1.371691185124691970e+01
-3.010105223288888965e+00
3.056978263867969758e+01
-4.443083760718261743e+01
7.752110497630724240e-01
1.167678971862954995e+00
5.067181478287380969e+00
1.733813554712132543e+01
-6.726792431056466626e+00
4.598721818308035836e+01
2.439053587638028375e+01
-8.506664833023322103e+00
-4.171683296410634512e+00
2.094876772058199776e+00
4.263129734349496403e+01
-2.932939079941564842e+01
-5.706851551889627672e+01
1.708347749618454259e+01
-6.779183888344093134e+00
-9.274569692022012646e+00
9.169019873594791648e+00
4.213508389019617084e+01
2.459608037447139850e+01
-8.894493850331315343e+00
-2.916152654976082204e+01
-4.729934847722816471e+00
1.566573996085877063e+01
-8.490915831408585746e+00
-4.141972247879073166e+01
-3.377061739201181467e+00
-5.298147707896758618e+01
-2.820789524223067701e+01
4.563222490960104949e+01
-2.898762303405487728e+01
-3.799238254257295466e+01
-2.867200954633295140e+01
-2.054598777141968924e+01
2.015873342592280437e+01
4.694020850861183192e+01
-3.679081408087881755e+00
1.439445862973150270e+01
-1.185213623763658575e+01
-3.874230775194205734e+01
2.616076386956093103e+01
-2.631529455136245588e+01
1.454478215093740801e+01
1.781864958869826410e+01
-5.928643316447903544e+00
2.106553672550688816e+01
2.299239483031946207e+01
6.338288706620383550e+01
-6.640256796122002925e+00
-2.890327437399726307e+01
-3.512158622729390345e+01
-9.584883882138882427e+00
-1.873572273628075280e+01
5.280071957548938144e+01
-2.449734562987313780e+01
6.460103180008623269e+00
2.733102056579127748e+00
-1.229812732515318885e+01
-4.748985533433341288e+01
-3.497468326447403797e+00
5.513110662290230835e+01
9.721597986534149527e+00
4.206415673739684280e+00
-3.233666669476774302e+01
-3.217062423440336261e+01
-7.885380818718122242e+00
2.571131186889510900e+01
-1.423059413758883807e+01
5.753617028950839085e+01
-2.710782365097571756e+01
1.053367996487742175e+01
-7.649088864980342350e+00
-3.629318520994792152e+01
2.414646832794460352e+00
-2.868159035394899092e+01
-4.136197586692617278e+01
6.223200006246941030e+00
1.061219144262040004e+00
2.927551063771899464e+01
1.322343443935125862e+01
-1.880338328161775863e+01
1.203559759648214822e+01
-4.899877362518587631e+01
-2.678877739511386835e+01
4.993380309320177446e+01
4.628009802264678285e+00
-5.939746812480905191e+00
-1.667261400101273239e+01
-2.463530231340484988e+00
-5.553328812649624524e+00
4.986090134091384130e+01
2.331115175317008692e+01
-6.626026327808460792e+00
-1.952838564618332384e+00
-2.201981201139027178e+01
-8.782157807284932005e+00
-3.526003376799826583e+01
2.765068684089085593e+01
3.913134280749943628e+00
5.762334619159844351e+00
1.005015527223895333e+01
-4.483745700819955715e+00
-1.151313243502726813e+01
3.049363938486274961e+00
-6.059507921139898201e+01
-8.667816468958477572e+00
-5.749213075490786196e+00
-4.327688584366555347e+00
2.695229692234666174e+01
3.640785173071959946e+01
9.695267953175232378e+00
-5.331123790725206391e+01
3.482026890986685430e+01
-1.197958823226167624e+01
-2.095520027324624834e+01
-4.881439385125285213e+01
-1.684223991159063871e+01
3.479619373461336806e+01
1.709301288215283421e+01
5.623867262947271684e+00
1.885980905328139556e+01
-3.268701391771156750e+01
-2.605804460352612750e+01
3.156223258088158445e+01
2.177131112264335400e+01
2.688432531647106316e+01
2.760200220437440066e+00
4.715748300464525755e+00
3.052569251914673032e+01
5.403658049497789762e+01
-1.167057727757811847e+01
2.155444520343326076e+01
-1.452362331065282319e+01
-2.454908830872793146e+01
-1.939986520448343299e+01
-1.951949461215534143e+01
-8.114507806390491851e+00
-2.661112191143769223e+01
-1.095550347060992635e+01
-7.596576888979834052e+01
1.898524523301850309e+01
1.238924190202524755e+01
-2.664839013867876361e+00
-2.172952839204930342e+01
-1.034479168017222150e+01
-3.072090840326490024e+01
5.496901720664681079e+00
4.508763326851766351e+01
-1.236993767134021027e+01
-9.439552144271914358e+00
1.172671563095804004e+01
-2.858982893193947206e+01
4.734104354404828996e+01
8.213505864843639870e+00
7.806697446170687726e+00
2.767353108594093669e+01
-1.390852423982863684e+00
3.130316792670788573e+01
1.058502642960291951e+01
-2.185577893360942880e+00
4.570924508283965793e+00
-3.539515661044163153e+00
3.701006402244087212e+01
4.802078563034996250e+00
1.016036191578282910e+01
-6.501811224243908782e+00
7.873207043468738675e+00
-5.157955723696633754e+01
-1.966803071700724104e+01
-2.727742646514354874e+01
2.649305514436966291e+01
-1.788323450182193142e+01
-3.355609156048421937e+01
3.233345832027322331e+01
-6.808406545776719554e+00
2.261940955816456267e+01
-5.033229133232089225e+01
1.035343643556194415e+01
2.899541152545168643e+00
3.424703571557699888e+00
-6.511496331317175645e+00
-4.057428058697951201e+00
2.836790066383831643e+01
1.021429853228113416e+00
-2.835334873313175308e+01
-1.046274276465047137e+01
1.229624776670938502e+01
-6.420451018329725912e+01
-4.909613413401010007e+01
7.169348644505362245e-01
7.845519731246930917e+00
-2.623301756073060176e+01
-1.066456631774371999e+00
5.868239761868431970e+01
1.559786887496716190e+01
-3.002395821239304041e+01
5.222758573592273024e+00
-5.179514951175953286e+00
6.980098923962167135e+00
-1.985416082076420707e+01
1.227987080567912415e+01
1.467102386414762805e+01
-3.866862795871099934e+00
6.220586354031863152e+01
-4.400186066578811506e+00
-1.761123293360310527e+01
1.328163922633058291e+01
2.393185699592731908e+01
-1.882107441572594553e+01
-1.018465077245888750e+00
5.454944959717028041e+01
-1.575699194148739934e+00
3.274229703745231745e+01
8.141540663170985681e+00
-3.889960799039002382e+00
-1.264923431704062295e+01
2.907175498454749629e+01
-3.112996898129595991e+01
-5.827325637733054009e-01
-1.014148766777876176e+01
-2.209839548719014601e+01
8.356973909488818464e+00
1.480582316265317999e+01
2.403395457299097870e+00
-2.103411551445333316e-01
-2.215655051094751116e+01
9.013328940554757196e+00
-1.841605381011746090e+00
-1.262024000377999045e+01
-1.121843782050288496e+01
9.197804693343925919e+00
-2.064316813240282045e+00
-2.106167095104086684e+01
-6.070962001134404318e+01
5.833293650299765432e+00
1.074028539772588431e+01
-2.702097991185159742e+01
-1.329908305456842754e+01
4.604512726581944548e+01
6.259830350688773137e+00
2.196590869121803280e+01
4.807845772017884656e+00
2.220170761637054113e+01
3.199410929052447727e+00
-2.168379871957533567e+01
-6.075787195341732172e+00
3.020158752479431996e+00
1.753932477852660554e+01
4.198779536597172068e+01
2.740364380591495319e+01
1.700088301232057120e+00
9.511361239936320544e+00
3.373537594326995759e+01
1.471209288128940784e+01
-3.858909002677694389e+01
-1.537267582543313438e+01
6.205520931318176281e+00
4.750068811696849025e+00
1.372428408498366537e+01
-2.884848965092831463e+01
3.923063914868627933e+00
2.410150128060426766e+01
2.663970729842694141e+01
-2.394870983960993271e+01
3.222174086414497651e-02
-1.237732689242420747e+00
-9.486146961162916114e+00
-1.581243353222745895e+01
-8.610971339271088709e+00
-4.910931279841918240e+00
5.645513566706199526e+00
2.356970186682543300e+01
-1.720655268047404718e+01
4.508026286812338412e+01
1.826643738797787364e+01
1.495183261746811354e+01
1.972394762223580500e+01
1.509491777729407858e+01
2.026003127317893160e+01
3.048885030763995019e+01
-2.537132311079882641e+01
3.468506212064821881e+01
-6.356963424472880320e+01
1.765205293546810950e+01
-5.957243972649348507e+01
4.651276740994978809e+01
4.200177633915144781e+01
-5.235218036481029458e+00
-2.685324705719656890e+01
-2.364959189120386895e+01
-3.064857748773118828e+01
-3.530087484603777170e+01
3.153704076385733401e+01
2.343445909131705207e+01
1.332620943942488623e+01
1.576250218477446197e+01
2.491798864067871477e+01
-2.183999315887939474e+01
-9.887360583180367257e+00
3.072047630647781347e+01
-7.274426749334139686e+00
2.974918180167902904e+01
4.150527837669947928e+01
-3.217822120515490880e+00
-4.081164610998359876e+01
2.786190725555115932e+00
-1.456000741082064565e+00
-5.684726526984093198e+00
6.091547373205230542e-02
-3.633344026519387171e+01
-7.002966076856324662e+00
4.928602392469827009e+00
7.425156519489519269e+00
2.722152163530708435e+01
-2.380119568257785545e+01
3.104409493130941655e+01
-2.223061826746689462e+01
1.430073012006090494e+01
2.250996385536594602e+01
