[[-412.54017691]
 [ 359.5086289 ]
 [-273.84972723]
 [ 184.33844944]
 [-113.96453332]
 [  71.88586868]
 [ -54.32869436]
 [  51.12518371]
 [ -52.72971757]
 [  53.8748719 ]
 [ -53.35612112]
 [  51.76128727]
 [ -49.52549298]
 [  46.39367422]
 [ -41.99689429]
 [  36.53974913]
 [ -30.93935952]
 [  26.36972651]
 [ -23.64946441]
 [  22.89408912]
 [ -23.60663308]
 [  25.03036989]
 [ -26.48151339]
 [  27.47729265]
 [ -27.70663234]
 [  26.9831411 ]
 [ -25.27251284]
 [  22.76377721]
 [ -19.89920724]
 [  17.27857323]
 [ -48.56356947]
 [ -33.00722949]]