---------------------
  #    meV     cm^-1
---------------------
  0   13.9i    111.8i
  1    4.9i     39.6i
  2    3.9i     31.5i
  3    0.7i      5.5i
  4    4.0      31.9
  5    7.2      58.0
  6   10.7      86.5
  7   12.6     101.4
  8   19.2     154.7
  9   40.2     324.6
 10   46.1     371.7
 11   60.9     491.3
 12  128.3    1034.6
 13  132.1    1065.5
 14  135.7    1094.2
 15  136.1    1098.0
 16  175.3    1414.1
 17  180.2    1453.0
 18  180.6    1456.5
 19  205.0    1653.1
 20  205.4    1656.8
 21  360.1    2904.4
 22  367.5    2963.9
 23  374.3    3018.8
 24  423.8    3418.5
 25  439.3    3543.0
 26  440.5    3553.1
---------------------
Zero-point energy: 2.042 eV
