[[-413.21312582]
 [ 360.03644441]
 [-274.17366773]
 [ 184.49544256]
 [-114.04632016]
 [  71.95582062]
 [ -54.41013893]
 [  51.20845252]
 [ -52.80981676]
 [  53.94938605]
 [ -53.42588802]
 [  51.81375044]
 [ -49.55159525]
 [  46.39272085]
 [ -41.98848869]
 [  36.54606127]
 [ -30.98026319]
 [  26.45153516]
 [ -23.77608105]
 [  23.06684672]
 [ -23.82856773]
 [  25.29103246]
 [ -26.75922433]
 [  27.74595355]
 [ -27.95465129]
 [  27.20899898]
 [ -25.47864809]
 [  22.95000622]
 [ -20.07595195]
 [  17.47166522]
 [ -48.66451081]
 [ -33.06405033]]