[[-408.77451618]
 [ 355.91977755]
 [-270.80601819]
 [ 182.19974296]
 [-112.79773724]
 [  71.4355909 ]
 [ -54.23028185]
 [  51.1299559 ]
 [ -52.76418577]
 [  53.94653447]
 [ -53.45027811]
 [  51.82962669]
 [ -49.5339924 ]
 [  46.34963087]
 [ -41.9258499 ]
 [  36.45230545]
 [ -30.83158127]
 [  26.24832939]
 [ -23.54594128]
 [  22.85044208]
 [ -23.64838012]
 [  25.15307853]
 [ -26.65813546]
 [  27.67555225]
 [ -27.9039045 ]
 [  27.17110344]
 [ -25.45038523]
 [  22.93010387]
 [ -20.05144204]
 [  17.42011709]
 [ -48.07404929]
 [ -32.59977051]]