---------------------
  #    meV     cm^-1
---------------------
  0    4.0      32.5
  1    6.1      49.5
  2    7.4      59.9
  3   15.5     125.0
  4   16.8     135.1
  5   26.3     211.7
  6   39.4     318.0
  7   50.1     403.9
  8   73.9     596.0
  9  100.0     806.4
 10  114.4     922.5
 11  131.3    1058.8
 12  139.4    1124.2
 13  144.1    1162.1
 14  151.6    1222.7
 15  165.5    1334.7
 16  177.7    1433.3
 17  180.6    1456.8
 18  182.7    1473.5
 19  185.7    1497.8
 20  199.7    1610.6
 21  358.7    2893.2
 22  375.8    3030.7
 23  385.7    3110.8
 24  406.2    3275.9
 25  421.0    3395.7
 26  422.0    3403.6
---------------------
Zero-point energy: 2.241 eV
