-3.485129888119442398e+01
-2.030616761947740656e+00
-7.192448529650135924e+00
2.418800867668668531e+01
-1.198851722054401137e+01
-9.274384469915190721e+00
-2.416113182320003716e+01
-5.056627194941702896e+01
-2.163534747847268846e+01
-2.276243398666412077e+01
-2.110161448210098456e+01
4.266398485647815875e+00
2.002533009878447956e+00
-1.038798223018716271e+00
1.731595278904180191e+00
2.665498241386700329e+01
-1.027719593832350142e+01
-7.285655649723764782e+00
1.178661547144133692e+01
-6.227213669214281566e+01
3.120282354920394141e+01
-1.341180112767074206e+01
-2.412472512291072846e+00
-5.637836484153424976e+00
-1.004192778234767047e+00
-2.162748802775155355e+00
4.829640474543870710e+01
-1.507748716112908483e+01
-4.045439046124840843e+00
-3.052281345728958684e+01
3.951212074155591836e+01
-4.408827030652574308e+00
-2.146922084787968288e+01
1.131240431883302477e+01
-2.064180061842677105e+00
1.305362976307074518e+01
-5.676964234789352304e-01
2.775864225267383745e+00
1.899709804634512977e+01
-5.497001447458467283e+01
3.061602118068807954e+01
8.173385407151641857e+00
-6.266819603897630486e+00
-1.759318858390595963e+01
6.936312017200037872e+00
-1.098914317898820059e+01
2.500693585390843054e+01
2.001485132690589808e+01
-1.292599080684880164e+01
-1.645913196892183805e+01
-1.738431361831038657e+01
-2.090630302722395584e+01
1.058470881991638635e+01
-2.722942365511011076e+01
8.326045661330567782e+00
3.480640767383829370e+01
4.008261589739650788e+01
1.870039151979673875e+01
8.359613798115702821e+00
1.741922130521300005e+01
5.117938051985038328e+01
8.671341466577985102e+00
-3.001617064324656781e+01
-6.088774044772890193e+00
-1.414789692237513918e+01
3.345173963327901845e+01
-3.964127587096295713e+01
-3.454014063059025830e+01
-1.755551663979817079e+01
-9.814092079096667476e+00
-2.255936185321886001e+01
1.579361191044702650e+01
5.219523049245196944e+00
7.855865811409927346e+00
-2.178781416806929627e+01
-1.906938146542310619e+01
-3.288977303485290804e+01
1.815362574351928515e+01
-1.885220713007650772e+01
1.701364461347095869e+01
-5.425440773570835873e+00
-1.499064562022442715e+01
-2.887367940562022284e+01
-8.573318894821625236e+00
-6.133609389793718947e+00
-6.922254730807253509e+00
2.249846732080735379e+01
4.211507262148336395e+01
-2.476444907561204900e+01
-4.321541971796891346e+01
-1.085018262174438064e+01
5.984229625541857445e+01
-3.264097321507237837e+01
1.803352814160783169e+01
-6.545638200200812662e+00
-3.360507453291127433e+01
1.388758984503084548e+01
1.970509485896891988e+01
-9.725557736219386129e+00
1.848636182320535681e+01
-1.353695972263756175e+01
-3.142719943947571437e+01
5.281360464004308142e+01
2.519019116469576147e+01
1.429615334475707300e+01
7.921589449057364618e+00
1.503166428002376165e+01
4.550257984983065285e+01
-1.485027415288758945e+01
3.377022150295715619e+00
-7.619859071869302625e+01
8.867769309395043820e+00
-3.733499324670037822e+01
7.824897531158910624e+00
1.228392017135772107e+01
-2.008924182205862508e+01
-2.853855301346109741e+01
1.241220819746729376e+00
-1.696938135006107018e+01
2.147192776392415681e+01
-2.798718633433816905e+01
-3.075086442654594521e+00
-2.026603808887377767e+01
-1.965546319727167202e+00
1.087479648298341317e+00
1.251741347434830232e+01
4.421687492814498910e-01
-2.919812676746971647e+00
3.583350832341155723e+01
5.077211510891774537e+01
2.741173763509774375e+01
3.969074287407187285e+01
-6.524279061701243165e+00
5.618616362079251303e+00
2.963858246647799888e+01
-5.590867334929328081e-01
-4.240842486816038104e+01
-2.271211532012712553e+01
-2.828117516209016458e+01
-1.545399802539456147e+01
1.599619078794506777e+01
-6.627916907713205319e+01
-9.347245648848513611e+00
2.472032390407646574e+01
-2.091823610202629879e+01
-1.742850120083068077e+01
3.324812078707947194e+01
2.483883443500911881e+01
-1.848863328541223439e+01
1.546943285693302528e+01
-1.417080610543290220e+01
1.905878970105456105e+01
1.872162445080221005e+00
7.430547563753208351e+00
-4.764642141199162495e+01
-2.642594748558714457e+01
-4.834048042693893876e+00
-8.962443550426817396e-01
-2.278714691459822461e+01
6.070586091436678089e+01
-9.768491651025954070e+00
-1.804730348325773548e+01
1.987722236166951006e+01
-2.566761074863637049e+01
-2.042938378811220446e+01
1.825401567648953005e+01
7.139612118533385399e+00
8.575253067361302328e+00
8.756344215186416591e+00
-6.171737839004009629e+00
8.945074454406778841e+00
3.257049712746720616e+01
-1.480186550911656695e+01
1.071775307283954248e+01
5.081983590445550192e+01
1.825698012958781646e+01
-4.226367158428786297e+00
-1.142095512495190945e+01
8.694556851148843180e+01
-1.189192698365125977e+01
2.093073460972556177e+01
1.443371140910139161e+01
1.647811674472266930e+01
4.938488973123054393e+01
2.678188770845372346e+01
-1.510058098223112211e+00
1.351586834761354794e+01
2.740759936780511907e+01
2.010112073437491631e+01
-3.248451440193258577e+01
5.263708725959969570e+01
-4.685439139027243982e+01
-6.896720760938045203e+00
3.076013390002454173e+01
8.321645191068640202e+00
4.197519280477138182e+00
1.584865728382597894e+01
1.253463334572268195e+01
1.922843198313753987e+01
-3.495227909949738887e+01
2.234962881014098457e+00
-1.485875787912590340e+01
-3.748347618455198926e+00
-2.483588665518880134e+00
-5.969186291059930483e+00
-3.202486141780156004e+00
4.678161538631093208e+01
-4.743009183506615045e+00
-1.451165547780921372e+01
-1.453048748711172067e+00
7.254386400686527736e+00
-3.326799374625156247e+01
-2.852051635530716567e+01
-2.025980044486655629e+01
-3.450951714844754292e+01
-8.929264743179086139e+00
-2.331156002767114899e+01
1.018439803493832585e+01
7.061478162741892106e-01
-6.973525212077589686e+00
-4.612794569459964578e+00
3.214148502316760414e+00
-8.227930589372377312e+00
3.801549231516855798e+01
-4.825123087465206595e+01
-8.460568054734547871e+00
-7.559873498219204180e+00
8.911082910308209648e+00
1.256395759994228456e+01
-2.623077121626329244e+01
-8.494988225723773212e+00
2.396736912162846167e+01
-1.123714225021126367e+01
8.869046220064319641e+00
1.903988276804403768e+01
-1.629191171937861782e+00
6.220125381025013667e+01
-7.830291745105114387e+00
-1.766816940376537559e+01
1.800633579219379499e+00
-1.368550257709199514e+01
3.045114370862451381e+01
-2.358131227800217289e+01
6.763485654871999486e+00
3.166952151765144663e+01
-7.068612735923437640e+00
6.593360457304083866e+01
7.136796809123427465e+01
-3.699509176935805499e+01
3.285730806656636105e+01
1.209555915514772551e+01
-3.102451350965962718e+01
9.268889552965639211e+00
2.338133118372815034e+01
2.391307584615987025e+01
1.294246300721113130e+00
9.433317379779452949e+00
4.144930693301438396e+01
-1.308140019128802578e+01
7.966301319589302210e+00
4.001941684967960100e+01
-2.061855752819318610e+01
-1.106415032263834064e+01
3.115009462157333786e+01
1.599312697363688329e+01
4.216388820213160216e+01
1.676633133258394537e+01
6.019101086741954987e+00
1.485348319963424046e+01
2.252528177115011943e+01
-2.979942170229821841e+01
3.787540962199784644e+00
1.372171624822117764e+01
6.457672145532569630e+00
1.316182960706839822e+01
-3.406661317148908807e+01
1.782102973693855574e+01
-2.379309212465000201e+01
-1.853732029958570848e+01
1.186677391885888966e+01
-6.521078208644723873e+00
3.217885746651987233e+01
-9.338184879938751237e+00
1.672748970855707284e+01
1.803423280406315143e+01
4.325788020228353759e+01
3.036634563786525121e+01
2.714235858503710119e+01
-1.887139942172240126e+00
-4.634831228269632675e+00
-1.779351000599541521e+01
4.442153804854584109e+01
4.421165199541621860e+01
2.171649572615082491e+01
-1.396990920004215297e+01
2.769920350181831736e+01
-2.901774095567475342e+00
9.953496595886150544e+00
3.675859485262517978e+01
-6.697196557836946340e-01
-4.421900491031180991e+00
-1.124018049240623895e+01
-3.251282808856097972e+01
5.315374269991389156e+01
2.811314198866125480e+01
-3.320923424228467979e+01
-9.123655698771642619e+00
1.465964701537676973e+01
-5.559944564687199886e+00
3.529722388614880657e+01
6.994776028395278900e+00
4.448991910219388046e+01
1.928911892083796076e+01
-1.266715626949587659e+01
1.116974617807028380e+01
-3.479297362632564727e+00
-1.531294323517974476e+01
8.742862838174318085e+00
8.369945327669142898e+00
5.226683814968676245e+01
4.394085659847959846e+01
3.088280322398568956e+01
3.718176454453998758e+01
4.831290823736694051e+00
-1.445439380391940176e+01
7.972495805810979164e+00
-1.863128549226337327e+01
-2.988329040570349093e+01
-3.102834748872692217e+01
-1.737889164318289659e+01
-6.064382073900014802e+01
-1.942302249845820938e+01
-4.830213787669042347e+01
1.307459961304468621e+01
-2.583700954794998239e+01
2.592902838833293799e+01
-5.517051788373402132e+01
-1.661724631088642923e+01
2.393962376916329049e+01
1.167986162706185382e+01
-4.950036135683925664e+01
3.159482011078011965e+01
-1.442211092195458377e+01
3.001127304130690732e+01
-1.294531977647318399e+01
-4.370983786194022969e+01
7.992971217421455776e+00
-3.630099586745205897e+01
-4.205063257010891675e+00
-1.665736396535992370e+00
2.280768219431496391e+01
7.031282836308503192e+01
-2.407880314497711538e+01
-1.949384398709335642e+01
-2.328470443062030881e+00
-6.382346335606484899e+00
-4.504854726850992108e+01
-3.109918498767984829e+01
2.669966159976415554e+01
-1.187538375685974756e+01
1.127431900372872065e+01
-2.739400446349523577e+01
-9.146411868586113769e+00
-2.314155340533429239e+01
2.878557580614499045e+01
5.323825405856268844e+00
-1.244719710520547551e+01
-9.469361286919706799e+00
6.613461207589082846e+00
-4.559817496529632308e+00
2.404859404921586474e+01
-1.437853475468756415e+01
5.528824861699263238e+00
1.978722550413861825e+01
7.669625454640993212e+00
-1.183763095810479626e+01
8.581362034563136376e+01
3.279089146523197940e+01
2.357447491974312470e+00
5.718165478402227109e+00
-3.494924929079067510e+01
1.875696308162918058e+01
-4.263358828564904002e+01
-1.620731085484288769e+01
-3.069909076012046967e+01
-1.104973209318137606e+01
3.168801248786087399e+01
-3.162753363221646907e+01
1.333509582131317472e+01
-2.136339047728995411e+00
1.168811944401497271e+00
-2.003961195056527345e+01
-2.476739500170398856e+01
-3.126484633522238710e+00
-1.998395689128155794e+01
-1.104743279127998790e+01
-2.307041700734973233e+01
-5.191426708199045947e+00
-1.938582226876809500e+01
-2.802747041875170453e+01
1.166968148471907085e+01
-8.046059466471533028e+00
1.364711000766135385e+01
4.752382627756901456e+00
-4.249459550694675158e+01
-2.930717322669251956e+01
-2.545061049557801880e+01
1.810289884306132535e+01
-1.338925442117627540e+00
-3.461645194947624304e+01
3.288472104434362819e+01
-2.184883876807289482e+01
3.187291017632203705e+01
-1.765273608027668217e+01
-2.696679021585475766e+01
1.324072408689926306e+01
-3.791332734087163203e+01
-1.923979427694598598e+01
3.462082846859405549e+01
1.053371425046447030e+01
-2.448855536165535796e+01
3.029037186321799169e+01
-1.013074835170436927e+01
-2.120557388124672116e+01
-1.698618503952326364e+01
-2.797203195872441484e+01
1.546333847187965915e+01
-5.021371430555598181e+01
-4.425869687637586480e+01
-5.662671781282256234e+00
-1.681047141272873091e+01
-3.300163506472350861e+01
4.103679211896348988e+01
7.491125848227419226e+01
-1.539406978275412996e+01
-2.003347619897198229e+00
-3.385841426949851041e+01
3.660630116565545222e+01
1.137783029978160698e+01
-1.335906251294153435e+01
-2.036100048077220492e+01
8.234193945295508854e+00
-3.242014132074545074e+01
-9.886214893143858262e+00
-4.858520980876522799e+01
2.035604879890001939e+01
6.185755988761655999e+00
-9.661527669852603140e-01
-5.771339310293797098e+00
-2.233050263614723008e+01
-6.109896900511557760e+00
7.326111187833342342e+01
-1.025067738781615390e+01
-2.683250750587879452e+01
-3.903522843431784395e+01
7.783005189713975369e+00
-2.093806170051188076e+01
6.062940821710725459e+00
1.693248008057823029e+01
4.283060765121220470e+00
1.746557146132740712e+01
8.427714794977021029e+00
3.273852691581782892e+01
1.473406879840790396e+01
-1.954754768173873458e+01
2.675058244572812782e+01
1.952357236936481399e+01
6.915369744753533610e+00
2.372173309439136801e+01
-1.583693730850973225e+01
4.124831075660355850e+01
1.313871714458898765e+01
-1.771275556954725516e+01
-3.290696719911220924e+00
-1.008941076072048304e+01
1.145494233209876711e+01
-1.303573962210953141e+01
-4.382685892262657035e+00
-7.151317487984783838e+00
4.525832148394687238e+01
3.086341953459813681e+01
-3.631897465495147515e+01
-4.527161098254424587e+00
-2.953292512762155297e+01
-8.124312494607636381e+00
-1.320500684174800909e+01
4.782213408561062806e+00
-5.657160662600730916e-01
-1.605779103012420705e+01
9.463973688846692767e+00
-4.611930947985683815e+00
-5.262761671255908880e+00
4.817024290173219470e+01
8.080662623830331626e+00
-4.612314110879002982e+01
-2.221318184342646873e+01
5.354321139576182986e+01
1.523647285624207370e+01
-5.325821623969545726e+00
5.970593924132388963e+01
-9.038986939760349060e+00
-5.117942618411177591e+00
-4.503767957695572477e+00
8.638474266948151126e+00
1.740332935690372906e+01
2.460107202085204392e+00
1.621123067179257760e+01
-7.166662078811668835e+00
-1.963196110699210806e+01
-2.328389933356715602e+01
-2.680867627997884028e+01
2.304271632210435428e+01
7.240752193703620776e+00
2.132066513890532633e+01
7.782318853593721997e+00
4.987345770999229444e+01
1.042458980770931021e+01
-4.508356041244047674e+01
-1.916267966211302820e+01
3.454569702696936417e+00
-1.628699397900619772e+01
3.529626691828892149e+01
-7.760936002066500805e+00
9.393801963975896285e+00
2.945073632192797675e+01
-4.170980041276402517e+01
8.360349448246779502e+01
1.158874246682513842e+01
1.333223506640433698e+01
2.019730955704679332e+01
4.184864984487546735e+00
-2.497593823479178354e-01
1.960317858814391911e+01
-2.069400000146623597e+01
4.634642195997255953e+01
4.098734606011299775e+01
-2.328978978597652372e+01
8.972415461972047979e+00
3.908835600317220837e+01
-1.150107531788091819e+01
9.740658862183011024e+00
2.109764517005741880e+01
2.267256606268054497e+01
-4.267498703051910525e+01
-5.764400684629833904e+00
-1.715331959694101727e+01
-1.717297311848398067e+00
-4.433829072694038587e+00
9.331397066311524213e-01
-7.008457615848953992e+00
-1.773159146286661780e+01
7.336424396084765931e+00
3.858925219229035974e+00
2.964044206596968678e+01
-2.444449491464187929e+01
2.432757942324872147e+01
2.638336719870953573e+01
-7.006797527999793829e+00
4.554174494765648262e+01
-3.803320306958485730e+01
-5.759695865571857354e+01
-4.811850099296750116e+00
-4.427678292363395940e+00
-6.553713157338165729e-01
4.465192094892982766e+01
-2.757481019049770055e+00
2.390918617208672003e+01
2.997956614644151330e+01
2.087758546515641456e+01
-6.431205017831985060e+00
3.332339678672798300e+01
-8.877961176307707092e+00
-1.977398099577578705e+01
-2.290922085922520068e+01
6.024450270292589948e+00
1.977311517265809471e+01
-7.608107332266769163e-01
1.947112799343386769e+01
3.072575127986283405e-01
3.386728262907249132e+01
9.688109383193477697e+00
5.038897626066550117e+00
-2.142809342622001623e+00
1.799623775308151608e+01
2.095189547479984071e+01
9.633650557018142990e+00
-9.883528815512647725e-01
-3.069801573800232575e+01
1.623804288226157411e+01
1.060934983692155242e+01
1.985643171282533359e+01
1.571487097964531188e+01
2.016877115873501225e+01
-4.829123308818353166e+00
1.735783354670431322e+01
-1.498560786133282363e+01
-3.898785638439221657e-01
-3.025846305796386559e+01
-1.714210366075997172e+01
2.243839188812133756e+01
-5.029464905587045109e+01
1.482184581271974366e+01
8.861566231252027137e+00
4.632166201017810181e+01
-1.061516768861432070e+01
1.859504053576558036e+01
-5.564468527929250286e+00
-2.701242125309594400e+01
-3.795497323123839806e+01
-6.501177390766493147e+00
-4.931413553824278750e+01
6.594407604576247195e+00
-1.109338493534174575e+01
1.719590379181297379e+01
1.312984479217487888e+01
-1.591335807612310305e+01
-1.629028321742913477e+01
2.284187963890327211e+01
-3.430179140939410587e+01
-6.796257750846336876e+00
-1.055642996181608595e+01
1.524067088890229016e+01
4.792945916016719821e-01
1.503716253865064800e+00
-1.054841512247765678e+01
3.057051842066798031e+01
-3.087454165999099587e+01
3.798379713272822755e+00
3.357435626667572137e+01
-2.049788804974818390e+01
1.718694526751335161e+00
-1.825916846241852909e-01
-3.632515941551267247e+01
-2.235885246438937202e+01
-2.796988159344399705e+00
1.573071464771396677e+01
1.838609319547134646e+01
3.416979809637041399e+00
-5.363985322309474668e+00
9.939238278341434807e+00
-2.374574844072921564e+01
-1.081352718705574034e+00
-2.893051197162256472e+01
-1.556404573529366075e+01
2.709109053274247003e+01
-1.591431279020721945e+01
3.781422162700252443e+01
-1.339194739532166523e+01
1.827630555743290586e+01
1.408843293826311083e+01
-3.535920488457973931e+01
-1.402026605543457549e+01
4.860683157363169471e+00
-2.326629923098792574e+01
-2.100904628001249819e+01
-4.868689381566628072e+01
-3.014743221144183849e+01
-2.847429151492437427e+01
-2.448597067048959275e+01
4.627206272006390009e-01
1.011918955696860678e+01
3.769289064212671292e+00
1.353768352330250302e+01
-3.165315111832619266e+01
8.498270049772202128e+00
1.501509648203553127e+01
-3.754808077813051170e+01
-3.469720803311187751e+01
-2.353883529843375300e+01
-1.511309140154261144e+01
9.069575711870612622e+00
-7.166171473386953039e-01
-2.349439770767098778e+01
1.672576694176837009e+01
-1.329645531096272748e+01
2.799548039646725783e+01
-4.958386771103585033e+01
3.523557508034093644e+01
-4.991822154612350460e+00
-2.233364985924252721e+01
-1.396137690300831480e+01
1.046349495210499470e+00
2.490536221475859691e+01
-4.109106210846945828e+01
-6.587026082719404485e+00
-1.128838473220707783e+01
2.494874243282437476e+01
4.656381106580013807e+01
-5.535687076622804170e+01
5.181081257473471169e+01
2.318372609396412543e+01
-4.156726737161665142e+01
-1.780715157259326986e+01
4.412493140332448860e+01
3.312023774616608307e+01
-1.158559742207290810e+01
-3.260444754213239094e+00
7.961740374046677005e+00
4.154329803479555494e+01
-3.159747322143355319e+01
7.084220076385093989e+00
-4.641331151660509136e+00
1.523325291455921615e+01
-4.043582418975473303e+01
-1.853124633766860541e+00
-1.696572580368106742e+01
2.659012157252669795e+01
2.346858933454348062e+01
-4.861588458251185330e+01
-2.660732238416976259e+01
-1.203915251656133023e+01
-2.367378716391987581e+01
-6.493588241245333847e+00
-1.135512476195491161e+01
2.504658970965274989e+01
2.340931004267636695e+01
-1.209128737015362276e+00
-2.555722109334356418e+01
-4.735960426695208980e+01
2.646917764687003682e+01
-2.737075219953904082e+01
-2.023319679949560168e+01
3.302329673142715194e+00
-1.997760546199189235e+01
-2.176341430180241332e+01
-1.592682745329765481e+01
-2.662938900229497108e+01
-1.444273800818775655e+01
-2.893410410522058385e+01
3.116830892218811044e+01
3.422160135786138824e+01
-3.656421457599037694e+00
-1.222747548295586739e+01
-2.732528428915657059e-01
2.532201089185093679e+01
-4.787660559261941273e+01
-1.104941529273961009e+01
2.741969033318031279e+01
3.944648537304817637e+01
-9.385650614752194087e+00
5.515600719532983476e+00
3.054982511807978085e+01
9.248953667165622505e+00
-5.878199814922879796e-01
-2.477727253116108841e+01
1.126722827959150663e+01
-1.931705737570015913e+01
-5.889439485605322488e+00
-1.080545498840211849e+01
-9.175989892675573856e+00
1.260353742552121048e+01
4.405363337099611698e+01
-1.307838864775234811e+00
1.914655263059358958e+00
-5.070131590551795853e+01
-1.054848453386597384e+01
-2.003802245233305257e+01
-7.449643703299102526e-02
-2.612946932166900638e+01
4.747052187091088626e+01
4.518152240940605679e+01
7.803035383428451155e+00
-1.097095271461782318e+01
9.236871619355994767e+00
1.150821231767008612e+01
-2.657773130017019980e+01
-4.679732857954718384e+00
1.053332909912620607e+01
7.423796745465295999e+00
3.070166297907421438e+01
2.253403238808718356e+01
-1.180015463540482301e+01
1.453593448604367211e+01
-5.523533554620878760e+01
-6.918670212465514169e-01
4.858952449192727840e+01
6.620289687413134061e+00
-1.139749086008578161e+00
1.704326433775381133e+01
-1.596258402378621177e+01
5.011406587069564011e+01
-9.239000162778367553e+00
4.484820840229122041e+01
2.183170180592867382e+01
-2.255317221307177533e+01
1.803140748904324653e+01
-1.707078237152387601e+01
-4.029981193712245613e+01
-3.591359836969076014e+00
-3.104130258077700688e+01
-2.931259663499542967e+01
-2.766420871454698727e+00
2.010380878634708779e+01
-5.381618864342073039e+00
-1.748233090010245405e+01
5.007111445316809295e+00
-3.862047867411303059e+01
-3.946924702698240139e+00
-4.625153491746937107e+01
2.722917788508104309e+01
-6.580947749408068148e-01
-2.783603746430300419e+01
-9.279870828853759690e+00
1.031908017590316717e+01
-1.969239015384739844e+01
-2.546262821778070418e+01
5.258777139043914417e+01
-1.347604966060796983e+01
-2.251178684244598571e+01
1.520671000064604783e+01
-9.814839080509429436e+00
3.047713243343034861e+01
-2.539348573363440664e+00
3.922901066934144865e+00
6.029232861813602540e+01
-6.985074010071798511e+00
-2.044804474282244655e+01
-2.398339574252270268e+01
-2.842964512401198363e+01
-1.907927212522440641e+01
1.511553892011755806e+01
1.511661605870989433e+01
1.241764807264944181e+01
4.104132321855644250e+01
1.830207655708022685e+00
1.165452253302247243e+01
-3.554574906257832367e+01
1.486075439076643079e+00
-1.042395277666341258e+01
-1.488961465361416003e+01
-1.886316237225628356e+00
1.882257838341212164e+01
2.134305690393199484e+01
-3.730225430926115138e-01
6.797296698991203812e+00
1.541460956666120907e+01
1.951778872590023184e+01
-1.366562012465456633e+01
-7.083438761178626919e+00
3.936019657326852439e-01
-1.290213591903284396e+01
-2.857379834912734395e+00
-2.000663834815244968e+01
4.434975541290569367e+01
3.594755838951493843e+01
-9.092065706253436019e+00
8.932946729388362428e+00
-2.574991784397816730e+00
-1.673550039180052806e+01
1.992726471605933369e+01
-5.343956352194823012e+00
2.234772680017292146e+01
-2.931589473433788484e+01
1.004817329810529714e+01
-5.565750144626633755e+00
-3.014634841977931501e+01
-1.367361743167771237e+01
1.495865068397776554e+01
-5.106660166771703757e+01
2.406986861339220241e+01
2.608572370718627553e+01
-5.584273878141065239e+00
-3.336230763737319194e+00
-1.767784289645931040e+00
1.396455383910387127e+01
-1.827563964602757096e+01
2.023255368065905557e+01
1.705410800193925525e+01
-5.510921973963229448e+01
-1.979622162970183297e+01
1.330350412287846495e+01
-4.742998863983871161e+00
2.425159915192591598e+01
-3.567100901709179084e+01
-2.965154407586396701e+00
-2.344134479900310097e+01
-7.199024298070007433e+01
4.305504106648454865e+01
-3.267047000276022573e+01
-3.422830942290948997e+01
5.008773593575320149e+00
7.261161994706753831e+01
6.192377882201753891e-01
-1.570819732813950509e+01
-1.747543234926069999e+00
-3.085231670583894470e+00
-4.798606449173483668e+01
-3.433591099454065443e+01
4.587063344638359297e+01
-5.716551888528499603e+00
-2.111455164246358862e+01
2.766248497215519819e+01
-2.010543418403999993e+01
2.068057220416289965e+01
2.984276889296812385e+01
-3.200971897958622492e+01
-1.571386212637278845e+01
-1.946190975673619050e+01
-1.002695072170030244e+01
-9.869508286967338506e+00
-5.784185742159252186e+00
7.984937408332598352e+00
-1.910232060868968063e+01
1.589870500952477528e+01
3.245926436146946514e+01
-5.073196391074507261e+00
-1.139245027378308350e+01
8.159173556850134901e+00
3.135813851147491960e+01
2.920087446413913312e+01
5.447009603260198674e+00
-3.075622779820861297e+00
-4.854508452375995375e+00
-2.841680542314529134e+01
2.152597021219004603e+01
-1.249940577606021463e+01
1.109676401082379016e+01
-7.842609375234701474e+00
1.514397567165690361e+01
1.023518251853544569e+01
-4.508807062710781111e+01
-1.494443974532367747e+01
-4.399557462092187166e+01
-1.994709589266466310e+01
2.972925004754898737e+00
-9.613980274607740739e+00
1.827308453572116775e+01
-1.680471735933899424e+01
2.062466970061656468e+00
6.019439565782590762e+00
3.964988526994636686e+01
2.009470103393900331e+01
-1.690359672027869209e+01
-6.760856507519292791e-01
6.785262125599672345e+00
2.145882364926046293e+01
2.080907576327604147e-01
3.056104713574967491e+01
1.257592005310459626e+01
5.070141284952779870e+01
1.076505575525757763e+00
3.669406650434312667e+01
-1.511847366130865566e+01
-2.110060073838477734e+01
2.504530415011913647e+00
5.211996539063250111e+00
1.503069144272345170e+01
-7.863683765159635186e+00
-7.672883870986503041e+00
1.451237466940651544e+01
-2.711663379524520678e+01
-3.081954351815431892e+01
4.433290862660294351e+01
-3.339292606652293216e+00
-2.190863140050356606e+01
-2.256136698729960699e+00
-7.554640717382994808e+00
2.376067905128739710e+01
1.851164351917401518e+01
-1.128993710605959677e+01
4.506704363811309122e-01
-1.480926167696642892e+01
-1.974888803297540107e+01
-1.497960858507371995e+01
-5.409031585614019377e+01
6.705869470337688654e-03
-3.604411328769089096e+01
-3.114480356004227701e+01
-2.087861700366460127e+01
1.069708364317517635e+01
-2.040044864113829703e+01
1.290555206399181998e+01
-3.424623872446379380e+01
5.923055511937320716e-01
-2.316550379334093179e+01
4.778251796508527605e+00
6.298289347516579539e+00
1.864034756457652975e+01
-1.173877143196776274e+01
-8.924056388331962353e+00
1.651746909855510737e+01
3.315291255224282452e+01
1.836589078936225405e+01
4.644466604498006745e+00
-4.011479632226446768e+01
-9.513369752039466221e+00
-1.770353024051263446e+01
-3.380593230195768228e+01
2.262761781525699689e+01
-2.031142622237376827e+01
-1.819215262220311047e+00
-1.568246303672525244e+01
-5.580697504571935497e+01
2.891870766081876809e+01
-9.842778061122203326e+00
2.268782120312800998e+01
-3.993881503913769393e+01
3.771663089948361858e+01
2.036248907728463564e+00
-1.612058173690387619e+01
4.806217399340624752e+00
-1.167454804236930954e+01
-3.670101818857796161e+01
8.083788025994735449e+00
1.989661885886610548e+01
9.986907443749259983e-01
-2.026441721130748874e+01
-9.141225577467082530e+00
9.792119901163374607e+00
1.783519204845643458e+01
3.526958419683738555e+01
1.326221978351424013e+01
-1.299541419897059313e+01
5.334234762075301006e+01
1.343609867519628409e+01
2.371206501478607720e+01
-1.021473489479865293e+01
1.565856533746536172e+01
1.093078294385917104e+01
-3.469281849179196797e+01
-1.153721901630422053e+01
-2.287600101853593770e+01
-2.060835542501229156e+01
-6.740125577884157337e+00
-7.794076629948506252e+00
-2.356813096959237441e+01
-6.200763012926086049e+01
-1.615999242693987270e+01
7.001303063413729433e+00
5.091201294938116462e+00
7.735773924688032821e+00
2.598831109801940897e+01
7.880383889487539761e+00
1.817588620250617737e+01
-2.329605600558623735e+01
2.560457407089603521e+01
-2.546774928507619506e+01
-4.027633749550244602e+01
1.227404626633790485e+01
-2.413404746440480153e+01
-2.197016545307046442e+01
-8.869970769372872610e+01
-6.492385004258864001e+00
4.561286022695020392e+01
2.373558341268638827e+01
-5.737957201461995282e+00
-7.733248344260971407e+00
2.106643966014530633e+01
3.722533751127866708e+01
-2.329603327257657952e+01
-6.014769317506932111e+00
-1.902452692359082675e+01
-1.966874670913000500e+01
-1.720406534923335329e+01
7.115882435506776460e+00
3.961394346757234075e+01
-3.649125423864612117e+01
-3.138544316463367068e+01
1.823888600804878024e+00
-5.941528773184273859e+00
-7.458316316670980939e+00
-5.047847789772322358e+01
3.516570611275969327e+01
1.344155973068092180e+01
5.236347228150936672e+00
2.707692340232867423e+01
-1.833952315041932835e+01
1.731119545936378046e+01
1.555104501834057373e+01
2.064023860838659630e+00
-3.408442489746892790e+00
4.953532238779786212e+00
-8.829725340589241966e+00
2.835673126467560223e+01
-2.243277713597697698e+01
2.407583014579654446e+01
5.396848924299405326e+00
8.067058922238544483e+00
1.274805052562345509e+01
-4.867846193486471407e+01
4.704913050176372735e+00
-3.749303927842098005e+01
-2.741958110348700828e+01
-2.743339009652129334e+01
-2.791998897731787110e+01
3.117709044670391449e-01
9.361387908502265986e+00
2.786690047583977048e+01
4.849783946536479817e+00
8.037678556710915245e+00
-3.930482496097209832e+01
-1.427885995916209083e+01
1.904627956450599413e+01
-1.105853240396299952e+00
-5.965737190535946866e-03
-4.952431434911886754e+00
1.960833739062830716e+01
-5.108503993465856752e+01
6.300745369377072080e+00
1.135738178704431789e+01
2.420498801170258929e+01
2.070080676771084427e+01
-3.167117772186570335e+01
6.269210422451806153e+00
3.265272895284411447e+00
2.645808860036879651e+00
3.301925983378708906e+00
-1.054718287954466405e+01
-1.970063863668003989e+01
1.058290206193804295e+01
3.365468421271719990e+01
-2.826244492442071987e+00
6.450545997957249256e+00
9.502958270544667130e+00
-1.432598345467930301e+01
-1.516772058474145979e+01
-6.674037067778785115e+01
-2.065722613505261052e+01
-3.050845656751070578e+01
-3.756036318930341622e+00
-3.775525798368150276e+01
4.201248521266359148e+01
-1.750301111969179146e+01
-2.998489596548071745e+01
-8.654040167167511299e+01
3.716603709424845192e+01
7.450434793132956202e+00
3.344427280970080574e+00
-3.505389607986535339e+01
4.947006958618544559e+00
-1.115622948031194994e+01
-1.833778333062496557e+01
6.546472048563760637e+00
1.888180618611673367e+01
4.105888305018410733e+00
-1.186511156838139414e+01
-1.636419616767170737e-01
1.545153536081471657e+00
8.835366427415920043e+00
-3.552085849322055822e+01
4.033902095114338238e+01
-2.398022759789487424e+01
-1.674607473724490347e+01
-2.733688915904252781e+01
-5.810722758560959988e+01
5.050749857091126671e+00
-2.923014770181507060e+01
-1.067935115885900643e+01
1.825939844770624632e+01
-1.444175234081495773e+01
-1.889101701093579777e+00
-6.564709343098400041e+00
-1.126096826329825262e+01
1.774541008708780510e+00
3.034855346270803977e+01
-2.813316359581888548e+01
5.559601224773561512e+01
-1.261715209242905189e+01
1.870750783146600327e+01
-7.642955376655521604e+00
6.378545461177498765e+00
-6.087126886312120178e+00
2.451511303184292956e+01
3.427492364850511564e+01
1.069682563566385625e+01
2.578295651470297400e+01
-1.992752261428788074e+01
-3.682073417152196271e+00
-1.248557563755406363e+01
3.838292598516980547e+01
3.221323856653054918e+01
2.435283463304904217e+01
-8.598006010541212163e+00
-1.555414703748760985e+01
1.389865984249065889e+01
-1.568684805143294625e+01
-6.934047813575602959e+00
-3.231059423781914575e+00
-1.646343956911816520e+01
2.777382414366628893e+01
-4.587359050107949088e+00
2.121093460502423511e+01
1.090486410309634024e+01
9.673849261410822464e+00
-1.848901634636998637e+01
1.483278338271837526e+01
-1.024154328011124448e+01
-6.608458452717115961e+00
-1.752028900493201036e+00
-2.690517584849021659e+01
4.166843021576676165e+01
-1.488808567824473705e+01
-1.772217850402910244e+00
1.242006776939783208e+01
1.073656516393296556e+01
4.139677574629617141e+01
-9.601814493028825837e+00
4.211395721184763374e+01
3.777678402760699328e+01
-5.235671878780470934e+01
2.839106679342449979e+00
-1.037647108213766955e+01
8.745742526791929095e+00
3.318930646436172083e+00
1.107088027563065680e+01
3.481225370623109683e+01
5.450108051323858405e+01
-4.198054349829379817e+01
4.226491358149803546e+01
-5.467630699414860374e+01
-4.532349314674524976e+01
-8.055274128437304171e+00
4.528180212454913089e-02
4.065702055920843350e+01
2.001810253807349227e+01
-6.737757956161260608e+00
-4.987890666117378657e+01
3.943752746988588598e+01
-2.333852316556954065e+01
9.951455735216541143e-01
-3.981993013300929363e+00
7.032123175897439182e+01
-1.416756713276166124e+01
-5.964974770870247767e+01
1.749498247127371542e+01
-9.086573819049709755e+01
6.427330357675060668e+00
-2.036901187869952423e+01
-1.027984597944078260e+01
-1.516888987334532146e+01
-3.264584656454007927e+01
2.139055702540753856e+01
-2.121670142385174174e+01
-6.537692895929012593e+00
-4.407951557880943483e+01
-2.446193712069884896e+00
-2.919162244460318334e+01
-4.166037402365225262e+01
-6.352887479911447599e+01
5.138020679236348087e+00
-1.985268550812013189e+01
3.437741374303300290e+00
-7.857140851999361075e+00
-4.538259217500711884e+01
-3.629925989015865184e+01
-3.046636672697530912e+01
-3.163577419400354529e+01
2.976356995317470933e+01
2.865375727408888906e+00
-2.782187130672765818e+01
-1.211708141087473223e+01
-1.370877539613186968e+01
2.246408891887092807e+01
-1.737027468142186848e+01
-4.308274672465287836e+00
-1.563695469727642262e+01
-1.995847492438358017e+01
-2.258642610701070907e+01
2.062563062588729679e+01
-8.700988420606847740e+00
-5.171407506558682599e+01
4.309196051290561513e+01
2.459448534861604330e+01
1.490968266848284429e+00
-4.361560472097596630e+01
-4.185016452321781344e+01
3.869470918843262552e+00
4.133598218015208658e-01
-1.766333784907158133e+01
-2.561069365020168931e+01
1.756391790363232985e+01
-3.093183472849119653e+00
1.469280939067510872e+01
2.739252576345478474e+01
1.775384660638950152e+01
1.786995577530565527e+01
1.336401878964055179e+01
-1.167375677056833183e+01
-8.315324346937543964e+00
-1.214153426162842209e+01
-2.050895280447184632e+01
-2.390469976173625355e+01
-3.563034409264291469e+01
-2.082724987650465209e+01
-5.698243837865433647e+00
-4.300723914336697362e+01
-7.949322160454130426e+00
2.038228841370875344e+01
-4.408204199066540241e+01
1.660648665241741639e+01
1.499003307352583647e+01
-4.020282462299326198e+01
-3.173068396560981341e+01
-9.576911069841429480e+00
9.856478737338150609e+00
-2.201966801511144922e+01
4.043161527501345631e+01
3.588404953394737618e+01
-4.324287082742335997e+01
2.505470921938183437e+01
1.946803548366256109e+01
4.898873543877868997e+00
1.215144915128757930e+01
-2.395139784239609071e+01
-7.288337668371781319e+00
4.634387677952247486e+00
1.076079627543798267e+01
2.369319821318806163e+01
-2.870548045295676687e+01
-3.321764412099582842e+00
8.383131205005525999e+00
2.956289451787341704e+00
-1.666466610638298818e+01
1.224390536175380362e+01
-1.432575821407110084e+01
-1.150450427731523462e+01
6.687087572049961182e-01
-3.408171828955198635e+01
1.674881386360752344e+00
-9.509368531776715372e+00
-7.737862216870837528e+00
4.665503494829067677e+00
-3.044504497662117615e+01
3.322842614328345690e+01
-1.415310902976382579e+01
-7.470486665124465731e+01
-4.783874220793336463e+01
2.075613271782381730e+01
-2.265615120450857489e+01
-1.053775390819396307e+01
-1.474158859754301432e+01
-1.027385284826146972e+01
-5.648353184978930130e+01
-3.591144116662519536e+00
-3.493451319695623170e+01
-1.929741526493216952e+01
1.194154026771769850e+01
4.410905999734180227e+01
1.567612544017180198e+00
-5.713729776641542912e-01
3.339810481829677258e+01
-3.103345800927030496e+01
1.793837527087704586e+01
4.279975647483965417e+00
-2.671137213292303159e+01
-1.425373208480141329e+01
1.250378901295965761e+01
3.444852655064281066e-01
6.788651796441360631e+00
5.792678581371490054e+00
-1.327568484436764606e+01
-1.819974086933268609e+01
-2.804391314899595500e+01
2.762146077218909568e+01
-3.617614805566618230e+01
-2.686131715884677362e+01
6.994705007914291173e+00
-4.882192170046324975e+01
1.261619761272339701e+01
3.597360606996318211e+01
-4.039813036819374759e+00
6.469539163655184666e+00
-1.613162246035659564e+01
-1.234102575847961702e+01
5.826777901003708848e+00
2.134087852343837710e+01
-2.179767290383709977e+01
1.518743521219607828e+01
-5.935967128168130102e+00
1.673557352415656396e+00
1.303394160989250850e+01
8.415176364366729445e+00
-7.207689861990033364e+00
1.353188893568813000e-01
1.080718786650277252e+01
1.604587583420766350e+01
-4.030587481872946398e+01
1.877027811990274131e+00
2.891584131835648819e+01
-5.186723500829981504e+01
1.703974564942244285e+01
-6.548317112097784332e+01
-6.026164483494291346e+00
-8.323552186422801924e+00
-2.938364452224959678e+00
-6.811716152639178290e+00
-1.410929361544413041e+01
-5.323154129977922366e+00
6.724669694512897422e+00
-1.494166958187686944e+01
6.760822653250613712e+00
4.914720998642354743e+01
-3.402736609663557488e+01
-1.482888163532498993e+01
2.232553227636032034e+01
1.350875854865313386e+01
2.452298229237560179e+01
1.181892021244068758e+01
1.187863518943650121e+01
-9.024486138173131167e+00
-2.751884017586895936e+01
-2.537501789549202158e+01
-1.509054010654837441e+01
2.592367600569517094e+00
-2.369172018304595895e+01
-7.847269707554040963e+00
4.096684081834879976e+00
1.333262320251668598e+01
-5.741744378266279369e+00
3.344326821545233486e+01
-3.237680238397473431e+01
-2.225296459928642889e+00
-1.710634056785767854e+00
1.540455851987733382e+01
-2.200358304211109584e+01
-1.392790284346924068e+01
1.057158331002067619e+01
2.521030837649409762e+01
4.183692336902880982e+01
1.792877333806478646e+01
2.340838683044452750e+01
-1.566175661261927843e+01
3.529469851053113416e+01
3.700831068609303998e+01
-1.459717685816599442e+00
1.916648729069208912e+01
2.112155604015579513e+01
-1.316991572448571901e+01
4.718023117096350916e+00
3.395293629282559777e+01
-1.352777131391735566e+01
-5.160389357928693244e+00
-3.372478710667026292e+01
1.332495574933415128e+01
-7.166881651377323692e+00
1.101110957090679676e+01
3.306771347310984765e+00
-2.226925150968415679e+01
2.549537437609933477e+01
2.244465931311046347e+01
-1.501322136898156145e+01
1.066982039565582596e+01
-3.414766577111606694e+01
-2.968749873876019763e+01
1.382966771772447601e+01
-3.808988634380486360e+01
-1.718142992883816689e+01
2.927486435510502361e+00
4.619850768629461157e+01
-1.422053983102159691e+01
-6.854733583224543736e+00
-1.003837602027181219e+01
6.265128662741851429e+01
7.793682582084976218e+00
-2.406216856746618760e+01
3.957144557245749183e+01
3.504674725094746179e+01
1.754957797212802006e+01
4.195777617377737556e+01
4.798418485524683774e+01
-4.216974559354230934e+00
-1.547526093034376515e+01
-1.624183788611696855e+01
1.612635893625871120e+01
2.095710407292435207e+01
-3.832482381223613288e+00
-1.291490165157389924e+01
-3.413100258573329882e+01
-1.413228037812854154e+01
-2.522485421600890731e+01
1.679910921106227306e+01
9.543058508900742254e+00
3.559665939579525684e+01
4.105537950978771278e+00
-1.315845982588700736e+01
-4.722905509306237093e+00
2.203818008393339767e+01
6.995940680842522852e+00
3.035478257697781146e+01
3.112599472500670572e+01
-6.769687377303029052e+00
-6.026692222406339283e+00
-5.603599667616435909e+01
2.825842618300693232e+01
-6.949392414813360119e-01
3.020411548102602239e+01
-1.205935932145048639e+01
-3.481175556998838516e+01
1.177600278693198987e+01
4.064342756337862284e+01
-1.461543964850442023e+01
3.688202901401507461e+01
-4.060951273261682104e+01
-1.282321513588875916e+01
-4.529404379035577222e+01
1.065836121321538599e+01
4.521994249399568844e+00
2.985933774802219887e+00
-3.465469462891672947e+01
5.045731526208373907e+01
3.020810148114964022e+01
4.930624364817106198e+00
-2.869837132223423737e+01
1.208342642173764148e+01
-1.302556124524770098e+01
-6.890995460834005826e+00
-1.331833854662801286e+01
1.022172888808772129e+01
-8.024911836872206550e+00
-1.123209519947002377e+01
1.158198473904474213e+01
1.442183571226316730e+01
-4.764710269206926796e+01
1.105629894182433759e+01
3.756045831235701371e+01
2.235440535654356609e+01
-5.817848741576679750e+00
8.800981978215034474e-01
-1.951665614586551101e+01
3.227423851234266294e+01
8.689813962427962224e+00
-2.339982656287247664e+00
-4.158043982352296553e+00
5.940910800315307938e+01
-1.744370262710532415e+00
1.359606603139113190e+01
4.147077256378072718e+01
5.345097054053194796e+01
3.454616415365671855e+01
2.254663510379245395e+01
-3.688977815727049858e+01
-2.516427655669806995e+01
1.911290206727331054e+01
3.839376170994881932e+00
1.755079414212204370e+01
8.852281935164128868e+00
3.409488098395556221e+01
-4.294388556243029598e+01
-2.704570027888121331e+01
-6.398139669550999997e+00
-4.740924338494045287e+01
1.057598747274556672e+01
2.437350843937595357e+01
3.831954736013699403e+00
-1.231244813604700994e+01
1.288200827090395251e+01
7.659160051086553267e+01
1.709314313918002881e+01
8.716702268967196687e+00
-2.603008214153285849e+01
-3.320784383551904284e+01
-8.128621814787358346e+00
1.831887633144279448e+01
-3.296439814483449027e+00
1.312140370973374814e+01
1.932324589306438156e+01
-3.161113986019196886e+01
1.444118837438844594e+01
2.454873943645395684e+01
3.124510966182072025e+01
-3.631883795383544111e+00
2.578286989299385823e+00
-5.568648679513742650e+00
-2.677462141311031019e+01
-3.838455005971007949e+01
4.397061985147972507e+01
-4.266154471546315108e+00
-3.058483585924219028e+01
2.977779070047830601e+00
-1.430508480297175566e+01
5.023091344975048855e+01
-1.289628600628913091e+01
-1.980857844379016797e+01
1.921420561456588416e+01
-9.072786464151505470e+00
2.460848443874971281e+01
6.904084016240688015e-01
5.377276218268244179e+01
2.914537742757012495e+01
2.150935323230033447e+00
-2.056358156298963991e+01
1.517641144621833860e+01
-2.978955412412260273e+01
-4.848088240656139192e+00
3.385969318993987542e+01
-1.546036145236962511e+01
-2.482255494345025681e+01
-1.339185027051837551e+01
2.765615633555069053e+01
7.004162299213355425e+00
-4.583358030551909224e+01
1.837861026681309795e+01
5.173479256372729651e+00
5.079588328120678398e+00
-2.783464728931096488e+01
1.576862097046358713e+00
1.868161570656903336e+01
2.650998101984004052e+01
3.641281438661039260e+01
1.593483799651409960e+01
2.159937235748799367e+00
-2.987197582492433412e+01
-2.586489749299025220e+01
-3.820762117328868612e+01
-7.230323618809165964e+00
1.752459640969630073e+01
-1.388221715424101887e+00
2.837094003561708178e+01
-1.807529085383509937e+01
9.070641862939453404e+00
-9.585533799504105446e+00
-1.652540397991006316e+01
3.382656202093449593e+01
3.926756795185923465e+00
3.476803400884239181e+01
2.645287021984302100e+00
1.232797195483940556e+01
-9.932751198644837132e+00
3.359399835973864867e+01
-9.181013580388423634e+00
3.412062988467923219e-01
-4.319716172395825993e+01
-5.321671982772798515e+00
3.957321652991095107e+01
3.537570066808768843e+01
1.487661317254125493e+01
-9.168692940809052061e+00
3.056001848262908993e+00
-1.157494556679188236e+01
-7.619209703087619800e+00
5.114494672739708392e+01
2.755830769720432727e+00
-1.448425363634925134e+01
-5.999659349370965344e+01
-2.633923594814167046e+01
-2.126219627335007090e+01
-3.551650740566387299e+01
-3.214004501064437136e+01
-3.830045234922192776e+01
-2.541457022898870122e+01
-1.765025129062951237e+01
-2.737267499590075204e+01
2.598617674097372898e+01
-1.156486820638394875e+01
-4.902372456454446592e+01
2.227206891372594555e+01
-1.684520255347744921e+01
-4.499668074272565832e+01
5.380409294969965117e+01
-1.440764282847587197e+01
9.538331247696106630e+00
2.224558334702351203e+01
4.931293610026244778e+00
1.474712219597699914e+01
1.812380543542587930e+00
1.047017605483695490e-01
-8.230927541181401352e+00
-4.181541530864498668e+01
6.610106063785543995e+00
-6.916945563249441875e+01
3.932988813893204849e+01
-2.362817497140270007e+01
-9.791974088471363302e+00
-1.010243786465332505e+01
8.278174138488518352e+00
-9.503286893612411745e+00
1.500097491926582904e+01
-3.065087238487537036e+01
1.990485674686453876e+01
2.394010813678222505e+01
5.839303666111703706e+00
6.356766624812962618e+00
1.199711945318225048e+01
5.029217147358110651e+00
1.534942423051282390e+01
-4.441373482137294104e+00
-3.898543855341651465e+01
5.328036952318655040e+00
-1.374777320570424877e+01
-3.009902738750355411e+00
3.069593614727534714e+01
-4.468302030362234945e+01
7.676768564370206605e-01
1.162296714879630599e+00
5.093504366667076511e+00
1.743806834615614321e+01
-6.771363031348130335e+00
4.623049778834962353e+01
2.455755919569348578e+01
-8.566332359768118465e+00
-4.212899288404059917e+00
2.087567377586381667e+00
4.285894453903273416e+01
-2.951218289021795727e+01
-5.738628839892783162e+01
1.717460486581009604e+01
-6.823899203771077282e+00
-9.307032532444125650e+00
9.203177009004718911e+00
4.236629401626976232e+01
2.474009715367139961e+01
-8.946555013442093696e+00
-2.929723956375227090e+01
-4.732094341604707211e+00
1.575933032674585377e+01
-8.512556441818702524e+00
-4.163712884064966602e+01
-3.369372774202872733e+00
-5.322468077868978753e+01
-2.833012707331499769e+01
4.584097724146303676e+01
-2.912342025115954414e+01
-3.816602821819316205e+01
-2.882874743101102410e+01
-2.064072571378645193e+01
2.025342011158991795e+01
4.716969648828329298e+01
-3.678147436974342099e+00
1.447754697727550877e+01
-1.189392088160442995e+01
-3.893948967786317894e+01
2.629993620184502134e+01
-2.643409000504891537e+01
1.465486182267522963e+01
1.794369350308144107e+01
-5.930649492734062278e+00
2.119678172124673665e+01
2.313172597236645345e+01
6.364197428355888064e+01
-6.707210427221241389e+00
-2.900701830323380648e+01
-3.529966538037967894e+01
-9.604174021849694043e+00
-1.877315837428567491e+01
5.312945097256670124e+01
-2.463334575744366362e+01
6.483515441134256818e+00
2.775024409331734887e+00
-1.239064902801443679e+01
-4.770380622837109286e+01
-3.518275696999836555e+00
5.541222556615481665e+01
9.719779610792599556e+00
4.228564920031828933e+00
-3.246654985370757629e+01
-3.235144260913034486e+01
-7.876659448434569555e+00
2.586450777725428907e+01
-1.428790493390795291e+01
5.786124067405387450e+01
-2.721702324628009251e+01
1.056576946083248458e+01
-7.738128535020962318e+00
-3.650921622947149103e+01
2.411796179720028022e+00
-2.882069007485358725e+01
-4.158210154832875105e+01
6.225405922930463021e+00
1.066618168390263577e+00
2.942397763593304205e+01
1.326492821538335676e+01
-1.889473627772063224e+01
1.210741498347783818e+01
-4.920923548282422644e+01
-2.695374416861363898e+01
5.019639984285514345e+01
4.685513702779402934e+00
-6.016190696788953574e+00
-1.678816173638449527e+01
-2.470801771119226942e+00
-5.559603595724468050e+00
5.008276383361010176e+01
2.343074247643426133e+01
-6.691270350746322038e+00
-2.010700000481222105e+00
-2.215248526628528936e+01
-8.856895226128983722e+00
-3.546736362674454313e+01
2.778270991920533106e+01
3.932775700307487909e+00
5.821546802109878627e+00
1.008088453933812900e+01
-4.472266815054030786e+00
-1.155356650545745900e+01
3.009510633131926127e+00
-6.086968739103383541e+01
-8.750583239763244592e+00
-5.763555020848514232e+00
-4.360638350222359350e+00
2.712983599551039049e+01
3.657902105837116835e+01
9.738208503455837217e+00
-5.359366683483536065e+01
3.501357355675787630e+01
-1.204013406224336791e+01
-2.106513534549449673e+01
-4.906226295540368909e+01
-1.697626576441966506e+01
3.494084105073179103e+01
1.715249159715904170e+01
5.634787396126569092e+00
1.893234188182202615e+01
-3.285134692125330957e+01
-2.616248346572129435e+01
3.170690205038511067e+01
2.188099064270510041e+01
2.704457780722012217e+01
2.729670970215721582e+00
4.731002116800425483e+00
3.069412240078023046e+01
5.431623575943132209e+01
-1.178005954636680741e+01
2.163542251945250428e+01
-1.451428418728971792e+01
-2.466456995229826532e+01
-1.948439753425243737e+01
-1.959049215104755604e+01
-8.153007974340056307e+00
-2.676815117545410772e+01
-1.103476427904618618e+01
-7.638669887794756619e+01
1.910058768899901338e+01
1.243608482666908088e+01
-2.669277264078687040e+00
-2.184289488171623361e+01
-1.041471636005988444e+01
-3.086149647565594023e+01
5.556872608551685744e+00
4.533028212296474635e+01
-1.244317317902209652e+01
-9.483458724648897942e+00
1.178998259042793961e+01
-2.872572728461841507e+01
4.760609564469963573e+01
8.268037338986992779e+00
7.893707305961811471e+00
2.782074611113552010e+01
-1.363430509781011324e+00
3.145789651694809663e+01
1.061499816097835946e+01
-2.241135163888543502e+00
4.590706585111291815e+00
-3.524284068113047397e+00
3.723897833857336082e+01
4.835046523579649147e+00
1.018210563328668172e+01
-6.537675650053188292e+00
7.911088687464626901e+00
-5.184191631015411872e+01
-1.977038761368544328e+01
-2.739773419324973247e+01
2.664577206409188648e+01
-1.795730718948320259e+01
-3.376536517331248888e+01
3.248221591105220796e+01
-6.847762695741053562e+00
2.276079292873566828e+01
-5.059734554882618340e+01
1.044677224542438587e+01
2.931050575444828610e+00
3.436581449150992285e+00
-6.522246101817927411e+00
-4.078587467046190795e+00
2.850547205793937522e+01
1.025748628166184062e+00
-2.847627912509832981e+01
-1.050673384249967057e+01
1.239055814657304211e+01
-6.455664762107321053e+01
-4.938468101060055204e+01
7.334423482605814115e-01
7.864482701104755336e+00
-2.633981970578171428e+01
-1.091942939305852178e+00
5.902531965661194135e+01
1.570149031411216356e+01
-3.019938531900885437e+01
5.248076203751807611e+00
-5.200763422075304732e+00
7.008641656775566275e+00
-1.994592646582523798e+01
1.232103715684811363e+01
1.476068030158489819e+01
-3.870174919376552225e+00
6.251376625309315216e+01
-4.460312648760265120e+00
-1.770297034650843671e+01
1.329627388999745108e+01
2.406784405921814596e+01
-1.893882246557365079e+01
-1.029683189625092865e+00
5.482673483375539547e+01
-1.594231135252925924e+00
3.292366297388522867e+01
8.181994205883000859e+00
-3.926185258503380737e+00
-1.275620053130325005e+01
2.925239600222073477e+01
-3.126800166621474375e+01
-5.944337158820189870e-01
-1.018240276673989797e+01
-2.222820967567105299e+01
8.416740162612006415e+00
1.486647344791242453e+01
2.455129430314855199e+00
-2.126688203352387063e-01
-2.225748558868846771e+01
9.084127350734149786e+00
-1.865606782823377330e+00
-1.269839809911890427e+01
-1.128706268738698526e+01
9.274489530901348644e+00
-2.093894502635066601e+00
-2.115874768440883713e+01
-6.101224830197767801e+01
5.856026315739711663e+00
1.083547154170780402e+01
-2.712155854842905001e+01
-1.335536172124761833e+01
4.627693658134681698e+01
6.260720282092435696e+00
2.203100168585723395e+01
4.806357754811159566e+00
2.228149387740403142e+01
3.220806249831298373e+00
-2.179010594147779045e+01
-6.054778511223517512e+00
3.055521120685568803e+00
1.760169159872069145e+01
4.223199543344793483e+01
2.755091638603315118e+01
1.694115774336751201e+00
9.561238426776128563e+00
3.391400749970399886e+01
1.477312427415146345e+01
-3.882395091246536367e+01
-1.545054922722013657e+01
6.265644028450140013e+00
4.763198490540020202e+00
1.379805178243451991e+01
-2.901429246968700681e+01
3.961501099116283342e+00
2.420421912754083849e+01
2.678349502627010281e+01
-2.407753530845141654e+01
-1.330168635362838359e-02
-1.239837659670115499e+00
-9.511915994409804398e+00
-1.593290479338091359e+01
-8.687654448397921669e+00
-4.889947010631644275e+00
5.660712226894389687e+00
2.368912952521622373e+01
-1.728896989563943976e+01
4.532196452248723517e+01
1.836177271270409506e+01
1.500910299497525102e+01
1.981601265871251627e+01
1.520419649521778638e+01
2.034699176087660533e+01
3.064459039860210510e+01
-2.549526150545857917e+01
3.487062958541329749e+01
-6.388464078313208461e+01
1.774169943841772934e+01
-5.988721964685939270e+01
4.676316822194223732e+01
4.219252974502443010e+01
-5.272729411781938325e+00
-2.700415353118856387e+01
-2.377324907239358254e+01
-3.084439672018919509e+01
-3.547702774845186013e+01
3.169659718260794534e+01
2.355347582121865457e+01
1.339563482670723715e+01
1.589186371622560046e+01
2.501342525349070911e+01
-2.194708843378782603e+01
-9.949737276566338551e+00
3.090309932150317707e+01
-7.309732273458919849e+00
2.991349123694415368e+01
4.169695327634430271e+01
-3.231090143051593699e+00
-4.101106980650195055e+01
2.773179029309346788e+00
-1.460507393860090986e+00
-5.707445911163347319e+00
5.237568981294771220e-02
-3.653401446566107325e+01
-7.092437043813617947e+00
4.934384227552209623e+00
7.434239752627334497e+00
2.735089344557891877e+01
-2.390482007383444341e+01
3.126991855494338779e+01
-2.235811743273927732e+01
1.434523601149555816e+01
2.260497879286619138e+01
