-1.213531162749589831e-01
7.975094595948917231e-03
-1.839268429723053822e-02
7.761293037566900643e-02
-4.322967890092921373e-02
-2.050241828786719678e-02
-8.917080522707476753e-02
-1.814350451663563069e-01
-4.854235037255139051e-02
-6.405144142012930697e-02
-5.380081819358709105e-02
4.121686426261428338e-03
-1.938490713263435472e-03
-5.720423944256869397e-03
3.420260204429120821e-03
8.564067954242682301e-02
-3.719368452102382594e-02
-6.137993337457681164e-03
5.849350694654598115e-02
-1.965403985233802331e-01
9.130892591408999726e-02
-3.492430707976590387e-02
-1.327750888182276968e-02
-1.705455442168600511e-02
1.292321304833243811e-02
-6.470526528187747761e-03
1.684870925364485572e-01
-3.406741172581179145e-02
-3.549420711066009204e-03
-9.813731691416796576e-02
1.247579703694463582e-01
3.002085300428919412e-03
-8.002966649390441667e-02
1.925222983738673899e-02
-5.561345649757132303e-03
6.174926184597584466e-02
2.190148267131597493e-04
-8.606079471383559776e-03
8.240342361826909212e-02
-1.784758270372525657e-01
1.035533301283451668e-01
1.224089875932321547e-02
-2.806845119303219560e-02
-3.740246866505374246e-02
2.765777250895079531e-02
-2.532767045208295098e-02
1.008772287538997059e-01
6.595922085175087712e-02
-3.517247454085759006e-02
-6.131155056871795406e-02
-6.006254609191685745e-02
-7.486289145742612561e-02
6.262095020712710181e-02
-9.102831619934709240e-02
2.569605607883618248e-02
1.040986994244875175e-01
1.346276228448122780e-01
5.851664434296019457e-02
2.923955758544932726e-02
5.928476868029253222e-02
1.770648364456537394e-01
3.179135324004345176e-02
-1.002047008363307901e-01
-2.033109942962219030e-02
-6.452700762264712564e-02
1.095379031182333873e-01
-1.287541448676662315e-01
-1.138904379256659993e-01
-7.282526954059326263e-02
-3.990855384845326537e-02
-5.901576426579335788e-02
5.606837944785153516e-02
4.135141620588045352e-02
2.783578736221420380e-02
-7.994868898749815656e-02
-6.017501858413232263e-02
-1.027071963870601762e-01
5.827235558330556842e-02
-6.293497015553220497e-02
7.276499395288074656e-02
-2.190074972133693870e-02
-5.677251047913967064e-02
-7.994993819494847220e-02
-2.463789034609809026e-02
-3.825734117653645239e-02
-1.998480964348173239e-02
7.517868225293669604e-02
1.459998725666627750e-01
-7.725835674725341218e-02
-1.329112529202161885e-01
-3.209885613864429943e-02
1.966603623906726384e-01
-1.058934192689768988e-01
5.695419141213231562e-02
-6.706724997005308886e-03
-1.083128022581726357e-01
5.601653107597352743e-02
4.649431428780309572e-02
-2.248395443320777565e-02
5.082284060284647520e-02
-5.391323036480510922e-02
-1.098336115114210143e-01
1.962871864955181289e-01
7.472597719992579712e-02
2.836381903793044890e-02
8.469191653660279595e-03
2.474551276945072265e-02
1.459312009969199186e-01
-5.742823296871570754e-02
7.380746746839944583e-04
-2.548334594922967433e-01
3.772619667772647567e-02
-1.212522072698513642e-01
1.910929749216222495e-02
3.574838194875318287e-02
-5.976995638469284611e-02
-9.260109219970513728e-02
6.429744075403642789e-03
-6.300529688448852639e-02
8.430691938336948299e-02
-6.868764224062767765e-02
-2.655295904694254805e-02
-7.517580347632010773e-02
7.586757007617683790e-03
1.108624661677559686e-02
4.114226816367755335e-02
6.116246563590221896e-03
-1.521906076185142176e-02
1.250622731269964150e-01
1.667702608704634548e-01
9.313413852785323854e-02
1.055884328106989622e-01
-3.023455617893708314e-02
2.600599929844515934e-04
8.237371442012497713e-02
2.180834776714501988e-02
-1.379551537074806267e-01
-9.133232828397064296e-02
-9.304258181978802833e-02
-5.729266027084831125e-02
4.748214314605592179e-02
-2.220138814715650888e-01
-1.732563069505471676e-02
7.802476468561603262e-02
-8.571619445926265124e-02
-6.098051002179727398e-02
9.777121549866896189e-02
1.029022499157994375e-01
-4.978158173955303523e-02
7.568824970021981180e-02
-4.906517090945239357e-02
7.436130797045802099e-02
1.535782382763645204e-02
1.484186685965627195e-02
-1.474480438192199150e-01
-8.575950907473382789e-02
-1.947548702034607171e-02
-2.636655164019981179e-02
-7.124301926270937280e-02
2.153930680000495368e-01
-3.910347447851569846e-03
-4.684881613058014538e-02
6.789618735815716732e-02
-7.269185083853385576e-02
-7.238580774000069606e-02
5.857139408369205213e-02
1.899574318679009277e-02
8.376680464557972883e-03
2.961959208970030288e-02
-2.006898170451754115e-02
9.922734448361003601e-03
1.043192216463918603e-01
-4.408484338791812673e-02
4.224539336261790012e-02
1.612220557306719704e-01
5.571668933404647084e-02
8.033963186732884232e-03
-3.353033870417307383e-02
2.711114600143308406e-01
-5.599839483012974961e-02
8.313439359268048889e-02
6.405183151367577210e-02
4.431996358323708751e-02
1.752540862717738568e-01
7.611221455692651627e-02
-2.003686706463024547e-03
3.925714214952003012e-02
1.025523290577354807e-01
5.735852912463951236e-02
-1.114611727646223072e-01
1.800435240572566542e-01
-1.700566034809169458e-01
-1.346536706055656563e-02
9.759105095642361949e-02
3.412468996411244238e-02
3.309722170051765389e-03
4.368044682075285234e-02
2.468161218353737141e-02
4.526464478732028507e-02
-1.088887029928217176e-01
8.380754037341064944e-03
-3.832558623060594583e-02
4.808430932167803706e-03
-3.543654571959486965e-03
-3.205491301672853260e-02
-1.276009497841962270e-02
1.565532114319347912e-01
3.938868072331236370e-05
-5.584414901875248138e-02
-3.950194839868727270e-03
2.742826791777092099e-02
-1.176748081949122726e-01
-1.094849438627356619e-01
-5.421375492224292381e-02
-1.136074376767724492e-01
-3.138872530009086115e-02
-6.987925187626523038e-02
2.479730324755652360e-02
3.239467088473058087e-04
-2.355671010250171005e-02
-1.231235323312837582e-02
1.220980321933046175e-02
-3.290818915532567335e-02
1.174058665873953244e-01
-1.624694313941367763e-01
-1.363058809453532305e-02
-2.434343523639969503e-02
3.312478151411002436e-02
4.103165049977913759e-02
-9.939318143082198631e-02
-1.413985929257832730e-02
8.551830399835771979e-02
-4.219249178563709568e-02
1.856987441594537547e-02
6.477149649092173167e-02
4.409105722733508426e-03
2.087801628832077760e-01
-8.284837281613111060e-03
-7.686573402821839096e-02
-1.719290638881076916e-02
-6.679192975788644793e-02
7.984271929038094795e-02
-1.099070114689972011e-01
4.262256088038707258e-02
5.872674173733732905e-02
-2.254804855393222063e-02
2.131709279602748142e-01
2.192978935425730080e-01
-1.504171927919877305e-01
1.055330196157436839e-01
4.792900362706054018e-02
-1.011732243919656604e-01
3.913572959965044840e-02
8.558762281953996576e-02
8.824764183702132891e-02
1.284660531500830816e-02
5.728444905034602019e-02
1.388051380555539449e-01
-4.345879652794315540e-02
9.880586254399907620e-03
9.996174420625725254e-02
-5.868348471033831004e-02
-5.244505778571029175e-02
1.203600569733277725e-01
6.243357844555810776e-02
1.381985074594481722e-01
7.672300685826916045e-02
3.269221410488704072e-02
3.198506699071168580e-02
8.795632396971933553e-02
-9.813804900337015635e-02
1.130883774664198649e-02
6.115596924523845901e-02
3.774499139249321011e-03
5.067053327555212650e-02
-1.251390845249609196e-01
6.238587733345468678e-02
-7.609591588956732267e-02
-5.817608287699118502e-02
3.896172675380099593e-02
-1.573581516321864715e-02
1.150034757714607503e-01
-2.333102918872165255e-02
4.511191169129197265e-02
5.082064096673566400e-02
1.386863322938440835e-01
9.538966633513880355e-02
1.038925133131667344e-01
-4.595042764718892947e-03
-2.437274989928300828e-02
-5.471551633122251346e-02
1.574214404746110407e-01
1.545246482996979198e-01
6.314992233793603749e-02
-5.633196977495461000e-02
8.885740422172583308e-02
6.951932379694714115e-03
3.234325390138503842e-02
1.366066989448496694e-01
-1.322631131990337217e-02
-2.294805345151434972e-02
-5.003474740308400115e-02
-1.233405843395741219e-01
1.788751651646673380e-01
9.386749855533360609e-02
-1.255230145806955355e-01
-4.059272902456567689e-02
3.406036070645511449e-02
-2.523306338517844472e-02
1.148771013106894834e-01
3.455097278485708134e-02
1.460517140239561140e-01
4.738111926618664149e-02
-3.245440221004730619e-02
1.960142212108878512e-02
-1.523608040342544490e-02
-3.481785283068966619e-02
3.499516214196352060e-02
3.597031745240641953e-02
1.651448198957174429e-01
1.299124647208954042e-01
1.142649313008211043e-01
1.353746192681470895e-01
2.242691201041738247e-02
-5.727923441376081559e-02
2.124231057385106425e-02
-5.765900425692067899e-02
-1.062343811696654650e-01
-9.344738523773943317e-02
-6.072953100589612019e-02
-2.061560587135667921e-01
-7.533132395564526296e-02
-1.524769653089260157e-01
2.958433303824063720e-02
-8.325949101880539271e-02
1.055519154418843586e-01
-1.753050529216136910e-01
-5.447609261686564563e-02
6.155350771731321613e-02
3.645692068898764848e-02
-1.636009865455916312e-01
8.707369417489774222e-02
-5.501683621790820489e-02
1.027431545241621058e-01
-5.044934931615047136e-02
-1.264410491862867358e-01
3.611251580624441626e-02
-1.054025703422265536e-01
2.691495207819138979e-03
-6.573592344257528364e-03
7.191638685492561522e-02
2.295880367213823936e-01
-7.829441535495651472e-02
-6.707500935702565004e-02
-2.997466133901627305e-02
-5.746031072570267906e-03
-1.387934096403656836e-01
-1.108405813983219246e-01
9.982361027603953163e-02
-2.154435119105058138e-02
4.230886143105949682e-02
-8.652125091946516466e-02
-2.076940556184492248e-02
-8.074805582945937532e-02
7.880216561049649404e-02
2.481853369916797725e-02
-5.359326027324995412e-02
-3.162783487960685314e-02
3.008094577244962986e-02
-1.038777275608054884e-02
5.316262078272604441e-02
-5.490979562162645600e-02
2.509275540447675201e-02
6.486472726409880929e-02
1.787082972574005613e-02
-5.073826188205776688e-02
2.873121142457546462e-01
1.152806687627126597e-01
2.004054092490634847e-02
5.974873318033813163e-03
-1.089288859016526723e-01
6.185453356929127011e-02
-1.364030092063181487e-01
-7.058144854535070012e-02
-1.235801657709645895e-01
-3.483781717739387052e-02
1.171667750394732588e-01
-1.109709174584824765e-01
5.059720045457563598e-02
-1.615358815435363748e-02
-2.281008234749276609e-03
-5.115772872808616034e-02
-7.316492070707891759e-02
-3.273348799921460550e-02
-5.249879126955428466e-02
-3.371501303784013581e-02
-6.113768738644626000e-02
8.414620418322957263e-04
-4.879569519394909294e-02
-7.912486109081570684e-02
4.159731274594927197e-02
-1.086822454324856690e-02
4.680090298216177391e-02
2.008416058815757493e-02
-1.361512684446830601e-01
-8.869421270743514663e-02
-1.052130254551484900e-01
4.686551649753067927e-02
-1.743075795679202566e-02
-1.043376801306465929e-01
1.051950706278109993e-01
-8.327063177019053408e-02
1.030214212180810274e-01
-5.557781141505963030e-02
-8.942777230526371968e-02
4.235713994007983541e-02
-1.320548759213548140e-01
-5.235622633130854187e-02
1.163099578033137127e-01
5.131601966356591493e-02
-7.518398578847884650e-02
1.149466192407024856e-01
-2.398105509448267281e-02
-6.167835281255618085e-02
-5.226480875902783652e-02
-1.065505087277128782e-01
5.143157771804907075e-02
-1.670658617524133915e-01
-1.377958953449301971e-01
-3.445889136239776995e-03
-5.316446762780235868e-02
-1.223429269469586134e-01
1.407569496321361413e-01
2.589704624463529670e-01
-2.677338055916553272e-02
-5.085321676522924772e-03
-1.169304501710374256e-01
1.223759996989142174e-01
3.877662217735933226e-02
-3.054306721608179842e-02
-6.999136540801889628e-02
1.476167569296284177e-02
-1.044147631132734261e-01
-5.708601194231333054e-03
-1.503877381685974068e-01
4.396529625368272853e-02
3.076997974859541074e-02
-6.128458033744288436e-03
-3.152132410677044305e-02
-7.630247802579570582e-02
-3.719976594622775856e-02
2.652691368584065845e-01
-2.334376299907059416e-02
-9.341125304610192748e-02
-1.260177304494801975e-01
2.847283167164754714e-02
-7.086038377713302361e-02
1.112854823513606539e-02
6.075230838126535748e-02
1.342637674781671508e-02
7.991848885029401162e-02
4.492974787856843233e-02
1.133259929030998592e-01
4.042882762931661322e-02
-6.789400398939787751e-02
1.008602268977819849e-01
6.652111142528865928e-02
2.385086974290989703e-02
6.855405541857989560e-02
-5.732828252159051508e-02
1.274505817856807499e-01
5.008576042201077355e-02
-6.435630417874292630e-02
-2.009827522418134588e-02
-2.714846953730787327e-02
2.204552932413644806e-02
-4.248384969910808107e-02
-2.957781963741762388e-02
-1.871424731747628467e-02
1.421673180465737873e-01
1.132514353872055290e-01
-1.145761063636600852e-01
-1.777467017064965349e-02
-9.181947035057069773e-02
-1.912512687681355850e-02
-4.469961287354276558e-02
1.771669530388475522e-02
-5.082237782400404746e-03
-5.574071224934948332e-02
2.844853598649937920e-02
-1.780254983457467410e-02
-1.504585478077830746e-02
1.550698677130585290e-01
2.370726287091921847e-02
-1.592640150603636118e-01
-8.171024735827780994e-02
1.752795996997288386e-01
3.176266899263879839e-02
-1.714491845885479648e-02
2.027889417529541993e-01
-2.708536815861040115e-02
-1.279903960133582652e-02
-3.923989030316110682e-02
3.032339599015526632e-02
6.585038271677426391e-02
9.357552513767557895e-03
5.522297830538425156e-02
-1.833845660384386678e-02
-8.196835893570891818e-02
-6.763271625134646692e-02
-8.726136813536400361e-02
8.505850161503258899e-02
3.181533557856468936e-02
7.036581937913304052e-02
3.869974794563402209e-02
1.677483649320831161e-01
3.061943445199535180e-02
-1.363839937921746959e-01
-6.305003299897897484e-02
-2.475051393748650685e-03
-5.216903365285785465e-02
1.161290051523862499e-01
-1.712713870783333370e-02
2.056030655070724411e-02
1.002463773586859674e-01
-1.525619682907142227e-01
2.684639545856384313e-01
4.118898528850412077e-02
4.746674744703804905e-02
7.425481931479793740e-02
-2.969229417432717177e-03
-1.036014320655881393e-02
5.335992078462870047e-02
-6.617279906757511654e-02
1.613843875777093428e-01
1.441391785962918004e-01
-6.277461293608441184e-02
3.905425351097990827e-02
1.260003176121554658e-01
-3.792365188056132097e-02
4.674445087354783812e-02
5.092803101123270781e-02
7.939181717270121785e-02
-1.264181904759711372e-01
-2.889590322111557086e-03
-3.191065961177200205e-02
-1.722713783256252240e-02
-2.547089792345205023e-02
2.225855095754025736e-02
-3.201865558944128054e-02
-4.940304046007915062e-02
3.958093802200857159e-02
9.582424529726157880e-03
9.862627958997477462e-02
-8.692441390882237051e-02
8.241102888749707311e-02
1.103422270355189916e-01
-2.432119674784682939e-03
1.112556411561257397e-01
-1.192061766858507066e-01
-1.851260606523752461e-01
-9.116164548591359357e-03
-2.897908253606473750e-03
1.613737234957701716e-02
1.392835028441522516e-01
1.711612247197374925e-03
7.789379785694866554e-02
1.165476417945362775e-01
8.016561086568252392e-02
8.915002723464127143e-05
1.112094140699909639e-01
-3.495055217989062601e-02
-6.998423860017877196e-02
-6.891038682667899318e-02
1.237881541420313147e-02
6.504612519508640167e-02
-9.888383281304868877e-03
6.234069792640217766e-02
6.335608510655288406e-03
8.876827227639366713e-02
2.140944674763650690e-02
1.295967702759326379e-02
-9.122978040004947609e-03
4.699332784729207124e-02
7.457251913476120597e-02
2.542616448364903858e-02
-6.253822924231794422e-03
-9.636173733401780239e-02
4.795289667115293364e-02
3.690899152650128912e-02
5.983564378865688371e-02
5.099286686429166382e-02
6.388911359947367641e-02
-1.121921605753681273e-02
6.522892042398154011e-02
-7.445060000338110662e-02
-5.743806474302282083e-03
-9.923738662328751570e-02
-6.352766774621471102e-02
8.265139352905573333e-02
-1.648570731257816280e-01
4.104716323854451510e-02
2.994779429043048502e-02
1.738752307478802495e-01
-1.697538245112778510e-02
6.682251429738769732e-02
-3.140647337721902410e-02
-8.810374788601355034e-02
-1.220417008023939598e-01
-3.605818664698931530e-02
-1.783636178375816450e-01
1.937854790310133968e-02
-4.199296706158196779e-02
6.149842585443965337e-02
6.042479420954516289e-02
-5.034711871586544651e-02
-6.177484961569090771e-02
8.553954464850885286e-02
-9.783669975527678475e-02
-2.973175896502744386e-02
-2.097155320542024026e-02
4.339009941800418824e-02
7.629876381025968435e-03
7.109921773972072145e-03
-1.984675016089557098e-02
9.514270527323015481e-02
-1.284907243124256415e-01
1.350065485488360917e-02
1.094429379809103708e-01
-5.556800470795536517e-02
6.574015284309286944e-03
-6.997933551365576044e-03
-1.219887947984454601e-01
-7.088650930298667774e-02
2.768396722316265185e-03
6.483102309099547655e-02
6.568228330807451831e-02
1.812849335458738276e-02
-1.861631571701138910e-02
2.317455555500752551e-02
-7.365363128957613803e-02
-9.132973895963569788e-03
-1.060277152766821995e-01
-5.252987814651027820e-02
8.979925543792449671e-02
-5.948695287617883354e-02
1.305967472857493261e-01
-4.931569826806614376e-02
5.462805436517131907e-02
5.238478671443719259e-02
-1.057347679374326388e-01
-4.463415290037237027e-02
1.654443723519555265e-02
-7.601669817122985728e-02
-8.620234465332651808e-02
-1.666957227521888019e-01
-1.070440318660689782e-01
-8.194640704480415927e-02
-7.590293013892762675e-02
-3.443107349126561800e-03
5.443179322843072487e-02
3.549254120886274899e-02
5.225005457233963119e-02
-1.143442295772315598e-01
1.695128001459411671e-02
6.958630158443596114e-02
-1.293516522032605587e-01
-9.949614481252827547e-02
-7.532159349505374024e-02
-6.531947673643642704e-02
1.911421051159439832e-02
2.109354269934082815e-03
-5.942523343417267789e-02
4.861162995970891298e-02
-3.912899725337308510e-02
1.071130939056940679e-01
-1.535566388608985977e-01
1.147238022144316805e-01
-2.386668577055091334e-02
-1.009082606824620448e-01
-4.428168572849343343e-02
-1.686608799367017575e-02
8.005176333344128647e-02
-1.220131316922748038e-01
-1.860642991473865360e-02
-2.814720094316358612e-02
7.506614427219249208e-02
1.435544161154724829e-01
-1.962147972646902661e-01
1.667675758212358028e-01
5.850244135616960994e-02
-1.398844236604517566e-01
-5.600320268397118717e-02
1.470225857085466492e-01
1.111024368680747498e-01
-4.621743190571958593e-02
-1.398010158453288909e-02
3.689074117872701009e-02
1.441650792186676411e-01
-1.099420754903732977e-01
2.618271078643644167e-02
-6.830418719790093407e-03
5.181800717262186051e-02
-1.262474524735359704e-01
-6.641856046517291556e-04
-4.663661245683266288e-02
8.401102457916309607e-02
6.032179874505577688e-02
-1.753997218607526998e-01
-8.554289826180273837e-02
-4.079487695611061504e-02
-7.597957230560914432e-02
-2.088840453439558265e-02
-2.646712929438663209e-02
9.554732058240722470e-02
7.491906177363533148e-02
-3.344545265129450495e-03
-7.075076953383349632e-02
-1.719585028086434431e-01
1.025209862625519053e-01
-8.208098915736018741e-02
-6.379247474672250506e-02
1.962154160770215872e-02
-6.875122293293732534e-02
-7.269464302153499924e-02
-6.570955809118897428e-02
-1.007018526767072819e-01
-2.952694878050357574e-02
-7.787238605749133291e-02
9.969751264768976495e-02
1.026120766770410586e-01
-2.362366968231299769e-02
-3.184191895218257962e-02
-2.340585255509841645e-03
6.595300483756005860e-02
-1.543812793590766397e-01
-4.071980280232928573e-02
1.060913947247965616e-01
1.323739189548957251e-01
-2.076506558709290129e-02
9.648715572714627875e-03
9.542993761845885992e-02
3.079020625955808388e-02
1.307062044049756011e-02
-5.613870211718374748e-02
2.115986444023343349e-02
-5.404468529302824953e-02
-1.973057950784712355e-02
-3.778081233941510408e-02
-2.453658390104773712e-02
4.879201311543651665e-02
1.591702658759431288e-01
-2.261750877936563597e-02
1.949651049574785411e-03
-1.713708043253872881e-01
-3.460957768802497281e-02
-6.216850517989735980e-02
-4.842629745075210934e-03
-8.448242624017143765e-02
1.641805133008246431e-01
1.698315117475340807e-01
4.373980207602315429e-02
-5.298720222811958980e-02
3.480634066168189489e-02
4.558534599671670851e-02
-8.158358285752168038e-02
-2.530529943678816451e-02
3.395297868180946477e-02
1.323198239459741354e-02
8.213287113357284341e-02
6.348073680930055307e-02
-2.920400692867430870e-02
3.436351381198626820e-02
-1.870948495442720239e-01
-4.523106350325059588e-03
1.694876403671077836e-01
4.408181438491526327e-02
-1.575241298656937516e-04
4.579781334337634791e-02
-3.330036574660577564e-02
1.586798604878519314e-01
-4.363539123347459636e-02
1.468256882668620422e-01
7.219627097456146614e-02
-9.983687261283002989e-02
6.515696622702363272e-02
-4.685806683007331941e-02
-1.172533060640857938e-01
-1.534244429641334895e-02
-9.674623824488645663e-02
-1.042668167962994552e-01
5.437336319473629054e-03
6.917311218797228545e-02
-2.973807147598050982e-02
-6.565490112212202245e-02
1.038471529368073520e-02
-1.171887369973374504e-01
1.374292304722156410e-03
-1.740593053828728420e-01
9.379943335481072397e-02
-5.616032802596260254e-03
-8.738313276948725394e-02
-3.681645818151724203e-02
2.936574502034094980e-02
-7.303532395747205919e-02
-7.354036982864914362e-02
1.658828556849603342e-01
-5.363508384433873788e-02
-7.279393731900318798e-02
7.514918144437202074e-02
-5.109249050616151977e-02
9.899245697110613251e-02
1.090398933858094388e-03
-7.139198687879488858e-03
2.040299513659282749e-01
-1.591767243840280788e-02
-6.592005756748109402e-02
-8.085246606173157602e-02
-1.025742358814945021e-01
-7.191217184977971577e-02
4.153624667228639211e-02
6.663401624018638891e-02
5.804138102743752053e-02
1.295808814739587422e-01
6.360807497128140309e-03
4.540730641066170747e-02
-1.060370845415647412e-01
-5.039299130549401706e-03
-3.361390688946044869e-02
-6.916505352970636622e-02
-6.453691907642000736e-03
5.613723571455009331e-02
7.509693690376850750e-02
-1.238422546378487726e-02
2.296197934056054546e-02
5.675938630290328774e-02
6.567305616921564893e-02
-3.058119781370513546e-02
-1.234748373186989046e-02
-3.634916965171125502e-03
-5.699978197136035263e-02
-1.218526446594075940e-02
-7.617708659749100608e-02
1.435508106195338418e-01
1.165573095344736299e-01
-5.463954593260433867e-02
3.607384701837029750e-02
-1.552038403866807040e-02
-6.517527606062345491e-02
6.690918454103114699e-02
-1.678066461500449247e-02
5.112226911632911097e-02
-7.840740466925297247e-02
2.875306966632590333e-02
-1.972210353391024018e-02
-9.319035555472221510e-02
-5.171722016967028601e-02
3.694614078488293873e-02
-1.946135793318285734e-01
5.384406559625221078e-02
7.866439033750075027e-02
-1.720097704059296573e-02
-1.179419011205021239e-02
-6.041265270797513409e-03
3.984885938422033647e-02
-7.090737404803076904e-02
6.011688687168823680e-02
5.279596459840718570e-02
-1.689021288418373068e-01
-6.089674923904989101e-02
4.626451812551559545e-02
-1.845490399003985038e-02
9.680934532433273232e-02
-1.112130424847090904e-01
-3.241309167066597219e-02
-6.719912476841707893e-02
-2.470940295177752599e-01
1.463207542964421459e-01
-1.009076342582129193e-01
-1.286266557875181404e-01
1.363633129982244618e-02
2.328593769235678401e-01
1.475247194435316822e-02
-6.980437147361351347e-02
3.575179690381014019e-04
3.653699542504607045e-04
-1.512292652005238214e-01
-8.994393291807561974e-02
1.620226616395909480e-01
-3.590556379052958769e-02
-5.830065504092941941e-02
9.398453782875448859e-02
-5.645089441524211993e-02
5.368055874977473163e-02
9.069811666148511198e-02
-8.625354987659439310e-02
-5.077501045986682060e-02
-4.022271467819527047e-02
-3.732082912026862820e-02
-4.571760748343074721e-02
-4.959758589368301607e-02
3.465077640497160605e-02
-6.535168048149836428e-02
5.458533906562498816e-02
9.555583470135696478e-02
-1.327554494306791566e-03
-3.884812515504321162e-02
3.629380595464964943e-02
9.904506430088411140e-02
9.374336684428241639e-02
2.771392425953017602e-02
-2.619488409924730643e-02
-2.664959404813696531e-02
-1.021757373187020534e-01
8.514357657101770394e-02
-4.531457193495434799e-02
3.947170053399617906e-02
-3.434381097467420485e-02
4.323625635115702082e-02
2.797021501596862192e-02
-1.524971301247093070e-01
-5.523316674586875585e-02
-1.440055356640665696e-01
-6.936459971178288164e-02
-9.866974430040309496e-04
-3.244482279090088461e-02
6.402823516949396332e-02
-4.884181601356615832e-02
6.680585066673128125e-03
7.437663093738333675e-03
1.253215330880059764e-01
6.140124463351454009e-02
-5.805122198606414707e-02
-1.864890315487707784e-02
3.359296381859272485e-02
6.691943783545165059e-02
-1.790341383390292584e-04
1.156028234207270300e-01
5.583746524333847022e-02
1.660484705522590199e-01
1.241518572962152511e-02
1.196700863297001649e-01
-4.052619585965613891e-02
-6.910420343665596432e-02
8.759250048139710643e-03
7.740540724438860209e-03
3.592174049115995360e-02
-5.106160906266343780e-02
-2.119616810822844144e-02
4.520122207348807597e-02
-9.618772522872742758e-02
-1.106441838918121867e-01
1.377428485796142188e-01
-1.503237328576101373e-02
-6.999911289853595620e-02
-1.637783012238142044e-02
-3.090274682889104785e-02
8.545222065865087924e-02
7.424966122439646821e-02
-4.325825826595564028e-02
-8.869826450675077911e-04
-4.672008132997708396e-02
-7.242817793897593504e-02
-2.600146505953171427e-02
-1.719077279776131950e-01
7.145538765632064582e-03
-1.178057609596533384e-01
-1.090147607372843608e-01
-7.033209456206712673e-02
4.774584862350195191e-02
-7.166733068250241701e-02
4.318868877751688706e-02
-1.251052536055508035e-01
1.176567410164364169e-04
-6.945600348499093857e-02
7.110425980941637025e-03
1.449396561819825402e-02
7.804316653881487875e-02
-4.945773777285833450e-02
-3.829715225553792513e-02
6.127673952026449489e-02
1.192075272194380864e-01
5.495201996751497564e-02
2.896553486157071866e-02
-1.433184298249816080e-01
-3.849902093394669267e-02
-5.024396194528513160e-02
-1.188403733923404371e-01
9.242722925964896863e-02
-6.944244452611125773e-02
-1.367487989136176307e-02
-6.370323622860651902e-02
-1.817178360470271814e-01
1.047583559668138209e-01
-4.845205781037420500e-02
7.240141097714214435e-02
-1.361355934449590133e-01
1.242174200210379165e-01
3.237036755329492088e-03
-4.059856750692510119e-02
2.017054059959144663e-02
-3.739098231481585710e-02
-1.200017297933874127e-01
3.619419009931321152e-02
8.440624519287706629e-02
-5.141900429911361314e-03
-5.535231311173560709e-02
-3.081675344955775442e-02
4.592841537374059424e-02
7.148450876869477666e-02
1.115935002698595774e-01
4.807943953053139818e-02
-3.746731625573535007e-02
1.900953939863387898e-01
2.673406991635332575e-02
1.009423537924080960e-01
-2.901962452056427999e-02
4.717534481457727469e-02
4.898594787512618176e-02
-1.247952047860085845e-01
-3.938078168279807167e-02
-7.221261143475274369e-02
-8.629706190663605225e-02
-1.874566967010871110e-02
-1.150716451333932966e-02
-9.888833303203536929e-02
-2.069076254909240631e-01
-4.454097339146246420e-02
3.072206342404348867e-02
-1.132538027402874015e-03
3.124436607792346887e-02
6.290749088426739188e-02
1.118357014779336467e-02
4.552717262260330688e-02
-8.381998000316123743e-02
8.537890935574288243e-02
-5.712358212540930014e-02
-1.224859047418228597e-01
2.222368800638241382e-02
-7.427351338558857430e-02
-7.823697664831869014e-02
-2.974472288324070401e-01
-1.548649464785464835e-02
1.616762850301916021e-01
6.730125806505152242e-02
-2.955283857900625755e-02
-9.541999869546791135e-03
8.389071985690860211e-02
1.125011551758063888e-01
-7.572488326941728687e-02
-1.204749057637777288e-02
-6.474479457597712151e-02
-6.607029940675357427e-02
-5.562590354361895972e-02
1.307555494536126461e-02
1.193838921603251890e-01
-1.260579017912571986e-01
-9.700311803565719870e-02
7.138992747691697005e-03
-2.811455772485921267e-02
-4.212271069295854542e-02
-1.587261472671164242e-01
1.226589264830901804e-01
3.773149238721529297e-02
6.489716443661946998e-03
9.159528940982011869e-02
-5.841944578237453362e-02
6.782901726813680976e-02
4.717974687638781806e-02
-1.914221511225999706e-03
-2.095483770129756562e-02
1.699875238292503435e-02
-2.740895296456555968e-02
8.781812645821909791e-02
-7.149194466892255795e-02
8.294740390247606898e-02
1.903021271954197235e-02
4.030331069452391946e-02
4.064319733125565381e-02
-1.406015620019781531e-01
2.430637064160051652e-02
-1.274059351515798577e-01
-8.781337290654490924e-02
-8.482211279813889337e-02
-1.008471016765611905e-01
1.196221415814913147e-02
3.961695634639256225e-02
8.576724739366067829e-02
1.163278849821204608e-02
3.028915957777388729e-02
-1.280042099586738980e-01
-5.322301925342963480e-02
5.980004346798997727e-02
-1.176415024150784944e-02
-1.092964411967523031e-02
-1.561697966309139041e-02
6.045271195294241173e-02
-1.700999676022073026e-01
2.508196873271149874e-02
3.626847358169571489e-02
6.807176005349860337e-02
6.230553423148703363e-02
-1.014995261519089920e-01
3.534270882011320003e-02
2.279105786531970823e-02
1.547444637014411262e-02
7.537292690561525621e-03
-5.528441344539641866e-02
-8.646554606012414601e-02
2.677006341598503480e-02
1.096813224098036610e-01
-1.124510475004902865e-02
2.228734418506017612e-02
1.478749797520217957e-02
-6.216860001208387998e-02
-6.293473242091113251e-02
-2.210774048030088035e-01
-7.511518665210796530e-02
-1.203865117255880357e-01
-2.328351109328807844e-02
-1.310957242953604829e-01
1.450533758616978641e-01
-7.126176735746303503e-02
-1.005787336888113725e-01
-2.995329896221261556e-01
1.206586576625065521e-01
3.244650813873972695e-02
2.256190207719788177e-02
-1.088571000936359723e-01
8.899851873594988305e-03
-3.223886991092642096e-02
-5.196490403977103295e-02
2.271009850526861662e-04
6.344268617156689771e-02
1.103377753856638749e-02
-3.288055564784830853e-02
1.038306167914726519e-02
3.581036340406629215e-03
6.669656725618811066e-03
-1.360903239652246910e-01
1.368567580046477217e-01
-6.930243822901499540e-02
-4.797624862338926988e-02
-9.935263960506390823e-02
-2.072126943309458014e-01
-2.880292426666791750e-03
-1.003197023950476718e-01
-3.404507965281661219e-02
5.937673026833989454e-02
-3.980333922536616331e-02
-2.279787204045824467e-02
-1.991197327866589539e-02
-4.020768290500953412e-02
3.452364622443582221e-03
1.026566204853873177e-01
-9.884681883588936069e-02
1.965676263627363918e-01
-5.344046021649162537e-02
5.960523107039081281e-02
-3.374853625817981345e-02
1.927306486943420466e-02
-2.166549258578770454e-02
7.519859716960680673e-02
1.126858163564372906e-01
2.997855928435177314e-02
8.131835681100538227e-02
-4.187072655831977630e-02
-1.416697030090299791e-02
-5.084699494401501152e-02
1.194037685636482049e-01
1.152213230114913500e-01
7.712778814052134724e-02
-2.210165957419696348e-02
-3.879487083786137269e-02
4.281712959351928471e-02
-5.519629639452959535e-02
-3.853599154392062243e-02
-7.978030302646266225e-03
-7.572807333100978200e-02
8.668743709319809421e-02
-2.914409283804782202e-02
5.727087670566306798e-02
4.347137745294221006e-02
2.347536853301993021e-02
-6.059738935775042801e-02
5.022691093116077310e-02
-2.011837523017562246e-02
-1.874363445528143268e-02
3.315544297391059825e-03
-9.677150143495649726e-02
1.467491226707792196e-01
-4.296418849248196531e-02
1.158935007891964686e-02
4.619046364516657399e-02
4.287672387835356203e-02
1.449386839115191505e-01
-4.238642686507798629e-02
1.399975835085721376e-01
1.258603692722474188e-01
-1.853831096364475517e-01
2.767760785183037697e-03
-2.896814169872824474e-02
2.563998712576409655e-02
1.739535908582967583e-02
3.078003901274717347e-02
1.188475612668310338e-01
1.812599024052113372e-01
-1.376638272035038968e-01
1.468286052438434464e-01
-1.838489094495308063e-01
-1.619781878494010452e-01
-2.794567946402043424e-02
1.396722938036665251e-03
1.573913963253413262e-01
6.491331441243319844e-02
-2.151635806204854617e-02
-1.436999975535715734e-01
1.097590467172322726e-01
-7.353990289788181478e-02
-5.689271173107579571e-03
-1.297642637346113625e-02
2.346766684250802260e-01
-3.154261644920408614e-02
-1.951612741574784149e-01
4.883372540045627375e-02
-2.829274832800171002e-01
2.514700574241757192e-02
-7.176446997485561030e-02
-3.068087473301117987e-02
-3.373472104300620500e-02
-1.048169065790831023e-01
6.072586146668818019e-02
-6.318556366680476433e-02
-1.241569202130643479e-02
-1.419153479262597051e-01
2.210824202603323130e-03
-9.333055914829319066e-02
-1.450803060262124689e-01
-1.903024798851828958e-01
2.244921624681983641e-02
-6.856461802284380402e-02
1.557657974119264210e-02
-2.240380666639640861e-02
-1.636927840889594865e-01
-1.116469575908997369e-01
-1.176277590224834579e-01
-1.125153321596032985e-01
9.661390654829854485e-02
5.743536418722022807e-03
-8.400174226815096401e-02
-5.135406088137739467e-02
-6.310898589391189528e-02
7.971354787853261736e-02
-4.685806041653359233e-02
-2.356842102767715830e-03
-6.860463204562117223e-02
-7.272690517180513403e-02
-7.779135689978555757e-02
7.172023667049849671e-02
-1.696522289376073411e-02
-1.687916957561466091e-01
1.408237362391609460e-01
7.361050705472191313e-02
3.946084162079976920e-03
-1.571972859912884601e-01
-1.360808467833445334e-01
1.158047781581972302e-02
1.220838427090820133e-02
-6.784428051155499961e-02
-7.689098816660877578e-02
5.805960346077615464e-02
1.429463895945393137e-03
4.990074557800316946e-02
8.924058158887948622e-02
7.039501886723764645e-02
3.325281887047026874e-02
3.187019991990445306e-02
-5.023562719556334821e-02
-2.985567368047517545e-02
-3.041770819362542982e-02
-7.330383023484299265e-02
-8.584531595507605140e-02
-1.005304506183593571e-01
-5.889547360073617288e-02
-2.034641964112937629e-02
-1.416655545041405340e-01
-2.775399155222724179e-02
7.455036510361857938e-02
-1.598780336954473968e-01
7.538131226019270659e-02
7.504583875968924567e-02
-1.317790798152499443e-01
-9.704765085162209148e-02
-4.924462129657114495e-02
7.644349122026439236e-03
-8.059071281863905423e-02
1.417075239767994210e-01
1.215080541962039185e-01
-1.522935728199948935e-01
7.485158624484222756e-02
6.936779330247594411e-02
2.801334813647199384e-02
2.517878406099749444e-02
-7.948932231911912116e-02
-3.169550488454730974e-02
5.137495410889481029e-03
3.788114068479242480e-02
7.208453345992636707e-02
-1.086962567634712773e-01
-2.733948835178479086e-02
2.479608021730504708e-02
3.646293399151800951e-02
-7.651843688296192103e-02
4.179367869763175869e-02
-4.596910521732500143e-02
-3.939289798884490490e-02
-1.353824787995117074e-03
-1.177181604058644693e-01
-9.176761888827190961e-03
-1.298745180554849998e-02
-2.176081206593538653e-02
3.459658210407012824e-02
-9.485293276852685418e-02
1.059583228941311517e-01
-4.438988397285498211e-02
-2.447377822607980091e-01
-1.584909398587038831e-01
5.976066810920520334e-02
-7.271387580726312860e-02
-3.445499672193308438e-02
-3.298604684433079082e-02
-3.404130701295968175e-02
-1.959424634452806013e-01
-1.907257938333906111e-04
-1.162821469252469653e-01
-5.469528429164227656e-02
3.108342859955309789e-02
1.564040539171064337e-01
1.185144050596974308e-02
4.045262233755175796e-03
1.079925761438694232e-01
-1.116084975589619888e-01
4.294160512467133650e-02
3.909341454787523817e-03
-1.079430597659047919e-01
-6.752946939282189476e-02
2.813381026655126238e-02
8.366416888585914702e-03
3.895039954405978000e-02
2.235726937549495363e-02
-3.494009381406243397e-02
-6.708062087630728421e-02
-8.728899145883428634e-02
8.823103833782464100e-02
-1.292882936427097174e-01
-9.908857699198908575e-02
2.379313135745791952e-02
-1.525747903440610731e-01
4.866077295642506906e-02
1.013558173862697531e-01
-3.578872147662673364e-02
4.152886359234453373e-02
-7.581888091103017313e-02
-3.752874397424244002e-02
1.003063454678843058e-02
6.067682518346845244e-02
-5.834774841098992748e-02
3.129074425789127312e-02
-3.217482369876367709e-02
1.889207329042624783e-02
3.527496863381798797e-02
2.710408994798213511e-02
-3.179286231633211834e-02
-3.670423999806715631e-03
-3.460741224864394283e-04
5.477453325491898894e-02
-1.236295779926070981e-01
-6.268659747599159004e-04
8.614378494349464455e-02
-1.577403618224000326e-01
6.346573277331973850e-02
-1.986016828897724795e-01
-2.211098222005705716e-02
-2.251573436654305538e-02
-1.556610896303212144e-02
-2.134179285276338600e-02
-5.568438511389955936e-02
-9.551692812378886899e-03
5.471235929117718166e-03
-4.800281666176360595e-02
2.221518481829559688e-02
1.774920015838939991e-01
-9.262594649000310820e-02
-4.299358825778870630e-02
8.094284116982863875e-02
3.907484457331622529e-02
8.463505875714398552e-02
3.496634040350680983e-02
2.862046206098067813e-02
-2.722460718475938624e-02
-9.131569556278001931e-02
-9.624285536828780518e-02
-6.882427189147347080e-02
1.904160660381981618e-02
-7.650395188376335476e-02
-1.324481997530715938e-02
5.067267596079505498e-03
3.823002741855641151e-02
-4.090596401123608450e-03
1.146875793242320418e-01
-1.241138114518957059e-01
-7.563186310416802893e-03
-1.794537807315202405e-02
5.670865574042215085e-02
-7.205700332394394947e-02
-4.850290891693032069e-02
1.195457894517774899e-02
8.670299576501230843e-02
1.374193104059846515e-01
6.001761491645435376e-02
8.960169264391665278e-02
-3.844956797890668881e-02
1.224013385162245893e-01
1.079309262283089099e-01
-4.103230503484267544e-03
3.828374688499408540e-02
6.406175867697770643e-02
-2.414656613036769706e-02
3.918178477019418349e-02
1.242001390178212317e-01
-4.059262202801366959e-02
-1.432087185579455912e-02
-1.209953231907682919e-01
3.051607934045774684e-02
-3.608889569477508052e-02
4.028022011013177028e-02
-4.920471611453897109e-03
-6.720550132414274125e-02
9.665054740626705110e-02
6.586784919843274855e-02
-5.669847296373020651e-02
2.510384618003157209e-02
-1.130071305044928476e-01
-1.037611340478107602e-01
3.428599793989461908e-02
-1.190011773940832240e-01
-6.228703666173877190e-02
-1.629252436523054293e-02
1.681555846193135417e-01
-2.707235686885289816e-02
-3.272588204995374728e-02
-3.815109638064628772e-02
2.098015233599484775e-01
3.725409819325575800e-02
-7.049918079632236378e-02
1.352860380847601407e-01
1.166779887518152869e-01
6.389588376740842901e-02
1.543269999743119847e-01
1.536068016988091367e-01
-3.831085859089145007e-03
-4.810042749613019364e-02
-5.884682107751648683e-02
4.989619638073167218e-02
6.456601536887013326e-02
-1.751236167096326124e-02
-4.315603807412965454e-02
-1.041837815143714374e-01
-2.538972237801589982e-02
-8.521861098358929354e-02
5.402603109808848392e-02
3.860231481756981609e-02
1.058975687313578051e-01
3.222076524846378964e-02
-4.201725340750894766e-02
-9.942686484421840373e-03
6.981142805730408685e-02
1.820404662049845967e-02
1.263756107519488636e-01
1.058367583596933059e-01
-1.035259645807157236e-02
-1.495069452807863686e-02
-1.810593989804681891e-01
8.682814942071684361e-02
-3.228408206204513853e-03
1.142827692036620935e-01
-6.165497224919574970e-02
-1.260589916840420543e-01
2.660727958024600159e-02
1.314559286524676351e-01
-4.501995047069634603e-02
1.223431997286497097e-01
-1.326004536722851235e-01
-4.824030508335527823e-02
-1.607143925533054407e-01
1.982919356209564277e-02
3.742680585310298458e-03
1.730575648403573363e-02
-1.162464533199883965e-01
1.744224158447552631e-01
1.073093389125550079e-01
7.069984635831028097e-03
-1.031885354828480927e-01
4.119358954455132338e-02
-3.217057864148084589e-02
-3.167936953685079882e-02
-4.900983424330196403e-02
3.310161715001924687e-02
-3.917813719759422053e-02
-3.012085840688116800e-02
4.819593530445065444e-02
3.657787205663590169e-02
-1.667712605404968462e-01
3.167150502670501577e-02
1.174088251366221525e-01
7.687201632632412185e-02
-2.401027521850960383e-02
-5.376902461195584570e-03
-7.183151165512091652e-02
9.723294557178152608e-02
6.451099587425679349e-03
-1.044215769749651246e-02
-1.355017554456461326e-02
1.939809096027508284e-01
-1.360293715479715670e-02
3.505498841100468388e-02
1.378671168209972819e-01
1.723831109066388256e-01
1.048029289691421173e-01
7.335613980422567293e-02
-1.127178772736355805e-01
-8.985433653421925904e-02
6.297146887240667734e-02
1.704673246991911251e-02
5.700351220246813178e-02
1.130908435772826071e-02
1.294311195193139086e-01
-1.474536574414640477e-01
-8.833968960960397743e-02
-2.446529038790198896e-02
-1.596828096029385136e-01
2.673234873254082267e-02
8.069507098315792382e-02
-1.303462663983367964e-02
-3.867803563662469690e-02
3.678467185927741800e-02
2.456441190001226182e-01
6.510921664728441804e-02
2.785381044447032828e-02
-8.249578715217825708e-02
-1.037148481106886511e-01
-3.696999594497146768e-02
5.092963855094301273e-02
-8.862998589676207573e-03
6.227216034252835986e-02
7.303306895908823204e-02
-1.103462125829304807e-01
4.843159125022811207e-02
5.014745859270564043e-02
9.709536346785496708e-02
-2.393075382214993052e-02
5.016095869449566091e-03
-1.357118295666093211e-02
-8.134403253564082004e-02
-1.447758594119859521e-01
1.284648144384192836e-01
-1.218071161374620348e-02
-8.736046630692168025e-02
1.629259271469138404e-02
-6.480706768250897587e-02
1.565083554678156075e-01
-4.533219520998732488e-02
-7.342010079349819973e-02
8.340330577880161744e-02
-2.024715417204547840e-02
8.189098264922423098e-02
1.380906973139600646e-02
1.615794096150852677e-01
8.461506312157451859e-02
3.110933095419349259e-02
-7.163827996646093821e-02
4.726039865421272079e-02
-9.551917430787261465e-02
-2.835190890344285730e-04
1.306561637296034251e-01
-4.160409249204660709e-02
-7.589047768553131013e-02
-3.998054217404500843e-02
9.961754211984952256e-02
1.146265593069839550e-02
-1.488584831961458632e-01
7.089839214347028185e-02
8.802279919869482327e-03
2.457881592961635997e-02
-9.862511505689486313e-02
3.098139761199336650e-02
6.318003570738695007e-02
8.255549725741784250e-02
1.189123686529050539e-01
7.647751135996012917e-02
9.153920202546905749e-03
-1.093166711000783109e-01
-7.751857567632336465e-02
-1.114035986964603819e-01
-2.619833355490186477e-02
7.723284114392037214e-02
-8.065583140138693485e-03
1.055057764940460219e-01
-5.357001428611474214e-02
2.737704824660880387e-02
-6.042512879939662684e-02
-4.705992551427842091e-02
1.071267307925247436e-01
1.318997289556717023e-02
1.089578285669131619e-01
7.636794310269090502e-03
3.579059723702447682e-02
-2.505803573037790333e-02
1.006081112894092050e-01
-3.279011423781197365e-02
5.311468654265818351e-03
-1.472457436242612383e-01
-1.464486875622378337e-02
1.274974734198313087e-01
1.221746491386406230e-01
3.724170373549823276e-02
-1.179949491078682855e-02
1.452276991054216038e-02
-5.049409486426387206e-02
-3.915789709648789807e-02
1.603885242063946281e-01
2.575745003710361303e-02
-4.474757745405966158e-02
-1.887241361174152865e-01
-7.008464914541973068e-02
-7.280051555830158172e-02
-9.077204360158164231e-02
-1.170645189673998332e-01
-1.336173860301915206e-01
-8.161212088449348867e-02
-5.439762538268988479e-02
-7.800270324214725326e-02
8.154482960627967847e-02
-3.596523191952183396e-02
-1.494428235904913249e-01
8.293714171825394832e-02
-7.175230519361711079e-02
-1.356408072686783040e-01
1.920054747037995280e-01
-4.536769565533499415e-02
2.791938508076374781e-02
7.240545468604120405e-02
3.962041159213997021e-02
4.937259774241531396e-02
1.498117624076089616e-04
4.185255179531749414e-03
-3.009336307682608513e-02
-1.344953450846707588e-01
1.819036905006679583e-02
-2.193628872762031223e-01
1.417988595958306619e-01
-7.060892104053739793e-02
-3.322676942539448675e-02
-3.762544567675740748e-02
5.338677129952500156e-02
-3.768493974052633533e-02
4.849440184687377198e-02
-1.022473460638775172e-01
7.284041837932103691e-02
8.471714033560759360e-02
1.262733336556998154e-02
2.216360505179582052e-02
3.763665089949208564e-02
1.126104918797710130e-02
6.176177381112785136e-02
-1.349108111913355224e-03
-1.386453882951103889e-01
1.568736681173710235e-02
-7.825123919493456870e-02
5.685687470628253415e-03
1.105932021099852447e-01
-1.548034407828760561e-01
1.204109349779325377e-02
1.008397788589548982e-02
2.251062561262667794e-02
4.951461450814442777e-02
-2.955993387787855461e-02
1.592717176246920552e-01
5.280706287477757166e-02
-1.774567054223408213e-02
-1.233007841668998239e-02
1.207477092438047350e-02
1.485784437308479422e-01
-8.485114693467421532e-02
-1.874523373217976685e-01
6.103070632201490486e-02
-8.987450578418376690e-03
-3.765200163034562730e-02
3.335665168950774362e-02
1.281523960516502414e-01
6.715291582558180483e-02
-3.633328183604317418e-02
-1.060309916681523856e-01
-3.133957789318195242e-02
4.667969404975864239e-02
-3.418870497314718815e-02
-1.487304502388593352e-01
-2.494819012183857598e-02
-1.807605382437489916e-01
-9.074661753029122924e-02
1.692777037950092267e-01
-9.870884343129596172e-02
-1.273554886026213584e-01
-1.085659000839327981e-01
-8.098377661275502071e-02
6.910740822745070622e-02
1.545974616899004062e-01
-2.946780455008618516e-02
5.043584881376149409e-02
-3.489712505782269214e-02
-1.178460019539424308e-01
1.140842562550828942e-01
-8.846586194963446115e-02
4.603748548551392372e-02
3.609688348693429472e-02
-3.075182733067560736e-02
5.791840266838721440e-02
6.194649933993975899e-02
2.326523662374502810e-01
-2.089056556861323966e-02
-1.139253947136089073e-01
-1.283465939336629891e-01
-2.963026087620153348e-02
-9.012963289508506282e-02
1.762456681772798239e-01
-1.007009340306905254e-01
9.996495075314228151e-03
2.594918804719903438e-03
-3.236705550210322579e-02
-1.545504768867589362e-01
-1.599034823145550899e-02
1.898700456673719228e-01
4.338727810414075292e-02
1.161522381872037712e-02
-1.063835197258839044e-01
-9.136169725498799465e-02
-3.482963001994415081e-02
8.541523847797960478e-02
-5.226361803510293225e-02
1.822206189602039172e-01
-9.390487819937504144e-02
2.624035817503250767e-02
-2.585432328231751509e-02
-1.131542466010259096e-01
1.180169464044228400e-02
-1.178802269889984711e-01
-1.380502771053930822e-01
1.200279707547535768e-02
-1.581100346911362697e-03
8.161942542934577660e-02
4.917292581675630769e-02
-7.311079566703947152e-02
3.639260210821959607e-02
-1.639485830373735853e-01
-8.595897108707817313e-02
1.802439442565186567e-01
-1.464576022552913082e-02
-1.399571637503826960e-02
-3.373007205961525701e-02
1.057562212659990397e-02
-2.670998729680684747e-02
1.806010709245699508e-01
8.073925060727558944e-02
-1.212346808437037016e-02
-1.011415222857303675e-03
-6.968248978611518707e-02
-7.231235453038165062e-03
-1.106527938531642330e-01
1.054611213976830025e-01
1.540933212690848153e-02
1.811070688007221374e-02
3.468969211724121093e-02
-3.649887434404903985e-02
-4.617955624512926072e-02
1.994042952217532638e-02
-2.026532535047779748e-01
-1.424374950024132058e-02
-2.072678497067481640e-02
-1.010537541148969626e-02
8.232544813604691925e-02
1.181042210156681704e-01
3.690633222947081737e-02
-1.678638434637850230e-01
1.198795630997803174e-01
-5.121628403547351382e-02
-6.085212128092215567e-02
-1.517738090108099458e-01
-5.384119225738431824e-02
1.156650801630580427e-01
7.008607478724937501e-02
4.475155062211388923e-02
5.960260562511787708e-02
-1.021566983381597682e-01
-8.330600796478709880e-02
1.309882136740075920e-01
7.802433865934871315e-02
8.148453594074489548e-02
3.057603639278630436e-02
2.549159009241891427e-02
9.624551056579055963e-02
1.762947115922022800e-01
-3.454473053344044031e-02
6.681450102176711425e-02
-5.633476157600547651e-02
-7.732459150851547780e-02
-6.161193797818009799e-02
-5.929502341500891838e-02
-2.633540383777965843e-02
-8.136501627039194329e-02
-3.490788746142253762e-02
-2.243894901750708715e-01
6.955829797666074343e-02
6.252832432764082737e-02
-3.847780488490562534e-03
-5.279434535608895640e-02
-2.113886727650454711e-02
-1.054662164417590753e-01
1.142677793498858563e-02
1.440728398670541033e-01
-3.893142609165234358e-02
-4.035262311076101560e-02
2.270933131594099486e-02
-1.025288332610061054e-01
1.624261130846016976e-01
2.975133791990997034e-02
4.305409533645665476e-03
9.521827299771618014e-02
-1.864231144721906208e-02
1.115300459043059300e-01
3.898156002392971775e-02
-6.526840749633000538e-03
3.292848516662572056e-02
-2.807423966220690126e-02
1.331202401840175797e-01
1.254312372403132425e-02
4.364065477379708291e-02
-1.814107235695905374e-02
1.490366986145394423e-02
-1.738726074409785438e-01
-5.441185541615722876e-02
-9.577642109951467475e-02
9.264908039763686265e-02
-7.478867737796782156e-02
-9.636853123291611034e-02
9.688465396527201623e-02
-2.834983474481050925e-02
8.296341424377307039e-02
-1.490328140193027950e-01
3.473790598631662507e-02
-2.756133560957441109e-03
1.710575687243165444e-02
-3.197742642290035686e-02
-5.441614899997948562e-03
9.279310083625566530e-02
4.635201181564851947e-03
-9.517513784743186767e-02
-5.518328677711378805e-02
1.968701418380939053e-02
-2.236884142816372434e-01
-1.601255968330261015e-01
5.515453978330087104e-03
2.945129322617170975e-02
-1.120884804228824139e-01
7.618489845618248157e-03
1.963367466672061301e-01
3.783295417178500486e-02
-1.099441384612598327e-01
4.991983305551284111e-03
-1.329880737430011450e-02
3.413726864491914426e-02
-7.012728818497454553e-02
4.725865580274669214e-02
3.742777150682985443e-02
-1.122596986740026503e-02
2.039372286273030133e-01
-1.337743491137205476e-02
-4.691601461282790542e-02
5.352150276699729758e-02
8.915010581794113875e-02
-5.893052274521964895e-02
5.417231357784844936e-03
1.908828962791074280e-01
-3.739068941050582850e-03
8.225185417606431515e-02
3.330840965477421811e-02
-7.990021126932922435e-03
-1.988151390967518584e-02
7.098347046763153756e-02
-9.982861921974217623e-02
-8.003585767883597546e-03
-4.123953598516127972e-02
-7.561210806177240396e-02
1.496620276239054789e-02
4.997637618554883615e-02
-1.485175412210537615e-02
-2.699917606310830998e-03
-7.525379445505964160e-02
1.758037782902979740e-02
-1.043664086730922147e-02
-3.391087622402891300e-02
-3.605260506358248102e-02
2.993772430208135882e-02
9.500383205435225520e-04
-7.476885684168549373e-02
-1.946669731776355938e-01
3.120806170274048608e-03
2.438743315301941661e-02
-8.040858059547251191e-02
-5.802722086718070660e-02
1.507915125637938614e-01
2.634622143279168049e-02
7.504233495399581511e-02
1.721354870893301858e-02
6.171526943098454288e-02
-1.509321037851951708e-03
-7.014678900876372691e-02
-2.631863104731813063e-02
1.009320149243497777e-02
5.005266026793864231e-02
1.245283647653454007e-01
9.195150370628013548e-02
-1.876385453893292254e-03
1.607366591058317917e-02
1.174428728161745483e-01
4.894891096105459527e-02
-1.340105446103012077e-01
-5.294188180982722924e-02
2.635735763785457264e-02
1.980533052173277797e-02
4.041666531792621753e-02
-9.517316184895135978e-02
-2.892681675508115835e-03
7.326248316881542322e-02
8.623994872322365834e-02
-6.978743481979071683e-02
1.897454386204810994e-03
2.790554227234176565e-03
-3.954988732538844420e-02
-3.398147419093108801e-02
-1.123154019505556711e-02
-3.315467113709610891e-02
2.471631495047732496e-02
7.709048868062472193e-02
-5.153434800104350622e-02
1.616224795520389002e-01
4.514349830841601907e-02
4.307610002067596700e-02
8.280295832932924038e-02
4.038444055427049817e-02
7.147887897503207855e-02
1.024654278696896514e-01
-8.882070655418410066e-02
1.216059260254623020e-01
-2.122468622288016804e-01
5.483923497672189840e-02
-1.861545458843893996e-01
1.411181094881880371e-01
1.434597639479068820e-01
-1.094448286040589080e-02
-8.348914788460137792e-02
-8.973457809865031942e-02
-9.885255487015487397e-02
-1.290196246641286404e-01
9.479989574903094351e-02
7.794652957880919553e-02
3.978206675368411993e-02
4.936474437164239948e-02
7.961010067890983422e-02
-8.181301032653032212e-02
-2.170742910366302292e-02
1.074572273647611820e-01
-2.713901561968976028e-02
9.537794107808666988e-02
1.476900062128922997e-01
-8.924641941848859839e-03
-1.471364012359819284e-01
1.985773800583112703e-02
6.841721546562192467e-03
-1.170663691575823950e-02
2.782760924421645576e-03
-1.244792861352451707e-01
-9.298314473603408459e-03
3.850569142197587946e-02
3.363740643090740168e-02
9.098348029652139624e-02
-6.929722000589298714e-02
9.639531498972164769e-02
-6.867040502568561022e-02
5.072853322278858546e-02
8.540787131081727102e-02
