-3.421808613918712183e+01
-2.008628479714914761e+00
-7.045929154877278222e+00
2.375482939326564491e+01
-1.176206589339494712e+01
-9.086605604075629117e+00
-2.372778507485696764e+01
-4.962771805812035097e+01
-2.118072450646140226e+01
-2.229943193391261502e+01
-2.075386085147437143e+01
4.232283749157726760e+00
1.974490565306723511e+00
-1.063390589501324257e+00
1.694583117205539224e+00
2.616873995630453464e+01
-1.005310126087167077e+01
-7.095625901077639242e+00
1.159662790395344700e+01
-6.111125925407984738e+01
3.064727566754390864e+01
-1.316321044276418206e+01
-2.361832932423908460e+00
-5.520189682689576216e+00
-9.670626720375139485e-01
-2.075740058493266815e+00
4.736651655291058205e+01
-1.489207981952768023e+01
-3.938956562124872107e+00
-2.998000707420891331e+01
3.870980949658417103e+01
-4.264822341857808397e+00
-2.106550655452133469e+01
1.107488308773921659e+01
-2.033557963896697629e+00
1.286126310725072130e+01
-5.324831279039585752e-01
2.702564405349320964e+00
1.870964947400235445e+01
-5.389621406547743732e+01
3.003720297455794253e+01
8.038756599633742894e+00
-6.201048043662979126e+00
-1.724168912095122153e+01
6.808267097074235608e+00
-1.083808046465966868e+01
2.455786535837773954e+01
1.963512646154623553e+01
-1.264414469494278137e+01
-1.615627216486262796e+01
-1.709304123272551124e+01
-2.052737983979252334e+01
1.042503673732721836e+01
-2.670705195162668133e+01
8.187008471515582642e+00
3.417148659255181542e+01
3.939632747423820547e+01
1.834686817020110539e+01
8.160456294931890397e+00
1.712183726347097945e+01
5.023816462053912346e+01
8.451309724547627411e+00
-2.944827458354796335e+01
-5.943930999002901672e+00
-1.388529795703070135e+01
3.281380632803860919e+01
-3.883284241764506817e+01
-3.390878878296769017e+01
-1.727876226994290221e+01
-9.702255691240623037e+00
-2.208571064089787228e+01
1.550118258885746059e+01
5.107893128040359443e+00
7.727705618738411886e+00
-2.139311326101034183e+01
-1.871144562557304880e+01
-3.231873399140778247e+01
1.777807033838200823e+01
-1.854107097845918872e+01
1.673175120493684176e+01
-5.356764544031458186e+00
-1.467491731016434642e+01
-2.828647971584122445e+01
-8.413639540636239644e+00
-6.016266607477177786e+00
-6.761512802201238514e+00
2.207494027607111065e+01
4.140235717332579668e+01
-2.432776140540344301e+01
-4.238933833470242973e+01
-1.063874723664642374e+01
5.869485417798750859e+01
-3.206435789547133908e+01
1.769835927384170304e+01
-6.445362083662871555e+00
-3.292934701615055815e+01
1.359414516319699828e+01
1.930077906756699235e+01
-9.576659956230344051e+00
1.814126616451670770e+01
-1.325585615448835597e+01
-3.089224052820409838e+01
5.187419413760824227e+01
2.472654812962849746e+01
1.398793295094731093e+01
7.793162831430208826e+00
1.482824138765703026e+01
4.463334469656714987e+01
-1.456084777667699015e+01
3.323753227208335659e+00
-7.473917707946088740e+01
8.647781529528771216e+00
-3.662692010299386425e+01
7.685440344974352911e+00
1.206176720778378808e+01
-1.974720831754757455e+01
-2.798411140050598078e+01
1.202421917796812068e+00
-1.667397335760119859e+01
2.109859892176521612e+01
-2.748874138850312221e+01
-3.047807245360900197e+00
-1.988136707223385713e+01
-1.931123861051958102e+00
1.093444456969237422e+00
1.234354857757028867e+01
4.402757647174553313e-01
-2.835408261279098951e+00
3.520197346967475482e+01
4.983704671691461385e+01
2.692263734823077215e+01
3.888918832772203871e+01
-6.377608519203590731e+00
5.518717758539878560e+00
2.907476389465659850e+01
-4.981442823766428774e-01
-4.163437967235137194e+01
-2.231481695980358637e+01
-2.776444007084494103e+01
-1.515970491252655705e+01
1.570476332823969301e+01
-6.505703783288896602e+01
-9.193468846039195341e+00
2.428176141438321878e+01
-2.050191890412065732e+01
-1.709711883407464939e+01
3.269507921150199081e+01
2.436001920960103462e+01
-1.815003582449693909e+01
1.525279374333584315e+01
-1.391634454348476879e+01
1.868832339779483220e+01
1.791446049065200441e+00
7.245608190979893948e+00
-4.674771127412446248e+01
-2.591630080548147674e+01
-4.732966027760483030e+00
-8.981386636483756902e-01
-2.237232819421382146e+01
5.960756623574263813e+01
-9.574653003308583266e+00
-1.770853840776928223e+01
1.946805031127502161e+01
-2.516744806689274583e+01
-2.007006212665942257e+01
1.793843006613855096e+01
7.038858446079458986e+00
8.440398253610851498e+00
8.639899415956648454e+00
-6.058729098133653679e+00
8.759075401494555990e+00
3.194163460421721368e+01
-1.449330580405279534e+01
1.052069961406169796e+01
4.987992671855211313e+01
1.793697532322993027e+01
-4.150207402048977201e+00
-1.124903424780162453e+01
8.535575142670151649e+01
-1.169499919765509333e+01
2.055669219648444823e+01
1.418859192176665829e+01
1.612743090855635586e+01
4.844006164017076799e+01
2.627909962739749972e+01
-1.466455754602705497e+00
1.330132080159768293e+01
2.692328091781985222e+01
1.972441821370341586e+01
-3.188869776956579472e+01
5.166739393815242920e+01
-4.596843610293301197e+01
-6.733337286221548368e+00
3.016899968400871046e+01
8.242521229918740033e+00
4.149377246285041565e+00
1.550620611283647321e+01
1.230200124360234781e+01
1.886952461592554187e+01
-3.430530490346268380e+01
2.192531567902108236e+00
-1.458540978270917776e+01
-3.671040975410619467e+00
-2.477729043301621914e+00
-5.883642932797165770e+00
-3.150225959950432753e+00
4.589676702463003721e+01
-4.657864167247836917e+00
-1.421913971232042684e+01
-1.417209469045001669e+00
7.124453483271651066e+00
-3.266324634926404258e+01
-2.806863513611733651e+01
-1.988732918848332076e+01
-3.388399426670449088e+01
-8.767611091493364484e+00
-2.287564231682168980e+01
9.979989796887736020e+00
7.193534483572889826e-01
-6.842572731817710974e+00
-4.516181288038282560e+00
3.138819675009202115e+00
-7.986691541280578122e+00
3.733956157461193470e+01
-4.738717441410051379e+01
-8.326879578188219000e+00
-7.384903714201740854e+00
8.724856898150420648e+00
1.238986255087976929e+01
-2.574755157333925126e+01
-8.324329024898560192e+00
2.351437335741917778e+01
-1.098971106839827883e+01
8.727848418426987109e+00
1.864956864419616522e+01
-1.618283092577655680e+00
6.102751903216619667e+01
-7.636895288637674639e+00
-1.730432162541853813e+01
1.759358406167280009e+00
-1.343324798516772489e+01
2.991023991060401954e+01
-2.317746990126410367e+01
6.645773326367873324e+00
3.105836855349306802e+01
-6.910985574703602197e+00
6.472681641250255780e+01
7.006080108405973306e+01
-3.629129591205150973e+01
3.227024052893898443e+01
1.191277845902735066e+01
-3.047239408767703139e+01
9.047651649874261182e+00
2.299508384415494788e+01
2.349712249542187692e+01
1.254337618582198388e+00
9.281981953354375037e+00
4.071733825384200145e+01
-1.284722859609539114e+01
7.835309866093172815e+00
3.925964108625703375e+01
-2.022941046403001764e+01
-1.089875874817343515e+01
3.060175924520942203e+01
1.569537306651741204e+01
4.135978444543161459e+01
1.648701849592004010e+01
5.926349879838369361e+00
1.457743825213812272e+01
2.211770200826460098e+01
-2.932184486822357883e+01
3.750601214828691354e+00
1.355054625655768952e+01
6.374929058602447185e+00
1.293407315839506566e+01
-3.345149272730754575e+01
1.747178365272043266e+01
-2.335313327341231115e+01
-1.820658024204130498e+01
1.169979832509268647e+01
-6.366676038175228314e+00
3.162248999992704057e+01
-9.097546044451689795e+00
1.644842792768116624e+01
1.770314404814308773e+01
4.244015930533859660e+01
2.979881011375096023e+01
2.663037192341239745e+01
-1.767250704180867160e+00
-4.584133754249364756e+00
-1.745907585222863645e+01
4.363143051371503134e+01
4.338439847120872628e+01
2.133993552118003834e+01
-1.373406265567848550e+01
2.717896138697645370e+01
-2.790819246572283419e+00
9.717655395602342594e+00
3.609254234932325289e+01
-6.455534400636793180e-01
-4.316520310269112315e+00
-1.097735711315726803e+01
-3.196866798163722478e+01
5.218576404155882642e+01
2.765281566398988389e+01
-3.261842220001975790e+01
-8.978479681389629263e+00
1.437936259530560434e+01
-5.421403333807518266e+00
3.467255447948490854e+01
6.838606549466618389e+00
4.368207092570980876e+01
1.900328812481709306e+01
-1.239385114028522139e+01
1.094346368158647920e+01
-3.411132154410296380e+00
-1.500495191069154544e+01
8.575062919871953682e+00
8.167587057495836689e+00
5.134838618596575088e+01
4.314126283129220951e+01
3.032288087099941265e+01
3.644723301221802103e+01
4.750711241939455931e+00
-1.417349863922413533e+01
7.839080958561112311e+00
-1.825501440991266122e+01
-2.936712029103517807e+01
-3.042874591264506989e+01
-1.706173683478496628e+01
-5.951214977140369911e+01
-1.910027635887476549e+01
-4.742503645545737356e+01
1.288061099715753244e+01
-2.534204697452162236e+01
2.547933317677163245e+01
-5.420787156979761079e+01
-1.632274174800147648e+01
2.342872164686698966e+01
1.146585535848169002e+01
-4.863452313169678831e+01
3.098733634355380673e+01
-1.415076848956448430e+01
2.945047758011116912e+01
-1.264349168052538630e+01
-4.291942558995583568e+01
7.822553372660365767e+00
-3.564114323908916049e+01
-4.070011755270996900e+00
-1.662437902296242775e+00
2.235193259750386119e+01
6.902638431394569807e+01
-2.361158555511650547e+01
-1.911664428947517536e+01
-2.289883781655163375e+00
-6.246470600105084259e+00
-4.422320829052571867e+01
-3.048722062168877756e+01
2.616541559305068176e+01
-1.162408090224431589e+01
1.111762458531478615e+01
-2.688422078616483191e+01
-9.008365581278383161e+00
-2.269525820024287555e+01
2.826176323925625411e+01
5.170045128250592370e+00
-1.221672425400504380e+01
-9.333234946366985696e+00
6.511442877295877452e+00
-4.452514085869466953e+00
2.360659109389857235e+01
-1.410191664726096406e+01
5.482373753184162979e+00
1.945537427439212763e+01
7.501544187865079039e+00
-1.165024327673529569e+01
8.421597123113917860e+01
3.222744680984514787e+01
2.315127886957860426e+00
5.608033643158819359e+00
-3.431468512832782380e+01
1.842861395878310304e+01
-4.188663642966680811e+01
-1.592035850985260481e+01
-3.013661482462069330e+01
-1.085942233761153375e+01
3.111977715969743485e+01
-3.104586885400416918e+01
1.313330644416264903e+01
-2.113868476924182005e+00
1.136229056392565440e+00
-1.964890966314817433e+01
-2.431306397481594672e+01
-3.101940558864953346e+00
-1.955201725349918007e+01
-1.081166936475241869e+01
-2.266024643293809504e+01
-5.091520219598852037e+00
-1.903808272287209036e+01
-2.750028865425669267e+01
1.140307556672725298e+01
-7.854378594897724497e+00
1.342944702297282333e+01
4.637846537477031461e+00
-4.173171921105828375e+01
-2.874261427894276011e+01
-2.501939576531401599e+01
1.772331285276743529e+01
-1.337643921796271229e+00
-3.394709876380403557e+01
3.229645058307816186e+01
-2.143425502468632260e+01
3.133542734217576253e+01
-1.734940477877555054e+01
-2.646260052133612817e+01
1.295380502289333435e+01
-3.720638785840889540e+01
-1.886627937772286145e+01
3.393520338276897519e+01
1.033766545350027855e+01
-2.410758425170212149e+01
2.974127463395260662e+01
-9.941864882535469405e+00
-2.084920036861473136e+01
-1.665666377096346196e+01
-2.745441918408289439e+01
1.520889717581004419e+01
-4.928430220357449798e+01
-4.340943508954410390e+01
-5.585414267273222322e+00
-1.650937084989016057e+01
-3.239460985587183472e+01
4.028913065775708446e+01
7.354581023611679313e+01
-1.507176277740475712e+01
-1.993366686439344448e+00
-3.319111425246676816e+01
3.595250831047746942e+01
1.116886070971187905e+01
-1.315380752797142350e+01
-1.996134368710674778e+01
8.084826836061786537e+00
-3.179985137912286319e+01
-9.722521506451613504e+00
-4.764389964449688364e+01
2.000517727384050204e+01
6.013970487882403404e+00
-9.541106034521362744e-01
-5.708023425933561157e+00
-2.196425124752812508e+01
-6.021199704720515911e+00
7.192974577854045037e+01
-1.006898310640559657e+01
-2.637051071342662567e+01
-3.833630094365318541e+01
7.655519492255422165e+00
-2.058583004824012619e+01
5.989782266700842683e+00
1.662839316055850247e+01
4.210573185336556890e+00
1.714578685683915182e+01
8.280162299200753750e+00
3.212461311925380869e+01
1.442452910946455802e+01
-1.921583128508169125e+01
2.633009235901673151e+01
1.914639010158654742e+01
6.776246102819158068e+00
2.326789214595019928e+01
-1.560346936483944802e+01
4.048665252923240132e+01
1.293663312092231799e+01
-1.739550891248720177e+01
-3.212016944320394529e+00
-9.920785701767727005e+00
1.123117209324345822e+01
-1.275652495793105601e+01
-4.346312046092222658e+00
-7.023552717731377015e+00
4.443921530017559007e+01
3.029618152817579357e+01
-3.558490706018736205e+01
-4.471840849003200447e+00
-2.895498332883471448e+01
-7.964501515136475973e+00
-1.294304828861303491e+01
4.712941064526688706e+00
-5.358994379087835824e-01
-1.578512109311023437e+01
9.344377985011021792e+00
-4.530226250968382828e+00
-5.126108505431773210e+00
4.728983865441631451e+01
7.905547673122939045e+00
-4.531453923934563477e+01
-2.177512758101971713e+01
5.259900963633771198e+01
1.497213577811470486e+01
-5.229375265843714260e+00
5.860156462745290185e+01
-8.827962066435446786e+00
-5.020014428943937901e+00
-4.426422196316536883e+00
8.487400204531269310e+00
1.712095828912040218e+01
2.402196248611012663e+00
1.590189121605948230e+01
-7.012589975193094460e+00
-1.930799687649333407e+01
-2.288909967163908021e+01
-2.629215225125437883e+01
2.259291285581988973e+01
7.087939020387956646e+00
2.092385723215600279e+01
7.631626667219222782e+00
4.897305605158084063e+01
1.025495224016917462e+01
-4.428456423391986618e+01
-1.881692600869949672e+01
3.346155314064432673e+00
-1.598250598133719791e+01
3.466083241320760067e+01
-7.612785422082083642e+00
9.221858725021725434e+00
2.892577911109566458e+01
-4.094710083973347992e+01
8.205812600790667943e+01
1.137704704057810545e+01
1.308523085051280077e+01
1.983118365034826525e+01
4.083347496619580852e+00
-2.177473233348337089e-01
1.923176949564384586e+01
-2.032960184642482204e+01
4.553503696207589257e+01
4.026339469466454091e+01
-2.288868237586818566e+01
8.778533994716099187e+00
3.836947820750376081e+01
-1.127308699059616970e+01
9.588147381290042404e+00
2.067522296782640012e+01
2.222108113559372100e+01
-4.188436193579167366e+01
-5.640983556300113833e+00
-1.680555810805019235e+01
-1.662498236163713727e+00
-4.348140340184766472e+00
9.557011649507671791e-01
-6.820220587020884295e+00
-1.743262901451566904e+01
7.232959014203856896e+00
3.761449034110739831e+00
2.908547416489001947e+01
-2.402120804952426170e+01
2.393922966653371986e+01
2.589541756706104536e+01
-6.830647137186673490e+00
4.468859694795035864e+01
-3.733846914967949715e+01
-5.654335245325130899e+01
-4.767420448943038735e+00
-4.361642988907249219e+00
-6.921458906456905424e-01
4.387050299241944629e+01
-2.674074319859933269e+00
2.348056897239089835e+01
2.945650443319316025e+01
2.048779707557997654e+01
-6.370015425243650498e+00
3.266822989820491330e+01
-8.711652357380799572e+00
-1.942362263656559662e+01
-2.242112083132801104e+01
5.953912711128296564e+00
1.935203191345937057e+01
-7.188626283903403191e-01
1.907672145998310498e+01
2.933535800386550818e-01
3.322730787690983334e+01
9.477036239069477119e+00
4.961222182736577224e+00
-2.068706854968127118e+00
1.765713700429299138e+01
2.056408814114683992e+01
9.423608381356814334e+00
-9.699388901203178648e-01
-3.015148802363184544e+01
1.595844257473600436e+01
1.041789771009771925e+01
1.945267174384598263e+01
1.540766465955336173e+01
1.981124884509595319e+01
-4.746983307736257984e+00
1.708380135871723837e+01
-1.470754410842766902e+01
-3.654661110536494562e-01
-2.968225145188378633e+01
-1.681782481577999988e+01
2.202147191389018843e+01
-4.934808266187226877e+01
1.451767101780498592e+01
8.698608759207672847e+00
4.547055799815561272e+01
-1.034199905545990816e+01
1.826839835128678047e+01
-5.439730695012656270e+00
-2.653304218269316550e+01
-3.719956339138235535e+01
-6.412947945638826752e+00
-4.839642597971638338e+01
6.425768784361025610e+00
-1.086440780242997128e+01
1.688876957490548847e+01
1.292209790846175110e+01
-1.565025153328411989e+01
-1.601178610881805753e+01
2.240575269120001423e+01
-3.372580605248270302e+01
-6.684003990309008714e+00
-1.037144509243438506e+01
1.500969130030235732e+01
5.385066872048298592e-01
1.473065348602986546e+00
-1.034556711138940699e+01
3.001528268757795104e+01
-3.038309272344895362e+01
3.698017666459350039e+00
3.297429689942563868e+01
-2.016223524675800149e+01
1.702369594652026308e+00
-1.233136798143732449e-01
-3.560737617913555653e+01
-2.187963307451926198e+01
-2.717252864030225368e+00
1.546414091518534661e+01
1.808271273179136074e+01
3.334758789666835810e+00
-5.303583061457459280e+00
9.744504195426031856e+00
-2.327543783748097894e+01
-1.087888272551595037e+00
-2.839098748885442092e+01
-1.528579333675139651e+01
2.660333440654738979e+01
-1.561801913271378339e+01
3.715105609386338870e+01
-1.316856105878881067e+01
1.790251708530075803e+01
1.382189937609865638e+01
-3.471123829788680126e+01
-1.372254870377703639e+01
4.802907629050096716e+00
-2.290143384175050301e+01
-2.060588570005693754e+01
-4.784291388965425540e+01
-2.956338825237253332e+01
-2.794387605898103288e+01
-2.404087878957710700e+01
4.449805897398846355e-01
9.957361542523457842e+00
3.736304679987739519e+00
1.333722213855051208e+01
-3.107203483705438884e+01
8.364283866218841013e+00
1.477965098331512195e+01
-3.684350788007377275e+01
-3.404219855219952251e+01
-2.313386189901308398e+01
-1.488529152262225352e+01
8.873837113195378379e+00
-7.243670494649450120e-01
-2.303857021127382509e+01
1.637228884277544694e+01
-1.308702914893453340e+01
2.746019399663663307e+01
-4.869914579205325822e+01
3.463597327908200896e+01
-4.957296061449067537e+00
-2.191080038645783645e+01
-1.369374284198185876e+01
1.036363087586394727e+00
2.447424152440799361e+01
-4.033352190369395629e+01
-6.463823505987448925e+00
-1.108823668552950892e+01
2.446001423842325551e+01
4.572687137348241038e+01
-5.436150814893164807e+01
5.084451833951800381e+01
2.271860225312050829e+01
-4.080093642260865749e+01
-1.744886712657608996e+01
4.333901911767225101e+01
3.249599918436939561e+01
-1.137857364676631278e+01
-3.191868969017377822e+00
7.836802255544924378e+00
4.081782555122110523e+01
-3.103417275803803932e+01
6.922593017971180984e+00
-4.584459614609002642e+00
1.489449700164465185e+01
-3.969287996025048670e+01
-1.808718721036832733e+00
-1.661533676966567086e+01
2.611095794088403466e+01
2.302795460283591922e+01
-4.774138260945215961e+01
-2.611045959934037342e+01
-1.179683578708892355e+01
-2.329679643732764305e+01
-6.362839647085436923e+00
-1.109883507535275271e+01
2.457955999061454122e+01
2.296493614879983625e+01
-1.138373468726172177e+00
-2.513817711410196409e+01
-4.650954137237997088e+01
2.601144422656619781e+01
-2.684632737309312489e+01
-1.990806951077519216e+01
3.234282988508105916e+00
-1.964476678434232326e+01
-2.136210826270524876e+01
-1.564359931187041042e+01
-2.617576171760015313e+01
-1.417838226892286002e+01
-2.840976222725642231e+01
3.056272275357954982e+01
3.355141392093909758e+01
-3.620233946326379737e+00
-1.197828849250532812e+01
-2.452936845363069551e-01
2.486312779626859992e+01
-4.696383793950080587e+01
-1.083813573986122947e+01
2.687767165527429825e+01
3.878496165774751603e+01
-9.173226776425906337e+00
5.389030640847636278e+00
3.001349843387814076e+01
9.066118117832083101e+00
-5.390723028101263026e-01
-2.434497203895534767e+01
1.104209859530038784e+01
-1.895086945279658153e+01
-5.698373925119113892e+00
-1.063479050655692504e+01
-8.986482355491204999e+00
1.240691299735092912e+01
4.322147175032687016e+01
-1.284616449312096620e+00
1.869340308172340315e+00
-4.976727040471773478e+01
-1.034216550249362854e+01
-1.965538582400975542e+01
-1.209321417838680190e-01
-2.571848665837185877e+01
4.666138971954165982e+01
4.433485833328819581e+01
7.634852992324610454e+00
-1.080005122941872742e+01
9.100527874889934310e+00
1.124199089439922261e+01
-2.610639711140262875e+01
-4.621798583087695533e+00
1.039405871122392000e+01
7.269399705563316161e+00
3.014629686649561791e+01
2.208913855812133420e+01
-1.157788883157013515e+01
1.421447494752831631e+01
-5.421826533717037222e+01
-6.417155087841592831e-01
4.769324541110586324e+01
6.493781663843122942e+00
-1.157562330499956715e+00
1.672507810523160288e+01
-1.569918948239737766e+01
4.914155232425146380e+01
-9.097716569348477833e+00
4.398321106177718320e+01
2.144525213870855396e+01
-2.213318211527706580e+01
1.770782402070923922e+01
-1.675739603615463125e+01
-3.957739861640396839e+01
-3.522673740411704557e+00
-3.046093952142227579e+01
-2.875797494408141119e+01
-2.718643347424659851e+00
1.977658624414948463e+01
-5.323617290053945794e+00
-1.711182336860974829e+01
4.917672694603282935e+00
-3.789739791583897954e+01
-3.868441798301095247e+00
-4.539550100965868751e+01
2.666695601561322349e+01
-6.327792864127701478e-01
-2.733700549697972804e+01
-9.031019472274152804e+00
1.012994023483560113e+01
-1.937395700078763383e+01
-2.500116341259801800e+01
5.168315160823891574e+01
-1.323700793925411290e+01
-2.202545152595894251e+01
1.494378279094070194e+01
-9.680990790709337546e+00
2.997986199057223544e+01
-2.538447574907138460e+00
3.834667534388898957e+00
5.924270085384853246e+01
-6.799364815354607572e+00
-2.008571409070268032e+01
-2.358682482533527036e+01
-2.785686879205229616e+01
-1.874070548065952835e+01
1.483760521321943315e+01
1.488262628548218913e+01
1.217262647024049471e+01
4.029665837669620032e+01
1.834295018688976597e+00
1.146545889065417612e+01
-3.485004093953629933e+01
1.482606526293039906e+00
-1.016628121541421592e+01
-1.460813751365037660e+01
-1.920387821587837607e+00
1.847148487661618788e+01
2.095281492947623292e+01
-3.674118398749595116e-01
6.725438226814674181e+00
1.509711540774196514e+01
1.910863220017508013e+01
-1.345987045717525632e+01
-6.963013956604527266e+00
3.769485831278558408e-01
-1.265769494935966577e+01
-2.747573944956627656e+00
-1.971248068666452014e+01
4.359011107435628674e+01
3.530465875127407571e+01
-8.944223356239831446e+00
8.801100132977438761e+00
-2.538440162524256749e+00
-1.648182118992319545e+01
1.958529755963895269e+01
-5.250248405018965059e+00
2.198810269047632460e+01
-2.876510562831662554e+01
9.873981124807926335e+00
-5.465638230805609510e+00
-2.959270820951536507e+01
-1.342765745664951282e+01
1.469596275613407954e+01
-5.012557293224404020e+01
2.365584456862899287e+01
2.560278327346091487e+01
-5.494142737468118654e+00
-3.288634157984873241e+00
-1.760592544452407537e+00
1.372011575716010157e+01
-1.794967217307890905e+01
1.985009688153312268e+01
1.674570303910360280e+01
-5.401007339873456203e+01
-1.945862400526419833e+01
1.306062631876822167e+01
-4.650266683515468458e+00
2.385601928588803844e+01
-3.503844411091392885e+01
-2.964252098849385675e+00
-2.301497793024498506e+01
-7.069861172150466189e+01
4.226472115698636856e+01
-3.205502160560894254e+01
-3.361859989343744815e+01
4.903662664966752516e+00
7.128747704625132542e+01
6.228918231733189259e-01
-1.545169340887116505e+01
-1.734348275374429704e+00
-3.029116377845156194e+00
-4.706617959050787192e+01
-3.368303076917501215e+01
4.503001191204948839e+01
-5.627272360528166928e+00
-2.071707705099053953e+01
2.710576424715975463e+01
-1.973319723664374692e+01
2.028235663428853286e+01
2.928925246347262146e+01
-3.138750591417847602e+01
-1.542650632015903511e+01
-1.911713554745804799e+01
-9.882788223026494734e+00
-9.653368142593969026e+00
-5.709336072773567139e+00
7.858806678525809275e+00
-1.876426159295927221e+01
1.559667065862689128e+01
3.183008116916656149e+01
-4.938759143944537300e+00
-1.121980977121916112e+01
8.027617560347010794e+00
3.079521532218257107e+01
2.868693836953987386e+01
5.412996067108593934e+00
-3.040902561939930138e+00
-4.791039446602908924e+00
-2.789309685899643654e+01
2.113480170796570690e+01
-1.224355589382579268e+01
1.092741473466577418e+01
-7.678973404733653751e+00
1.484672413126949664e+01
1.005612264127357491e+01
-4.425146998540361665e+01
-1.463963218231020846e+01
-4.319623313883511173e+01
-1.960347728424392244e+01
2.897469444125974292e+00
-9.459034362550710284e+00
1.796288447064833349e+01
-1.651360993652859577e+01
2.046612896801107695e+00
5.911368176119708551e+00
3.887425235745746477e+01
1.969901268791254267e+01
-1.663381420037985947e+01
-6.722957391424841944e-01
6.658194942870437671e+00
2.107667167364530059e+01
1.854482744930692206e-01
3.000594792219598617e+01
1.230650492753168024e+01
4.978487732428703794e+01
1.026272405757268302e+00
3.597631385398366888e+01
-1.486838612337216148e+01
-2.069904944156391480e+01
2.408755737547011222e+00
5.149295047490568322e+00
1.472517922342544239e+01
-7.783447360458296771e+00
-7.516423326215374345e+00
1.426171460844774685e+01
-2.661987998917757636e+01
-3.030118593943710437e+01
4.356292895904798002e+01
-3.272767130606666797e+00
-2.145764081891317687e+01
-2.209909565053251868e+00
-7.414180246267676466e+00
2.339544961557551517e+01
1.816637745026966400e+01
-1.109192417679440723e+01
4.708617388331788334e-01
-1.451151239524764947e+01
-1.939420473831717118e+01
-1.468317645973365870e+01
-5.311683708998931763e+01
5.414896627044640809e-02
-3.533192242830361351e+01
-3.059171456204853712e+01
-2.044779693334248805e+01
1.052974754607458863e+01
-2.000820487107338863e+01
1.270221240076860880e+01
-3.364842061902479742e+01
5.812548873938965244e-01
-2.274549445724894525e+01
4.734685480351046749e+00
6.189498109903965428e+00
1.832642919909721968e+01
-1.152912101597411265e+01
-8.731162766842544443e+00
1.624215163814565344e+01
3.251671718907046227e+01
1.804566268873657009e+01
4.569924690951665980e+00
-3.939672729027419962e+01
-9.366867695113157311e+00
-1.738349387636611709e+01
-3.316082227515039449e+01
2.219241456634063070e+01
-1.994854366193942496e+01
-1.790819952268790871e+00
-1.540397963460709718e+01
-5.476705603086892893e+01
2.837549281534118961e+01
-9.665483653600745129e+00
2.226305430700801935e+01
-3.919650800204522056e+01
3.703537072259842944e+01
2.017634650920712147e+00
-1.579741083918572642e+01
4.761938901522484002e+00
-1.142762054676347816e+01
-3.596448070487198834e+01
7.913893612384470089e+00
1.959894003482676794e+01
9.602622329307450855e-01
-1.990061103435471068e+01
-9.003494460521949350e+00
9.620291663640784918e+00
1.753441866940568161e+01
3.460357227091728305e+01
1.300092832436280332e+01
-1.276192350475059811e+01
5.244816110335766979e+01
1.316100782716961959e+01
2.330960172363067784e+01
-1.005464693803162390e+01
1.535738916856246306e+01
1.077501830783342029e+01
-3.403713639423719428e+01
-1.132871105654400878e+01
-2.247924332375480461e+01
-2.028326406666101889e+01
-6.649001846986720921e+00
-7.629593896165260958e+00
-2.318793247359127463e+01
-6.083477260685428689e+01
-1.586868688866278454e+01
6.833129987032918962e+00
5.024885804459245264e+00
7.639907569326112480e+00
2.548994750576250112e+01
7.697852918764201746e+00
1.785662383453620805e+01
-2.283686146344146550e+01
2.511974068805255911e+01
-2.498893535904153396e+01
-3.951766411001682400e+01
1.208985421655324899e+01
-2.373881741634761511e+01
-2.154648932436910513e+01
-8.706327474874376549e+01
-6.363918569263582015e+00
4.479566445543690634e+01
2.327002248702648046e+01
-5.622086241323415834e+00
-7.612506129542197186e+00
2.076387027180649625e+01
3.654783070193900585e+01
-2.285408307099789482e+01
-5.907698541116758406e+00
-1.870683673727214114e+01
-1.929409053548636166e+01
-1.686032420806117926e+01
6.950311967887145670e+00
3.885159961225832603e+01
-3.579724723314504331e+01
-3.081517688912185804e+01
1.810849509803688306e+00
-5.854268760714575137e+00
-7.276826668291917599e+00
-4.954018334340554475e+01
3.458140522175885678e+01
1.317222940557155653e+01
5.193456195127861719e+00
2.656886818364569081e+01
-1.802750957663418774e+01
1.698328332699264820e+01
1.526333687640340031e+01
1.979429461354669684e+00
-3.332258890153092068e+00
4.835243471453395614e+00
-8.682471878759375983e+00
2.790062806147177810e+01
-2.198917377843235954e+01
2.367110058988515675e+01
5.285188424857381051e+00
7.937054387680774425e+00
1.251202191193942781e+01
-4.781154182135595931e+01
4.652666465027010645e+00
-3.680843242410233529e+01
-2.690075182189666236e+01
-2.691032960640123406e+01
-2.743850127858701171e+01
2.733961088653131810e-01
9.217661091476614388e+00
2.737489445407524613e+01
4.745025710193878865e+00
7.899766098561705974e+00
-3.856926889091471367e+01
-1.400593869558055360e+01
1.868367250095265319e+01
-1.137894514531545553e+00
-2.059943372287875718e-02
-4.856062729769064390e+00
1.924519105744599301e+01
-5.013081566025505253e+01
6.178235110873902869e+00
1.110591436475039018e+01
2.375247847998024042e+01
2.031255191935026261e+01
-3.108320261770349191e+01
6.166979504879407159e+00
3.207387767901849429e+00
2.580518040168840344e+00
3.289614557414978435e+00
-1.031991224204736568e+01
-1.936245897275124150e+01
1.040025498049530484e+01
3.302844395468184757e+01
-2.726314638008432212e+00
6.338529331914770637e+00
9.356682861564848963e+00
-1.406649788025400483e+01
-1.492677410896158108e+01
-6.553563672359993575e+01
-2.023590401734209365e+01
-2.998486490894023859e+01
-3.648137726503051681e+00
-3.707841464145357691e+01
4.121785253326132192e+01
-1.717995371489791978e+01
-2.945495155309217239e+01
-8.491883954050729244e+01
3.646472402564458548e+01
7.322487261145539605e+00
3.378312271970585812e+00
-3.441592269905495982e+01
4.850657404068499545e+00
-1.097957166470047241e+01
-1.799815229937865269e+01
6.465373617162791575e+00
1.854087282213183130e+01
4.010392418810340587e+00
-1.168750229811848840e+01
-1.349110532346458058e-01
1.520938373635232210e+00
8.648969518407341184e+00
-3.484880092226766379e+01
3.962683639058771234e+01
-2.355170205197028110e+01
-1.644771401108853581e+01
-2.689098774770457112e+01
-5.709531963175606251e+01
4.950908302341204603e+00
-2.874946505381660700e+01
-1.043963228617762695e+01
1.790089862558608047e+01
-1.420546357206885091e+01
-1.883463209343517519e+00
-6.461844327399319354e+00
-1.099075221559161264e+01
1.763142168460106518e+00
2.978642468154374967e+01
-2.756589992070719575e+01
5.461169932029568486e+01
-1.241307849332358160e+01
1.832814445427500516e+01
-7.556826659958332471e+00
6.243347087367251191e+00
-5.972862358127258631e+00
2.404660912636109060e+01
3.361897541665122446e+01
1.050483680819233712e+01
2.522229447168048466e+01
-1.953953500955711320e+01
-3.649528075926312454e+00
-1.221616561138426960e+01
3.769327756106770266e+01
3.161590371953911927e+01
2.390586321835644412e+01
-8.414399303208540459e+00
-1.526614857607722797e+01
1.364920983210690508e+01
-1.543360180828231876e+01
-6.804902498922785981e+00
-3.150808907315827412e+00
-1.617531878554122216e+01
2.723819370902990045e+01
-4.514532836416670136e+00
2.083479956596568172e+01
1.075535010457668683e+01
9.472830414369511232e+00
-1.814480486043655105e+01
1.450494490314007123e+01
-1.006698064366094059e+01
-6.482128962749442280e+00
-1.720757862228253998e+00
-2.636549976498673686e+01
4.087878994129545163e+01
-1.458814957001156287e+01
-1.771783790816414239e+00
1.221808542107128659e+01
1.054510169678189868e+01
4.064926081916234324e+01
-9.400106057279828065e+00
4.132293340159367290e+01
3.706587455096064332e+01
-5.134720844666566109e+01
2.776705375031227163e+00
-1.018751928690775799e+01
8.623248909423409714e+00
3.261250623381002356e+00
1.091065653646501232e+01
3.417073515229065350e+01
5.357762054242729022e+01
-4.116822169461491399e+01
4.146756888244146921e+01
-5.370930539178384322e+01
-4.454323207976553078e+01
-7.927998275297781561e+00
2.663786519249811136e-02
3.991789393260761187e+01
1.960841608914967082e+01
-6.577235661575542736e+00
-4.892017109822120347e+01
3.872428997750189694e+01
-2.287051021593100586e+01
9.837104636851563555e-01
-3.927699797453790609e+00
6.901138276613951916e+01
-1.388424490607903294e+01
-5.855798159055649421e+01
1.716917358929600823e+01
-8.921706619266355176e+01
6.296944374367484443e+00
-1.999343203188131213e+01
-1.011030182785366804e+01
-1.488882619110462713e+01
-3.206296115481592324e+01
2.099006251915287180e+01
-2.086080441398542717e+01
-6.458065883783035588e+00
-4.325398189729274634e+01
-2.397228915373830205e+00
-2.868239750529417620e+01
-4.091191538430649643e+01
-6.227368375587758464e+01
5.012401179365895132e+00
-1.953220147983086008e+01
3.460232414088807218e+00
-7.747523605483195297e+00
-4.455066252379242542e+01
-3.565823719056312058e+01
-2.989874176137726636e+01
-3.110260816749115520e+01
2.921454118490306229e+01
2.768753132823789542e+00
-2.734278684055854569e+01
-1.190686079105444151e+01
-1.346311408948733401e+01
2.208443530700627377e+01
-1.703078689786183020e+01
-4.186497839034512225e+00
-1.539697910364517952e+01
-1.957492621432197666e+01
-2.220701713428682922e+01
2.023770836149346053e+01
-8.554469875819307845e+00
-5.081309814826494176e+01
4.226535813276365161e+01
2.412618050550329940e+01
1.436382195310756060e+00
-4.284636134551908526e+01
-4.106658543849869147e+01
3.747960349188190321e+00
3.737135254883412472e-01
-1.732558877514304640e+01
-2.509991866619629164e+01
1.718615769716973318e+01
-3.026075443821611088e+00
1.442855956154164687e+01
2.690513444736683368e+01
1.739779946966311286e+01
1.753983378334622500e+01
1.311909722086514307e+01
-1.144625481705071479e+01
-8.179997068122716541e+00
-1.194417149397902023e+01
-2.014783858814649875e+01
-2.343671884353722135e+01
-3.495361155900747008e+01
-2.043878815059353826e+01
-5.614083343061295750e+00
-4.216685095260766047e+01
-7.853762059625978509e+00
2.005985649839804097e+01
-4.334539617291335389e+01
1.633540482655743631e+01
1.474779028746570475e+01
-3.951103308380015733e+01
-3.114443513631647420e+01
-9.424130262769665478e+00
9.657815120653197027e+00
-2.161789940334676885e+01
3.970025843595847448e+01
3.524083394455681173e+01
-4.244843627691591337e+01
2.453391723925722090e+01
1.910599421895918226e+01
4.794940468866741412e+00
1.192210379480704319e+01
-2.352230082172721382e+01
-7.147706597813709095e+00
4.578469541970207501e+00
1.057868486676642306e+01
2.323460928285241778e+01
-2.814101988711004410e+01
-3.287473621386197919e+00
8.212764486150462062e+00
2.984077727248688916e+00
-1.635444638012782548e+01
1.201234262979531309e+01
-1.404092147242113242e+01
-1.130187312607889538e+01
6.332677575784657620e-01
-3.345813031134363769e+01
1.647555178592334357e+00
-9.267767808895030157e+00
-7.614290203045982253e+00
4.630924948249059980e+00
-2.987389618688698079e+01
3.266388425134252316e+01
-1.387817929544786466e+01
-7.337122911477857201e+01
-4.694307543457384213e+01
2.036400100539377434e+01
-2.230030052652867312e+01
-1.034383782115332906e+01
-1.442968299201816507e+01
-1.011318586099519479e+01
-5.544252865639850825e+01
-3.485311855448230745e+00
-3.429398499116297216e+01
-1.899661090535633434e+01
1.167668849562676314e+01
4.333481734766289151e+01
1.564021316973938980e+00
-5.649007979757953990e-01
3.279934009575040932e+01
-3.054079551151664873e+01
1.758645368653150598e+01
4.190426578537952196e+00
-2.626768828508591014e+01
-1.405072745056710914e+01
1.226658203775514266e+01
3.567122839931045064e-01
6.679637480681023476e+00
5.668425627395450306e+00
-1.303499045945790158e+01
-1.792486732179338560e+01
-2.755603704732874348e+01
2.713881886864677995e+01
-3.551969635250663515e+01
-2.637770289886198327e+01
6.848292753330852634e+00
-4.789663476165863187e+01
1.241950297780925894e+01
3.536686989467779085e+01
-3.970525090762514253e+00
6.397754608663561271e+00
-1.587691772910372379e+01
-1.213532211022044294e+01
5.724910308945368342e+00
2.095135468017416258e+01
-2.140063754295553622e+01
1.490409360561275776e+01
-5.825465977627715120e+00
1.729067034810498171e+00
1.275740730284985602e+01
8.195337543669126035e+00
-7.112329298439270531e+00
1.327544053718554551e-01
1.057759631805288336e+01
1.576595092112259522e+01
-3.958411486398883028e+01
1.820742213901212381e+00
2.836510003179775197e+01
-5.087447643652626539e+01
1.672368029267790490e+01
-6.426249965061398939e+01
-5.940214994568757234e+00
-8.164242370259032100e+00
-2.860259086067401313e+00
-6.719828634506058052e+00
-1.383002277732464336e+01
-5.272975985273035349e+00
6.563713837451324196e+00
-1.471549102832946687e+01
6.629598528592055118e+00
4.825592616412808411e+01
-3.338658941639280897e+01
-1.454024841105962196e+01
2.195194285900620912e+01
1.325951603538499057e+01
2.410348893195106967e+01
1.166060318102964644e+01
1.158828419104432328e+01
-8.861240182046060454e+00
-2.700937998779316729e+01
-2.491206892989990251e+01
-1.487892232992848562e+01
2.563343231661832533e+00
-2.328027125019957566e+01
-7.712627350393631787e+00
4.015282907512329302e+00
1.310008710961585621e+01
-5.640237567577834454e+00
3.284218191960381716e+01
-3.184451752965509286e+01
-2.156517747823926356e+00
-1.662192241604428133e+00
1.512745831925560935e+01
-2.156637643062349952e+01
-1.366325756603538366e+01
1.032154055528365788e+01
2.468602059629496637e+01
4.111208594818774742e+01
1.754968936649260058e+01
2.299472333103400956e+01
-1.536136314094994049e+01
3.464805992624627606e+01
3.633843383724624232e+01
-1.391616107544621173e+00
1.878347812681107598e+01
2.071688660623183864e+01
-1.294576801805656885e+01
4.681949654933106331e+00
3.333009355712101751e+01
-1.325063972906005461e+01
-5.020906562625668812e+00
-3.307199929737404887e+01
1.306195621088861003e+01
-7.068317035043492069e+00
1.081242470894500229e+01
3.213067334962858013e+00
-2.185267287407939563e+01
2.499906591151915336e+01
2.202785957426732466e+01
-1.477209815388647485e+01
1.050435736256203256e+01
-3.355263243171987142e+01
-2.913279747793872687e+01
1.358065255082095746e+01
-3.738640133238402541e+01
-1.688046326986584589e+01
2.845401080159376761e+00
4.534453287169741031e+01
-1.399158261093543842e+01
-6.728591201218904416e+00
-9.889260053811995022e+00
6.147811423966612665e+01
7.623785371781210074e+00
-2.365078356110267066e+01
3.886791721473377947e+01
3.440762898069263542e+01
1.721584175251456372e+01
4.119733813392045363e+01
4.716777357745482391e+01
-4.098291975817133448e+00
-1.517699631864402932e+01
-1.588835896022806082e+01
1.585910466672403629e+01
2.060184598845759751e+01
-3.775577697646440356e+00
-1.268668053511765947e+01
-3.349910946947614576e+01
-1.384188924625645711e+01
-2.476364502119054123e+01
1.651755234426998697e+01
9.384011923807861422e+00
3.497359335953041182e+01
4.064007645555790305e+00
-1.289870428781046030e+01
-4.644564271224957963e+00
2.161828487269708887e+01
6.850216740278369798e+00
2.981958526914849017e+01
3.053106928021514932e+01
-6.616143405004834221e+00
-5.944640561972562409e+00
-5.506116880989543461e+01
2.773497039805510411e+01
-6.479379663842905757e-01
2.967816078082620379e+01
-1.184894025641363413e+01
-3.418482164565756420e+01
1.157914814760722066e+01
3.991593239051326947e+01
-1.433727816584769954e+01
3.618310765704512733e+01
-3.986344582068655029e+01
-1.259911366632832141e+01
-4.449109679700097786e+01
1.041969087489623291e+01
4.393470377936807836e+00
2.967749824601042974e+00
-3.402778277414603281e+01
4.958441923423549724e+01
2.965467654354995375e+01
4.839057815684384423e+00
-2.825048591892554839e+01
1.186128500024165078e+01
-1.274157737047646322e+01
-6.791665099932401972e+00
-1.312361657126973569e+01
1.001431839618103936e+01
-7.927900334788148484e+00
-1.102987120929327602e+01
1.138449142948115878e+01
1.416018375370053661e+01
-4.677606807729267757e+01
1.086250624053784009e+01
3.688411596062074693e+01
2.194411091577069328e+01
-5.688811185003237014e+00
8.281063382866165057e-01
-1.915118297531316216e+01
3.166084797055520994e+01
8.505719964079247575e+00
-2.273594453856929931e+00
-4.097390584011520787e+00
5.830752412951119368e+01
-1.751336453419810368e+00
1.327459360059293658e+01
4.073862654614049461e+01
5.243672486235932695e+01
3.391756051781251813e+01
2.209311199752210086e+01
-3.627019139933189251e+01
-2.470240349645985134e+01
1.877242811356937580e+01
3.822637413567349540e+00
1.723020845121820344e+01
8.690420651646888928e+00
3.348235550156968543e+01
-4.214788233565445807e+01
-2.654501081909222648e+01
-6.297673887187357877e+00
-4.655599328932251524e+01
1.041654204376261816e+01
2.398149334366873120e+01
3.697778783858097995e+00
-1.208056776549926781e+01
1.263266313906444793e+01
7.516777122734367822e+01
1.679364732904980428e+01
8.562442278001583418e+00
-2.552463148875992260e+01
-3.256255419789198413e+01
-7.957578102334863956e+00
1.800575646240349670e+01
-3.232708466142526049e+00
1.291528917131166310e+01
1.898501994744475496e+01
-3.097467625776442901e+01
1.417251325988030430e+01
2.402946776384828809e+01
3.063660900708350709e+01
-3.563095820362264021e+00
2.576251137908968758e+00
-5.465753628098852346e+00
-2.626695223258894885e+01
-3.765614321338517811e+01
4.313760546695598919e+01
-4.194144017132757085e+00
-2.999165841297852353e+01
2.961581446292598230e+00
-1.404719509812247225e+01
4.929739855458331022e+01
-1.269210489607110048e+01
-1.945475267419669763e+01
1.887827942713960283e+01
-8.928286116253900673e+00
2.416046025822529941e+01
7.271380902255373258e-01
5.275237449643941545e+01
2.866489911687371972e+01
2.166923453860274407e+00
-2.020787343808072478e+01
1.491216309680427798e+01
-2.923756767296805492e+01
-4.755972778743597473e+00
3.322890101485533876e+01
-1.518534883033052552e+01
-2.436088731298144694e+01
-1.317565951456316498e+01
2.713089709976151198e+01
6.863718916990528385e+00
-4.495106901055012116e+01
1.802851233573713330e+01
5.026418916444782781e+00
4.996403800237601445e+00
-2.732494476694324703e+01
1.554536912534217663e+00
1.833118206337590550e+01
2.597078361865858653e+01
3.578837533146233341e+01
1.565038619517581076e+01
2.112711326579798765e+00
-2.935137632023887022e+01
-2.539151520250177896e+01
-3.745095083016529713e+01
-7.149067373997922914e+00
1.719348118230161049e+01
-1.333139515605388681e+00
2.783375816869596520e+01
-1.774421185968503778e+01
8.902925066811803845e+00
-9.441820007743515930e+00
-1.624209304253994191e+01
3.322604558182260348e+01
3.848425229342979037e+00
3.415804950256182337e+01
2.580865095745537019e+00
1.207231697562861150e+01
-9.778901677267072046e+00
3.297848587634864259e+01
-9.059585996882205450e+00
3.577987036661625098e-01
-4.240204641904250593e+01
-5.203587352866861693e+00
3.883018553524030381e+01
3.466293518020552256e+01
1.465397297852673120e+01
-9.040211577285347744e+00
3.047182337418547604e+00
-1.139381084470292649e+01
-7.555009187323989295e+00
5.023810009873113813e+01
2.740275251632340314e+00
-1.425142366339343880e+01
-5.885667402310557605e+01
-2.578831231476311103e+01
-2.088238215565934297e+01
-3.484013390861758808e+01
-3.154363546043489919e+01
-3.756989351250010145e+01
-2.495673975808476541e+01
-1.728539756208442668e+01
-2.690706219503708496e+01
2.550223666023974545e+01
-1.129887691595956767e+01
-4.798996205124132075e+01
2.182622401057193429e+01
-1.653567325685256861e+01
-4.418539175639534733e+01
5.279910940431135202e+01
-1.417152194304234314e+01
9.329521648967784131e+00
2.179058230116285699e+01
4.890813515811032630e+00
1.451868552991530237e+01
1.777550740934273676e+00
1.039562916103413670e-01
-8.091850844309554702e+00
-4.107349597733298197e+01
6.481379353975938784e+00
-6.785250856431179045e+01
3.866624150021485207e+01
-2.320096589331154746e+01
-9.650180668588347999e+00
-9.946148506194390393e+00
8.151687056319744329e+00
-9.293884866243146803e+00
1.468576820415746198e+01
-3.010725715401399327e+01
1.950268869054653464e+01
2.353083984843085119e+01
5.674858780985971407e+00
6.257727836808498978e+00
1.178092888728176035e+01
4.975359930126387553e+00
1.501673518331296009e+01
-4.340422137333916908e+00
-3.835695682077317770e+01
5.223629958551015307e+00
-1.350022426505725548e+01
-2.981390221675070507e+00
3.018131585198409539e+01
-4.382583171145568457e+01
7.687673250747479869e-01
1.159643992148488678e+00
5.004359155922685432e+00
1.710802851352998744e+01
-6.629598775883387418e+00
4.536959942970543125e+01
2.405791685270152414e+01
-8.387214588488525635e+00
-4.093953178965620054e+00
2.066154714779358414e+00
4.204319034062319815e+01
-2.895356416954149381e+01
-5.631049169946811617e+01
1.685974701182146873e+01
-6.728919373090690215e+00
-9.151784009177575285e+00
9.037089722723138152e+00
4.155563648820410094e+01
2.427667822465681979e+01
-8.768644033907378343e+00
-2.877312471383964976e+01
-4.662420107554538617e+00
1.545581544012580189e+01
-8.375086858183465210e+00
-4.088355701453201618e+01
-3.339759643164015301e+00
-5.228547242578807186e+01
-2.784875185594310665e+01
4.502971744462691106e+01
-2.861114466375970267e+01
-3.748079023412770994e+01
-2.827315391321590710e+01
-2.027517754935594496e+01
1.989892577449515443e+01
4.631500128853365084e+01
-3.646289568666134073e+00
1.419990796189794935e+01
-1.171372513951244798e+01
-3.824932102504470066e+01
2.578339164074890633e+01
-2.596518067883783942e+01
1.433363914196559108e+01
1.758991288709507472e+01
-5.834057420349552103e+00
2.075072886034641328e+01
2.269045452402446017e+01
6.253882833609975478e+01
-6.538607551736106416e+00
-2.853887820919474905e+01
-3.464373023065923007e+01
-9.473963582327300514e+00
-1.847415280787252101e+01
5.209029113225705032e+01
-2.416192462717768308e+01
6.387198782243595829e+00
2.695291542634663529e+00
-1.215035217883767871e+01
-4.687762223056802213e+01
-3.443496278573888958e+00
5.439586025221315424e+01
9.587699105095552454e+00
4.139915291197496572e+00
-3.193786937048061247e+01
-3.177922563100901243e+01
-7.781767322092761674e+00
2.538622093954961656e+01
-1.402645795782029836e+01
5.678455904219106287e+01
-2.677333837399083905e+01
1.039312680644151499e+01
-7.533818358121493475e+00
-3.584402961791857933e+01
2.370474046654862832e+00
-2.828847122224408395e+01
-4.082023380929337009e+01
6.155055181633144912e+00
1.050329065687947150e+00
2.890785198714854687e+01
1.303814179008075058e+01
-1.855775410565946260e+01
1.184948188458230334e+01
-4.837059546692641732e+01
-2.643686872413462652e+01
4.924911919033636565e+01
4.577245751081797209e+00
-5.865811835836211685e+00
-1.646198346725100237e+01
-2.450806129766192498e+00
-5.490142307957512458e+00
4.920139164428212553e+01
2.300884425616084528e+01
-6.540540690899376841e+00
-1.912000178262644567e+00
-2.171996099722575124e+01
-8.662039474143284679e+00
-3.479752506456975425e+01
2.727691775042036681e+01
3.859898272104516082e+00
5.689897475010582184e+00
9.938251230555195548e+00
-4.408412361682373160e+00
-1.135849012295278193e+01
3.042450251127442051e+00
-5.980288729393775782e+01
-8.575333128835154639e+00
-5.686973209366357196e+00
-4.282528807449345720e+00
2.658016769852409311e+01
3.594462168285789971e+01
9.576712165291098700e+00
-5.261773255877150746e+01
3.435514531498068891e+01
-1.179393886391068236e+01
-2.068411045955917871e+01
-4.816683944044045518e+01
-1.659689176592686977e+01
3.436506582738228133e+01
1.685403541047492126e+01
5.503102480726880685e+00
1.860784907851817138e+01
-3.227136022803779269e+01
-2.571644681710864688e+01
3.112112648106756296e+01
2.146593341832490864e+01
2.652887709477064959e+01
2.752665904707896516e+00
4.646831749244682896e+00
3.012790878540772610e+01
5.330803744232593999e+01
-1.151185379316608248e+01
2.127152148700383805e+01
-1.436170290528625060e+01
-2.421445532757988417e+01
-1.915168387481298851e+01
-1.927896511026261805e+01
-8.026589367952198018e+00
-2.626826934595604257e+01
-1.079933717540095017e+01
-7.497947592423162178e+01
1.873907908656718746e+01
1.220483088067688371e+01
-2.643612731951321848e+00
-2.144818053930418955e+01
-1.020271041432641823e+01
-3.032699705284730385e+01
5.424626766127573774e+00
4.449282151155966858e+01
-1.221839887624753374e+01
-9.309992660298433975e+00
1.159939886935995901e+01
-2.821984557493200896e+01
4.669001454129386275e+01
8.094961683223587556e+00
7.733175187341430501e+00
2.728954117671631252e+01
-1.369448967298382058e+00
3.087842391511227902e+01
1.044873230173536172e+01
-2.157544389871333124e+00
4.496487206415736182e+00
-3.487207310828068785e+00
3.649087055067616348e+01
4.742829390639911935e+00
1.002048876883253570e+01
-6.419843996092851057e+00
7.775456517521831756e+00
-5.089496223762472482e+01
-1.938636060154368579e+01
-2.691672238143326013e+01
2.610994607197363848e+01
-1.762770346805717736e+01
-3.311299441344868910e+01
3.190957626779379552e+01
-6.700938133574368294e+00
2.231405289784453316e+01
-4.965055918189557360e+01
1.020189250598532382e+01
2.863782091867676627e+00
3.407473005006920630e+00
-6.433263647297934540e+00
-4.016185363132080965e+00
2.798768369356143282e+01
9.912486048750395184e-01
-2.800453283478424282e+01
-1.031310238174290816e+01
1.213092541534802393e+01
-6.334280315118819260e+01
-4.843499836259528024e+01
6.989257273407929461e-01
7.752593625798525068e+00
-2.588501126287025045e+01
-1.057274736671445226e+00
5.790008800791378007e+01
1.536766984653723966e+01
-2.962403222333210806e+01
5.157819245908186190e+00
-5.111970203501186916e+00
6.886890348530783967e+00
-1.961209034470132906e+01
1.212216523700715243e+01
1.449413653923528500e+01
-3.807545829007608518e+00
6.139526029108952798e+01
-4.337155623132971982e+00
-1.736252420823620923e+01
1.308276255680721079e+01
2.360452783538880794e+01
-1.855156495732697408e+01
-1.017176357130825437e+00
5.382262431423063731e+01
-1.548134037185207035e+00
3.234901775053765505e+01
8.025298527448114783e+00
-3.830084044621472117e+00
-1.251564344330842005e+01
2.869404957813442536e+01
-3.070010995421232280e+01
-5.575939205955648958e-01
-9.998349102012753065e+00
-2.179364518163551168e+01
8.279138248338778538e+00
1.462679098049307669e+01
2.388683596607279469e+00
-1.996615169293249892e-01
-2.187800709668943000e+01
8.893958315148879024e+00
-1.811521627553759117e+00
-1.244959380516257852e+01
-1.106622793417341200e+01
9.045271249108679967e+00
-2.038438698799325266e+00
-2.077680301704739918e+01
-5.991896180620071277e+01
5.795503713347542885e+00
1.058822072090633526e+01
-2.668145656804564680e+01
-1.312863272172995721e+01
4.544692224615347698e+01
6.188045049765406702e+00
2.167133461395917493e+01
4.759713336468635703e+00
2.191204975008001554e+01
3.167855490883795255e+00
-2.138703589454574683e+01
-6.019048355880968870e+00
2.988309471294144259e+00
1.731502069695906698e+01
4.141675544835462119e+01
2.704460794933623902e+01
1.685526991183877499e+00
9.418783645853380904e+00
3.328855691191134270e+01
1.452053185057766882e+01
-3.805130376533821845e+01
-1.516066498849568234e+01
6.098056868229321026e+00
4.686418710968496271e+00
1.355287504680445210e+01
-2.845338755306215717e+01
3.886672966545113184e+00
2.380447183500419328e+01
2.628894749227082883e+01
-2.363877646893547535e+01
3.299039515238177955e-02
-1.223796961232096692e+00
-9.333664565473952734e+00
-1.561432828057237288e+01
-8.516774358928500988e+00
-4.862512269477917926e+00
5.572954800391897834e+00
2.326324486270733161e+01
-1.698737093643084961e+01
4.447986204898592177e+01
1.802775467286701883e+01
1.475995007474921294e+01
1.945313090825009894e+01
1.488474281273564870e+01
2.001892044736522536e+01
3.007955124541682324e+01
-2.502042004197614489e+01
3.423055886232701539e+01
-6.273061561687585197e+01
1.740913183302417266e+01
-5.879055820341633876e+01
4.591478052974764523e+01
4.142483536319242887e+01
-5.177760781088920794e+00
-2.649125855286743558e+01
-2.334199585439924363e+01
-3.023768371352281292e+01
-3.482902412195244324e+01
3.113994061810981862e+01
2.312335638329062704e+01
1.315072837140735373e+01
1.553511431802900233e+01
2.462183432823809426e+01
-2.154678036835179000e+01
-9.770955645614236573e+00
3.032087249948569507e+01
-7.182893041555431068e+00
2.937628200719917970e+01
4.096102686087819222e+01
-3.190831440267533736e+00
-4.027246161840497507e+01
2.761617877889307238e+00
-1.464567870924781801e+00
-5.610904751969655990e+00
4.934395624744070119e-02
-3.584659425017412104e+01
-6.904545481802472295e+00
4.842668096890868412e+00
7.337690350952058793e+00
2.686717800428209557e+01
-2.350156449971436246e+01
3.061112871040438677e+01
-2.193540284867447099e+01
1.411122813001588838e+01
2.219726231782183845e+01
