[[-397.59178604]
 [ 346.6107685 ]
 [-264.17728206]
 [ 177.95199676]
 [-110.1408798 ]
 [  69.64446624]
 [ -52.87177543]
 [  50.04582768]
 [ -51.94297064]
 [  53.40376769]
 [ -53.16387215]
 [  51.72406482]
 [ -49.50473788]
 [  46.31542813]
 [ -41.87221623]
 [  36.43148288]
 [ -30.92196176]
 [  26.5048834 ]
 [ -23.97246319]
 [  23.4033021 ]
 [ -24.2592066 ]
 [  25.7471948 ]
 [ -27.16043045]
 [  28.01422267]
 [ -28.02135868]
 [  27.03722907]
 [ -25.07178575]
 [  22.35250224]
 [ -19.35548452]
 [  16.70990329]
 [ -46.46312738]
 [ -31.54807431]]