---------------------
  #    meV     cm^-1
---------------------
  0    8.4      67.7
  1   11.9      96.1
  2   19.9     160.8
  3   21.6     174.1
  4   24.0     193.3
  5   24.7     199.4
  6   35.5     286.2
  7   37.9     305.4
  8   51.5     415.8
  9   66.2     534.0
 10   85.4     688.4
 11  132.4    1067.7
 12  135.2    1090.5
 13  136.4    1100.2
 14  171.8    1385.8
 15  178.3    1438.5
 16  200.0    1613.0
 17  376.4    3035.8
 18  390.5    3149.4
 19  422.6    3408.7
 20  463.9    3741.8
---------------------
Zero-point energy: 1.497 eV
