-3.540702485977477920e+01
-2.045913162754615655e+00
-7.300545307075815060e+00
2.456283782578920238e+01
-1.216960009429504908e+01
-9.407367562873162115e+00
-2.460699719434279586e+01
-5.140946230351981683e+01
-2.192631116789492296e+01
-2.307166665636907510e+01
-2.138946511622624769e+01
4.318662653822366693e+00
2.029922013508354439e+00
-1.098398293331214859e+00
1.779124763924343711e+00
2.705245458579940987e+01
-1.045371977077509484e+01
-7.358192104469978290e+00
1.196597336456568428e+01
-6.323031877648790555e+01
3.167920579988332008e+01
-1.355565842695597212e+01
-2.475702768597015435e+00
-5.724479982086208452e+00
-9.465382038821417154e-01
-2.210878067151540449e+00
4.905924828407142968e+01
-1.530553080367833729e+01
-4.132983110537111315e+00
-3.100564424362616478e+01
4.007095989652987100e+01
-4.427460986279555755e+00
-2.182050384505328111e+01
1.145416554240564011e+01
-2.096365936907119476e+00
1.329041244999194760e+01
-5.506829484203592529e-01
2.767082238830653296e+00
1.931602736429225331e+01
-5.582588259509279283e+01
3.111834053388488996e+01
8.285583210835369528e+00
-6.403443982380935040e+00
-1.784340780894428136e+01
7.046038471435878137e+00
-1.116310769831315497e+01
2.544017611701207215e+01
2.029867989912384019e+01
-1.307421232947285716e+01
-1.671466694282497656e+01
-1.762809981465380815e+01
-2.124203708002194446e+01
1.078645463184477649e+01
-2.768664388825550304e+01
8.494646869156042612e+00
3.533061862195366132e+01
4.073435608679673692e+01
1.897799804240861477e+01
8.521350995519355820e+00
1.772378559160728173e+01
5.198219077798609078e+01
8.797106963633780197e+00
-3.049108615723122995e+01
-6.158233290688428951e+00
-1.440160379845443117e+01
3.397405426142127283e+01
-4.026767636744668266e+01
-3.501949736342407959e+01
-1.786047905613011721e+01
-1.000745423588176664e+01
-2.287436622091118466e+01
1.604030128497734609e+01
5.329712836611804505e+00
7.990432368281148001e+00
-2.211966812957274442e+01
-1.938373802406587743e+01
-3.340543148119069627e+01
1.840694167766645251e+01
-1.915249554357717443e+01
1.729790872649169842e+01
-5.501073121527142895e+00
-1.522110818769269258e+01
-2.929582132604279820e+01
-8.674748245805403712e+00
-6.250744959799931166e+00
-7.049405430101060688e+00
2.284960923906748320e+01
4.278533655594756624e+01
-2.516209239122320085e+01
-4.390026592849152820e+01
-1.099849136365297397e+01
6.076693259124809288e+01
-3.312740529134779877e+01
1.828893849845201203e+01
-6.654720232697457050e+00
-3.410420238366889123e+01
1.412901034700756497e+01
1.996901514276285639e+01
-9.837899456580757374e+00
1.870385206747755547e+01
-1.370974373676983760e+01
-3.197375356784561973e+01
5.368277630326701910e+01
2.557517557765561378e+01
1.448892376936740334e+01
8.019544305499096026e+00
1.524186719745343055e+01
4.618848276124509766e+01
-1.509431853199420637e+01
3.398893591519403401e+00
-7.737220919978130951e+01
9.037324479388445297e+00
-3.788933487698965052e+01
7.941171584501660163e+00
1.248545489520391527e+01
-2.040905831810437121e+01
-2.896511167799104669e+01
1.219777842936480283e+00
-1.721715565836680639e+01
2.186137610399998721e+01
-2.837329860920385016e+01
-3.150468894531854858e+00
-2.059177865917497030e+01
-1.999138287680125359e+00
1.127230983730029834e+00
1.272936389645499844e+01
4.246549447478287220e-01
-2.966760760964348265e+00
3.642268825295053603e+01
5.156200246920192853e+01
2.783616385598801202e+01
4.024315596212372270e+01
-6.643812919338969891e+00
5.657671911284353428e+00
3.010562622084785289e+01
-5.068245656063226079e-01
-4.308374280925087874e+01
-2.309782045572654852e+01
-2.869844013989366260e+01
-1.569920808594942230e+01
1.620273771676505703e+01
-6.731077024550495480e+01
-9.449525353644418146e+00
2.511525505643244571e+01
-2.125418591069166041e+01
-1.765072088065619482e+01
3.376348598440517890e+01
2.525884810964279836e+01
-1.874894015987416651e+01
1.577216651558134686e+01
-1.439544705814623171e+01
1.938831556778354326e+01
1.938276617951743219e+00
7.501247003035700800e+00
-4.835314127988869615e+01
-2.683203078235890615e+01
-4.932500616567438101e+00
-9.444246645459744016e-01
-2.317974166272995262e+01
6.163053870785438448e+01
-9.875443082017568486e+00
-1.827221754030385625e+01
2.023095228725821926e+01
-2.605225161679653212e+01
-2.075067371422922236e+01
1.849551890871379101e+01
7.229281761299965581e+00
8.669332985250264301e+00
8.898464802751661296e+00
-6.255104535045404646e+00
9.013315541025946231e+00
3.307201288972443365e+01
-1.503127386290367440e+01
1.089244407960532612e+01
5.158402373532464935e+01
1.852824089027107846e+01
-4.288283520804952786e+00
-1.159204857743971928e+01
8.829186480207405907e+01
-1.211766446793494367e+01
2.125801311019657192e+01
1.471075395018178256e+01
1.669904580864817945e+01
5.017458707205588553e+01
2.715124255171639334e+01
-1.551640005621365503e+00
1.373782590688040273e+01
2.784037014087260786e+01
2.043850747064291795e+01
-3.305533471744251983e+01
5.343610312653686378e+01
-4.761786632146427678e+01
-6.979267114780981274e+00
3.123277461363548468e+01
8.470740119974376370e+00
4.215264760133607069e+00
1.608226422823733515e+01
1.264917080484013923e+01
1.952142262856443722e+01
-3.546827114377441603e+01
2.250394365787997231e+00
-1.505244738125605863e+01
-3.784036507054182152e+00
-2.485622361819878279e+00
-6.093615937751776457e+00
-3.267464513166032702e+00
4.751490539978837546e+01
-4.780033993803527892e+00
-1.475958301229279357e+01
-1.451751210987694662e+00
7.368074874573892430e+00
-3.381594067719798602e+01
-2.899433160751468108e+01
-2.053441616669454106e+01
-3.504858718556110375e+01
-9.080310589092093210e+00
-2.365985676259987969e+01
1.036645004051906938e+01
7.250022969651084281e-01
-7.111282149757158777e+00
-4.692450063087022727e+00
3.254386619311475215e+00
-8.337454074675108018e+00
3.856239879265545767e+01
-4.904100594770639532e+01
-8.572601974265747771e+00
-7.667916057790428397e+00
9.031106933115523816e+00
1.273644742537500463e+01
-2.663224995659936667e+01
-8.597094459360988594e+00
2.435209798850704388e+01
-1.139231796025319809e+01
8.985122170906720385e+00
1.932150097985446280e+01
-1.628714623319694965e+00
6.317283440007747686e+01
-7.901581782827292955e+00
-1.795622045839934344e+01
1.808258348887363809e+00
-1.392731116785529366e+01
3.092107063144169388e+01
-2.400579006396640835e+01
6.865238932630290947e+00
3.210244015341186241e+01
-7.201822290395170967e+00
6.692906137976160608e+01
7.249428654996779642e+01
-3.759291867976321555e+01
3.335135553390436769e+01
1.228947390865914713e+01
-3.151375999905562253e+01
9.421046317626320388e+00
2.378347555737173025e+01
2.433135519600884322e+01
1.322543553418555007e+00
9.573021646443635291e+00
4.211153086551104252e+01
-1.326907158182774538e+01
8.026311165486063715e+00
4.060800193710662143e+01
-2.091778539435338757e+01
-1.127995530750591513e+01
3.167076488042819449e+01
1.624552654485378156e+01
4.280317201404272964e+01
1.704875984488268159e+01
6.164130551243033551e+00
1.506873323412231969e+01
2.288714707582059305e+01
-3.026226443332134863e+01
3.865134935526498339e+00
1.397476390390446710e+01
6.553457603504625695e+00
1.336980852175598500e+01
-3.462229063719507138e+01
1.807036713056356803e+01
-2.413680758451909014e+01
-1.881809099623448844e+01
1.204720986182172027e+01
-6.577499149052314920e+00
3.269089528637186959e+01
-9.451632879001664378e+00
1.699442767242712193e+01
1.826272842217264269e+01
4.391314426858809128e+01
3.081208000123318413e+01
2.759548308361978997e+01
-1.906719902844116632e+00
-4.723198791597496893e+00
-1.807508951987671253e+01
4.512351078307344210e+01
4.490567304835067830e+01
2.206589044151844092e+01
-1.422783887292411009e+01
2.811739533767692478e+01
-2.904072519560003229e+00
1.010625217595401182e+01
3.734968875728168314e+01
-7.108250617294373797e-01
-4.504071500730844946e+00
-1.138754054323527498e+01
-3.305790609288609971e+01
5.398389669129099389e+01
2.858398112905291555e+01
-3.377303488830209233e+01
-9.323485633771312564e+00
1.487569010854706519e+01
-5.669131814432489591e+00
3.585001354950857433e+01
7.119599587943781671e+00
4.515211933520419052e+01
1.957005727815241514e+01
-1.285497851434479344e+01
1.131344739847216374e+01
-3.543244118504674134e+00
-1.551135635296040505e+01
8.893075645044120847e+00
8.491989725498115149e+00
5.304775422666506302e+01
4.458495288782332011e+01
3.137080561787658439e+01
3.771926907021986608e+01
4.895582563592427050e+00
-1.467675285623045056e+01
8.068957141387727461e+00
-1.891612229736528406e+01
-3.037334468899631190e+01
-3.153009863343419283e+01
-1.768637119613961772e+01
-6.155868783982379000e+01
-1.975364334050566129e+01
-4.907197288717463834e+01
1.325598218901148329e+01
-2.623369001024220637e+01
2.636761453855947934e+01
-5.601873910753560182e+01
-1.685484654191533593e+01
2.425645671877225595e+01
1.185728429729839206e+01
-5.028642249618458493e+01
3.201675312616566771e+01
-1.467848844475960846e+01
3.049290952431178425e+01
-1.318421510390845697e+01
-4.441147937500323906e+01
8.143283134088022734e+00
-3.688354553740839492e+01
-4.223455793077448561e+00
-1.674284708859792303e+00
2.317073153513030093e+01
7.137567174971343320e+01
-2.444309685347172945e+01
-1.981359509914845773e+01
-2.382259120292218313e+00
-6.464733353517715386e+00
-4.573627056608061991e+01
-3.158277987668171249e+01
2.712231788422198520e+01
-1.203237685547091473e+01
1.144644247854790819e+01
-2.780140802993719262e+01
-9.288187322808482804e+00
-2.349626483621727857e+01
2.918417273897982511e+01
5.400965952594276587e+00
-1.263917859337777827e+01
-9.629081416588576303e+00
6.732541943512842408e+00
-4.648941734944713744e+00
2.439670267576201468e+01
-1.459264990788489058e+01
5.649337771634236560e+00
2.008692152472116277e+01
7.752126337777951903e+00
-1.205622918135327382e+01
8.712557990823165710e+01
3.331106653095605452e+01
2.444462285840430127e+00
5.732808620663831789e+00
-3.548550459252606970e+01
1.903595076491527038e+01
-4.329340910073321425e+01
-1.649476452233469104e+01
-3.120363274707224832e+01
-1.119492614051026180e+01
3.219037066410078296e+01
-3.213875718954261629e+01
1.357853568710088865e+01
-2.164559480232469468e+00
1.174025301902901219e+00
-2.029098297146663299e+01
-2.511356602560147167e+01
-3.161064659797659715e+00
-2.026714563892574006e+01
-1.124544349776064678e+01
-2.339410778107651367e+01
-5.244028400210556384e+00
-1.965275557446264543e+01
-2.846168707614070570e+01
1.187720091375655329e+01
-8.142635952710691072e+00
1.386298889101556142e+01
4.840865442928340201e+00
-4.316425205263929854e+01
-2.975585368508551198e+01
-2.589819223344139232e+01
1.840600236783348009e+01
-1.395652437495272125e+00
-3.515557185568934528e+01
3.338971474730752220e+01
-2.221026324849884759e+01
3.237186809197513782e+01
-1.793219248824635059e+01
-2.739139354962566131e+01
1.342397216688851813e+01
-3.854006107063087683e+01
-1.952103848232275141e+01
3.512943639663569684e+01
1.069288459939986069e+01
-2.488345624333516071e+01
3.078281181433535352e+01
-1.030634674887983238e+01
-2.155681308840502197e+01
-1.725842054173648421e+01
-2.840417262847927304e+01
1.570422975737470495e+01
-5.096737788638444044e+01
-4.490611940105532085e+01
-5.760584018975521303e+00
-1.705763769692964615e+01
-3.353329932580156481e+01
4.167034321155267662e+01
7.609455820155531569e+01
-1.558570786120017715e+01
-2.020971272733532942e+00
-3.438752839555824892e+01
3.715847962581210595e+01
1.158221487500372859e+01
-1.357890092557403250e+01
-2.067227476578457868e+01
8.362219300509018183e+00
-3.293422985954519078e+01
-9.998638095287446959e+00
-4.934513150912158608e+01
2.066993621142086113e+01
6.280419094953970216e+00
-1.022750500836934862e+00
-5.860006830121335497e+00
-2.271981385688059163e+01
-6.218091262524239937e+00
7.445253049925483424e+01
-1.037960507763500573e+01
-2.727267558952576110e+01
-3.963533773772394397e+01
7.920665542337900433e+00
-2.127242414323370667e+01
6.159920368083874109e+00
1.722628679657579198e+01
4.322772810501874119e+00
1.778530012702246665e+01
8.585449409275838661e+00
3.322763309405104337e+01
1.495696106286511906e+01
-1.985993397045276510e+01
2.724238641351288948e+01
1.980815841284780277e+01
7.024477310219992887e+00
2.404722624370322137e+01
-1.609995756018271607e+01
4.183859742873269738e+01
1.336013163462186526e+01
-1.801736509011345788e+01
-3.345281645352356392e+00
-1.023672959329189780e+01
1.158087332326482510e+01
-1.326285013181148997e+01
-4.483114569140994377e+00
-7.295396577651558800e+00
4.594224487151802805e+01
3.138688360856997406e+01
-3.688348754648075811e+01
-4.593569237839389530e+00
-2.996346288867067642e+01
-8.223005034453251483e+00
-1.340023095283649468e+01
4.883854820744659264e+00
-5.980133672549996504e-01
-1.630894600916280979e+01
9.622546317831009333e+00
-4.685244243618804205e+00
-5.331982581274147037e+00
4.890887880555683864e+01
8.205500476856478542e+00
-4.685346466996392678e+01
-2.252298798542250324e+01
5.438700958131181551e+01
1.545987309050812541e+01
-5.385820920781384302e+00
6.067652317106629312e+01
-9.169198096279160382e+00
-5.174906824163883812e+00
-4.596427763258645882e+00
8.795784138821431952e+00
1.769357541836378545e+01
2.475987007862769929e+00
1.644606176270571041e+01
-7.252394257681615386e+00
-1.997259908374847726e+01
-2.362381945247374659e+01
-2.725069754403625666e+01
2.338074460877965066e+01
7.371822361974608384e+00
2.165031072387122890e+01
7.914937814932159199e+00
5.065787548827069031e+01
1.058516379250986006e+01
-4.571625159802647431e+01
-1.944711438538979564e+01
3.481874402334241836e+00
-1.651512748585540180e+01
3.583279228142205852e+01
-7.935814579275870528e+00
9.540899275502980004e+00
2.992152139360237584e+01
-4.239702174568134296e+01
8.487813582274458213e+01
1.176718622083608068e+01
1.351148914076247820e+01
2.053307380700309182e+01
4.238684926555606580e+00
-2.645556653042433481e-01
1.987146146429191162e+01
-2.101685594511152999e+01
4.709589518469356051e+01
4.165563804217191546e+01
-2.362914821641994934e+01
9.148837186832452062e+00
3.972609280386231490e+01
-1.167370508265696571e+01
9.893580157213278881e+00
2.138321987313758399e+01
2.302671007899286337e+01
-4.332846341869384332e+01
-5.836003982782870025e+00
-1.738770595221033943e+01
-1.781500788880265418e+00
-4.504851794495483119e+00
1.014371807519921731e+00
-7.112857296364921922e+00
-1.803068993802628484e+01
7.502304058950784338e+00
3.912954008137745632e+00
3.010761780469083959e+01
-2.484803763229407991e+01
2.474509556001072497e+01
2.682015618161949533e+01
-7.079533920484891496e+00
4.619773451010117071e+01
-3.861001405159305477e+01
-5.849066472451796272e+01
-4.878211071621109340e+00
-4.530528392820428962e+00
-6.677002600092691864e-01
4.533246621894613781e+01
-2.766076886109168242e+00
2.429810860397236638e+01
3.050648954798484169e+01
2.119261997899019434e+01
-6.466593267320320138e+00
3.381657840663967818e+01
-9.039173395515319953e+00
-2.013014035055175555e+01
-2.322299613773950000e+01
6.116927460108314563e+00
2.007285544738761018e+01
-7.631957179474397890e-01
1.973910198904133040e+01
3.218840634668254097e-01
3.435489737503030483e+01
9.836680973483936441e+00
5.101756926595307107e+00
-2.121453031609348727e+00
1.826220923156633802e+01
2.130070752863632322e+01
9.752562336441883417e+00
-1.022531764675420618e+00
-3.115935078744546871e+01
1.650803990262676990e+01
1.078337948586212747e+01
2.013978338298912263e+01
1.598695239987571881e+01
2.047594439646823616e+01
-4.909264801059379124e+00
1.765471747329067398e+01
-1.521051711236077608e+01
-4.148198383931571698e-01
-3.071081190517014647e+01
-1.742594365259739675e+01
2.280487745071000205e+01
-5.106733076164196916e+01
1.505294014140866921e+01
8.956747549956332932e+00
4.706000738822305607e+01
-1.072983764911168691e+01
1.887966642751750612e+01
-5.652987999760398452e+00
-2.744128808084920124e+01
-3.850438781062030102e+01
-6.645076548308445297e+00
-5.011689970034232289e+01
6.652563171705310197e+00
-1.126433797617745824e+01
1.747845974836327798e+01
1.331709364305868348e+01
-1.618214787405750599e+01
-1.657458192803687780e+01
2.322537810104673284e+01
-3.479681887349444480e+01
-6.921828433174709971e+00
-1.070273343923624765e+01
1.546649051377495709e+01
5.292033236461861634e-01
1.534143491394601710e+00
-1.068798318199696951e+01
3.102533284260456981e+01
-3.138889966353457339e+01
3.889135368657150593e+00
3.411392935119269509e+01
-2.081796095236529709e+01
1.744558971613557219e+00
-1.611626800823273697e-01
-3.690839228509643277e+01
-2.267755304037871156e+01
-2.820429230764656126e+00
1.599244392969454509e+01
1.867651349748658163e+01
3.478301582857881158e+00
-5.444930721867820012e+00
1.010597261864228358e+01
-2.409466237160719970e+01
-1.121059935343907910e+00
-2.936902014420834917e+01
-1.578329254308907537e+01
2.753908890504345663e+01
-1.615811481843346087e+01
3.843825466271655955e+01
-1.361056977106898103e+01
1.857150637840396712e+01
1.432334333901409451e+01
-3.589623083982905882e+01
-1.424432080942011680e+01
4.913922187213273673e+00
-2.361992711895948105e+01
-2.137052061897260558e+01
-4.942316134761597368e+01
-3.063490187285748334e+01
-2.893761143799622459e+01
-2.488876063693115270e+01
4.873300352967788740e-01
1.034978172414979269e+01
3.874474273362750409e+00
1.378720957502444655e+01
-3.215190403167538591e+01
8.628691216504194017e+00
1.525399183771524747e+01
-3.814245883242344348e+01
-3.517654080308986408e+01
-2.386004384476154883e+01
-1.539952251547003925e+01
9.222955609459972948e+00
-7.636224741141290906e-01
-2.384991476304955071e+01
1.695784927875280346e+01
-1.348440991853304638e+01
2.843502667532087003e+01
-5.033656701987004567e+01
3.580412913065548253e+01
-5.102928816833152581e+00
-2.272160173810176076e+01
-1.420323841610637317e+01
1.039228037609589705e+00
2.532960284770181048e+01
-4.170455917841677262e+01
-6.686427065228173205e+00
-1.144012469786790120e+01
2.529868948224961400e+01
4.724709640851168047e+01
-5.622062972820339155e+01
5.260008918244864162e+01
2.351214854033793245e+01
-4.223316459621347008e+01
-1.807203936941408529e+01
4.480604489379750532e+01
3.359557179739647381e+01
-1.179638051593161663e+01
-3.330664249237287322e+00
8.118155983288559696e+00
4.222975226315092812e+01
-3.212374301787401265e+01
7.189343825440843716e+00
-4.711833403004739296e+00
1.544570126667457544e+01
-4.104630820558155335e+01
-1.864016752576830527e+00
-1.720758506622859230e+01
2.701031219142107886e+01
2.378548213111903920e+01
-4.936814795468461625e+01
-2.702383588915105861e+01
-1.220278991260232715e+01
-2.406269114011977450e+01
-6.603282260612530763e+00
-1.150865663065196998e+01
2.544403468616886244e+01
2.377811193488062713e+01
-1.235882821577348523e+00
-2.593016766304864262e+01
-4.808761641551109278e+01
2.687304362782123235e+01
-2.777425170478200300e+01
-2.055837240896164531e+01
3.363548656925985370e+00
-2.030939056592913516e+01
-2.210030448261281322e+01
-1.620789877336942908e+01
-2.710281266504415498e+01
-1.465291749824534406e+01
-2.938394236251595260e+01
3.166223242727402720e+01
3.473748007957689055e+01
-3.726470690418295817e+00
-1.241543694342971094e+01
-2.220131463066081778e-01
2.572574696290450902e+01
-4.862371003338407149e+01
-1.127535646628757604e+01
2.783602770639089385e+01
4.007485521173869358e+01
-9.466341677525406340e+00
5.626817525274645959e+00
3.102023424617468095e+01
9.383735221327370368e+00
-5.604466573871604851e-01
-2.513953782532331616e+01
1.140048178756194375e+01
-1.961888003132600033e+01
-5.976289071286799981e+00
-1.097043905800254038e+01
-9.299476574668346984e+00
1.281135728844373034e+01
4.473579526897128034e+01
-1.389165196946976266e+00
1.941088204811961759e+00
-5.150866971620692425e+01
-1.073628458430471255e+01
-2.035191966762582183e+01
-8.805157546285613535e-02
-2.651863422823538485e+01
4.826717697148342268e+01
4.592346850381522927e+01
7.966110923874936134e+00
-1.117976263220549527e+01
9.382519728507006107e+00
1.168545575371165057e+01
-2.696644030858077912e+01
-4.743355796707419358e+00
1.071099677204387035e+01
7.537415233825370819e+00
3.115486551333773946e+01
2.288848962133982923e+01
-1.198769625281929052e+01
1.472377447747258827e+01
-5.610921196923005283e+01
-7.182678390168746319e-01
4.936708907304529248e+01
6.770582292532253632e+00
-1.175501653013839132e+00
1.728242864926363609e+01
-1.617908956354179395e+01
5.087352343678928435e+01
-9.409834919954832344e+00
4.551251737097322803e+01
2.215261625999229977e+01
-2.291865038946235700e+01
1.830999511469134688e+01
-1.730235128655488097e+01
-4.091764016636523138e+01
-3.641587164474572091e+00
-3.153430723313110207e+01
-2.974721223569633821e+01
-2.789072848198117072e+00
2.045788042941626372e+01
-5.493658456759931141e+00
-1.773141220833900888e+01
5.073831740983592908e+00
-3.917305495163824958e+01
-3.971810594549232576e+00
-4.697984868674683412e+01
2.770043133943565294e+01
-6.951919506084749401e-01
-2.827062641566331536e+01
-9.429056629721557670e+00
1.047503466328731747e+01
-2.001594492438771766e+01
-2.583806157153513539e+01
5.338571828406176678e+01
-1.373359433232354831e+01
-2.282201809320372377e+01
1.547930548104790915e+01
-1.000869283867400128e+01
3.097015454230498221e+01
-2.569423231641053462e+00
3.931366675939997890e+00
6.123196896359820585e+01
-7.054767651192264566e+00
-2.077767547009767668e+01
-2.443124399906389499e+01
-2.886685625489388940e+01
-1.938167038669683961e+01
1.539398225791251207e+01
1.537694108653181502e+01
1.267314618270076920e+01
4.165266901853993886e+01
1.865040089213835017e+00
1.185139165481140822e+01
-3.605433087850155971e+01
1.511157019830818626e+00
-1.057969397861194238e+01
-1.510308053142119888e+01
-1.967211798849120896e+00
1.912856639923853663e+01
2.166666197937445304e+01
-3.946778332705687120e-01
6.884689825450777789e+00
1.565608474587503807e+01
1.980932825495128213e+01
-1.385196942468266457e+01
-7.141837268997846877e+00
3.923504322728490479e-01
-1.310583402886618387e+01
-2.884532120688049872e+00
-2.036746097814324230e+01
4.501892338200030963e+01
3.646399459367006557e+01
-9.232203860377921956e+00
9.078355048979375397e+00
-2.631767200124928152e+00
-1.702075072569530789e+01
2.025690570027734339e+01
-5.401788658631971884e+00
2.267198547161029865e+01
-2.972975165168731948e+01
1.018659147046349744e+01
-5.612910685272311184e+00
-3.058437077130156467e+01
-1.382766074215169283e+01
1.516249370790118434e+01
-5.191336669317830399e+01
2.441811249304112152e+01
2.648859194390300331e+01
-5.674698098376921962e+00
-3.395727495963242859e+00
-1.779399568951077981e+00
1.421739678660685513e+01
-1.856311335739621882e+01
2.050117256663356358e+01
1.735051515180893489e+01
-5.588933952728979193e+01
-2.013087279829416332e+01
1.350690553338675315e+01
-4.858680183240693395e+00
2.467635919226284358e+01
-3.622147729628414936e+01
-3.013470910079831810e+00
-2.379714955174516788e+01
-7.312499246067690706e+01
4.372319970736957373e+01
-3.320928617916558778e+01
-3.480432621613644528e+01
5.070293435186911779e+00
7.373925246240258957e+01
6.620442587550172675e-01
-1.599071726606257471e+01
-1.769528777785012608e+00
-3.106250587413498465e+00
-4.874234565811284625e+01
-3.482849435968805807e+01
4.660263227647273254e+01
-5.835142706318833916e+00
-2.143363780420354203e+01
2.807138136686103280e+01
-2.040242796540560022e+01
2.100164093766323958e+01
3.026187082863931010e+01
-3.248277271574302461e+01
-1.598510454447085749e+01
-1.975463397265420440e+01
-1.016726156721341567e+01
-1.004719790767251908e+01
-5.916657601900396912e+00
8.133303692752917868e+00
-1.942188557631151724e+01
1.614121541724105668e+01
3.295606568605600017e+01
-5.131920046735601204e+00
-1.156092180928919788e+01
8.282158213841711358e+00
3.183530312072184643e+01
2.968177458684280623e+01
5.541635278934961661e+00
-3.174237371423515697e+00
-4.960944349745915360e+00
-2.888342933943799551e+01
2.187687399841554736e+01
-1.272108298837852658e+01
1.131555907287514628e+01
-7.941556434900007844e+00
1.534458114253013150e+01
1.040654476498988856e+01
-4.581066833469608923e+01
-1.515394390699918858e+01
-4.469355466359453999e+01
-2.032202631230148882e+01
3.029842487532185658e+00
-9.779524345998936496e+00
1.857053839529845618e+01
-1.704529955519356577e+01
2.091166033875964558e+00
6.096628734460864507e+00
4.025646741621085312e+01
2.040538156164950578e+01
-1.718033394463895291e+01
-6.949213814897490238e-01
6.930881404466674667e+00
2.178477256148467234e+01
2.283039300940856720e-01
3.105121223246453610e+01
1.281244999264758633e+01
5.146905562713533300e+01
1.110416771007010084e+00
3.723795994145802979e+01
-1.534653546086633469e+01
-2.145174815718617367e+01
2.522363584806072367e+00
5.324840833573432519e+00
1.523644706856390485e+01
-8.062375024598338769e+00
-7.776529995047908983e+00
1.473506339797489773e+01
-2.756052644385812300e+01
-3.132619003946035718e+01
4.501019809519760884e+01
-3.370546311437976783e+00
-2.222566765054594384e+01
-2.302883076013110042e+00
-7.643587395413703689e+00
2.414243794847325830e+01
1.881907475060617685e+01
-1.144989229125479824e+01
4.630337932870247641e-01
-1.504455473267630339e+01
-2.004567715841608333e+01
-1.522367293751051420e+01
-5.492551985783049417e+01
2.789003765634845422e-02
-3.659980648212938092e+01
-3.164507843453708347e+01
-2.117977404749018433e+01
1.088337725070294937e+01
-2.073160983866154083e+01
1.312849579556320379e+01
-3.479012450180626104e+01
5.970765867524789883e-01
-2.354033388248477010e+01
4.846744888858964373e+00
6.393384207265988550e+00
1.895947437073701280e+01
-1.192204954216518331e+01
-9.098635401788612853e+00
1.677921048107166158e+01
3.368042490742233497e+01
1.865829918113919916e+01
4.715092460513574224e+00
-4.076269843447565222e+01
-9.641116641299504408e+00
-1.792177149950009607e+01
-3.434537437187174191e+01
2.296518717638224416e+01
-2.059913298413272287e+01
-1.876381299575513140e+00
-1.593563831782530826e+01
-5.666096319677512838e+01
2.941549337144940068e+01
-9.986060979332307852e+00
2.300788011723193449e+01
-4.058104534172453270e+01
3.829159897294499615e+01
2.089970908148785611e+00
-1.635547139579114884e+01
4.867944799544034140e+00
-1.183328137391711721e+01
-3.724580865212382719e+01
8.244931458296719029e+00
2.022843938997543489e+01
1.001947073917222042e+00
-2.059452414857076974e+01
-9.290368455981848683e+00
9.980629281276691245e+00
1.814887281953662068e+01
3.581527114511182219e+01
1.343103918340131031e+01
-1.321206653212647097e+01
5.420813326506822705e+01
1.363253425126101348e+01
2.412772524540251595e+01
-1.034886191747841622e+01
1.591463081106083166e+01
1.112301718935383121e+01
-3.522913764060018593e+01
-1.171921105428110366e+01
-2.322815824553057595e+01
-2.095248565019463172e+01
-6.856750323923449741e+00
-7.851593551155474415e+00
-2.395738806332383319e+01
-6.297909981668327362e+01
-1.639995390797710328e+01
7.112150380339699041e+00
5.170249452266602930e+00
7.892389415272347719e+00
2.634631401639285286e+01
7.985031650747814069e+00
1.845398868961586913e+01
-2.369330152483315999e+01
2.595786473446429454e+01
-2.582723911981244669e+01
-4.083974895095434476e+01
1.246803212085211499e+01
-2.451283769618336805e+01
-2.231568630805301723e+01
-9.008793308922136589e+01
-6.564708435618790361e+00
4.633281856914277341e+01
2.408436625742506010e+01
-5.807794161418371459e+00
-7.831196813750580077e+00
2.144336250485923756e+01
3.777712390436548162e+01
-2.364732801974707854e+01
-6.146483604164984627e+00
-1.931896189016299559e+01
-1.993932912358377507e+01
-1.748171916576968954e+01
7.206537795444155847e+00
4.020492202053063124e+01
-3.706421427958292725e+01
-3.188479351020527020e+01
1.871793709078076517e+00
-6.042873750541701838e+00
-7.626631778127627825e+00
-5.123596849422506239e+01
3.570756937344846449e+01
1.360522595673415935e+01
5.303056115302823059e+00
2.753273072571931834e+01
-1.862619520078770563e+01
1.760515503836924012e+01
1.581484670877574672e+01
2.093023078570695361e+00
-3.474155014649664253e+00
5.020090282586830099e+00
-8.970608960597004966e+00
2.879779306790233306e+01
-2.277634058187774713e+01
2.447654395879979461e+01
5.487157405718818382e+00
8.198762168459040822e+00
1.289892576614096242e+01
-4.938797944003150064e+01
4.762085745297639505e+00
-3.806431754604270168e+01
-2.784097459734654123e+01
-2.784377565405685573e+01
-2.836242394719585036e+01
3.014115111750470533e-01
9.512968733967355206e+00
2.829822503209349804e+01
4.920866633811467494e+00
8.159878041019343442e+00
-3.988606264327427198e+01
-1.451609824915477986e+01
1.934582540353200386e+01
-1.137393862913995690e+00
-3.973248154875363980e-02
-5.068969762159440506e+00
1.990473246753504100e+01
-5.186909801823733801e+01
6.421488865718693262e+00
1.154037429511646451e+01
2.456032648434833021e+01
2.102169665615492988e+01
-3.215459857330908733e+01
6.415325009986588611e+00
3.324308360822797681e+00
2.711807365513436707e+00
3.362634543943187282e+00
-1.071976321564528689e+01
-2.007655556158987054e+01
1.074873710013221739e+01
3.415156409000780968e+01
-2.816377177125445996e+00
6.597372599559207629e+00
9.627147058886322384e+00
-1.460158888168392366e+01
-1.543839262831372139e+01
-6.782128288767572144e+01
-2.099232100640475096e+01
-3.101884287138433649e+01
-3.815557669412470432e+00
-3.834896536914135368e+01
4.265769128544951627e+01
-1.779206184396184653e+01
-3.043694310703833139e+01
-8.787649946920805633e+01
3.776729945871358041e+01
7.569749029518504813e+00
3.437701642078494046e+00
-3.557472937401459490e+01
5.006633535821435999e+00
-1.128232905144791687e+01
-1.859562877846195050e+01
6.615101079826573027e+00
1.916182171119569944e+01
4.158128297140706309e+00
-1.206860642243373150e+01
-1.154821423064049668e-01
1.579828376577154359e+00
8.905558406679119798e+00
-3.611307365761966537e+01
4.096322871185815728e+01
-2.433726748161722497e+01
-1.698471234834724086e+01
-2.780977429906545240e+01
-5.905999721765961397e+01
5.108699251823367149e+00
-2.973310282210130140e+01
-1.082805506189412625e+01
1.852355397796202396e+01
-1.469368926735268133e+01
-2.012635898822679792e+00
-6.676275639443360888e+00
-1.141497773994990439e+01
1.809518793495435318e+00
3.079922538131675935e+01
-2.857483263106152549e+01
5.651605864133236423e+01
-1.285041818419969673e+01
1.899383866155186240e+01
-7.816901056818707616e+00
6.477372684372632250e+00
-6.172586073991112698e+00
2.491449394086509983e+01
3.481834013170643516e+01
1.086954238480723234e+01
2.618077863858262333e+01
-2.019031696832223588e+01
-3.734040110509567967e+00
-1.268621727565545143e+01
3.892037113980754270e+01
3.268381213897845328e+01
2.468056170798962512e+01
-8.750499810398650880e+00
-1.579432542489732327e+01
1.411803913949104583e+01
-1.592768193605380134e+01
-7.042070046581841325e+00
-3.290578385226531566e+00
-1.676577087318057835e+01
2.820941618398461515e+01
-4.687665304526490218e+00
2.152760780376404171e+01
1.108183465128325196e+01
9.807176112766214260e+00
-1.877360958600247898e+01
1.504930194163657120e+01
-1.035476933136328626e+01
-6.657570441620066504e+00
-1.770457578493164874e+00
-2.731059843352539929e+01
4.231089326141119500e+01
-1.512938037749494846e+01
-1.779389690171996108e+00
1.262311977424565157e+01
1.089592850013320913e+01
4.205591212616542407e+01
-9.818693077415304060e+00
4.275512010602085411e+01
3.837335207093580891e+01
-5.316505615284063424e+01
2.882115347422697482e+00
-1.052052794844991013e+01
8.857677609310854905e+00
3.340328218060008680e+00
1.128396560339371035e+01
3.537252825905793685e+01
5.537062821369988797e+01
-4.262184670591284430e+01
4.290404752035271940e+01
-5.553976929784005279e+01
-4.607520747921132909e+01
-8.198253913322531616e+00
6.231753324357214296e-02
4.135564739463382011e+01
2.028394170500365590e+01
-6.832958923921978567e+00
-5.059326439382715535e+01
4.002732431166896987e+01
-2.370611442178028483e+01
1.032933936025244748e+00
-4.024247208900355588e+00
7.146808474712076986e+01
-1.438091285970037347e+01
-6.054941117457934752e+01
1.778699067338476425e+01
-9.229596687583162407e+01
6.545069427333430667e+00
-2.071002192247644302e+01
-1.042808862730159802e+01
-1.539854061126459328e+01
-3.317074385208604781e+01
2.170098898912181085e+01
-2.154055543774618187e+01
-6.651871764402358167e+00
-4.474631902381707960e+01
-2.484309742347420524e+00
-2.965465730868376681e+01
-4.230784368137807405e+01
-6.444346706592682494e+01
5.203247407381610401e+00
-2.018129833725204492e+01
3.531817000122373429e+00
-7.985572475725405184e+00
-4.609004134690820820e+01
-3.685203900897557361e+01
-3.093712507596990235e+01
-3.213598520227941435e+01
3.022330379445392623e+01
2.918550091750361730e+00
-2.825893548957114376e+01
-1.230561197453494060e+01
-1.394540318018525227e+01
2.281861797246569523e+01
-1.764700794404675932e+01
-4.347989140993345103e+00
-1.589934817999682082e+01
-2.030956673020028802e+01
-2.293606885274405727e+01
2.097147782040063646e+01
-8.785553043279890062e+00
-5.248624353978425461e+01
4.375632110335664038e+01
2.498247129515593912e+01
1.497520244289091806e+00
-4.429028661982272297e+01
-4.248884556956971892e+01
3.937886988415698397e+00
4.170047512162113890e-01
-1.799194322878850016e+01
-2.599817036375210932e+01
1.782812315208366272e+01
-3.145756304315455054e+00
1.494984752617295953e+01
2.777808746069365498e+01
1.804623683935571421e+01
1.811039338468886228e+01
1.355017603671620918e+01
-1.187309260028939661e+01
-8.462072515534757144e+00
-1.230235053984572957e+01
-2.083963236285552512e+01
-2.428961642883575678e+01
-3.616042586634318923e+01
-2.113522811315770156e+01
-5.789757631912195279e+00
-4.362481553939096557e+01
-8.124326269575306014e+00
2.069230741778155291e+01
-4.483425228513914362e+01
1.691920247558491042e+01
1.525560061884178253e+01
-4.081186707635561106e+01
-3.220566441435659044e+01
-9.748657266079902683e+00
9.964485255858008372e+00
-2.237037608859816373e+01
4.109865719881538837e+01
3.648511608340058388e+01
-4.389948518879492667e+01
2.540464076676130389e+01
1.976294362567756480e+01
4.989466807195270803e+00
1.230613592091512487e+01
-2.432379833206398700e+01
-7.440048499901237733e+00
4.719580167483968580e+00
1.092950105429611085e+01
2.404963792108043918e+01
-2.918157408805784669e+01
-3.422269660152210236e+00
8.513263240217042949e+00
3.038770002841374662e+00
-1.697219105355738122e+01
1.241881921698791302e+01
-1.453378433348886745e+01
-1.165505349017149683e+01
6.487041488844909054e-01
-3.460934225463441294e+01
1.683617268348868379e+00
-9.577637808673443942e+00
-7.884806134057811278e+00
4.801378796209036182e+00
-3.088974573008692914e+01
3.374883313162561649e+01
-1.433535877185838103e+01
-7.590276649592937019e+01
-4.860399462982661589e+01
2.106301946491581134e+01
-2.302483096347211244e+01
-1.074052425042003733e+01
-1.496111213969648190e+01
-1.043320731723373740e+01
-5.740483000725606644e+01
-3.582349718665000182e+00
-3.545562447760840996e+01
-1.959906141309505756e+01
1.210064933963553813e+01
4.478873807974213150e+01
1.597246672603723994e+00
-5.510112285448798275e-01
3.392492832679488401e+01
-3.154603695331809377e+01
1.817713670654730862e+01
4.327014540567830636e+00
-2.714250832261285495e+01
-1.452950796203865025e+01
1.268702338259652151e+01
3.560718536504268172e-01
6.928973106246036906e+00
5.898690266119885450e+00
-1.349443147080984318e+01
-1.844036199027175371e+01
-2.844422437753934219e+01
2.807161117875179457e+01
-3.676389441656860413e+01
-2.728693706438890842e+01
7.118502775782417302e+00
-4.956444840711750999e+01
1.281709996165454868e+01
3.651073303640964696e+01
-4.149609702521203758e+00
6.636300635002498893e+00
-1.640441990353247093e+01
-1.252781613881001022e+01
5.951300698812474366e+00
2.166359484408786784e+01
-2.211633567800146949e+01
1.538055844343665512e+01
-6.046641022025681877e+00
1.751339880749924305e+00
1.319832059776636868e+01
8.507453081764111857e+00
-7.331526649374296767e+00
1.561475788246582397e-01
1.093964997527342575e+01
1.627268929635829409e+01
-4.090743761928339950e+01
1.830072900817981463e+00
2.937915058484601971e+01
-5.262233729748282940e+01
1.732040641271042603e+01
-6.647226211932954243e+01
-6.135681472554811222e+00
-8.448594581997014075e+00
-2.938310693712310240e+00
-6.924114370778852390e+00
-1.435748749952875869e+01
-5.425910166007383850e+00
6.843443244361026245e+00
-1.515939160199898339e+01
6.872297503603249424e+00
4.992796574978791568e+01
-3.453312388996366167e+01
-1.506582057931365171e+01
2.267750727495871388e+01
1.367448290569282676e+01
2.491259050474797476e+01
1.199787450009716849e+01
1.202805092085795735e+01
-9.149367349441092756e+00
-2.796875310809366511e+01
-2.574915846996782420e+01
-1.538967437137220884e+01
2.652879033733114511e+00
-2.402781620449735556e+01
-7.947380316990411586e+00
4.157759508395585613e+00
1.356388293722000071e+01
-5.805757509844966080e+00
3.395943348954727981e+01
-3.294660089505885026e+01
-2.222602343191169894e+00
-1.781007030371020150e+00
1.567761962560025069e+01
-2.237009495126423531e+01
-1.416335277873304221e+01
1.068644293577621340e+01
2.560261246484944309e+01
4.249495356778467681e+01
1.817908362869061989e+01
2.379834966720028433e+01
-1.589277894465711327e+01
3.581517440583161260e+01
3.757545553496154866e+01
-1.442825437110684561e+00
1.942934068372255751e+01
2.145821761394364557e+01
-1.336331183952331969e+01
4.822594199084619504e+00
3.450638021632056507e+01
-1.370950402540455570e+01
-5.187277211968989832e+00
-3.427260310312489366e+01
1.350422959035955728e+01
-7.286013569298475545e+00
1.121712939330598147e+01
3.338811608278192011e+00
-2.262333784309062423e+01
2.588925815261606544e+01
2.277801803176504336e+01
-1.527055483306494921e+01
1.080554298656978318e+01
-3.465416018673403187e+01
-3.017485779742847640e+01
1.407139783577213166e+01
-3.869940643723813878e+01
-1.747648467149823048e+01
2.940034598247223130e+00
4.694566940178497561e+01
-1.443800872529331514e+01
-6.951941730115066775e+00
-1.022776480734563620e+01
6.363069529290703485e+01
7.953055052785288126e+00
-2.443785930193736533e+01
4.017977725815148915e+01
3.558052101307820436e+01
1.784220260504235966e+01
4.263563827280489704e+01
4.874455173559810106e+01
-4.247802633329733624e+00
-1.572566630034494040e+01
-1.644633246782933611e+01
1.636398430228200596e+01
2.128605973701090193e+01
-3.892076999816865168e+00
-1.312094709934865477e+01
-3.462437222302818896e+01
-1.431698317624939421e+01
-2.561474606039229229e+01
1.708819637235833966e+01
9.681355543809615938e+00
3.613608071440768299e+01
4.216310440222343914e+00
-1.334774753573879025e+01
-4.809972584601602819e+00
2.239130749967782208e+01
7.076019164356353031e+00
3.088346434186595957e+01
3.159518709798743430e+01
-6.846134834731174124e+00
-6.094002122729619941e+00
-5.693797326574491535e+01
2.868542501698358649e+01
-6.754124531569232204e-01
3.069440794039664411e+01
-1.229026775854936915e+01
-3.538584539082754787e+01
1.193379929089719127e+01
4.129573683948962071e+01
-1.483713951568110190e+01
3.743541890861922639e+01
-4.121793456659517574e+01
-1.304991646107471581e+01
-4.602947385529859048e+01
1.081021081257034666e+01
4.584788382981372479e+00
3.067586749997758488e+00
-3.518400221218411161e+01
5.124850868827923023e+01
3.067064202199878764e+01
4.968157260925636365e+00
-2.917148911841999848e+01
1.223935076673615185e+01
-1.318615469298170240e+01
-7.003033236021678931e+00
-1.353577259014400624e+01
1.037210313837337949e+01
-8.160943159936039137e+00
-1.138992517351462652e+01
1.176529784662284328e+01
1.464064484767330754e+01
-4.845497579522475462e+01
1.121609241040559368e+01
3.813392858834183130e+01
2.271021336214300845e+01
-5.933223394305008114e+00
8.637104256979881711e-01
-1.982862814157033426e+01
3.278667591882043553e+01
8.764099700947980409e+00
-2.346629237987372107e+00
-4.194924540718034223e+00
6.037390476987656029e+01
-1.812093610467087501e+00
1.380606255678793559e+01
4.212484045825601697e+01
5.428917569178045710e+01
3.505456796559380450e+01
2.287616750025540568e+01
-3.744763046635013382e+01
-2.555831548435460832e+01
1.943722528285397289e+01
3.910265646627436809e+00
1.783730760320727882e+01
8.933582247913520291e+00
3.464339668370254799e+01
-4.363655738889897862e+01
-2.747956275844373408e+01
-6.486868470624017391e+00
-4.817823533786670254e+01
1.074895892450680890e+01
2.478460867367661535e+01
3.822931057728283122e+00
-1.247576068390145565e+01
1.304010443684143183e+01
7.772808534323189633e+01
1.739650623244591543e+01
8.882778314019731170e+00
-2.644304176362663839e+01
-3.370525873084835666e+01
-8.240505245026440662e+00
1.857389815439040603e+01
-3.370084374487134937e+00
1.335082493133546677e+01
1.961308870438080021e+01
-3.213433826966826246e+01
1.470360496978645415e+01
2.482484423727953526e+01
3.173264156721324980e+01
-3.712731916977361379e+00
2.630829688855442328e+00
-5.630804454266041148e+00
-2.716643552542365114e+01
-3.902360437752537337e+01
4.465165198826463211e+01
-4.361930761597889727e+00
-3.105560552788384143e+01
3.045195660449365960e+00
-1.456261625144263405e+01
5.096373491944282819e+01
-1.306462439167341927e+01
-2.012138787617541880e+01
1.952145054016375525e+01
-9.223008988850807555e+00
2.503283472224035222e+01
7.275050129821920564e-01
5.456698781898319339e+01
2.958986959671042882e+01
2.245961172969771269e+00
-2.090213268824510351e+01
1.543338323883486396e+01
-3.026583027283224681e+01
-4.884795052744664190e+00
3.441076079174082736e+01
-1.569216240494213821e+01
-2.519508321695144559e+01
-1.358387714232333110e+01
2.807433926965444471e+01
7.102973195183075461e+00
-4.654073365419444031e+01
1.868986326451982904e+01
5.246622973866919892e+00
5.191715616392173160e+00
-2.823639917576019798e+01
1.641823182915004509e+00
1.897176351559849650e+01
2.691034339422326127e+01
3.697077811194168362e+01
1.623945865253320875e+01
2.225344270034071315e+00
-3.034343183921433251e+01
-2.621772255509560523e+01
-3.876531457501523903e+01
-7.383291238054027872e+00
1.780952720198519046e+01
-1.396269495253321224e+00
2.879261372760868198e+01
-1.837341331020644475e+01
9.207921102212765163e+00
-9.775332814056113762e+00
-1.675704263753311096e+01
3.433201607549507628e+01
3.960849815801964269e+00
3.532271829561142340e+01
2.703029696095427425e+00
1.250695500657777615e+01
-1.003515937931086910e+01
3.410645355597452522e+01
-9.326243357900665387e+00
3.382465859070471481e-01
-4.385344644838883710e+01
-5.384222968264225528e+00
4.015772064001859576e+01
3.593458865535052382e+01
1.508948981286422253e+01
-9.300284798740634074e+00
3.090084550052381474e+00
-1.176434040114095581e+01
-7.782378021740385066e+00
5.191762885304751762e+01
2.790385035139706815e+00
-1.475275929838878142e+01
-6.092711613951362892e+01
-2.671640270033434916e+01
-2.158238521669971988e+01
-3.606174529110131743e+01
-3.268213680205846572e+01
-3.890592627509613521e+01
-2.580856599255267980e+01
-1.786759338397513375e+01
-2.778161473524750136e+01
2.637765021923544140e+01
-1.169683351931087145e+01
-4.974952845591889172e+01
2.263882462556668429e+01
-1.715951975986975953e+01
-4.567733547666128402e+01
5.466503886637345033e+01
-1.463892707560737705e+01
9.652160216332248410e+00
2.256224693921041080e+01
5.068289940446987885e+00
1.495131808207563040e+01
1.810408914260193569e+00
1.110284066970201877e-01
-8.350213307305828891e+00
-4.247648785143599071e+01
6.701993000873599726e+00
-7.019712136598064944e+01
3.996069056449150025e+01
-2.398463845900860747e+01
-9.936109293322829217e+00
-1.025233983435219898e+01
8.471214573342992438e+00
-9.632528884505475730e+00
1.524043713980891113e+01
-3.115817588608922506e+01
2.021629214215016646e+01
2.433220094709932368e+01
5.917902605141506456e+00
6.450784904106598105e+00
1.219438176748219860e+01
5.117961180826796408e+00
1.559980400884992946e+01
-4.500877319163961943e+00
-3.963713345888210426e+01
5.426687068780296386e+00
-1.404402472003152980e+01
-3.054230012646740988e+00
3.117579014440124752e+01
-4.537734884079831943e+01
8.059370809922370427e-01
1.172294324082201911e+00
5.159039243121100071e+00
1.770942240911914212e+01
-6.896553641685621017e+00
4.694202727128055130e+01
2.489353566390659012e+01
-8.682773176225438760e+00
-4.285301732544013475e+00
2.132951239568711799e+00
4.352575582211642313e+01
-2.991162204066080221e+01
-5.824338450353320695e+01
1.743206780000431877e+01
-6.884945308873597014e+00
-9.461375937632965361e+00
9.375764081033253206e+00
4.303867618512200011e+01
2.511078224069822795e+01
-9.089454961656912246e+00
-2.976991484820297273e+01
-4.835085062930744471e+00
1.600248441578332148e+01
-8.674184886600102118e+00
-4.225752678455307887e+01
-3.445411401020308517e+00
-5.407678962141358170e+01
-2.875772868835073837e+01
4.660084074116342379e+01
-2.957580451395605792e+01
-3.880511485589994436e+01
-2.929682419967828366e+01
-2.098226307773688859e+01
2.055859155290244189e+01
4.790068175523899185e+01
-3.748198864622480642e+00
1.471609704223124027e+01
-1.206730115856149155e+01
-3.952955101465543919e+01
2.676284373782364412e+01
-2.686819551022250607e+01
1.487465636033039118e+01
1.818279522439617324e+01
-6.059973535186827576e+00
2.154389563449387879e+01
2.346040449484493706e+01
6.469652783993353751e+01
-6.788038274721259313e+00
-2.949519682943159182e+01
-3.586863979791047541e+01
-9.755324833092714698e+00
-1.913092941409002989e+01
5.393437000293675965e+01
-2.503372400070790604e+01
6.565644450955767653e+00
2.785758425043553643e+00
-1.255297818371518304e+01
-4.846789900748558466e+01
-3.585798305694822830e+00
5.628283613805247398e+01
9.909851646393349256e+00
4.291181398676883418e+00
-3.297215609139756509e+01
-3.279285285183595988e+01
-8.031043556002231298e+00
2.624708140000046797e+01
-1.453843165018784589e+01
5.871988243296004839e+01
-2.764194977516481799e+01
1.074098531670718160e+01
-7.834974818588420931e+00
-3.701478239723863339e+01
2.487172237389586371e+00
-2.929086485781795091e+01
-4.219711117690201263e+01
6.337212756105145672e+00
1.085820690441352099e+00
2.985751013901517581e+01
1.350342441902029123e+01
-1.920026286979014074e+01
1.232621998328403379e+01
-4.998510232322950486e+01
-2.733821321122894688e+01
5.100428334447111212e+01
4.707349728174762049e+00
-6.044135281384967584e+00
-1.700638172502286238e+01
-2.499043643888683164e+00
-5.641868632246598736e+00
5.090068133670527573e+01
2.379373516820984946e+01
-6.750053145080471495e+00
-2.007306287022061042e+00
-2.247448350989222376e+01
-8.968485127525980261e+00
-3.598758369167333626e+01
2.824703781114478929e+01
4.002667960081396359e+00
5.884691389141266882e+00
1.022731438741791976e+01
-4.595997962543613369e+00
-1.175376838574935867e+01
3.073793258791083893e+00
-6.184251354760827724e+01
-8.851692268993730295e+00
-5.863129998829521128e+00
-4.412582661271798656e+00
2.754426064534439433e+01
3.715019123943594082e+01
9.875225553300992942e+00
-5.439528447350873108e+01
3.555625858298293451e+01
-1.225718420196847092e+01
-2.139982094100309951e+01
-4.983768845545505854e+01
-1.721112190185255031e+01
3.548368451388608236e+01
1.747695769646060171e+01
5.799849510090808735e+00
1.925611581277175333e+01
-3.332829407036280145e+01
-2.659166829907672991e+01
3.226164971511218482e+01
2.224355973947801601e+01
2.745042107700527367e+01
2.791533410363555845e+00
4.845599275226135205e+00
3.114653854367759322e+01
5.518438057112177830e+01
-1.193076060998492238e+01
2.202248581876369826e+01
-1.477776601468968920e+01
-2.505840635424537055e+01
-1.980358997869623749e+01
-1.990063420961399743e+01
-8.260588871427188451e+00
-2.715507846040966911e+01
-1.119715484456580157e+01
-7.753257847903238087e+01
1.937332415834129051e+01
1.266796352593275898e+01
-2.695479225698903747e+00
-2.218976427484744818e+01
-1.057401442879654496e+01
-3.135585591105561321e+01
5.622190820553868207e+00
4.602354494773891247e+01
-1.258637070215468157e+01
-9.647267116651761398e+00
1.196704122214981680e+01
-2.917249680837806380e+01
4.835475791894224784e+01
8.401761887633952597e+00
7.918304828524469485e+00
2.827390933361982661e+01
-1.435142783320742410e+00
3.196444519174355037e+01
1.079618349516610465e+01
-2.244915268693759458e+00
4.695694373834328417e+00
-3.636576362766987813e+00
3.781300261585818134e+01
4.906536634374816686e+00
1.037938021529291177e+01
-6.633107018983736225e+00
8.013326788290882519e+00
-5.263864029832757296e+01
-2.011552151088989149e+01
-2.781673682158452721e+01
2.707996381235767558e+01
-1.826830317915931801e+01
-3.423826600318284363e+01
3.302094835069158307e+01
-6.957996568132671200e+00
2.311638516812431021e+01
-5.139906064403874097e+01
1.060795193762522715e+01
2.954818112073539282e+00
3.467786277456298194e+00
-6.623851358431409153e+00
-4.140597465406585798e+00
2.893747457113775567e+01
1.051480742181013284e+00
-2.891679909929263204e+01
-1.069111323293377325e+01
1.254720334581662655e+01
-6.556156928215216340e+01
-5.015273585535891954e+01
7.394310404901034417e-01
7.990727617098123403e+00
-2.678408478242768354e+01
-1.089098313515478367e+00
5.989829743551428010e+01
1.597112001964705996e+01
-3.065369762358585604e+01
5.323180961593379834e+00
-5.277002882350352309e+00
7.125099077093871358e+00
-2.025366251544738816e+01
1.252328098148848312e+01
1.496395292197621529e+01
-3.947804193352482116e+00
6.348983369170127844e+01
-4.500424754336265210e+00
-1.798719602905475767e+01
1.357807824551645126e+01
2.441554695212448678e+01
-1.924077452787736320e+01
-1.030518534146676046e+00
5.568121095607362747e+01
-1.583570055195650639e+00
3.336861462867193495e+01
8.321976475906552650e+00
-3.983066078761332562e+00
-1.287857178405425884e+01
2.967637211875839398e+01
-3.178637493007024517e+01
-6.139238537780329352e-01
-1.034373766870353961e+01
-2.258348463205387446e+01
8.508304990289076386e+00
1.509728662778463537e+01
2.450273889818674888e+00
-2.456147743713472664e-01
-2.260539051542215816e+01
9.201817980983179268e+00
-1.871031384500696504e+00
-1.287869992065611768e+01
-1.145917340003951068e+01
9.409444216932143945e+00
-2.132985866223634730e+00
-2.149669384891430468e+01
-6.195654767986189881e+01
5.912491210049822143e+00
1.097329102293916492e+01
-2.755179801902497161e+01
-1.356308850732096971e+01
4.699780518985288325e+01
6.366144179780377499e+00
2.244428494265162044e+01
4.904467769022488710e+00
2.264528733732892363e+01
3.250941794828236198e+00
-2.215016876180671090e+01
-6.163747599086406126e+00
3.086816121604186947e+00
1.788488795346975735e+01
4.288771697823395357e+01
2.795732926194204992e+01
1.718652544677098604e+00
9.679753932371085057e+00
3.443992417908214065e+01
1.502010216713199853e+01
-3.942983141838891470e+01
-1.567615311510300558e+01
6.378730319303627994e+00
4.847720932212553180e+00
1.401377173673029830e+01
-2.945505252719433997e+01
3.989189322325813691e+00
2.458062972053248529e+01
2.719188883647272093e+01
-2.443360324550442897e+01
1.554296839739777170e-02
-1.271928159729441177e+00
-9.701356154614757088e+00
-1.613964606960531967e+01
-8.787395597284927362e+00
-4.985687773867887529e+00
5.740790699463332203e+00
2.405112527979606085e+01
-1.755541920262595568e+01
4.601934850351722162e+01
1.865987534302169593e+01
1.526823012475210817e+01
2.015369517519499709e+01
1.542131403984302551e+01
2.065157314378886610e+01
3.112731414656794016e+01
-2.591436905414636271e+01
3.541440961926777931e+01
-6.489295274665076363e+01
1.801884155776356522e+01
-6.080501196259052676e+01
4.744341414533158741e+01
4.289756195822198492e+01
-5.335187702226875217e+00
-2.739749754136445858e+01
-2.413527192453804560e+01
-3.129537315680079246e+01
-3.604424344214754683e+01
3.217727656430034244e+01
2.393917873964838350e+01
1.360113628851325984e+01
1.611500249553876074e+01
2.538394575254730512e+01
-2.228446709602894771e+01
-1.006451834576336068e+01
3.137908469280395707e+01
-7.436512266295196127e+00
3.035634127331239540e+01
4.237299934137905666e+01
-3.275022672993305406e+00
-4.165538410694210825e+01
2.848619097167897962e+00
-1.441429726740389938e+00
-5.811549781090320721e+00
5.365307122954732222e-02
-3.709138257663607874e+01
-7.159798731584956499e+00
5.056749306895705232e+00
7.557502474830727124e+00
2.779156296041460905e+01
-2.427892095352986246e+01
3.170981663185278876e+01
-2.270176808350274200e+01
1.460285074583305231e+01
2.299150095914398406e+01
