-3.439743544808894171e+01
-2.010469525139839675e+00
-7.097438925232538054e+00
2.387547344713493658e+01
-1.183175990620731000e+01
-9.145660629496433103e+00
-2.385204855746309249e+01
-4.990788716840809514e+01
-2.134159145724646578e+01
-2.245011904164545058e+01
-2.083275030105610881e+01
4.225062812926260847e+00
1.980685294230084992e+00
-1.041319236138079418e+00
1.709714672343693564e+00
2.630592563732011513e+01
-1.013402483797059972e+01
-7.175757084001077146e+00
1.163575855844902662e+01
-6.145400267933857918e+01
3.079135398167461801e+01
-1.323343771267536795e+01
-2.381996629111888808e+00
-5.561155093187721832e+00
-9.835351329543300380e-01
-2.125108471236970331e+00
4.765290500702636223e+01
-1.490514533599036895e+01
-3.989509068713744000e+00
-3.012346825080956592e+01
3.896921203512511056e+01
-4.334593178570955274e+00
-2.118318545860500990e+01
1.115936039978265626e+01
-2.042058608294240685e+00
1.289024640569482472e+01
-5.516446545018993675e-01
2.742355043845790874e+00
1.875866053587103011e+01
-5.423696762175893582e+01
3.021026734297808503e+01
8.072086466856504217e+00
-6.203180904421515152e+00
-1.735883640767119829e+01
6.844505094600521033e+00
-1.086588245872948733e+01
2.468019572975731535e+01
1.975053679118110495e+01
-1.274099885337847127e+01
-1.624141677485232549e+01
-1.715928437745725432e+01
-2.063578230325191498e+01
1.045015838173918610e+01
-2.687134001953040752e+01
8.224636623098831478e+00
3.435527561199921820e+01
3.956969861374142283e+01
1.845505360150400520e+01
8.240648301849745394e+00
1.719741954955321717e+01
5.050431036583768218e+01
8.537309621942199556e+00
-2.962218358325384315e+01
-5.999483168320239201e+00
-1.396199880729119513e+01
3.300556221533851442e+01
-3.910407895423654168e+01
-3.408233791272920143e+01
-1.733427808950375493e+01
-9.706200578574282645e+00
-2.225102042201555719e+01
1.558752852308089132e+01
5.138460652878791279e+00
7.758863136811100958e+00
-2.149892270426586904e+01
-1.881812712792418552e+01
-3.246665769899955478e+01
1.790270976787195423e+01
-1.861564372192984962e+01
1.679235359548574991e+01
-5.360108612391595528e+00
-1.477814112509099687e+01
-2.848343701733035260e+01
-8.458330863833367630e+00
-6.048354396240995356e+00
-6.828462257637042399e+00
2.219828051546553027e+01
4.157641643751614424e+01
-2.444999564912843226e+01
-4.264403339846332841e+01
-1.070266591563691350e+01
5.904626615288523794e+01
-3.221771349267073958e+01
1.779259975841782193e+01
-6.468123004002904963e+00
-3.315234729049194584e+01
1.369815625024108385e+01
1.943913509083066060e+01
-9.601987294532875694e+00
1.823632706865390674e+01
-1.334450150564339310e+01
-3.103114730981803859e+01
5.213054961337280702e+01
2.485609110692189461e+01
1.409530999037292531e+01
7.826736105605306193e+00
1.485514200867545753e+01
4.489883293118893448e+01
-1.465363164600731594e+01
3.335780225083162520e+00
-7.518025738993276263e+01
8.739396885543897042e+00
-3.683843883572981781e+01
7.723847970964669685e+00
1.212563338027325699e+01
-1.983448900556641092e+01
-2.815261487644295357e+01
1.214858504847029508e+00
-1.674744289596057456e+01
2.119715056895896055e+01
-2.762252557412230658e+01
-3.038664562077997289e+00
-1.999799017113883792e+01
-1.942530925412484066e+00
1.077525109264499292e+00
1.236733974441492023e+01
4.346235445974002687e-01
-2.876298222998741494e+00
3.536993010670188653e+01
5.010399604002410001e+01
2.705356922432039113e+01
3.914962116575973994e+01
-6.432121210608571005e+00
5.550424944142520189e+00
2.925120882445304460e+01
-5.355037773380217914e-01
-4.185776551282953051e+01
-2.242028485202767030e+01
-2.791083555849506581e+01
-1.524749793479597315e+01
1.578075362236307910e+01
-6.540922228165266006e+01
-9.225169309605121271e+00
2.440384253075339416e+01
-2.063635215824319857e+01
-1.718806050433278187e+01
3.282678093221198878e+01
2.450832831396937195e+01
-1.824330426961262219e+01
1.528091833699605218e+01
-1.398391459786680002e+01
1.880316752371440003e+01
1.836631685100883260e+00
7.321726451801026769e+00
-4.702112617105703407e+01
-2.607377703463622254e+01
-4.769744702529976621e+00
-8.865975948187374556e-01
-2.249670277063182766e+01
5.990740563333065438e+01
-9.633549892499047473e+00
-1.780783874425972613e+01
1.960686054268552425e+01
-2.532338611960990704e+01
-2.016461414828260956e+01
1.801757572392028806e+01
7.052672666130845869e+00
8.469332296045365638e+00
8.650083523489897175e+00
-6.085724174976576251e+00
8.821859206341059689e+00
3.213680759458755176e+01
-1.459970866860118122e+01
1.057625997475594204e+01
5.015268737642550434e+01
1.801504370697944069e+01
-4.176356504404566294e+00
-1.128362487333645703e+01
8.581385968311121815e+01
-1.173742467344330009e+01
2.065688472708851009e+01
1.425272775241148793e+01
1.624820687564733390e+01
4.872716233625988025e+01
2.642267694640781883e+01
-1.489379764491989278e+00
1.334731088389094111e+01
2.705331711351209378e+01
1.984022369635567884e+01
-3.206428095748748319e+01
5.194149564842587097e+01
-4.623469201197720935e+01
-6.795138922207762278e+00
3.034828632576969198e+01
8.234099005203042054e+00
4.144288446631890110e+00
1.563064575584883187e+01
1.236697402063705908e+01
1.897968307147243650e+01
-3.449149526270326760e+01
2.206315179789328340e+00
-1.466180249953293924e+01
-3.698196421628601627e+00
-2.463241641524462011e+00
-5.893024414498231778e+00
-3.162011268567198385e+00
4.616733646898077836e+01
-4.683675792595522580e+00
-1.431454645801301240e+01
-1.436042959592242596e+00
7.156296578830435351e+00
-3.283581991163886471e+01
-2.816521927556527771e+01
-1.999266964475418717e+01
-3.405697747251545593e+01
-8.811186671806744641e+00
-2.299943756358505453e+01
1.005193940142733311e+01
7.048640353264232772e-01
-6.881686489551753994e+00
-4.550827191591196197e+00
3.164818690699405579e+00
-8.092005016694443498e+00
3.752270065490731099e+01
-4.762777473590998056e+01
-8.355502160999559891e+00
-7.448226500620091173e+00
8.783849034489776386e+00
1.240879714860849958e+01
-2.588315424520305896e+01
-8.375026595342689006e+00
2.364870075213303124e+01
-1.107540626717262455e+01
8.756382544219690089e+00
1.877837122803333614e+01
-1.610868083867586620e+00
6.137786071267157695e+01
-7.707942144749779345e+00
-1.742914154322483000e+01
1.776909495205927669e+00
-1.350274725337018822e+01
3.006153059174435782e+01
-2.327677536552746318e+01
6.671616451158286054e+00
3.125190003841112230e+01
-6.972890772012249272e+00
6.506778140179932279e+01
7.043958910138491092e+01
-3.650169247525388982e+01
3.243064765148747597e+01
1.194715213433988765e+01
-3.062532804965090349e+01
9.131772261889636866e+00
2.308862980885928096e+01
2.361019144239139678e+01
1.277097436411935405e+00
9.303604552528554450e+00
4.091517032833604617e+01
-1.290621415990968046e+01
7.861413431904725968e+00
3.949693755037600340e+01
-2.035051030752576651e+01
-1.093109880877020146e+01
3.074823177249260198e+01
1.578506319175497907e+01
4.160460471864723786e+01
1.655366205590908635e+01
5.941898513603689480e+00
1.466018873414815005e+01
2.223110568800296960e+01
-2.942506343935876600e+01
3.744808471887409951e+00
1.356295047982501600e+01
6.384620369610615853e+00
1.298764583484785362e+01
-3.361994611479487105e+01
1.757865281390940027e+01
-2.348025009936969809e+01
-1.829512046228734334e+01
1.172216853110705159e+01
-6.424386378153272403e+00
3.176068410729993730e+01
-9.198071096873349006e+00
1.651603579198919647e+01
1.779226678004710038e+01
4.268037695664638420e+01
2.996646936471767475e+01
2.678330717378680959e+01
-1.846194816272088701e+00
-4.579197657047757275e+00
-1.755814039923228620e+01
4.384320807095909345e+01
4.362862026133842619e+01
2.144131558993303344e+01
-1.379217980940525479e+01
2.733212518917397915e+01
-2.849564274204567482e+00
9.811772205571671179e+00
3.628022934694342894e+01
-6.591208600395077610e-01
-4.356425534115430764e+00
-1.106814869846971305e+01
-3.210039553660701017e+01
5.245510690086740624e+01
2.775672685760821423e+01
-3.278010022554686032e+01
-9.009968076862918451e+00
1.447055354264760041e+01
-5.481236408046228803e+00
3.484484780935189718e+01
6.895909083650309412e+00
4.390698989073314351e+01
1.905329622624556407e+01
-1.248959732119283217e+01
1.102009375185630802e+01
-3.433758142183791051e+00
-1.510577622223826211e+01
8.622763638140327203e+00
8.241321032551581993e+00
5.158859300902616951e+01
4.336888846562268895e+01
3.047532534798796178e+01
3.667645164495922927e+01
4.766503009027900362e+00
-1.425725220059501908e+01
7.866488732460425126e+00
-1.838114427980931964e+01
-2.950475639209638246e+01
-3.062026142861918743e+01
-1.715550119436286991e+01
-5.984418908334544085e+01
-1.917531380983875522e+01
-4.767511370435045137e+01
1.291694876022432226e+01
-2.549365668252623607e+01
2.559573763699646065e+01
-5.445986810746957474e+01
-1.639607642636919138e+01
2.360490353969345279e+01
1.152578250208412669e+01
-4.886449757284553641e+01
3.117423639635404697e+01
-1.423449700655186234e+01
2.961733929244799413e+01
-1.276483362376396258e+01
-4.314753815984678909e+01
7.885968424517884046e+00
-3.583413110945627977e+01
-4.134896499159850691e+00
-1.649937629301081898e+00
2.250316588400697526e+01
6.938937220317188803e+01
-2.375436510736165019e+01
-1.923189134204976369e+01
-2.297782000289942061e+00
-6.298285288941912086e+00
-4.445789404331330985e+01
-3.068181270383874448e+01
2.633901336373645563e+01
-1.170787069344041242e+01
1.113944570332196804e+01
-2.703484582629178590e+01
-9.031689133629811295e+00
-2.283239718698197862e+01
2.840651564244582516e+01
5.237066099627043059e+00
-1.228054485516514660e+01
-9.355641267695432362e+00
6.533209684682447005e+00
-4.494772210890289443e+00
2.374265843882238869e+01
-1.418643610924624454e+01
5.467552417678746224e+00
1.953745276838323264e+01
7.561136383260986804e+00
-1.169016829569611104e+01
8.468225358542292724e+01
3.237224785195029142e+01
2.326853410034971148e+00
5.636865672169506070e+00
-3.449636789095643508e+01
1.851765049080265157e+01
-4.208740507554672661e+01
-1.600004647659375223e+01
-3.029705862432464869e+01
-1.090624460140330143e+01
3.127249134416655352e+01
-3.121230178492768914e+01
1.317720734811627636e+01
-2.111389757424831259e+00
1.150546966119094350e+00
-1.977155366982560736e+01
-2.444435638405136046e+01
-3.090521612057045786e+00
-1.970720141186475871e+01
-1.089772229234912970e+01
-2.277306602343662689e+01
-5.123771129573857053e+00
-1.913321807427860222e+01
-2.766053861230953714e+01
1.150566884350682528e+01
-7.931971719968998968e+00
1.347554092940978876e+01
4.682583077608612143e+00
-4.194544404842074670e+01
-2.891765942805377421e+01
-2.512608783751176134e+01
1.785844901167467924e+01
-1.323456570940166444e+00
-3.415941518786496545e+01
3.245467758527470892e+01
-2.155982691299414711e+01
3.146951977940240397e+01
-1.742590329485301481e+01
-2.661515874748167221e+01
1.305574092451888646e+01
-3.741428997931402023e+01
-1.898327473094576590e+01
3.415059145645622607e+01
1.039445551558662828e+01
-2.418423556464369995e+01
2.989844137345060204e+01
-9.999665375864026373e+00
-2.093942079306680171e+01
-1.676281858547298498e+01
-2.760400670420625602e+01
1.526806408671232163e+01
-4.954756741944208898e+01
-4.366869874643177241e+01
-5.596357359972955692e+00
-1.658802774810556002e+01
-3.256808846844427308e+01
4.050109584289026543e+01
7.393143721576186067e+01
-1.518319979630486216e+01
-1.978771819059232939e+00
-3.340056063540184539e+01
3.612649185443444821e+01
1.123188626182346184e+01
-1.319826363112326817e+01
-2.008157301155492291e+01
8.123401979502176573e+00
-3.198968129407492711e+01
-9.762281017518972703e+00
-4.793971406969222926e+01
2.010357222480990913e+01
6.086271524738009475e+00
-9.597195341245310374e-01
-5.702481388032026643e+00
-2.205431997539739086e+01
-6.030308004082314710e+00
7.230475446223935876e+01
-1.011419859070684879e+01
-2.648859184894769214e+01
-3.852736953594103397e+01
7.687003940954042491e+00
-2.066840553166785810e+01
5.995208410104886809e+00
1.671539415534559936e+01
4.224790503863218305e+00
1.724026202571868538e+01
8.318753490185159194e+00
3.230174017077808912e+01
1.452960443066504581e+01
-1.929852044449305026e+01
2.641954372924217864e+01
1.926218756286144185e+01
6.823102909496341795e+00
2.340269488372604201e+01
-1.564393738912075094e+01
4.071037153661097818e+01
1.297609698583809390e+01
-1.748569142426115519e+01
-3.241604927931161839e+00
-9.961513396727355030e+00
1.129958824838274722e+01
-1.285953096722605693e+01
-4.336920927188018027e+00
-7.064118498879906838e+00
4.466927479396582612e+01
3.046165852893079773e+01
-3.583076074475187056e+01
-4.476054965020850318e+00
-2.913894815614719391e+01
-8.014725386319298650e+00
-1.302374892685958940e+01
4.728643997762361550e+00
-5.570622739938571044e-01
-1.585632840040216252e+01
9.354172880494871833e+00
-4.559655610738523990e+00
-5.186415119899166370e+00
4.753698825223077051e+01
7.968712935978928158e+00
-4.552589945466876742e+01
-2.190706850978443754e+01
5.284943619556696603e+01
1.504254308228445325e+01
-5.253911579197506398e+00
5.892563604471642691e+01
-8.915239478784826588e+00
-5.045774508072355502e+00
-4.441545591971419071e+00
8.531672468591011693e+00
1.718345725122949119e+01
2.420697841257364757e+00
1.599910178229953317e+01
-7.065620611227643622e+00
-1.938272776005814535e+01
-2.298821860019056373e+01
-2.645743443203747347e+01
2.272952345704248955e+01
7.138205310218907584e+00
2.104055268666848377e+01
7.676490648671574490e+00
4.922199112806998755e+01
1.029369000040317417e+01
-4.449888320053679536e+01
-1.891290688449393897e+01
3.396957060493910774e+00
-1.607432273882869822e+01
3.483243562119062631e+01
-7.668924956185492192e+00
9.272486137345232748e+00
2.906783017861636154e+01
-4.116739826123739476e+01
8.250727938501691483e+01
1.143442036124760364e+01
1.314908057192707247e+01
1.993129692015139653e+01
4.126445974568980546e+00
-2.418836272516955432e-01
1.934588033301497489e+01
-2.042692030866285791e+01
4.574808993271113877e+01
4.045944801996286344e+01
-2.299487176438012170e+01
8.848850563188875640e+00
3.857946232485559790e+01
-1.134510602193617501e+01
9.614357420983623115e+00
2.081232971338080517e+01
2.236664521470370914e+01
-4.211631531425905450e+01
-5.684887398572755046e+00
-1.692460443480287324e+01
-1.693994882644403788e+00
-4.372079665115943925e+00
9.327145346680936200e-01
-6.903135985381197770e+00
-1.750640171744691997e+01
7.244998401277342737e+00
3.800840461966714656e+00
2.924680850573351876e+01
-2.413248465596156223e+01
2.402443360309325726e+01
2.603851978867072603e+01
-6.911341698779295939e+00
4.494259226126902718e+01
-3.753432362341987982e+01
-5.684222509903099763e+01
-4.760464678481866940e+00
-4.377737618812545861e+00
-6.616976445224054260e-01
4.407587403802203596e+01
-2.714926637231243944e+00
2.359661719567358773e+01
2.959778754674296408e+01
2.060059478867526650e+01
-6.359647761414635170e+00
3.287543475905482637e+01
-8.761510012962105520e+00
-1.952093774966652973e+01
-2.259119418304123883e+01
5.959948456360329772e+00
1.950390823192998369e+01
-7.399107223541818712e-01
1.920680102218551610e+01
3.031665114921793247e-01
3.341712033709310958e+01
9.560606482739302692e+00
4.976331858998349844e+00
-2.101342119007483689e+00
1.776136996380941468e+01
2.067457755335030356e+01
9.499574816828868506e+00
-9.762966345725345718e-01
-3.029749301833413000e+01
1.603149849051238363e+01
1.046813196355549280e+01
1.958995613146277037e+01
1.550311490522776126e+01
1.990549241912061973e+01
-4.769002088716476351e+00
1.714356116334818125e+01
-1.478176941356446150e+01
-3.801769207603911127e-01
-2.985606028363389441e+01
-1.691634624054924529e+01
2.214607397380952136e+01
-4.963089854871071793e+01
1.462193726988670051e+01
8.742492176903226664e+00
4.570857790442428836e+01
-1.045222343599687065e+01
1.835663573945763360e+01
-5.478720360056399841e+00
-2.666356741585959966e+01
-3.744077021476806522e+01
-6.423204268853119459e+00
-4.866185568172767972e+01
6.493335308463883848e+00
-1.094117834273503220e+01
1.697003635171277836e+01
1.296106103396658682e+01
-1.571454595979452051e+01
-1.608420964539908482e+01
2.254251166038612908e+01
-3.386148211721084778e+01
-6.708562443385204688e+00
-1.042186370659828754e+01
1.505623035083414862e+01
4.948971770964760708e-01
1.481502643142135867e+00
-1.041189839253805616e+01
3.017168251831304815e+01
-3.048722567551817519e+01
3.741184235707123662e+00
3.314133999860402469e+01
-2.024445099654229807e+01
1.700640323419364108e+00
-1.606136969645035606e-01
-3.583994776139425653e+01
-2.205091126422877323e+01
-2.754311752993231721e+00
1.553177805754593521e+01
1.814774078433674731e+01
3.363128155229304639e+00
-5.305571809666048466e+00
9.809652652968821940e+00
-2.342628970321104021e+01
-1.075503765690513092e+00
-2.854434911842946576e+01
-1.535294692196654864e+01
2.674386638167052865e+01
-1.570369963010440983e+01
3.733011983219577701e+01
-1.322047160462659576e+01
1.803020646590884724e+01
1.390095047091736546e+01
-3.489785761346897175e+01
-1.382541154308803755e+01
4.798917125291197294e+00
-2.297713576031510740e+01
-2.073498185675917682e+01
-4.805788398806078021e+01
-2.974360509524100848e+01
-2.810365901103421038e+01
-2.416851402029593032e+01
4.567695448453434892e-01
9.996323735048548542e+00
3.728349051412365611e+00
1.337077407806148344e+01
-3.124107480911391121e+01
8.395279364603538852e+00
1.482421495360003405e+01
-3.705066919165588502e+01
-3.423440478745672522e+01
-2.323391270348940907e+01
-1.493076932163108239e+01
8.945582756069825336e+00
-7.134337615141816968e-01
-2.318658176631664247e+01
1.649380269880671790e+01
-1.313070180860715652e+01
2.762021499828884430e+01
-4.893893575200701207e+01
3.478335001547795002e+01
-4.938337963030441813e+00
-2.203885875664977334e+01
-1.378089040657443576e+01
1.033591420665473493e+00
2.458867995934869199e+01
-4.055098251266347376e+01
-6.498662055226020584e+00
-1.114309035426018113e+01
2.461044177696896895e+01
4.595321146273365542e+01
-5.463372839540249970e+01
5.112656608249488954e+01
2.286711988728288247e+01
-4.102022351622127871e+01
-1.756329701754917494e+01
4.355232906542957494e+01
3.267691372500183888e+01
-1.143585398975130829e+01
-3.215602198476119611e+00
7.867820441353956085e+00
4.100926686360253370e+01
-3.119253659215259233e+01
6.985749988681433820e+00
-4.591662695931638893e+00
1.501385756836430119e+01
-3.990813059380035099e+01
-1.822064858661544662e+00
-1.673479468091626998e+01
2.624365975280727525e+01
2.316122099064708095e+01
-4.798391067012204303e+01
-2.625800672215900988e+01
-1.187287363406119312e+01
-2.337688581125263454e+01
-6.406557222749427183e+00
-1.119589207872768100e+01
2.471320952433580942e+01
2.310640198972416215e+01
-1.185644818839136860e+00
-2.523418165874356589e+01
-4.673485424818676393e+01
2.612502327853093220e+01
-2.701042596407499019e+01
-1.998218692556488918e+01
3.258953401887261236e+00
-1.972411488554347869e+01
-2.147705855578527689e+01
-1.571976260810472326e+01
-2.629135760604100369e+01
-1.425908979949941369e+01
-2.856339548418992536e+01
3.075832729743322602e+01
3.376789880120210796e+01
-3.614514475431121809e+00
-1.206269170791756551e+01
-2.615565913525870201e-01
2.499743646069259739e+01
-4.724560128584542440e+01
-1.090739550639023037e+01
2.704669712036661622e+01
3.894315332574521449e+01
-9.248715227418614404e+00
5.443111975937085845e+00
3.015555125976302975e+01
9.120399222927233041e+00
-5.707572478615361433e-01
-2.445880132150182362e+01
1.110970464425491855e+01
-1.906499970573599967e+01
-5.795879591907890926e+00
-1.066685194751485710e+01
-9.045928201169715521e+00
1.244103611010294230e+01
4.346321581709821658e+01
-1.296871452823054938e+00
1.886076618061451882e+00
-5.003864344047981660e+01
-1.041187580367540022e+01
-1.977420631542514684e+01
-8.252858172227206524e-02
-2.580122936000275047e+01
4.686723542675633780e+01
4.458656678916406690e+01
7.693690510584701769e+00
-1.083463984469128150e+01
9.116926382076002255e+00
1.134337026640237411e+01
-2.623065178237973072e+01
-4.622168303199202910e+00
1.041309310071329719e+01
7.321012333645370518e+00
3.030182372337010577e+01
2.223229409605028195e+01
-1.165297704084323982e+01
1.433434882512820252e+01
-5.451341248658892624e+01
-6.771841818117252387e-01
4.795495310301944869e+01
6.532868809837395929e+00
-1.137793523589948563e+00
1.681474201858105744e+01
-1.575739681124166225e+01
4.944539723889685945e+01
-9.124631129331376656e+00
4.424664447995476735e+01
2.154484562281989923e+01
-2.225163287435032089e+01
1.779822078956466669e+01
-1.684686193788188291e+01
-3.977569628256435408e+01
-3.544080820780294516e+00
-3.063106641196136337e+01
-2.892774014377363301e+01
-2.732571425200660542e+00
1.985131720764121610e+01
-5.317302998261183689e+00
-1.723844377977826525e+01
4.940632356338255704e+00
-3.810958337467860702e+01
-3.895862735905271990e+00
-4.563679125190628838e+01
2.686505753067523017e+01
-6.493440011726789862e-01
-2.747492934577948631e+01
-9.141268174044540729e+00
1.018143618783511783e+01
-1.944266973024663514e+01
-2.513218347209975434e+01
5.191440818238977783e+01
-1.330162369062207972e+01
-2.219485074062754393e+01
1.500813620417545735e+01
-9.695474310276139818e+00
3.009233980823804799e+01
-2.522746843315587739e+00
3.864362491682385325e+00
5.951639720907724040e+01
-6.875328844880414181e+00
-2.018435713903789974e+01
-2.369474805068080059e+01
-2.804129735683466151e+01
-1.882572718473392115e+01
1.492211390867049658e+01
1.492757012027325914e+01
1.225371746320537625e+01
4.050339139050453241e+01
1.817145475913093833e+00
1.150737025622628096e+01
-3.506639335149999681e+01
1.473500185194041023e+00
-1.026856751682998947e+01
-1.468387237231667086e+01
-1.883511558280474674e+00
1.857360924168398242e+01
2.106068519851123710e+01
-3.675527325290630642e-01
6.716324475257238191e+00
1.519835606178279264e+01
1.924850636715521546e+01
-1.349899603201942000e+01
-6.989101158672553993e+00
3.839056759395447216e-01
-1.272989109897844173e+01
-2.810654116852816742e+00
-1.977042281213732622e+01
4.378088748765949845e+01
3.547097256566468104e+01
-8.970193697773140684e+00
8.826010970275547152e+00
-2.543117853695958885e+00
-1.652979732194516771e+01
1.967610383249592587e+01
-5.272881010579340000e+00
2.206901535122420910e+01
-2.892794280134837592e+01
9.917430144312675111e+00
-5.487684843684462521e+00
-2.974988492825036701e+01
-1.349161214753860349e+01
1.476042605259902984e+01
-5.040275542651224328e+01
2.376423842418267895e+01
2.574254645392977636e+01
-5.516102687049409425e+00
-3.291454397475050087e+00
-1.749641446227059305e+00
1.378952882517154421e+01
-1.803167516785524072e+01
1.996213708399602638e+01
1.683752432272757460e+01
-5.435870258489342177e+01
-1.954584506449783987e+01
1.312885450605285698e+01
-4.684423247939008661e+00
2.394547942874754654e+01
-3.521102657796939184e+01
-2.933574394431957444e+00
-2.313503682907181513e+01
-7.105494904403310841e+01
4.248758682663303432e+01
-3.224359300403619955e+01
-3.378733537073280502e+01
4.937459335335091737e+00
7.166995640981622273e+01
6.137055438375682570e-01
-1.551161558246676009e+01
-1.726529629914523412e+00
-3.049390334710480488e+00
-4.734902423141576833e+01
-3.388542197383033283e+01
4.527138334483809246e+01
-5.643421969900401791e+00
-2.083627268107778008e+01
2.728613202781332348e+01
-1.984238362065531192e+01
2.040759988226170663e+01
2.944700062943065433e+01
-3.158394330154040119e+01
-1.551481709481967641e+01
-1.921217071753633832e+01
-9.902257876530597969e+00
-9.732246011550856224e+00
-5.712177890942939484e+00
7.885832515691845401e+00
-1.885428512796389811e+01
1.569161518960002866e+01
3.202561095262579016e+01
-4.994525740432166572e+00
-1.125154887151509797e+01
8.054575383149000345e+00
3.095299022588125126e+01
2.883061232082614822e+01
5.393502666485062491e+00
-3.040189284318756791e+00
-4.798446126417161395e+00
-2.804406222651485336e+01
2.124592395956953794e+01
-1.233167234605171814e+01
1.096274652736980215e+01
-7.726440938238397393e+00
1.493880638222236712e+01
1.010418251464978567e+01
-4.449859565779891568e+01
-1.473600980407246652e+01
-4.341981352870016053e+01
-1.969723763761135160e+01
2.929363922409407905e+00
-9.494069922521958915e+00
1.804519280283028593e+01
-1.658977791827653903e+01
2.040667953538523705e+00
5.941578455157070948e+00
3.912321261150077589e+01
1.982846968499488582e+01
-1.669688816876632487e+01
-6.650957074309076233e-01
6.700822691624040317e+00
2.117324486758263546e+01
2.045555439393353936e-01
3.016266990613516441e+01
1.240046669703965421e+01
5.003891687941148803e+01
1.056178127506811393e+00
3.619948369432013635e+01
-1.493081686471757052e+01
-2.082434425524324695e+01
2.457100167292054493e+00
5.158811241720798080e+00
1.482641143484616464e+01
-7.773924537327047801e+00
-7.573847392321070515e+00
1.432269942830975751e+01
-2.676010249547383069e+01
-3.042946794409030531e+01
4.376571596071596559e+01
-3.291697853272637531e+00
-2.160931014891404089e+01
-2.228138199101273642e+00
-7.453432529018414243e+00
2.346592689575061286e+01
1.827286124875595874e+01
-1.114061986913492319e+01
4.492144266316842049e-01
-1.460657321198222292e+01
-1.949453624681933661e+01
-1.478528302843568554e+01
-5.339190252883197729e+01
1.836197852111354223e-02
-3.555873335406508318e+01
-3.074311869555448595e+01
-2.059358043778109959e+01
1.056053632111564866e+01
-2.012591315309316542e+01
1.274377872995297878e+01
-3.380543319093639809e+01
5.805160389449213199e-01
-2.286332675922637137e+01
4.728014015019056160e+00
6.221017474759193533e+00
1.839897585322705709e+01
-1.158295209527659608e+01
-8.804046782067189270e+00
1.630827298581736784e+01
3.270563187745371181e+01
1.813345426805167904e+01
4.581832753801677427e+00
-3.958941089981338735e+01
-9.389963350142991771e+00
-1.747128858680923713e+01
-3.335529928238418051e+01
2.231804088483130499e+01
-2.004402189025455527e+01
-1.795763894391896542e+00
-1.547645651356633323e+01
-5.507424871428713686e+01
2.853706444105189632e+01
-9.711473965497873451e+00
2.238563571319195944e+01
-3.941427306718901491e+01
3.722509757618263393e+01
2.015130659266219482e+00
-1.590318490997318790e+01
4.750192740323882390e+00
-1.151109842441556452e+01
-3.620499329555769918e+01
7.973320900123127331e+00
1.964908222788355374e+01
9.814313880235658871e-01
-2.000153844859607943e+01
-9.029191366120500106e+00
9.665435404646018469e+00
1.761126661184150066e+01
3.480154681632532032e+01
1.307579596626749208e+01
-1.282825789235894831e+01
5.266184048548663554e+01
1.325677898051054271e+01
2.340748849323325231e+01
-1.008712512354958335e+01
1.545750469451067488e+01
1.079802417114642310e+01
-3.423003596111627189e+01
-1.138618350330922624e+01
-2.258519097956979849e+01
-2.034687953119927784e+01
-6.660901704978186899e+00
-7.686970584514313032e+00
-2.326986675857722275e+01
-6.118542449056047872e+01
-1.595084583588474558e+01
6.899630567330177655e+00
5.036326843040797030e+00
7.645130308637220651e+00
2.564438666528951671e+01
7.772559579762958748e+00
1.794616862096256682e+01
-2.298577553361816683e+01
2.526080170047998763e+01
-2.513823657811786916e+01
-3.973954022494166338e+01
1.212789648106729601e+01
-2.382764008929541433e+01
-2.167938416975269433e+01
-8.753723736668621314e+01
-6.406479244814804019e+00
4.501758797953425528e+01
2.341575004268572258e+01
-5.654555486517665486e+00
-7.642563575837556300e+00
2.081335293035306222e+01
3.673860634014650373e+01
-2.298526235757432801e+01
-5.945877169479160784e+00
-1.878427150111895116e+01
-1.940410933394349513e+01
-1.697515098869754269e+01
7.022232526904041094e+00
3.908356602814200187e+01
-3.600697516798589959e+01
-3.097813906398570793e+01
1.805673407013102860e+00
-5.865967940466958908e+00
-7.351833947082361931e+00
-4.981065829209620688e+01
3.471775208140473978e+01
1.325636073236876200e+01
5.181139628301554723e+00
2.671917806928382788e+01
-1.810333941699944660e+01
1.708257222431860711e+01
1.535061429048610648e+01
2.031360058039183514e+00
-3.362710600055386578e+00
4.882975744461074186e+00
-8.716767376539912959e+00
2.800308404509277693e+01
-2.213046578670474673e+01
2.376996462603725035e+01
5.322116732719138099e+00
7.964835554493049585e+00
1.257678948833199684e+01
-4.804780865107166221e+01
4.647789819333098649e+00
-3.700417442281613489e+01
-2.705535444908078802e+01
-2.707141454948124704e+01
-2.755902744213076971e+01
2.962851194499762641e-01
9.245195126416390963e+00
2.750683321584109819e+01
4.783025710330086611e+00
7.934440277726618973e+00
-3.878093944764577827e+01
-1.409556044184144952e+01
1.879238560875197095e+01
-1.105624799233268618e+00
-8.638242813816532362e-03
-4.888216958348436947e+00
1.935200590194172321e+01
-5.041182024743511647e+01
6.217526398963531875e+00
1.119365110462324253e+01
2.388044587981309164e+01
2.043139865210312678e+01
-3.125329686707912913e+01
6.190142249273463904e+00
3.223601411908603609e+00
2.610529793204761972e+00
3.266553196879954157e+00
-1.039625824525424491e+01
-1.945213599674870864e+01
1.044770367520095533e+01
3.320620825724711267e+01
-2.771638146563077498e+00
6.373479409940500773e+00
9.382666174269218118e+00
-1.413667143518573255e+01
-1.497795576014704011e+01
-6.587548619506223702e+01
-2.037968231787242246e+01
-3.011722047090422905e+01
-3.692434111522459261e+00
-3.726817259576523611e+01
4.145474338974148054e+01
-1.727111280060387344e+01
-2.959691172906062206e+01
-8.539406349878004221e+01
3.667895118221022699e+01
7.352733992751723235e+00
3.321448961237280173e+00
-3.459769382942664606e+01
4.876859562758681932e+00
-1.101610027107190604e+01
-1.809768810827875285e+01
6.472494939428422356e+00
1.863585239289488982e+01
4.046135810116716414e+00
-1.172293866241346905e+01
-1.555455861315522270e-01
1.530280547695241466e+00
8.714850119102777626e+00
-3.505006585228126426e+01
3.981528330751049793e+01
-2.367092555795527176e+01
-1.652934149328001823e+01
-2.699416018420453156e+01
-5.735878970044957725e+01
4.984040147060191828e+00
-2.886025809438370970e+01
-1.053099150404841566e+01
1.800856965817882838e+01
-1.426491781358961930e+01
-1.877692275405649980e+00
-6.489003285262356258e+00
-1.109591701366582583e+01
1.759546887184644248e+00
2.994631416788747913e+01
-2.775030602179536032e+01
5.488359502515339727e+01
-1.245397294179292658e+01
1.845575716936373567e+01
-7.557467715068440839e+00
6.290952347600992312e+00
-6.001214112179326321e+00
2.418817928281617924e+01
3.382103690067248181e+01
1.055761979171121112e+01
2.542423850205021552e+01
-1.966045864755085404e+01
-3.637929608814030047e+00
-1.231365171450590879e+01
3.788086409155528145e+01
3.178582057558884344e+01
2.403009363438701484e+01
-8.485241098598805820e+00
-1.535243755547114120e+01
1.371357085091414518e+01
-1.549087474898527717e+01
-6.838492224707465539e+00
-3.183519019658852756e+00
-1.625175750217588444e+01
2.740541081214567498e+01
-4.527876534391253927e+00
2.094038917761103846e+01
1.077099765546628873e+01
9.542131009806603004e+00
-1.824807715845852840e+01
1.462031905317275005e+01
-1.010900590557707801e+01
-6.516195389521016068e+00
-1.732690696482421799e+00
-2.654215597294285089e+01
4.111577118068925074e+01
-1.469062046277566580e+01
-1.752708825463599851e+00
1.226574359072903064e+01
1.059618362726658347e+01
4.085607946710061356e+01
-9.478252441320591970e+00
4.155778032341061135e+01
3.727833671649722191e+01
-5.165902483433893622e+01
2.800855864727793687e+00
-1.024150709504809242e+01
8.636987309897847354e+00
3.268865954557128362e+00
1.094059130412580316e+01
3.435652610791140660e+01
5.380456071719264344e+01
-4.141564751259153354e+01
4.170614139369206441e+01
-5.397219370440677721e+01
-4.474116676908249701e+01
-7.956183353611734788e+00
4.417992344889398737e-02
4.012838643214398360e+01
1.974072966627306869e+01
-6.635037434948287682e+00
-4.921629072259757720e+01
3.892687093000113663e+01
-2.302115454812263806e+01
9.897936499931461185e-01
-3.932767144760482836e+00
6.940150798568026858e+01
-1.397869419128250001e+01
-5.887092498450385847e+01
1.727056403376781191e+01
-8.968978235117010911e+01
6.343199989792495330e+00
-2.010091596996170438e+01
-1.015292107071147143e+01
-1.497677343141501183e+01
-3.222309727813893687e+01
2.110736168485072994e+01
-2.094393519631535128e+01
-6.469404151462299524e+00
-4.349693326553517636e+01
-2.415481137379401844e+00
-2.881866131966830835e+01
-4.111490968761552267e+01
-6.267217021663896048e+01
5.059035793479125687e+00
-1.960052346794454081e+01
3.413823457426076402e+00
-7.761018246504704621e+00
-4.478680222020591373e+01
-3.583074901944632273e+01
-3.006649349135886951e+01
-3.122996580686245238e+01
2.936891125937993507e+01
2.818710079293296644e+00
-2.746764196946688230e+01
-1.195705034561910907e+01
-1.352975348571393965e+01
2.217867126951330903e+01
-1.714327576296385303e+01
-4.242775057327325072e+00
-1.543780501838003261e+01
-1.969708430109719188e+01
-2.230015641255650394e+01
2.035672643542544336e+01
-8.588930391462781699e+00
-5.104689980712819874e+01
4.252155891738297555e+01
2.426628920809887191e+01
1.460700183497152693e+00
-4.305060246233813359e+01
-4.129945139942913102e+01
3.808157839691318713e+00
4.016540277026194872e-01
-1.743017566159403486e+01
-2.526665335068499729e+01
1.731872397427753185e+01
-3.054145450461248856e+00
1.450403005363241959e+01
2.703258334951482311e+01
1.751483122711957208e+01
1.763660917813510309e+01
1.318965028871682854e+01
-1.152193026852364710e+01
-8.210385477668452836e+00
-1.198322599277856781e+01
-2.024289804012710192e+01
-2.358584532045495052e+01
-3.515968367450192034e+01
-2.055476838820539598e+01
-5.632797866155570432e+00
-4.242917780233824487e+01
-7.860298463143806202e+00
2.012278164167467409e+01
-4.352486111596539331e+01
1.639624011701720008e+01
1.479516398746824279e+01
-3.968223556010218545e+01
-3.131692070283435214e+01
-9.456334642178944705e+00
9.723031452235119332e+00
-2.172799190864469665e+01
3.990258457438147843e+01
3.542108059380214513e+01
-4.266986583115186704e+01
2.470481171916259200e+01
1.921013068731227236e+01
4.829465125562819594e+00
1.199059522658924948e+01
-2.363790225266181722e+01
-7.186944125558767382e+00
4.583591291634320442e+00
1.062391949963387106e+01
2.337456362724287118e+01
-2.832071280579365080e+01
-3.288013006782705361e+00
8.267180989878482933e+00
2.932309656647646534e+00
-1.645038835775444142e+01
1.208136923774657134e+01
-1.413459085861292408e+01
-1.135255358359725619e+01
6.504110871758541634e-01
-3.363378545849082002e+01
1.654621646025354664e+00
-9.363694042109784732e+00
-7.643367130717336977e+00
4.618977788665063144e+00
-3.004428002254371677e+01
3.280540830719220935e+01
-1.396350631833175271e+01
-7.374120227606496769e+01
-4.721134593887569508e+01
2.048278049871349538e+01
-2.237717612139874745e+01
-1.040670915481149450e+01
-1.454297379272135515e+01
-1.014685614534310787e+01
-5.574320869292267844e+01
-3.532527603586515852e+00
-3.447026753949654676e+01
-1.905746469394389919e+01
1.177519227738201835e+01
4.353270633297785253e+01
1.553723370103945456e+00
-5.601784077462070854e-01
3.296722683724512137e+01
-3.064653284510464459e+01
1.769550402225922880e+01
4.219903253766432272e+00
-2.637599541673989734e+01
-1.408697306632447521e+01
1.234065520922530368e+01
3.422549079469092703e-01
6.700430467299295145e+00
5.711484934050218953e+00
-1.310439038618909535e+01
-1.797044167938986448e+01
-2.767834172063498954e+01
2.726738684449512107e+01
-3.570244685167585885e+01
-2.651026464195477672e+01
6.903670120255782194e+00
-4.817646410292677217e+01
1.245552220347371986e+01
3.551391609190159215e+01
-3.989399509460625382e+00
6.396631111597713470e+00
-1.592230807971893114e+01
-1.218248611719079122e+01
5.755733277416481997e+00
2.106530373826917213e+01
-2.151381812075020505e+01
1.498594756598578215e+01
-5.856770135414421929e+00
1.674801967946109471e+00
1.285169967562406157e+01
8.284994381071882685e+00
-7.121904903529610920e+00
1.392090318417160688e-01
1.066445567475034295e+01
1.583717225121461070e+01
-3.978152966039513672e+01
1.840765664714581362e+00
2.853975987549995352e+01
-5.117809610154108668e+01
1.681609718507726825e+01
-6.462057053994259093e+01
-5.955842644493236193e+00
-8.213131382285524751e+00
-2.881929795330620436e+00
-6.732475029043229142e+00
-1.391945854426234064e+01
-5.268579245425883073e+00
6.631859656473793052e+00
-1.475239408855253487e+01
6.668546781830400505e+00
4.850225971647716960e+01
-3.358056876240598854e+01
-1.462952384090394276e+01
2.203583493871414589e+01
1.332936573816795089e+01
2.420456848197112265e+01
1.167850998326023415e+01
1.170340390155682542e+01
-8.904521196670202698e+00
-2.716210062594527130e+01
-2.504298400245554035e+01
-1.491110929790874451e+01
2.561401559923666582e+00
-2.338608103287276663e+01
-7.745922177478149706e+00
4.045033467832553242e+00
1.316385394697954325e+01
-5.668458541703270015e+00
3.301007516017121191e+01
-3.196828820569083973e+01
-2.188295965670647547e+00
-1.687164226213635487e+00
1.520360083773841353e+01
-2.170965637933248615e+01
-1.374533498714544066e+01
1.042026614757474867e+01
2.486347474435942217e+01
4.130333565985823441e+01
1.768294900983042339e+01
2.310411434126758934e+01
-1.545704530715558889e+01
3.482648116431363405e+01
3.653019935223480275e+01
-1.425043883021089641e+00
1.891255626424393199e+01
2.084666368342546150e+01
-1.300185625435587156e+01
4.669110199039039344e+00
3.350993381034044205e+01
-1.333952470745140317e+01
-5.077546919078486098e+00
-3.327414971139491229e+01
1.314550762486217650e+01
-7.082155134911459982e+00
1.086946829627393640e+01
3.255852131254044934e+00
-2.197692671136162090e+01
2.515000466640233867e+01
2.215073043641828576e+01
-1.482499025082195487e+01
1.053685584132627895e+01
-3.370554724406241576e+01
-2.929527428988068039e+01
1.365583120157771191e+01
-3.759303305391469507e+01
-1.696558404894468453e+01
2.891139929708970158e+00
4.559136002522943443e+01
-1.403991803966033558e+01
-6.763160210653495596e+00
-9.917493976577588910e+00
6.181968504946144094e+01
7.687921956223654263e+00
-2.375549259921972123e+01
3.905599702582827604e+01
3.458651603599719948e+01
1.731840008036363088e+01
4.140732453815465419e+01
4.737428947382586841e+01
-4.154569959583604088e+00
-1.526979457370839555e+01
-1.600931446449158102e+01
1.592220126371145739e+01
2.068661506441074494e+01
-3.787078919133847421e+00
-1.275331842335359056e+01
-3.368433973060526654e+01
-1.394204430823188545e+01
-2.489783008003212217e+01
1.658539121370651515e+01
9.421057191275792775e+00
3.513797821692230627e+01
4.058066769045922229e+00
-1.297414142776744939e+01
-4.666637058269632377e+00
2.174692146431161888e+01
6.894492255238731104e+00
2.995708287225977529e+01
3.070890758108396312e+01
-6.673359931233733278e+00
-5.954034666676392362e+00
-5.531834978067695374e+01
2.788783910252067244e+01
-6.743599100320807338e-01
2.981294727967569713e+01
-1.190449942440771025e+01
-3.436409156231717077e+01
1.162635488230774783e+01
4.012063907657773854e+01
-1.442432795784485222e+01
3.639723268951331647e+01
-4.007877675875207046e+01
-1.265702624861323500e+01
-4.470538013637298036e+01
1.051294887043201243e+01
4.453303177616930952e+00
2.958326670696976635e+00
-3.419958683073809880e+01
4.979951522956861254e+01
2.981064563718092586e+01
4.865353623286068796e+00
-2.834035534037477078e+01
1.192164885041722755e+01
-1.284624427993534823e+01
-6.806356509869090132e+00
-1.315644822531294267e+01
1.008192060232077125e+01
-7.927124835473307485e+00
-1.108360363125964909e+01
1.143469828498865581e+01
1.423287822427922578e+01
-4.702554354312684382e+01
1.091206231659785431e+01
3.707105533038968304e+01
2.205955202819347960e+01
-5.738896458758455665e+00
8.599967957517336004e-01
-1.925988654332280703e+01
3.184855862527354020e+01
8.571575630802840351e+00
-2.295955529635136827e+00
-4.102843465232240305e+00
5.862860729623568545e+01
-1.735398149100888077e+00
1.340421097759838176e+01
4.093384460570368333e+01
5.275011629046897355e+01
3.409409382217239681e+01
2.223649568148931621e+01
-3.642237336756012667e+01
-2.483497288962698235e+01
1.887350132695213745e+01
3.801116458924411745e+00
1.731728125822087350e+01
8.736498262104049672e+00
3.364928429604640314e+01
-4.237849049046143790e+01
-2.669117882166460731e+01
-6.321544020452932955e+00
-4.679305694090764689e+01
1.044535486348398479e+01
2.407005022462531940e+01
3.766854923065238836e+00
-1.214919939705990259e+01
1.270510705745726909e+01
7.558417721266221179e+01
1.687768783617048030e+01
8.606779705578389894e+00
-2.568478046768632339e+01
-3.276387650756913672e+01
-8.012849152105502526e+00
1.808483383616663787e+01
-3.256099825469505049e+00
1.295690393596554202e+01
1.907258332272448342e+01
-3.118777866979905866e+01
1.425741191327381330e+01
2.421048004201912818e+01
3.083314066921678887e+01
-3.583509394473196608e+00
2.557768003550847880e+00
-5.493989950155096835e+00
-2.642251455591733134e+01
-3.787383943545202669e+01
4.339261068111088093e+01
-4.215221909346240636e+00
-3.017896802816056834e+01
2.946271682659627800e+00
-1.412104515560314866e+01
4.957222232854832100e+01
-1.273114177181082596e+01
-1.954961158476598371e+01
1.896038273083618719e+01
-8.963796623333166735e+00
2.429147106006141144e+01
6.935517601706351343e-01
5.306271301415770836e+01
2.877540838055723782e+01
2.137232584108421207e+00
-2.030310309477657427e+01
1.498724916177388877e+01
-2.940082161658244786e+01
-4.784684778611250522e+00
3.341449487555121323e+01
-1.526221184847102563e+01
-2.449614464301680528e+01
-1.322401285658668257e+01
2.728793845590581668e+01
6.914984873528744913e+00
-4.522267499623305298e+01
1.813837052985185494e+01
5.092451023021880019e+00
5.012725538970514094e+00
-2.746278067945746670e+01
1.556933145732529056e+00
1.844101062937360780e+01
2.615439187756740580e+01
3.594640896954382470e+01
1.572982253924447527e+01
2.135697008351471027e+00
-2.948359105299442717e+01
-2.551810843693019137e+01
-3.769453319475267961e+01
-7.152846217474007062e+00
1.728819667214952460e+01
-1.358191558384660880e+00
2.799228297182435199e+01
-1.784221820258068192e+01
8.950257088818489137e+00
-9.467836575888782136e+00
-1.631296563491827456e+01
3.339142424707872436e+01
3.873485988014294890e+00
3.432077302125082952e+01
2.609430502648194761e+00
1.215932901598178262e+01
-9.804776567180311986e+00
3.315726251720055018e+01
-9.074680867231037951e+00
3.383954651050808948e-01
-4.262783425651196012e+01
-5.245369915288051743e+00
3.905128526670046085e+01
3.489656261779273905e+01
1.469447568468097387e+01
-9.060617071661795308e+00
3.020445196648239516e+00
-1.142923426867831438e+01
-7.540589568380696051e+00
5.048135079215047227e+01
2.724521191435371748e+00
-1.431022767033786636e+01
-5.920552426238378985e+01
-2.597689854005638210e+01
-2.098348450643413798e+01
-3.505246279649651342e+01
-3.171797962617088729e+01
-3.778854593308955145e+01
-2.508517962624413400e+01
-1.740066643586135342e+01
-2.702076043594013299e+01
2.563758154175943815e+01
-1.139635342055339606e+01
-4.835202122508053435e+01
2.197074842005810069e+01
-1.662389200982012127e+01
-4.441892710013561896e+01
5.309363420075190731e+01
-1.422940860668648000e+01
9.405254758014109484e+00
2.194552260421338019e+01
4.879207618006290659e+00
1.455622643652549186e+01
1.786424994706692360e+00
1.061675763757481405e-01
-8.122678578390917892e+00
-4.127776901241745122e+01
6.522345596528964506e+00
-6.825163229225393025e+01
3.882501550107825494e+01
-2.331601733467169879e+01
-9.671758652727021399e+00
-9.974392267513508159e+00
8.180269050911228135e+00
-9.367252620559554543e+00
1.479491433968883740e+01
-3.025411740515704651e+01
1.963781049058206918e+01
2.363398784114397344e+01
5.750170807537529072e+00
6.275362991782003519e+00
1.184495626420576286e+01
4.972443362908563813e+00
1.513423988459175007e+01
-4.382761108530601746e+00
-3.849418747202273039e+01
5.261576318611190572e+00
-1.357064880011989771e+01
-2.980175349239544857e+00
3.030370808452332199e+01
-4.409101654354482491e+01
7.596760516081531023e-01
1.152162320352289271e+00
5.022154683176040635e+00
1.721046938301377338e+01
-6.675648756496023850e+00
4.561725824464741663e+01
2.422896623189870979e+01
-8.447235537616592183e+00
-4.146404826791723508e+00
2.062235996597706844e+00
4.229057287094678941e+01
-2.911888382259422769e+01
-5.662777474968072511e+01
1.695161914521310109e+01
-6.742394062257176302e+00
-9.188095867866422850e+00
9.085888219481617512e+00
4.180631554386309290e+01
2.441239750043814638e+01
-8.827650456066834295e+00
-2.891428124339137185e+01
-4.672058117867941007e+00
1.554907479941603299e+01
-8.407346597605965144e+00
-4.108998475737132594e+01
-3.332844829397018316e+00
-5.253753851299782696e+01
-2.796630973493736860e+01
4.524879174907738388e+01
-2.874864252824895061e+01
-3.767561231907069441e+01
-2.844830990694011064e+01
-2.037200184188598939e+01
1.999144134832030772e+01
4.655832817554559711e+01
-3.631534077033535368e+00
1.428220777850955869e+01
-1.174956935559994520e+01
-3.843547912530037536e+01
2.594590982218162623e+01
-2.609667394738295343e+01
1.445159672409891982e+01
1.770543144930642399e+01
-5.859139041052742414e+00
2.091419286437974279e+01
2.282604724066847268e+01
6.282545815347069151e+01
-6.611911503632939002e+00
-2.863784806201647370e+01
-3.483726863588140077e+01
-9.495644185399761739e+00
-1.854407082393563755e+01
5.241437003735015310e+01
-2.429912637572118683e+01
6.404366261620635825e+00
2.732754700898397004e+00
-1.222552093186320121e+01
-4.709576300684375383e+01
-3.465885653816457079e+00
5.468760596882955838e+01
9.605176724511508723e+00
4.173524170931898425e+00
-3.205819274085483528e+01
-3.192836521736558097e+01
-7.786914902703546915e+00
2.552505138624201209e+01
-1.410854483795077385e+01
5.709933421907277307e+01
-2.686999935210732815e+01
1.043909081629239211e+01
-7.617607706317471639e+00
-3.602489649036112951e+01
2.383260487993027255e+00
-2.843230682667910969e+01
-4.103578387262103888e+01
6.159007418736393902e+00
1.054524340115222003e+00
2.904798103141229149e+01
1.309989275827719979e+01
-1.864842103085196001e+01
1.194085145487883892e+01
-4.858163963691088583e+01
-2.659212351711300926e+01
4.952998881813739018e+01
4.622634281992368699e+00
-5.926014726882044670e+00
-1.656500215399182707e+01
-2.447771007533958709e+00
-5.493063541440506015e+00
4.943361164865521573e+01
2.312451071257024182e+01
-6.600629179283771464e+00
-1.964056053171418625e+00
-2.185414464420381009e+01
-8.734727157544256215e+00
-3.499805716004172496e+01
2.742615238435995195e+01
3.880243863383142866e+00
5.733119615466989671e+00
9.959891709147342453e+00
-4.419619907953208582e+00
-1.140387720256264359e+01
2.990844047349874302e+00
-6.008274188746423761e+01
-8.632503012825480937e+00
-5.693362459678212417e+00
-4.304025439939380249e+00
2.676297823237251805e+01
3.610879313682434599e+01
9.610971149816577963e+00
-5.289526254146112194e+01
3.455031722211469969e+01
-1.187901009823733034e+01
-2.079220263259207968e+01
-4.842504597797368859e+01
-1.674017585688913812e+01
3.449642159570804267e+01
1.693212183198733101e+01
5.561992342015713575e+00
1.869301898462396139e+01
-3.242353395825699636e+01
-2.582571122840418809e+01
3.128855199639011175e+01
2.159143324149141563e+01
2.668424860268370935e+01
2.710222555797102473e+00
4.670716481169733925e+00
3.028709297038713544e+01
5.360541030988474631e+01
-1.161213991063421958e+01
2.136311793373863566e+01
-1.435043617755445666e+01
-2.434795701817593994e+01
-1.923455840173899389e+01
-1.934904075717065552e+01
-8.051790057079074359e+00
-2.641261314810887484e+01
-1.088001264639154897e+01
-7.538536525245663711e+01
1.884246999167604031e+01
1.227359075933792809e+01
-2.638763149456337942e+00
-2.156536004648228300e+01
-1.027717499405048329e+01
-3.046028943685709578e+01
5.478525363189930886e+00
4.473798064311196754e+01
-1.227471707706911275e+01
-9.362382364816028257e+00
1.164315966842951866e+01
-2.835464036740892979e+01
4.697104767449887675e+01
8.157884296104953137e+00
7.781219580054653306e+00
2.745675751170540480e+01
-1.354015768471157344e+00
3.104435645463320270e+01
1.048759430681185734e+01
-2.199405682214404578e+00
4.528082298478409484e+00
-3.486757840442351153e+00
3.673326575428342267e+01
4.769468341517040244e+00
1.005732499007612546e+01
-6.455858164057104887e+00
7.808775930647456676e+00
-5.116559027372562696e+01
-1.951441329113538359e+01
-2.704160174612320588e+01
2.628759438710028462e+01
-1.772299954779398945e+01
-3.331354721691116083e+01
3.206828873646668399e+01
-6.755983827612368486e+00
2.245370787162340775e+01
-4.993433111765193644e+01
1.030046355650854117e+01
2.890237370930236693e+00
3.395326918684702378e+00
-6.440564548053970384e+00
-4.029738193239950306e+00
2.813372795206236177e+01
1.011798051454064762e+00
-2.811492491520709791e+01
-1.036764430692491601e+01
1.222267200511862484e+01
-6.370279161078208574e+01
-4.872566437095935754e+01
7.148629196962303922e-01
7.770323745778171087e+00
-2.600148415027295812e+01
-1.075076184964757431e+00
5.823990024994753867e+01
1.549107577058776997e+01
-2.979533941180375223e+01
5.181280059112594927e+00
-5.132660180181595422e+00
6.919369026623641616e+00
-1.969049187695068781e+01
1.216408883889038250e+01
1.456509968019264534e+01
-3.826569772558229943e+00
6.169910126026776709e+01
-4.384368332284594771e+00
-1.746817915992778580e+01
1.313519798564630037e+01
2.374337173317479710e+01
-1.868414960497955235e+01
-1.022912691046180100e+00
5.411169788319050156e+01
-1.566533305359598671e+00
3.250153260338029781e+01
8.076744121110891683e+00
-3.874662023586211035e+00
-1.258552949478655592e+01
2.886808338372415506e+01
-3.086132137643210172e+01
-5.808984084832218286e-01
-1.004962732456706931e+01
-2.192994027160661830e+01
8.306133558992057075e+00
1.468000450327992468e+01
2.417446501671690839e+00
-2.102140613744154507e-01
-2.197253067724741982e+01
8.959648897230081843e+00
-1.839527198162642208e+00
-1.252983483936144893e+01
-1.113720482361080144e+01
9.143576888540962955e+00
-2.066035015864201796e+00
-2.088574774654696853e+01
-6.022521024751455343e+01
5.790055080772035012e+00
1.068587933416327473e+01
-2.678453580277418666e+01
-1.318309336996708225e+01
4.567890094870371342e+01
6.189686324564590336e+00
2.176080047686849639e+01
4.757375075343347248e+00
2.200796090767160251e+01
3.182374558567062195e+00
-2.150670414151291254e+01
-5.994287607774424487e+00
3.010780430683610120e+00
1.738082846251887759e+01
4.167452933555023264e+01
2.718664109691667363e+01
1.681930334299778451e+00
9.440892704872112517e+00
3.346943119965911251e+01
1.458337192527873327e+01
-3.829634182371594875e+01
-1.524339111457143758e+01
6.170804446056536108e+00
4.702300330457831024e+00
1.362207354079463784e+01
-2.862656653070393986e+01
3.905596957160653915e+00
2.390233688258869904e+01
2.642795331618990673e+01
-2.376378065454619559e+01
2.573848442978032836e-03
-1.226876658253161168e+00
-9.391560350931598578e+00
-1.571688059618375632e+01
-8.572356993313036355e+00
-4.838117273915820249e+00
5.593779692646648982e+00
2.338226567886321305e+01
-1.706838891294009386e+01
4.472488751982285748e+01
1.812648317918166185e+01
1.482366372242125863e+01
1.955330964422118356e+01
1.499790548511440136e+01
2.008866160281778690e+01
3.024579443714587512e+01
-2.516247912230835482e+01
3.440936253740534312e+01
-6.305024671539945302e+01
1.750975582163255240e+01
-5.910064148071242585e+01
4.615390061846608205e+01
4.164960564083554573e+01
-5.199842195118776544e+00
-2.664807067726991363e+01
-2.345674565487098562e+01
-3.042933989862794419e+01
-3.500931673079847428e+01
3.128883999327413790e+01
2.324867885391211075e+01
1.322563128009069544e+01
1.566268223969296969e+01
2.470329351849287036e+01
-2.165828912129080663e+01
-9.815811119952940089e+00
3.049118541606087263e+01
-7.218492756095628238e+00
2.951872096731030126e+01
4.115758129229081419e+01
-3.191533449264973399e+00
-4.047673895475378458e+01
2.748592197484583721e+00
-1.444144162242107399e+00
-5.637382859789909162e+00
5.203894045018842007e-02
-3.604903592504342669e+01
-6.986313911032709711e+00
4.868232149834682332e+00
7.347857153588392976e+00
2.699494709825043515e+01
-2.360229910823433386e+01
3.083858854272602912e+01
-2.206346800118262763e+01
1.416671823986786194e+01
2.231201766621278182e+01
