-3.540679983581502199e+01
-2.045571227045059004e+00
-7.300287616886208752e+00
2.456364667604280783e+01
-1.217001393462047076e+01
-9.407479136664676389e+00
-2.460803896508008393e+01
-5.140902647199541775e+01
-2.192492884653307783e+01
-2.307042319479529624e+01
-2.139095725593517727e+01
4.322102055537147436e+00
2.029096420658007105e+00
-1.098944692686899316e+00
1.777783307465128360e+00
2.705199113763524110e+01
-1.045326806015823706e+01
-7.357182021392517868e+00
1.196603028562253712e+01
-6.322943220292114574e+01
3.168005525100039677e+01
-1.355367005883726961e+01
-2.475932693767042281e+00
-5.723372163163716664e+00
-9.473521017787902565e-01
-2.207521330924478775e+00
4.905782241309424307e+01
-1.530427755949619950e+01
-4.132870910511371676e+00
-3.100557494757619281e+01
4.006992014505021871e+01
-4.424976219774976016e+00
-2.181989004612785266e+01
1.145401962345005842e+01
-2.095524086115233331e+00
1.329230814263817706e+01
-5.502324577933279670e-01
2.768646086451283850e+00
1.931757348988549694e+01
-5.582559548502590019e+01
3.111521343251246208e+01
8.286429726553663500e+00
-6.402399909469465911e+00
-1.784285393213420789e+01
7.044473911525244603e+00
-1.116500482642521774e+01
2.544001487832355224e+01
2.029955419594097066e+01
-1.307199198200891033e+01
-1.671263350135700421e+01
-1.762896759493617083e+01
-2.123997699529554950e+01
1.078574453107015074e+01
-2.768795129733666727e+01
8.493767096331225730e+00
3.533171327707025000e+01
4.073626027288819529e+01
1.897900394257729317e+01
8.519557491879908184e+00
1.772232067493627028e+01
5.198004068253680998e+01
8.795745577791933556e+00
-3.049329114629142623e+01
-6.158599438610565358e+00
-1.440324404185716389e+01
3.397409681887035049e+01
-4.026694247145233874e+01
-3.501964953460486640e+01
-1.786097919170541104e+01
-1.001029396075830391e+01
-2.287363152145161393e+01
1.603895914269534728e+01
5.328667192805539798e+00
7.991250655024202842e+00
-2.211899591498548645e+01
-1.938265202280973654e+01
-3.340575016176919831e+01
1.840559587908506956e+01
-1.915294698281179109e+01
1.729875117081141411e+01
-5.500596939386636741e+00
-1.522098134422924431e+01
-2.929322975257356632e+01
-8.674784922236426610e+00
-6.252763333584823613e+00
-7.049956736650557332e+00
2.284885160232844470e+01
4.278864744397901632e+01
-2.516178797576367643e+01
-4.390108857375989260e+01
-1.099929351639687525e+01
6.076826835017186568e+01
-3.312773181773471975e+01
1.828850382044808498e+01
-6.654847677285204099e+00
-3.410276823709179439e+01
1.412788191427942763e+01
1.996581286778294384e+01
-9.838768174297001678e+00
1.870315510994987562e+01
-1.371148353917180884e+01
-3.197405140199742846e+01
5.368214709238247906e+01
2.557450297447695675e+01
1.448590767052283468e+01
8.020459242614833784e+00
1.524236219988145535e+01
4.618762374531743831e+01
-1.509316825212431290e+01
3.398962542311572577e+00
-7.737086876791767054e+01
9.034434642120473313e+00
-3.788780075877991749e+01
7.940163032444701230e+00
1.248353522134048887e+01
-2.041165783191894434e+01
-2.896237468950471339e+01
1.221323229870279192e+00
-1.721841155597346074e+01
2.186319967755073890e+01
-2.837330326791965263e+01
-3.151139893860715802e+00
-2.059057874958752166e+01
-1.999189301045561251e+00
1.128896294513324960e+00
1.272846471074871033e+01
4.239175404284765136e-01
-2.966738849112630305e+00
3.642274207657170848e+01
5.156204220985951281e+01
2.783545071681407990e+01
4.023997690733347099e+01
-6.644475845811591341e+00
5.658876183251379643e+00
3.010508487035997405e+01
-5.055337592917084066e-01
-4.308426954499842054e+01
-2.309868043700337381e+01
-2.869637443088238626e+01
-1.570049677676849598e+01
1.620028027487470013e+01
-6.730977930923324948e+01
-9.449078887446830777e+00
2.511552431466554935e+01
-2.125257452902582145e+01
-1.764949586106905599e+01
3.376287554520718004e+01
2.525729599267492631e+01
-1.874581342016550423e+01
1.577252520052181239e+01
-1.439679050848272368e+01
1.938873173741955114e+01
1.935923250717166866e+00
7.501389019214983023e+00
-4.835119369826132640e+01
-2.683210674561379960e+01
-4.933030117507200885e+00
-9.446231770797250960e-01
-2.317992626534578449e+01
6.163159349644161011e+01
-9.874553666490328396e+00
-1.827234988216709155e+01
2.023122581609572990e+01
-2.605025673471156011e+01
-2.075058882933956284e+01
1.849824832994602275e+01
7.231473182783133780e+00
8.669677832121237770e+00
8.899362675741798512e+00
-6.256013713986760649e+00
9.013167929849174698e+00
3.307218724629447593e+01
-1.503314806365804657e+01
1.089341213608628323e+01
5.158512542987631377e+01
1.852754014621515921e+01
-4.287629203643064102e+00
-1.159248361731582122e+01
8.829071142289633656e+01
-1.211582358071180465e+01
2.125782643201810629e+01
1.471151910433076182e+01
1.669984248686652961e+01
5.017613504214705245e+01
2.715179588914327269e+01
-1.552529043615557214e+00
1.373949804934676422e+01
2.784282627417377398e+01
2.043962482333532193e+01
-3.305497199395648522e+01
5.343509877116753159e+01
-4.761760976063117567e+01
-6.979123309932901975e+00
3.123254978505195822e+01
8.472110404835078157e+00
4.216301501046871181e+00
1.608264105026206892e+01
1.264745260793034731e+01
1.952292295683395196e+01
-3.546898024706547403e+01
2.250257883906726875e+00
-1.505237532845933401e+01
-3.785665406238166497e+00
-2.486337771974376665e+00
-6.091864886210414554e+00
-3.266667560927373870e+00
4.751333159144084561e+01
-4.779509490604780808e+00
-1.475914581683043991e+01
-1.452659012488005885e+00
7.368131360848693134e+00
-3.381660423406080440e+01
-2.899709673818139777e+01
-2.053376634461815797e+01
-3.504772179874882454e+01
-9.080939966134536689e+00
-2.365860487180558280e+01
1.036364283553845667e+01
7.263792958114834164e-01
-7.108674278943908575e+00
-4.691963048950697157e+00
3.253316235081214813e+00
-8.333087861316656131e+00
3.856284648194325371e+01
-4.903930661404078251e+01
-8.573185487169556751e+00
-7.667450766674388518e+00
9.031250634819286915e+00
1.273630459089118006e+01
-2.663344848892086247e+01
-8.595294834143828666e+00
2.435372771466412445e+01
-1.139302676673985104e+01
8.985152265209023881e+00
1.932112155108039531e+01
-1.628482321992322568e+00
6.317235040998252771e+01
-7.900086440378686348e+00
-1.795572771807331947e+01
1.808537927943490331e+00
-1.392688677627589300e+01
3.092039847718885426e+01
-2.400660231053803528e+01
6.864228497163253451e+00
3.210100147165786666e+01
-7.201018048127963311e+00
6.693035027089263167e+01
7.249187650403223415e+01
-3.759132497110761051e+01
3.335067749452512942e+01
1.229161308454951040e+01
-3.151502194017814418e+01
9.419593830512759780e+00
2.378164744076650550e+01
2.433204779997905121e+01
1.322678878472004271e+00
9.573306075240111568e+00
4.211194018500424363e+01
-1.326988328636129211e+01
8.029183860053741739e+00
4.060778927211219980e+01
-2.091878093648789161e+01
-1.128160247136588623e+01
3.167054216230532404e+01
1.624677014883532422e+01
4.280236826716173937e+01
1.705245832249272553e+01
6.162383654995920779e+00
1.506950203160907620e+01
2.288933301209171134e+01
-3.026391056606328789e+01
3.865383749997619134e+00
1.397615085401213619e+01
6.554878291452155281e+00
1.336905920744335674e+01
-3.461936419325471093e+01
1.807005075951479967e+01
-2.413868438687671869e+01
-1.881629891311644798e+01
1.204773608816650921e+01
-6.578330628097504018e+00
3.269032999819202701e+01
-9.448095984320190155e+00
1.699496184961967060e+01
1.826189584585677039e+01
4.391244785999056433e+01
3.081264662033673574e+01
2.759599899979813387e+01
-1.905771232183326447e+00
-4.724630238964266482e+00
-1.807267513434101147e+01
4.512454705642375075e+01
4.490607742531651070e+01
2.206752529051854594e+01
-1.422754229927303982e+01
2.811483630631425967e+01
-2.900817592212291629e+00
1.010472249501949449e+01
3.735015372513981902e+01
-7.099835959351423753e-01
-4.505109390646708789e+00
-1.138781299851478934e+01
-3.305882258309077315e+01
5.398389051101855785e+01
2.858439298128013206e+01
-3.377481684581608334e+01
-9.324451352084864197e+00
1.487670212079333609e+01
-5.668749033261079262e+00
3.585338325723763120e+01
7.118819917215233772e+00
4.515373208803526950e+01
1.956987037842288757e+01
-1.285261246528153833e+01
1.131391536010262655e+01
-3.542668835682462714e+00
-1.551003765443806515e+01
8.893113978095215089e+00
8.490598299312864583e+00
5.304772769220161877e+01
4.458569682913226018e+01
3.137171968145085543e+01
3.771763042671989297e+01
4.896604632577933103e+00
-1.467402311750976196e+01
8.069564581270071812e+00
-1.891643796695103674e+01
-3.037646164744180766e+01
-3.152858714391396688e+01
-1.768265233808773473e+01
-6.155868071565186028e+01
-1.975366459757148618e+01
-4.907006512478349691e+01
1.325760847464959014e+01
-2.623162404189869434e+01
2.636810403501061728e+01
-5.602089356646210661e+01
-1.685769480640986728e+01
2.425415499789590967e+01
1.185671319344356789e+01
-5.028731440624813587e+01
3.201557533756289331e+01
-1.467876607405270306e+01
3.049175008650314567e+01
-1.318284426932197562e+01
-4.441132354638853030e+01
8.143610358427892493e+00
-3.688379233629029841e+01
-4.223189669383373257e+00
-1.674674577865367553e+00
2.316899173738271145e+01
7.137623278271996696e+01
-2.444265224719580942e+01
-1.981225010039612755e+01
-2.383443295095077019e+00
-6.464596024729701185e+00
-4.573406206041788380e+01
-3.158266801413779490e+01
2.711950199394840411e+01
-1.203238753652968285e+01
1.144920081252755040e+01
-2.780138643719922698e+01
-9.290096460462990535e+00
-2.349540388089587850e+01
2.918394535290067182e+01
5.401412164205908084e+00
-1.263984975409209710e+01
-9.628610263884041842e+00
6.732436340051556556e+00
-4.645817209294051509e+00
2.439736933286332032e+01
-1.459259194086041589e+01
5.650929432231350802e+00
2.008766770665309309e+01
7.753353105043686355e+00
-1.205827244713364621e+01
8.712458503876774785e+01
3.331135768130764063e+01
2.445431548005849720e+00
5.732878447800771937e+00
-3.548483498664822378e+01
1.903497425196016479e+01
-4.329593452489176286e+01
-1.649765126161412354e+01
-3.120533978747425863e+01
-1.119491920207971702e+01
3.219134015045545993e+01
-3.213774360470853253e+01
1.357835146661030024e+01
-2.166539434040032575e+00
1.173497502144002169e+00
-2.029024181188100329e+01
-2.511354112349704337e+01
-3.162511963946656124e+00
-2.026492543298992643e+01
-1.124556729522842602e+01
-2.339534521723392402e+01
-5.242825643171848071e+00
-1.965431786845735473e+01
-2.846048114466178447e+01
1.187406629831472316e+01
-8.143290112726475627e+00
1.386204248861346855e+01
4.840710514521813224e+00
-4.316291512857937107e+01
-2.975453621694681772e+01
-2.589774178130033988e+01
1.840541025831385014e+01
-1.396608001128569754e+00
-3.515534794614264058e+01
3.338675644153595812e+01
-2.221238825055409194e+01
3.237344963380512297e+01
-1.793348196456609145e+01
-2.739238506036051035e+01
1.342433019194248800e+01
-3.853994103714289565e+01
-1.951999212442350995e+01
3.512732204315258855e+01
1.069489049747204490e+01
-2.488498903744232393e+01
3.078430781959239226e+01
-1.030365245987223943e+01
-2.155750316949416856e+01
-1.725699580281482781e+01
-2.840573121744546370e+01
1.570159663882290602e+01
-5.096480297054810649e+01
-4.490537262610564540e+01
-5.760189643402839010e+00
-1.705696101601699866e+01
-3.353200318882683462e+01
4.167152386961572574e+01
7.609538765420177242e+01
-1.558525749249727710e+01
-2.021233669892296803e+00
-3.438637896455357179e+01
3.715855124583708857e+01
1.158226303810690183e+01
-1.357634810739205022e+01
-2.067101568013637802e+01
8.363270065378017648e+00
-3.293457525558696375e+01
-9.998851981842079795e+00
-4.934239386274865069e+01
2.067093747554434913e+01
6.279314617007884181e+00
-1.023580227378829477e+00
-5.861069626813787181e+00
-2.272084189640725072e+01
-6.219043358903121543e+00
7.445376213505784335e+01
-1.037816934674589220e+01
-2.727340592542356035e+01
-3.963318967478342358e+01
7.920784032043002298e+00
-2.127273934828361490e+01
6.160430115614261126e+00
1.722748778890278487e+01
4.321386307911978975e+00
1.778572693028172580e+01
8.584845850334531292e+00
3.322660357353652216e+01
1.495563187172592734e+01
-1.986129462692662173e+01
2.724399546573108921e+01
1.980908152676906298e+01
7.023194439191897231e+00
2.404664156586781587e+01
-1.610290546594814742e+01
4.183964312937382601e+01
1.336148215676056594e+01
-1.801773815137789825e+01
-3.345778500067908112e+00
-1.023871240729556575e+01
1.158110417810311787e+01
-1.326133150696539076e+01
-4.485127267080869728e+00
-7.294967811233959765e+00
4.594267736632980359e+01
3.138592504333632860e+01
-3.688137303280646506e+01
-4.595260537719852323e+00
-2.996207630696406454e+01
-8.222816113045155362e+00
-1.339885778703307295e+01
4.885848273749502368e+00
-5.979560991466481568e-01
-1.631010834428805367e+01
9.622622040307675206e+00
-4.685258774721582142e+00
-5.330414312747080885e+00
4.890857519154940292e+01
8.206833000596891026e+00
-4.685282965590361925e+01
-2.252321379712782345e+01
5.438668415350554142e+01
1.545907076021057946e+01
-5.384787170799654632e+00
6.067704914116272619e+01
-9.168576866748679777e+00
-5.176106649026024797e+00
-4.598237551102783982e+00
8.796309523287789034e+00
1.769298581371887735e+01
2.473859028266403470e+00
1.644616856618577572e+01
-7.250879756654612152e+00
-1.997394476884517189e+01
-2.362402182127554795e+01
-2.724928310722771130e+01
2.338049050297871645e+01
7.370191653911106755e+00
2.165058586432760279e+01
7.916089424606923330e+00
5.065739900140337681e+01
1.058620432453585636e+01
-4.571776036773894702e+01
-1.944810185355004961e+01
3.480504760890696048e+00
-1.651546453055027541e+01
3.583415067173794455e+01
-7.935264995932470811e+00
9.540372149130035950e+00
2.992464186687244876e+01
-4.239932060684157022e+01
8.487686158326911823e+01
1.176729084554905569e+01
1.351190835402366019e+01
2.053350217841402525e+01
4.238484042889922421e+00
-2.625105377711918209e-01
1.987151866557476865e+01
-2.101694457775141700e+01
4.709717218260151128e+01
4.165728412955299120e+01
-2.363231561335824438e+01
9.148067956593422423e+00
3.972583900866575846e+01
-1.167576752843802979e+01
9.895299695206517754e+00
2.138266016538014469e+01
2.302629634820166871e+01
-4.333017663229620098e+01
-5.834212593119104895e+00
-1.738968036296842001e+01
-1.782217343465219983e+00
-4.503066541565726055e+00
1.015128109784029675e+00
-7.111771917907759644e+00
-1.803018758843597880e+01
7.501702587932570054e+00
3.913048129530039887e+00
3.010774252691401998e+01
-2.484880701587185570e+01
2.474613833748395564e+01
2.681892701514635746e+01
-7.079394495562183920e+00
4.619748194186951196e+01
-3.860944022260562747e+01
-5.849061812169836827e+01
-4.877503969893439262e+00
-4.528832060914282920e+00
-6.688798580012189632e-01
4.533300974136064809e+01
-2.763952331706377663e+00
2.429604143175978948e+01
3.050717905207872604e+01
2.119278659343387972e+01
-6.467684564905880507e+00
3.381661012703244751e+01
-9.037103963953526886e+00
-2.012973948171304528e+01
-2.322373346126553884e+01
6.117132516651267338e+00
2.007337436554158216e+01
-7.632493248941472075e-01
1.973911117338246868e+01
3.229775561014207597e-01
3.435383701863442241e+01
9.836069578239076350e+00
5.101908725108650344e+00
-2.120496224204657665e+00
1.826080862479558675e+01
2.130157692502375255e+01
9.751180049927540949e+00
-1.022370246339633582e+00
-3.115985757573396242e+01
1.650758601909617340e+01
1.078418768386154625e+01
2.013805882483887189e+01
1.598707534829169674e+01
2.047559129987723736e+01
-4.907393654674677919e+00
1.765802472021820790e+01
-1.521167709676410595e+01
-4.146777589220960181e-01
-3.070913833933138903e+01
-1.742786301009013528e+01
2.280525874999140967e+01
-5.106523559052374139e+01
1.504934737731173300e+01
8.958533409522601687e+00
4.705983376338639346e+01
-1.072853186420951488e+01
1.887926564391018402e+01
-5.653304285236799842e+00
-2.744316058848857409e+01
-3.850137766513432780e+01
-6.644170323965703062e+00
-5.011603641346898286e+01
6.650488610785828314e+00
-1.126515541364078032e+01
1.747941180002796102e+01
1.331833722310244639e+01
-1.618247331345850171e+01
-1.657590110281131501e+01
2.322286217319584267e+01
-3.479647159169928017e+01
-6.922592556649959761e+00
-1.070306341342425327e+01
1.546950118001480945e+01
5.315820907482020630e-01
1.533516736819777293e+00
-1.068817376111320527e+01
3.102446732832677867e+01
-3.139073848175650028e+01
3.890098660942214792e+00
3.411266775716183020e+01
-2.082004379311671016e+01
1.746119782446896807e+00
-1.586353929906181293e-01
-3.690729045371514871e+01
-2.267812670629527361e+01
-2.818499739065464027e+00
1.599260940684492027e+01
1.867672477498072681e+01
3.475881395456156042e+00
-5.445736856857934072e+00
1.010507995918132451e+01
-2.409203235593130898e+01
-1.123297407796428615e+00
-2.937108638323908849e+01
-1.578112015659051792e+01
2.754031572391275517e+01
-1.615852090265809693e+01
3.843904742686262921e+01
-1.360924972892794926e+01
1.857243867319127162e+01
1.432075857097470362e+01
-3.589333332340594751e+01
-1.424445030720178806e+01
4.916347176133058383e+00
-2.362112513280317216e+01
-2.137082963084913700e+01
-4.942653243318750356e+01
-3.063460340073945076e+01
-2.893590486579890353e+01
-2.488698640502775561e+01
4.849924686495654669e-01
1.034861930018030307e+01
3.875254065840209705e+00
1.378615540502788761e+01
-3.215328746970074292e+01
8.630640850796055474e+00
1.525491014261712053e+01
-3.814114686001998678e+01
-3.517741853175104438e+01
-2.385974092810971570e+01
-1.540120889265702431e+01
9.222083397398705529e+00
-7.635838253760312000e-01
-2.385133610781095825e+01
1.695787417862234747e+01
-1.348473569746295198e+01
2.843527656555551175e+01
-5.033726892167359779e+01
3.580262498480456657e+01
-5.102662174132696293e+00
-2.272274073632139135e+01
-1.420141656116127393e+01
1.039213269214229740e+00
2.533040986970413755e+01
-4.170291705480709510e+01
-6.686924403431333985e+00
-1.143900840895593518e+01
2.529814578685362392e+01
4.724615255991831475e+01
-5.622043187121187202e+01
5.259906366763499364e+01
2.351003400389971887e+01
-4.223314790305218480e+01
-1.807248135386144838e+01
4.480639963826760663e+01
3.359287315336865731e+01
-1.179681988541108240e+01
-3.329572098559310689e+00
8.119530212844779271e+00
4.222884334230080583e+01
-3.212352900090835561e+01
7.189420065551345829e+00
-4.710842044219162972e+00
1.544437269907632526e+01
-4.104660622362117550e+01
-1.865485856835718437e+00
-1.720711944989913178e+01
2.701051999159440697e+01
2.378565011491791381e+01
-4.937020368783669255e+01
-2.702206327277639275e+01
-1.220382262513442129e+01
-2.406226153331674311e+01
-6.603960797056771526e+00
-1.150678509342101563e+01
2.544170806310256694e+01
2.377814891638905692e+01
-1.235549085653417478e+00
-2.592953008295902606e+01
-4.808751796399673140e+01
2.687590538625096315e+01
-2.777349175886392629e+01
-2.056086812873596159e+01
3.363313948468089620e+00
-2.031005299504420947e+01
-2.210043940640380811e+01
-1.620905662519962220e+01
-2.710304332064035293e+01
-1.465373062483044819e+01
-2.938383931353835976e+01
3.165985177119920024e+01
3.473746805693664896e+01
-3.728647702330817992e+00
-1.241495647231715793e+01
-2.242447146817312387e-01
2.572445821731855631e+01
-4.862229030367217320e+01
-1.127534101648839737e+01
2.783516361388478799e+01
4.007634829547328081e+01
-9.464759318792630438e+00
5.627752093049537052e+00
3.102123682933998339e+01
9.381992391184056146e+00
-5.601185556263317267e-01
-2.513783025276865146e+01
1.140049502517427982e+01
-1.961925061819377447e+01
-5.973080351434504109e+00
-1.097130252880143075e+01
-9.298369235872627314e+00
1.281150001378964021e+01
4.473621259046053922e+01
-1.388384112366694012e+00
1.939017395607280037e+00
-5.150842081503742520e+01
-1.073559890269086736e+01
-2.035154438567940360e+01
-8.893412280295365235e-02
-2.652006664220030530e+01
4.826603912299077592e+01
4.592393532934738687e+01
7.963885059910062125e+00
-1.118073846886068168e+01
9.383584691400358224e+00
1.168377078912659783e+01
-2.696632134550797133e+01
-4.744162358795847467e+00
1.071338301003561355e+01
7.535875028572633028e+00
3.115618651473340606e+01
2.288735551581882532e+01
-1.198993102583870041e+01
1.472375210845255822e+01
-5.610701755515516709e+01
-7.172343842335635600e-01
4.936697495266153624e+01
6.771202943510900241e+00
-1.175970870896833276e+00
1.728412696212348010e+01
-1.617830736392068758e+01
5.087332845872417408e+01
-9.410141112485320036e+00
4.551200889603191513e+01
2.215266606765671753e+01
-2.292076265612502084e+01
1.830945656465841864e+01
-1.730100876545284905e+01
-4.091518595084238541e+01
-3.643789775520644980e+00
-3.153234200802319265e+01
-2.974956595483428146e+01
-2.786651715765273707e+00
2.045652317680071519e+01
-5.493855008510919902e+00
-1.773041414131216698e+01
5.073776008805651827e+00
-3.917230020000502577e+01
-3.972539326628975687e+00
-4.697973722604257318e+01
2.769869884878569621e+01
-6.946281667855771502e-01
-2.827241018771904635e+01
-9.429549299736706303e+00
1.047373543644337701e+01
-2.001785515508768043e+01
-2.583878391169020006e+01
5.338674564448513138e+01
-1.373355889171870103e+01
-2.281799051529924327e+01
1.548017764792003703e+01
-1.000951699099184111e+01
3.097192498254008441e+01
-2.570185654728902591e+00
3.929867474574436415e+00
6.123244010437031193e+01
-7.054548202206717633e+00
-2.077987982446578030e+01
-2.443170258383304372e+01
-2.886473722445947487e+01
-1.938449618019126319e+01
1.539358694798551142e+01
1.537685243914302191e+01
1.267309680821803397e+01
4.165483558626283411e+01
1.864617673480353233e+00
1.185231578520810558e+01
-3.605070768682926996e+01
1.511543009756906031e+00
-1.057761348888723774e+01
-1.510349721380657684e+01
-1.968380739086796893e+00
1.912820385457990824e+01
2.166573928413112071e+01
-3.942906243680361911e-01
6.886040432682989376e+00
1.565625710279059213e+01
1.980882264974067652e+01
-1.385319719729031362e+01
-7.142795541311443230e+00
3.933130884469306920e-01
-1.310664972320802235e+01
-2.884229647265385665e+00
-2.036770353078884455e+01
4.501866929023265129e+01
3.646477714461281039e+01
-9.232606112376572582e+00
9.079110370036659106e+00
-2.631710848772977229e+00
-1.702124109376387651e+01
2.025805550682937550e+01
-5.403867644702188500e+00
2.267117157523523474e+01
-2.972851750940186122e+01
1.018675940731924356e+01
-5.613863200433229395e+00
-3.058455641170962735e+01
-1.382867242784629980e+01
1.516243947651982182e+01
-5.191305480729630517e+01
2.441768211938142485e+01
2.648931517766888533e+01
-5.673362814562587175e+00
-3.395468137575491596e+00
-1.780590860818080046e+00
1.421683332130339750e+01
-1.856118823043337329e+01
2.050118879036131503e+01
1.735044639326991955e+01
-5.588614248912432458e+01
-2.013044841597701406e+01
1.350671284005361272e+01
-4.859738822710767181e+00
2.467780085234819154e+01
-3.622295899088970828e+01
-3.015121280326411579e+00
-2.379653305772346883e+01
-7.312312171981683662e+01
4.372398786584797392e+01
-3.320939615511417742e+01
-3.480567772741780885e+01
5.068445933170409035e+00
7.374004649964689406e+01
6.632704652983250071e-01
-1.599235369896501879e+01
-1.768960554172338107e+00
-3.107736308038141715e+00
-4.874170228024114238e+01
-3.482770079363280047e+01
4.660351728039496777e+01
-5.835667950593347086e+00
-2.143321153650778399e+01
2.807057477480725538e+01
-2.040005365135197479e+01
2.099838298774096756e+01
3.026140223336069823e+01
-3.248127190225636696e+01
-1.598518766334120755e+01
-1.975356158791154826e+01
-1.016762239946621094e+01
-1.004590668622812188e+01
-5.918383145326856720e+00
8.134075928135018785e+00
-1.942192837953619744e+01
1.614042049241244570e+01
3.295435646889796999e+01
-5.132517486619015301e+00
-1.156421537475247874e+01
8.283620693904111931e+00
3.183515362583167985e+01
2.968257237120405989e+01
5.541951455756191081e+00
-3.175373994489177676e+00
-4.958884841720205827e+00
-2.888438596234563249e+01
2.187858991840329281e+01
-1.272089518639513273e+01
1.131761286444663028e+01
-7.940022608382719227e+00
1.534598898898545372e+01
1.040505651457173997e+01
-4.580874245698623781e+01
-1.515100479312326343e+01
-4.469095465028492242e+01
-2.032158205898429060e+01
3.028790494339446582e+00
-9.780173114971148607e+00
1.857019452037523877e+01
-1.704563473694074105e+01
2.089967446713203003e+00
6.094765377154374164e+00
4.025535583695909736e+01
2.040697270327822821e+01
-1.718123579348267427e+01
-6.946916431853225049e-01
6.930859717646484341e+00
2.178481953029270812e+01
2.258864592838278895e-01
3.104950096344617805e+01
1.281401554160812850e+01
5.146854979724776058e+01
1.110057278331709085e+00
3.723763313088133486e+01
-1.534563451513344035e+01
-2.144975464527819753e+01
2.519521903973384269e+00
5.325991494167681140e+00
1.523644235428179172e+01
-8.061300769519846199e+00
-7.775678376090191080e+00
1.473184215394351426e+01
-2.755733894582598964e+01
-3.132707185929669436e+01
4.501153607163291781e+01
-3.370592358860847071e+00
-2.222525407785197160e+01
-2.302634724537796274e+00
-7.645180527274760607e+00
2.414314646247305518e+01
1.881980028252255011e+01
-1.144983205378923685e+01
4.636715066971390797e-01
-1.504335645393302912e+01
-2.004428990204206684e+01
-1.522176632164257626e+01
-5.492711821030253816e+01
3.006395644855786031e-02
-3.660082431012159532e+01
-3.164521129977414660e+01
-2.117984869378534540e+01
1.088272365525119767e+01
-2.073024094598861211e+01
1.312920469915547983e+01
-3.479156698817442361e+01
5.987573851135437053e-01
-2.353940788488531410e+01
4.846362510266260415e+00
6.389969275739375121e+00
1.895961036874680872e+01
-1.192023885520660542e+01
-9.099630149299400728e+00
1.678068897898443623e+01
3.368096922843220398e+01
1.865866870569504954e+01
4.713717964722604847e+00
-4.075998278059315538e+01
-9.640407482104535575e+00
-1.792040118651334524e+01
-3.434410506001006524e+01
2.296427004455199494e+01
-2.060126037141390043e+01
-1.877942414465167076e+00
-1.593311548377991471e+01
-5.666061323187926746e+01
2.941644983712694739e+01
-9.986908880552050505e+00
2.300824497608385855e+01
-4.058161808179386298e+01
3.829076393003629164e+01
2.091681936527294283e+00
-1.635572303817525963e+01
4.869482278228076666e+00
-1.183294738137468016e+01
-3.724501200165133241e+01
8.243563044740781720e+00
2.023074471053480750e+01
9.996459969144666502e-01
-2.059309814973374841e+01
-9.289311807323201720e+00
9.983039019961353233e+00
1.814992688564129253e+01
3.581452358042761830e+01
1.343118572777586905e+01
-1.321148032003696926e+01
5.420963028712135667e+01
1.363236725657276693e+01
2.412742207973751363e+01
-1.034847741147655142e+01
1.591420424712021031e+01
1.112601631818741055e+01
-3.522884756925665783e+01
-1.171941399967921882e+01
-2.322783032093005673e+01
-2.095475612265610721e+01
-6.857830302102115638e+00
-7.853018425518882850e+00
-2.395961747160549749e+01
-6.297865160162041320e+01
-1.640162258841252196e+01
7.111860427601129686e+00
5.170586005791449224e+00
7.891497845158724544e+00
2.634445835124674318e+01
7.984698607172699525e+00
1.845349426143545202e+01
-2.369131310628958431e+01
2.595707476545908321e+01
-2.582584722496733320e+01
-4.083830115030821162e+01
1.246789182262540407e+01
-2.451232831201872386e+01
-2.231612133473821302e+01
-9.008698452053900496e+01
-6.564713877753767690e+00
4.633195749233129845e+01
2.408573562745669250e+01
-5.807900564798899268e+00
-7.830036603691581831e+00
2.144306158126988748e+01
3.777792714910481209e+01
-2.364507966199534650e+01
-6.146933641602288390e+00
-1.932245828784454034e+01
-1.993852731194687067e+01
-1.748285178696014697e+01
7.206641003950075230e+00
4.020307957249545439e+01
-3.706469174032486080e+01
-3.188252024350248348e+01
1.871889188388877301e+00
-6.046225921636249723e+00
-7.625556773004671385e+00
-5.123536081685494992e+01
3.570929973907495025e+01
1.360340881133163293e+01
5.305962016249804236e+00
2.753355613723745421e+01
-1.862499853751763013e+01
1.760554340922459460e+01
1.581350498907210067e+01
2.092579874306352394e+00
-3.474355943643061551e+00
5.022178158666612546e+00
-8.972570491717796415e+00
2.880012016327447100e+01
-2.277612674600680975e+01
2.447656881255480243e+01
5.487460732889900328e+00
8.200639693880162895e+00
1.289739659740047273e+01
-4.938912862268722392e+01
4.763918072623312128e+00
-3.806496464187486595e+01
-2.784155782611861696e+01
-2.784328475167988870e+01
-2.836258533345440469e+01
3.006072664579164666e-01
9.515253629689084391e+00
2.829784749588648651e+01
4.920164377108967813e+00
8.160242720586680321e+00
-3.988607167964448763e+01
-1.451585040612864930e+01
1.934406351827452397e+01
-1.137601667746878320e+00
-4.029759937742483089e-02
-5.067447953561497798e+00
1.990640335118843041e+01
-5.186921696275399540e+01
6.419158564630130570e+00
1.153953650458555558e+01
2.455995669014360772e+01
2.102303437476101067e+01
-3.215424519999282893e+01
6.416670673527903546e+00
3.323900240715587984e+00
2.713794573804250376e+00
3.363421399011315316e+00
-1.071998189912579846e+01
-2.007954644228222207e+01
1.074734106951351009e+01
3.415026538648902488e+01
-2.815124916382728770e+00
6.596363763535094904e+00
9.625783490736296244e+00
-1.460195319401834979e+01
-1.543971662648223742e+01
-6.782221007166626237e+01
-2.099117290155508897e+01
-3.102015696439971748e+01
-3.813049808442002586e+00
-3.834818575360174009e+01
4.265597276024760731e+01
-1.779184068707166944e+01
-3.043920632808899995e+01
-8.787586801858140007e+01
3.776699789357803638e+01
7.570761572736529388e+00
3.438421653997451699e+00
-3.557445483216645243e+01
5.005943309875021896e+00
-1.128195223510938661e+01
-1.859737983110273873e+01
6.615453293227194109e+00
1.915941677568687851e+01
4.157669598389816201e+00
-1.206795880723456094e+01
-1.148655613415030530e-01
1.577615289349608929e+00
8.904682170384148776e+00
-3.611142845607550811e+01
4.096559747866692902e+01
-2.433598075498403546e+01
-1.698234902718468931e+01
-2.780894143268659491e+01
-5.906017818626865790e+01
5.105977897414533118e+00
-2.973405611418766625e+01
-1.082687661417650560e+01
1.852063495917428781e+01
-1.469445164278516813e+01
-2.012664355716708542e+00
-6.678718376878634899e+00
-1.141648541159486285e+01
1.808773021315886353e+00
3.079855894938108918e+01
-2.857353153112482147e+01
5.651470991916829689e+01
-1.284866303163315138e+01
1.899222085910594160e+01
-7.816099659816693190e+00
6.477417950544143821e+00
-6.172276811086589987e+00
2.491403665718502225e+01
3.481948851341016393e+01
1.086951574717690505e+01
2.618089135874264173e+01
-2.018892500981149851e+01
-3.735020825354112617e+00
-1.268513067967472807e+01
3.891817575656716599e+01
3.268232578457082127e+01
2.468077149139634230e+01
-8.748877573850450062e+00
-1.579367283116548037e+01
1.411805257449861983e+01
-1.592902782433876041e+01
-7.043701057444593516e+00
-3.290064183584924251e+00
-1.676812250170060281e+01
2.820757449021907348e+01
-4.688528378798309859e+00
2.152669994766191763e+01
1.108335661037389031e+01
9.806372033975584657e+00
-1.877466604553466567e+01
1.504748441075686571e+01
-1.035361779714082786e+01
-6.657855248734080078e+00
-1.769644199971310172e+00
-2.730996749468175722e+01
4.231317297240383368e+01
-1.512953533228402669e+01
-1.780153614383863214e+00
1.262637514849309639e+01
1.089679840436485847e+01
4.205671689874915842e+01
-9.817938399482954992e+00
4.275498049485460683e+01
3.837238974764483146e+01
-5.316473849107194383e+01
2.883791039519763899e+00
-1.052176501112916185e+01
8.857151438103244345e+00
3.341159622834254606e+00
1.128364032161260866e+01
3.537144526085990037e+01
5.537315916313325204e+01
-4.261981078901121123e+01
4.290406672509334385e+01
-5.553934011856740938e+01
-4.607580799800116012e+01
-8.197017119516502248e+00
6.250070252178829833e-02
4.135613833771677150e+01
2.028284803334497610e+01
-6.834741465664563975e+00
-5.059282956261584729e+01
4.002779122857906913e+01
-2.370617111857154669e+01
1.033887576393112795e+00
-4.024824970708664296e+00
7.146843652992180296e+01
-1.438012019595382185e+01
-6.054894512554540142e+01
1.778586005358670263e+01
-9.229666689720028216e+01
6.544115927215273132e+00
-2.070975570110306307e+01
-1.042795338206384415e+01
-1.539721529220044260e+01
-3.316960207464342147e+01
2.170019460116197507e+01
-2.153998723736751231e+01
-6.655840815758551798e+00
-4.474375334903720614e+01
-2.484431234704175040e+00
-2.965744895734034969e+01
-4.230804566582429516e+01
-6.444034348446524518e+01
5.202247598374725612e+00
-2.018237368191822156e+01
3.533161865225338261e+00
-7.983541082421481860e+00
-4.608883568112679541e+01
-3.685354694299000755e+01
-3.093706332088112276e+01
-3.213668234921124167e+01
3.022325542499104500e+01
2.918636349409467812e+00
-2.825859557642787934e+01
-1.230609024657127293e+01
-1.394478401291135583e+01
2.281775755063932110e+01
-1.764638241582926170e+01
-4.347453501628841366e+00
-1.589933350838424531e+01
-2.030904086490436100e+01
-2.293642774388909800e+01
2.097269939548660034e+01
-8.787465480270356011e+00
-5.248702814829078989e+01
4.375407659484594092e+01
2.498226049599785625e+01
1.497382326427384669e+00
-4.429209210255891094e+01
-4.248969750415392355e+01
3.936786222576017735e+00
4.152996358562859314e-01
-1.799166480042015337e+01
-2.599693417872962442e+01
1.782630683133584171e+01
-3.146809822797308698e+00
1.494945818048165620e+01
2.777835561152005539e+01
1.804783232220856348e+01
1.810744432318250574e+01
1.355148733757217272e+01
-1.187073978158770160e+01
-8.460847571095868602e+00
-1.230254170179656370e+01
-2.084129336900616636e+01
-2.429086263129516965e+01
-3.615932908658437839e+01
-2.113500777512451378e+01
-5.789977269530382387e+00
-4.362221105495518714e+01
-8.124548047012353891e+00
2.069375897436804479e+01
-4.483518289462813300e+01
1.692050083237715796e+01
1.525450135876923241e+01
-4.081094177511118914e+01
-3.220696526643220636e+01
-9.750642410083713685e+00
9.964507802184201068e+00
-2.236867609050545980e+01
4.109733832512281992e+01
3.648462501823485127e+01
-4.390048439777535805e+01
2.540323237973950654e+01
1.976276246864844666e+01
4.986040423578003811e+00
1.230508072761350036e+01
-2.432308942864203516e+01
-7.440400203186158024e+00
4.719170698980519774e+00
1.092987379480288723e+01
2.404963770909053267e+01
-2.917954815351080100e+01
-3.425416576493034881e+00
8.514321889055295856e+00
3.038362389212721837e+00
-1.697102533681227499e+01
1.241765073760810623e+01
-1.453272465872939279e+01
-1.165525708580216246e+01
6.492632452339535121e-01
-3.461005659914879118e+01
1.681553744026352604e+00
-9.575209080092520253e+00
-7.884921924650626579e+00
4.803915609465207126e+00
-3.089035051788633268e+01
3.374887178854692138e+01
-1.433445555768136614e+01
-7.590248332523873387e+01
-4.860116408270803845e+01
2.106205053436791275e+01
-2.302695088010449354e+01
-1.074040138775882269e+01
-1.495882520039261010e+01
-1.043557519285772628e+01
-5.740350193631741149e+01
-3.582068069838840074e+00
-3.545615408666697022e+01
-1.959932449195599702e+01
1.210035043862436055e+01
4.479012850316414074e+01
1.597939073201345650e+00
-5.488380799245504704e-01
3.392580483815848424e+01
-3.154792502940998133e+01
1.817664824488338837e+01
4.326501478164203718e+00
-2.714315748810662399e+01
-1.453046363237629635e+01
1.268600850494135557e+01
3.587957315805851977e-01
6.929034474470448401e+00
5.899557954322403930e+00
-1.349668178117266848e+01
-1.844193257638073646e+01
-2.844663893465195770e+01
2.807369414283840570e+01
-3.676438985378100455e+01
-2.728861852992797310e+01
7.118742593561705689e+00
-4.956277503833592846e+01
1.281705962241221641e+01
3.651009379650406572e+01
-4.149564641901882567e+00
6.636790404806944821e+00
-1.640551146153768514e+01
-1.252899306579055860e+01
5.950090429676720305e+00
2.166483973698163723e+01
-2.211656340994641567e+01
1.537957040138594778e+01
-6.046061400581720591e+00
1.753209011386815064e+00
1.319735853891364741e+01
8.504153316601730239e+00
-7.329009150268390727e+00
1.538389157766459903e-01
1.093768641411099907e+01
1.627486495367156749e+01
-4.090785357281410484e+01
1.828368033079186716e+00
2.937924912289413726e+01
-5.262118088188140064e+01
1.732155932920593244e+01
-6.647133155949462946e+01
-6.135753712096859047e+00
-8.448406828927957690e+00
-2.936847396548728284e+00
-6.923378239336557272e+00
-1.435660585898423847e+01
-5.426324957576014185e+00
6.842867067116188196e+00
-1.516131025620331485e+01
6.872020387597657987e+00
4.992830487952940643e+01
-3.453087404389157200e+01
-1.506526084999376280e+01
2.267770915897978057e+01
1.367170530671896245e+01
2.491097081852277029e+01
1.199837995224241638e+01
1.202576654723237937e+01
-9.148099148641534839e+00
-2.796688698330957834e+01
-2.574824128058656925e+01
-1.539097120476682079e+01
2.654329389401340222e+00
-2.402946323179133969e+01
-7.945763374461634498e+00
4.155548532080217683e+00
1.356209513801678668e+01
-5.805925611025056554e+00
3.395744580889332553e+01
-3.294983009508246141e+01
-2.223562667808693050e+00
-1.781299316966384438e+00
1.567913319770939040e+01
-2.237000005283360338e+01
-1.416312999421410268e+01
1.068742188836275808e+01
2.560085224932650760e+01
4.249624097750393048e+01
1.817874188052741147e+01
2.380013482563052207e+01
-1.589112632186944296e+01
3.581419842232565998e+01
3.757623611093470117e+01
-1.443504985116817352e+00
1.942824613200872363e+01
2.145758824694172517e+01
-1.336180612719520866e+01
4.824175896766206506e+00
3.450554328187052988e+01
-1.370628525040228851e+01
-5.189180280326581851e+00
-3.427269851800984668e+01
1.350550365820078014e+01
-7.285353661069407849e+00
1.121838353248000431e+01
3.336331133760111811e+00
-2.262321291126691847e+01
2.588902038978159226e+01
2.277795048035903847e+01
-1.527167892484965250e+01
1.080691567020561905e+01
-3.465310853803987357e+01
-3.017366985930332390e+01
1.407078019013022185e+01
-3.869907440729230075e+01
-1.747697470366898642e+01
2.941112706940771204e+00
4.694675361115695722e+01
-1.443696819443621848e+01
-6.949979295600115847e+00
-1.022802093119847200e+01
6.363029098508758352e+01
7.954867498322613528e+00
-2.443851213709172043e+01
4.018085463555513570e+01
3.558163991982120677e+01
1.784127635035181925e+01
4.263706326352092901e+01
4.874410642008061956e+01
-4.247262295496174289e+00
-1.572475481358134175e+01
-1.644563984120122768e+01
1.636481097300358556e+01
2.128575349822341423e+01
-3.892716416457631112e+00
-1.312136943417615953e+01
-3.462439376680295311e+01
-1.431712493749762416e+01
-2.561446982852339715e+01
1.708836902608616981e+01
9.680934706522123179e+00
3.613780731655521095e+01
4.218496993529811334e+00
-1.334779225061186025e+01
-4.809069700252910806e+00
2.239100628184360176e+01
7.075732014841094042e+00
3.088390060962035477e+01
3.159444589847572615e+01
-6.844762462771171840e+00
-6.093592147707539652e+00
-5.693976940687474553e+01
2.868543969420838380e+01
-6.763194606156730515e-01
3.069461811283895258e+01
-1.228979139805070986e+01
-3.538628004705070396e+01
1.193471681548263064e+01
4.129365720675355078e+01
-1.483561667798409189e+01
3.743496529747051227e+01
-4.121828032696886623e+01
-1.305055947609437794e+01
-4.603064433242224140e+01
1.080769714754814004e+01
4.581939914477175080e+00
3.068297481262561632e+00
-3.518307099888454559e+01
5.124894626412969956e+01
3.066741897296367370e+01
4.967226892429664531e+00
-2.917383771754225563e+01
1.224144980256434678e+01
-1.318468463850875594e+01
-7.005205387022442665e+00
-1.353766708010613229e+01
1.037373843665726980e+01
-8.161202692160856031e+00
-1.139188589784453143e+01
1.176895893255709780e+01
1.464053020377799896e+01
-4.845477913520886659e+01
1.121502137878448480e+01
3.813432737813239726e+01
2.271136918652302938e+01
-5.934007854320227260e+00
8.629965733954705343e-01
-1.982968395557458052e+01
3.278633290198479244e+01
8.765087037931664327e+00
-2.347178195394064915e+00
-4.194684016748567501e+00
6.037183905014038032e+01
-1.814160717407673928e+00
1.380512023804951127e+01
4.212455295303335845e+01
5.428890820763989922e+01
3.505364013420495439e+01
2.287649080293417114e+01
-3.744825233585578417e+01
-2.555806428729277968e+01
1.943673918334893358e+01
3.908419624506336731e+00
1.783536390765559076e+01
8.935401043943741684e+00
3.464353953528367924e+01
-4.363563796831653008e+01
-2.747958097205304284e+01
-6.489288300811438148e+00
-4.817822315159294533e+01
1.075014684634423645e+01
2.478685417341989705e+01
3.821113442768137247e+00
-1.247786095257350780e+01
1.304023775604696311e+01
7.772797559211005591e+01
1.739499146326397749e+01
8.884586031817320873e+00
-2.644161474556403846e+01
-3.370576327193492716e+01
-8.240210882962450967e+00
1.857479546410615967e+01
-3.368231637597148165e+00
1.335279071243339644e+01
1.961433514548309631e+01
-3.213570973439422573e+01
1.470215326633280029e+01
2.482260002197438098e+01
3.173174660228073662e+01
-3.713112397987373470e+00
2.630972483888513125e+00
-5.629257004705507939e+00
-2.716581320989979531e+01
-3.902092288491178351e+01
4.464925929645807656e+01
-4.363353421864005099e+00
-3.105648388879943411e+01
3.044944688804378075e+00
-1.456289062932592060e+01
5.096472463964761346e+01
-1.306627134607623475e+01
-2.012281825495267640e+01
1.952270004817796689e+01
-9.224067914270762003e+00
2.503255780287508969e+01
7.273365369350131004e-01
5.456679186674051607e+01
2.959156627207806523e+01
2.246440828361642161e+00
-2.090280471153350561e+01
1.543504627670006357e+01
-3.026680042356566958e+01
-4.885222166886151740e+00
3.441180667795846659e+01
-1.569259928922946301e+01
-2.519402009327805558e+01
-1.358355640213596871e+01
2.807595480027362100e+01
7.101788420016021064e+00
-4.653852046585714675e+01
1.869030102001121918e+01
5.244805100429005051e+00
5.191126344820787608e+00
-2.823581071264300135e+01
1.645937299282138611e+00
1.897194801461496638e+01
2.690964824178780646e+01
3.697121087031261766e+01
1.624075733185378212e+01
2.224515754953998226e+00
-3.034395018522511123e+01
-2.621655515846563844e+01
-3.876424905682752353e+01
-7.382912105185880591e+00
1.781027392916251983e+01
-1.397064118740168226e+00
2.879235451414996305e+01
-1.837212017648005258e+01
9.207123003934668759e+00
-9.777076072790237049e+00
-1.675815441820644836e+01
3.433278018220616445e+01
3.959271810055611240e+00
3.532251122034597302e+01
2.702664911769716127e+00
1.250668107209125068e+01
-1.003800452011748234e+01
3.410676551901102016e+01
-9.327780044534620174e+00
3.385297926812649294e-01
-4.385461145179456821e+01
-5.384199955932160719e+00
4.015780786782465839e+01
3.593262992507425224e+01
1.508977806174451786e+01
-9.300941599701502582e+00
3.090630861765774284e+00
-1.176472981076541657e+01
-7.783590977364781338e+00
5.191617889593865698e+01
2.791396077874878756e+00
-1.475289097715557318e+01
-6.092437424560829129e+01
-2.671411904098718537e+01
-2.158174636683708059e+01
-3.606078164263999497e+01
-3.267942884612176613e+01
-3.890729397807555756e+01
-2.580922807305187661e+01
-1.786662141061935927e+01
-2.778169975338536801e+01
2.637590108349919404e+01
-1.169638217711764128e+01
-4.974695714071862085e+01
2.263814211082123506e+01
-1.715740311296182341e+01
-4.567762031447384174e+01
5.466717183375909883e+01
-1.464160455598108257e+01
9.650753512431862191e+00
2.256326211358830847e+01
5.067097638085556355e+00
1.495386736241030690e+01
1.809213777889809194e+00
1.117581544690526840e-01
-8.349118408274264880e+00
-4.247673562273050152e+01
6.704016229222872880e+00
-7.019503997769169246e+01
3.995983447949384981e+01
-2.398508583578509956e+01
-9.936761644209667566e+00
-1.025307777786235874e+01
8.473524427814403737e+00
-9.630705083939801625e+00
1.524025931320301197e+01
-3.115851571494020789e+01
2.021730010787578635e+01
2.433250633183849487e+01
5.916765307323061052e+00
6.450600884178470551e+00
1.219320221041427033e+01
5.120665153721688512e+00
1.559997032338625900e+01
-4.500500775909557660e+00
-3.963951066103791732e+01
5.426589159031237841e+00
-1.404550081932080730e+01
-3.054837244689309728e+00
3.117741504421223908e+01
-4.537630742292590469e+01
8.055641682525731539e-01
1.172838344192427940e+00
5.159316330289271946e+00
1.770881477455860420e+01
-6.894653108279015896e+00
4.693984991646652816e+01
2.488957329385311823e+01
-8.683098172619345689e+00
-4.285739503588985144e+00
2.135670006872913973e+00
4.352438212674434226e+01
-2.991094495086491634e+01
-5.824381544388040766e+01
1.743118828215401095e+01
-6.886458804180634274e+00
-9.461498462749048599e+00
9.374964377235841084e+00
4.303647835873155714e+01
2.511036374648787728e+01
-9.088165580697364021e+00
-2.976941831049498433e+01
-4.836279679006167953e+00
1.600254940490899003e+01
-8.675885645314565409e+00
-4.225976669603630853e+01
-3.447416992063111252e+00
-5.407607991214636911e+01
-2.875930376163907454e+01
4.660108776326333668e+01
-2.957653583295223143e+01
-3.880630587208037241e+01
-2.929697202196973649e+01
-2.098218336538087669e+01
2.055804653463133036e+01
4.790121989933723512e+01
-3.751523505369476652e+00
1.471387457507572094e+01
-1.206771760968106832e+01
-3.952872120368688513e+01
2.676200303517765633e+01
-2.686847228816299094e+01
1.487415578133291660e+01
1.818399024899177618e+01
-6.062421228523930949e+00
2.154210568084684496e+01
2.346154483371094557e+01
6.469665421712483067e+01
-6.788341053762962929e+00
-2.949621016209921720e+01
-3.586758252371282651e+01
-9.757971700426679718e+00
-1.913467414917632681e+01
5.393411970207182549e+01
-2.503325984189515907e+01
6.564823381086505094e+00
2.785067465595005842e+00
-1.255377173380311007e+01
-4.846895441909646252e+01
-3.585480673031099741e+00
5.628119775666382907e+01
9.911552799124173418e+00
4.291671830577115543e+00
-3.297354791255943951e+01
-3.279140202344774480e+01
-8.032367951914480386e+00
2.624569074519359901e+01
-1.453732082358953903e+01
5.872009964651471137e+01
-2.764323207279269923e+01
1.073938440355321688e+01
-7.833329689311824495e+00
-3.701598812836380148e+01
2.486142315781933121e+00
-2.929355959560064093e+01
-4.219691533867239741e+01
6.337017153220983801e+00
1.083397796564909754e+00
2.985591728277587720e+01
1.350399961206866095e+01
-1.920165361705067752e+01
1.232458515347070716e+01
-4.998472930848139129e+01
-2.733917620912808388e+01
5.100365818187713529e+01
4.706646765642894081e+00
-6.042324026530593528e+00
-1.700402905196784786e+01
-2.497031571716036069e+00
-5.642222906615415923e+00
5.090038534629945843e+01
2.379536433773202475e+01
-6.748986543776879898e+00
-2.005823562725026932e+00
-2.247372171921166029e+01
-8.968374045244843273e+00
-3.598642017430344708e+01
2.824847397446421127e+01
4.000965977835932108e+00
5.881973443517495070e+00
1.022903923728883058e+01
-4.595496879440030824e+00
-1.175400569562160236e+01
3.076129653490995430e+00
-6.184265168313680761e+01
-8.852650284136501568e+00
-5.861819334312514229e+00
-4.413529267794686461e+00
2.754360427042286119e+01
3.715197772209062776e+01
9.875503540509328104e+00
-5.439582777784592338e+01
3.555556160356138662e+01
-1.225594307716417575e+01
-2.139894330829190494e+01
-4.983666539134938489e+01
-1.720916434373638992e+01
3.548550140553089705e+01
1.747685530173765756e+01
5.799633281712715416e+00
1.925661598330592028e+01
-3.332722782604275835e+01
-2.659366157693473554e+01
3.226103742073794933e+01
2.224249681012031488e+01
2.744986279161031462e+01
2.793766041447909743e+00
4.844757829449605424e+00
3.114542786331369939e+01
5.518556245546596983e+01
-1.192754299002755403e+01
2.202317671837283797e+01
-1.477884467658390122e+01
-2.505907462225517435e+01
-1.980504438367719899e+01
-1.989890838162725117e+01
-8.262256109356712841e+00
-2.715676062758350895e+01
-1.119671459075584607e+01
-7.752976843091293802e+01
1.937297246969609432e+01
1.266932420263661285e+01
-2.694899284818980334e+00
-2.218843455002314613e+01
-1.057493007083746761e+01
-3.135592853685383830e+01
5.620970266961364814e+00
4.602223087269365465e+01
-1.258314022712806945e+01
-9.647929923557313714e+00
1.196623676652046697e+01
-2.917245570115723652e+01
4.835473833909221497e+01
8.403345970775419005e+00
7.918799744207774438e+00
2.827313604532307068e+01
-1.436257410781394128e+00
3.196440842280992456e+01
1.079567795458133617e+01
-2.245580580818739236e+00
4.695747254346230193e+00
-3.637649767297403969e+00
3.781199084660414655e+01
4.908229414174314797e+00
1.037846949008061870e+01
-6.630305830241155718e+00
8.011465372502456717e+00
-5.264186785997526385e+01
-2.011316525677813161e+01
-2.781473279975864443e+01
2.707965909422182449e+01
-1.826700174266943577e+01
-3.423904853369708690e+01
3.302219682487196906e+01
-6.959567024111066758e+00
2.311709235301901799e+01
-5.139744221802345692e+01
1.060828549685419020e+01
2.955489789686041036e+00
3.469936084907260465e+00
-6.625081302351418344e+00
-4.142228437444373412e+00
2.893739038729132673e+01
1.050969660870720190e+00
-2.891871150490987930e+01
-1.069139984638309215e+01
1.254821552649350735e+01
-6.556300586816047371e+01
-5.015046130890656428e+01
7.388642608730151551e-01
7.994603950378007085e+00
-2.678285651837475712e+01
-1.089939873013520355e+00
5.989803136227743607e+01
1.597154111279758126e+01
-3.065234443402886200e+01
5.321942131054612446e+00
-5.277706909915480082e+00
7.125013098057159766e+00
-2.025394397194756380e+01
1.252305689745300299e+01
1.496390798628806351e+01
-3.945868896260975589e+00
6.348946579247626687e+01
-4.497625648560841682e+00
-1.798503836091566654e+01
1.358028914201781845e+01
2.441702987840778860e+01
-1.923853350664313666e+01
-1.031583269132511305e+00
5.567935964353540612e+01
-1.584741744991561063e+00
3.336806964111406160e+01
8.323344461309289954e+00
-3.983078458576009950e+00
-1.287552479617636436e+01
2.967431106670966301e+01
-3.178772669832208919e+01
-6.144417907237027521e-01
-1.034519116025171570e+01
-2.258299727651781552e+01
8.509391813081787603e+00
1.509518913627847780e+01
2.449823741359693940e+00
-2.455262954294425981e-01
-2.260578203432038435e+01
9.201977905221752962e+00
-1.868015193830984799e+00
-1.287678507072800471e+01
-1.145903495204847644e+01
9.408934789050761083e+00
-2.132628571404040940e+00
-2.149559326909420065e+01
-6.195661731918036708e+01
5.912754793405653686e+00
1.097423737291194357e+01
-2.755112371974070129e+01
-1.356298458946838537e+01
4.699800257242958423e+01
6.367576002672620916e+00
2.244583380040739939e+01
4.906188012362065365e+00
2.264335631893987966e+01
3.251497518876732329e+00
-2.214915591015957830e+01
-6.165639878310571476e+00
3.088461404253308729e+00
1.788456162974449626e+01
4.288671995041374885e+01
2.795805080699599898e+01
1.720297046255637952e+00
9.678635089492360066e+00
3.443946491005684152e+01
1.502019768133772004e+01
-3.942663324469523900e+01
-1.567645036778736767e+01
6.377515011770668707e+00
4.846961319295587600e+00
1.401620733274780406e+01
-2.945455313648022866e+01
3.989430526304239777e+00
2.458019889414063641e+01
2.719446691039785691e+01
-2.443437502595728006e+01
1.741170510774736613e-02
-1.273324679042048047e+00
-9.700196687881316393e+00
-1.613946192944470681e+01
-8.788839973645906412e+00
-4.986969380034054211e+00
5.742928611525087490e+00
2.405154462443397279e+01
-1.755567064401317623e+01
4.601810038468278208e+01
1.866201444665341569e+01
1.526654502046540074e+01
2.015184469107423126e+01
1.542104157233598016e+01
2.065221656705965003e+01
3.112629850058716841e+01
-2.591388447512754567e+01
3.541386971538183559e+01
-6.489164804184895274e+01
1.801838961040180820e+01
-6.080394478549479231e+01
4.744273744702491058e+01
4.289612079370749598e+01
-5.336468610188120465e+00
-2.739831004943039261e+01
-2.413593872333115087e+01
-3.129681236437312464e+01
-3.604421670552173396e+01
3.217650082765163688e+01
2.393849438380634354e+01
1.360062996380450784e+01
1.611188587179356091e+01
2.538666804997075133e+01
-2.228498645181662141e+01
-1.006382841784750326e+01
3.137723962166661806e+01
-7.435390770775271108e+00
3.035360754793465787e+01
4.237389514958560710e+01
-3.272738871306291486e+00
-4.165640823611039423e+01
2.847560607461844029e+00
-1.441278603496908062e+00
-5.811378565717177480e+00
5.599518474147657798e-02
-3.709020109029643208e+01
-7.156059708002473485e+00
5.057121039674500551e+00
7.558756231573624973e+00
2.779250316420680633e+01
-2.427937143254230534e+01
3.170820721689949551e+01
-2.269978016880834559e+01
1.460382471183490338e+01
2.298984295755581542e+01
