-3.439834874999999670e+01
-2.010065710000000117e+00
-7.097814770000000273e+00
2.387554759000000004e+01
-1.183265160000000016e+01
-9.144792179999999604e+00
-2.385101702000000046e+01
-4.990882146999999947e+01
-2.134176907000000156e+01
-2.245186740000000114e+01
-2.083327492000000092e+01
4.224499960000000165e+00
1.980576579999999920e+00
-1.041328239999999905e+00
1.709443810000000008e+00
2.630814468000000161e+01
-1.013402347000000070e+01
-7.175795810000000330e+00
1.163828881000000059e+01
-6.145484831000000270e+01
3.079154082999999886e+01
-1.323484447000000053e+01
-2.382425640000000122e+00
-5.560973439999999712e+00
-9.846140700000000079e-01
-2.126418909999999940e+00
4.765478891000000061e+01
-1.490439057999999939e+01
-3.988162580000000013e+00
-3.012429669999999859e+01
3.897319802999999894e+01
-4.335116700000000378e+00
-2.118541405999999938e+01
1.115979023999999953e+01
-2.041325290000000070e+00
1.289135648000000067e+01
-5.524744600000000005e-01
2.742048769999999802e+00
1.875883012999999977e+01
-5.423912717000000328e+01
3.021020383999999837e+01
8.071767550000000568e+00
-6.202282720000000360e+00
-1.735935745000000097e+01
6.845612230000000409e+00
-1.086451555000000013e+01
2.468220557000000071e+01
1.975267844000000039e+01
-1.274284319999999937e+01
-1.624415813999999969e+01
-1.716102448999999908e+01
-2.063594030000000146e+01
1.045038961000000022e+01
-2.687089193999999992e+01
8.222774709999999487e+00
3.435492752999999766e+01
3.956998734999999812e+01
1.845498725999999934e+01
8.240746910000000369e+00
1.719616302000000019e+01
5.050637062999999927e+01
8.538926740000000848e+00
-2.962289648999999869e+01
-6.000899529999999871e+00
-1.396347571999999992e+01
3.300704372999999947e+01
-3.910459717999999896e+01
-3.408368858000000046e+01
-1.733373136999999886e+01
-9.704139650000000117e+00
-2.225308041999999986e+01
1.558813913999999912e+01
5.140008779999999611e+00
7.759714520000000171e+00
-2.149866261000000023e+01
-1.881758493999999970e+01
-3.246718075999999797e+01
1.790475297000000054e+01
-1.861582004999999995e+01
1.679253835000000095e+01
-5.359492669999999848e+00
-1.477961419000000021e+01
-2.848419442999999873e+01
-8.459436609999999135e+00
-6.050976350000000004e+00
-6.828837980000000307e+00
2.219813830000000010e+01
4.157560548000000011e+01
-2.445055091000000047e+01
-4.264517785000000316e+01
-1.070293861999999940e+01
5.904883180000000209e+01
-3.221753764000000331e+01
1.779335183999999970e+01
-6.466744259999999578e+00
-3.315324087999999847e+01
1.369849750000000022e+01
1.944071665999999965e+01
-9.602087250000000296e+00
1.823723741999999959e+01
-1.334733744999999949e+01
-3.103047850000000096e+01
5.213371735999999856e+01
2.485819491999999897e+01
1.409436552999999925e+01
7.826206860000000098e+00
1.485451233999999943e+01
4.490102413000000325e+01
-1.465400415999999950e+01
3.335291400000000017e+00
-7.518272260000000529e+01
8.739353109999999702e+00
-3.683936915999999684e+01
7.723143160000000229e+00
1.212501907000000045e+01
-1.983269461000000078e+01
-2.815377193999999861e+01
1.216317780000000015e+00
-1.674827111999999829e+01
2.119879308999999878e+01
-2.762272597999999846e+01
-3.039633400000000041e+00
-1.999855254999999943e+01
-1.941474410000000095e+00
1.076754629999999935e+00
1.236648332000000039e+01
4.369033700000000131e-01
-2.878112139999999819e+00
3.537046233000000228e+01
5.010512995999999930e+01
2.705403588000000070e+01
3.915080838000000085e+01
-6.432376750000000420e+00
5.551896679999999584e+00
2.925023154000000147e+01
-5.357775700000000363e-01
-4.185731380000000001e+01
-2.242061710000000119e+01
-2.791128459999999833e+01
-1.524803164999999971e+01
1.578179103000000083e+01
-6.541198636000000022e+01
-9.226094820000000141e+00
2.440483698999999973e+01
-2.063801215000000155e+01
-1.718999167000000128e+01
3.282510067999999848e+01
2.451015400000000000e+01
-1.824362053000000117e+01
1.528156536000000010e+01
-1.398339342999999957e+01
1.880356464000000116e+01
1.836125369999999979e+00
7.322570380000000156e+00
-4.702173581000000269e+01
-2.607414328000000125e+01
-4.767360980000000303e+00
-8.863827399999999468e-01
-2.249526894999999982e+01
5.991065538000000146e+01
-9.631230770000000163e+00
-1.780677881000000085e+01
1.960518423999999982e+01
-2.532435416999999944e+01
-2.016521313999999876e+01
1.801942255000000159e+01
7.052582819999999586e+00
8.467046119999999121e+00
8.649517030000000162e+00
-6.086018919999999888e+00
8.822811890000000545e+00
3.213768638999999894e+01
-1.459938159000000013e+01
1.057814516000000005e+01
5.015355320999999833e+01
1.801535069999999905e+01
-4.174278260000000351e+00
-1.128357738000000055e+01
8.581600495000000706e+01
-1.173808711000000038e+01
2.065772276999999946e+01
1.425277904000000007e+01
1.624872325999999845e+01
4.872937158999999951e+01
2.642428822000000110e+01
-1.489862859999999900e+00
1.334608030999999961e+01
2.705566248999999956e+01
1.984009298999999871e+01
-3.206276395999999806e+01
5.194326611000000327e+01
-4.623509367999999853e+01
-6.795243339999999854e+00
3.034824067999999997e+01
8.233996380000000670e+00
4.146056399999999975e+00
1.563210188000000045e+01
1.236790097999999993e+01
1.897937265999999923e+01
-3.449426624000000174e+01
2.208002909999999819e+00
-1.466350139000000041e+01
-3.698677689999999796e+00
-2.464954590000000056e+00
-5.892803770000000441e+00
-3.160829039999999868e+00
4.616703920999999866e+01
-4.683318930000000435e+00
-1.431426298000000052e+01
-1.436392169999999968e+00
7.156560879999999791e+00
-3.283693813000000006e+01
-2.816638629999999921e+01
-1.999304864999999864e+01
-3.405828987999999669e+01
-8.811842640000000060e+00
-2.299955074000000010e+01
1.005207498000000044e+01
7.045172600000000340e-01
-6.880750319999999753e+00
-4.550938300000000325e+00
3.165480510000000081e+00
-8.092492619999999803e+00
3.752331036000000353e+01
-4.762742822999999959e+01
-8.355420240000000831e+00
-7.448403589999999852e+00
8.784340229999999750e+00
1.240895279999999978e+01
-2.588714553999999879e+01
-8.376093600000000805e+00
2.364945915999999926e+01
-1.107503205000000079e+01
8.755427499999999696e+00
1.877886538999999999e+01
-1.612018109999999949e+00
6.138223624999999828e+01
-7.709454860000000131e+00
-1.743166298999999952e+01
1.775739430000000008e+00
-1.350406480000000009e+01
3.006089954999999847e+01
-2.327698784000000032e+01
6.673788380000000409e+00
3.125166272999999961e+01
-6.972415780000000396e+00
6.507127327000000605e+01
7.043895086999999933e+01
-3.650538418000000007e+01
3.243160560999999831e+01
1.194843758999999928e+01
-3.062662311000000059e+01
9.132247270000000583e+00
2.308839945000000071e+01
2.360991106999999900e+01
1.278055299999999894e+00
9.304891969999999901e+00
4.091387989999999775e+01
-1.290620797000000053e+01
7.860953910000000100e+00
3.949619985999999727e+01
-2.035106172000000058e+01
-1.093088355999999983e+01
3.074892209000000065e+01
1.578570801000000046e+01
4.160809334000000348e+01
1.655495829999999913e+01
5.940466550000000012e+00
1.465988227999999971e+01
2.223154050000000126e+01
-2.942421960000000070e+01
3.743374719999999822e+00
1.356281010000000009e+01
6.383107800000000331e+00
1.298752479000000015e+01
-3.361971430999999910e+01
1.758074002000000036e+01
-2.348182647999999872e+01
-1.829547119000000066e+01
1.172129076999999953e+01
-6.424898259999999972e+00
3.176180447999999856e+01
-9.199376060000000521e+00
1.651526902999999891e+01
1.779428569999999965e+01
4.268099544999999750e+01
2.996665799999999891e+01
2.678398244999999989e+01
-1.847903190000000029e+00
-4.580249069999999811e+00
-1.755642553999999933e+01
4.384477251999999936e+01
4.363077335999999917e+01
2.144172465000000116e+01
-1.379157982000000082e+01
2.733413230000000027e+01
-2.848876150000000163e+00
9.812500430000000051e+00
3.628201810000000194e+01
-6.584912400000000332e-01
-4.355739849999999969e+00
-1.107021055999999959e+01
-3.209960384000000033e+01
5.245681821000000156e+01
2.775494851999999923e+01
-3.278095232999999808e+01
-9.010029440000000278e+00
1.447108262999999972e+01
-5.481371290000000229e+00
3.484490328999999775e+01
6.897494540000000285e+00
4.390961403000000018e+01
1.905336313999999831e+01
-1.249151123999999946e+01
1.102111460999999970e+01
-3.434690090000000140e+00
-1.510698812000000046e+01
8.623742419999999242e+00
8.243365069999999406e+00
5.158965652999999918e+01
4.337010982999999698e+01
3.047580018000000024e+01
3.668107761000000266e+01
4.766495629999999650e+00
-1.425927974999999925e+01
7.866675650000000353e+00
-1.838222018000000091e+01
-2.950547866999999869e+01
-3.062000027999999929e+01
-1.715449720999999883e+01
-5.984663917999999683e+01
-1.917562961000000143e+01
-4.767499322999999833e+01
1.291696233999999954e+01
-2.549397498000000084e+01
2.559677907000000019e+01
-5.445982528999999772e+01
-1.639674933999999951e+01
2.360628296000000148e+01
1.152639029999999920e+01
-4.886521067000000329e+01
3.117644117000000037e+01
-1.423433896999999959e+01
2.961806302000000102e+01
-1.276495586999999965e+01
-4.314690386000000188e+01
7.886944459999999602e+00
-3.583321080999999708e+01
-4.134364180000000388e+00
-1.649197969999999902e+00
2.250339220000000040e+01
6.939244100000000515e+01
-2.375574410999999841e+01
-1.923294535000000138e+01
-2.298792919999999906e+00
-6.297698590000000429e+00
-4.445891817999999773e+01
-3.068328049999999863e+01
2.634075046999999969e+01
-1.170623570000000058e+01
1.114031555000000040e+01
-2.703604238000000137e+01
-9.030801110000000520e+00
-2.283325387000000006e+01
2.840684721999999951e+01
5.239572429999999947e+00
-1.228216813000000052e+01
-9.354910620000000065e+00
6.533802030000000372e+00
-4.493795549999999750e+00
2.374252192999999878e+01
-1.418812379999999962e+01
5.465361289999999705e+00
1.953820547000000118e+01
7.562997120000000351e+00
-1.168923614999999927e+01
8.468572733999999969e+01
3.237217309999999770e+01
2.327286870000000008e+00
5.638992570000000093e+00
-3.449593913999999728e+01
1.851915379000000073e+01
-4.208884420999999776e+01
-1.600179882000000120e+01
-3.029863874000000123e+01
-1.090711787999999949e+01
3.127476877999999871e+01
-3.121360456000000028e+01
1.317720199000000036e+01
-2.112454790000000138e+00
1.150067060000000030e+00
-1.977288741999999999e+01
-2.444569897999999952e+01
-3.091536560000000211e+00
-1.970822808000000137e+01
-1.089781520000000015e+01
-2.277395505000000142e+01
-5.124197770000000318e+00
-1.913345613999999983e+01
-2.766063026999999863e+01
1.150574785000000055e+01
-7.931958350000000380e+00
1.347596030999999961e+01
4.682620660000000434e+00
-4.194607744000000338e+01
-2.891796910000000054e+01
-2.512547632000000064e+01
1.785600747999999882e+01
-1.323961170000000021e+00
-3.415929364000000135e+01
3.245510758999999723e+01
-2.156017956999999896e+01
3.146980243999999871e+01
-1.742583623000000159e+01
-2.661668328000000017e+01
1.305764229000000043e+01
-3.741556320000000113e+01
-1.898256981000000110e+01
3.415143203000000227e+01
1.039577884999999924e+01
-2.418231902999999861e+01
2.989856810999999936e+01
-9.998383040000000221e+00
-2.093744815999999886e+01
-1.676197051999999843e+01
-2.760605306000000070e+01
1.526795865000000063e+01
-4.954874276999999694e+01
-4.367036676000000028e+01
-5.594958749999999981e+00
-1.658916921999999872e+01
-3.256835485999999946e+01
4.050406825000000310e+01
7.393298219000000415e+01
-1.518274360999999928e+01
-1.979653560000000034e+00
-3.340065981000000050e+01
3.612832352000000213e+01
1.123158306999999922e+01
-1.319575421000000048e+01
-2.008232471000000174e+01
8.123231999999999786e+00
-3.199041470999999959e+01
-9.761342380000000318e+00
-4.793994774000000092e+01
2.010276149999999973e+01
6.087351299999999910e+00
-9.582711499999999605e-01
-5.703043970000000407e+00
-2.205201132999999913e+01
-6.031263400000000274e+00
7.230578312000000096e+01
-1.011551724000000085e+01
-2.648787510000000012e+01
-3.852835363999999885e+01
7.686211359999999715e+00
-2.066824364000000003e+01
5.995248880000000113e+00
1.671584323000000083e+01
4.225077040000000395e+00
1.724027935999999883e+01
8.319226060000000089e+00
3.230361383000000330e+01
1.452948723999999991e+01
-1.929848390000000080e+01
2.641964292000000114e+01
1.926319743999999901e+01
6.824263570000000279e+00
2.340170944999999847e+01
-1.564430087000000036e+01
4.071203148000000027e+01
1.297606855999999986e+01
-1.748638207000000122e+01
-3.241295070000000056e+00
-9.960856039999999467e+00
1.130021664000000037e+01
-1.286094993999999936e+01
-4.337220720000000362e+00
-7.062317150000000154e+00
4.467156254999999732e+01
3.046128002000000023e+01
-3.583244049000000331e+01
-4.475932600000000150e+00
-2.914027176000000097e+01
-8.016119559999999922e+00
-1.302311043999999995e+01
4.727895509999999746e+00
-5.572544400000000175e-01
-1.585563385000000025e+01
9.354391820000000024e+00
-4.560547930000000250e+00
-5.186457569999999961e+00
4.753846004999999764e+01
7.968943969999999766e+00
-4.552652855000000187e+01
-2.190886757999999901e+01
5.284819860000000347e+01
1.504109197999999914e+01
-5.255263199999999912e+00
5.892688773999999796e+01
-8.917184549999999987e+00
-5.046789239999999843e+00
-4.442521250000000421e+00
8.530603010000000097e+00
1.718371356000000105e+01
2.419818799999999825e+00
1.600096462999999858e+01
-7.066274800000000411e+00
-1.938259027999999873e+01
-2.298800757000000061e+01
-2.645644894000000136e+01
2.273005786999999955e+01
7.138205440000000124e+00
2.104099086000000085e+01
7.677293360000000177e+00
4.922350252999999753e+01
1.029432858000000017e+01
-4.450079276000000306e+01
-1.891296544000000068e+01
3.396471140000000055e+00
-1.607493592999999876e+01
3.483346067000000090e+01
-7.667681599999999875e+00
9.273206169999999915e+00
2.906888522999999935e+01
-4.117067026000000141e+01
8.250913475000000119e+01
1.143457178999999968e+01
1.315056620999999915e+01
1.993082477000000097e+01
4.125294260000000435e+00
-2.429131999999999958e-01
1.934720791000000162e+01
-2.042544596999999840e+01
4.574826741999999768e+01
4.045919631000000294e+01
-2.299479011000000028e+01
8.847480490000000586e+00
3.857936543999999657e+01
-1.134573237000000034e+01
9.614897519999999531e+00
2.081260952999999958e+01
2.236844233000000060e+01
-4.211615048000000172e+01
-5.682297329999999924e+00
-1.692456552999999886e+01
-1.693393020000000027e+00
-4.371964779999999884e+00
9.316443500000000100e-01
-6.905095120000000364e+00
-1.750326730999999825e+01
7.244625929999999769e+00
3.800346639999999887e+00
2.924728121000000058e+01
-2.413244041000000095e+01
2.402275170000000060e+01
2.603937077000000144e+01
-6.910628789999999633e+00
4.494245733000000342e+01
-3.753557899999999847e+01
-5.684331903999999724e+01
-4.760211209999999582e+00
-4.375484189999999884e+00
-6.598297499999999927e-01
4.407580388000000227e+01
-2.715535950000000032e+00
2.359634936999999866e+01
2.959784724000000011e+01
2.060287111999999965e+01
-6.360962599999999689e+00
3.287790314000000080e+01
-8.762510109999999131e+00
-1.951993737000000095e+01
-2.259249176999999875e+01
5.959725350000000255e+00
1.950579220999999919e+01
-7.402146600000000243e-01
1.920814943999999969e+01
3.027489400000000219e-01
3.341789023999999841e+01
9.562172789999999978e+00
4.976699680000000292e+00
-2.102409880000000175e+00
1.776143141000000014e+01
2.067571869000000007e+01
9.500861450000000374e+00
-9.758139399999999908e-01
-3.029695570999999887e+01
1.603183960999999869e+01
1.046960149000000051e+01
1.959027735000000092e+01
1.550284470999999975e+01
1.990511545000000027e+01
-4.769537380000000049e+00
1.714258544000000128e+01
-1.478457590000000010e+01
-3.783642600000000078e-01
-2.985704361000000162e+01
-1.691759704000000042e+01
2.214596004999999934e+01
-4.963206571999999994e+01
1.462140377999999963e+01
8.743917100000000886e+00
4.570958680999999757e+01
-1.045294656999999994e+01
1.835670216999999838e+01
-5.480866579999999821e+00
-2.666449980999999880e+01
-3.744324352000000289e+01
-6.423133230000000360e+00
-4.866205071000000260e+01
6.494928859999999915e+00
-1.094172406999999936e+01
1.696955502999999865e+01
1.296212238000000028e+01
-1.571367863999999948e+01
-1.608173233999999852e+01
2.254325632000000112e+01
-3.386062299000000309e+01
-6.707366490000000070e+00
-1.042168953999999914e+01
1.505610019000000044e+01
4.938275500000000040e-01
1.482215950000000060e+00
-1.041184171999999997e+01
3.017337844000000047e+01
-3.048867110000000125e+01
3.739755779999999863e+00
3.314035226000000023e+01
-2.024438440000000128e+01
1.700229439999999981e+00
-1.621332799999999907e-01
-3.584090532999999823e+01
-2.205269264000000007e+01
-2.754667389999999827e+00
1.553199414000000012e+01
1.814824580999999881e+01
3.361657489999999804e+00
-5.308043200000000184e+00
9.809140270000000328e+00
-2.342794165999999834e+01
-1.074284000000000017e+00
-2.854499566000000144e+01
-1.535284174000000057e+01
2.674398900999999995e+01
-1.570491643000000082e+01
3.732998285000000038e+01
-1.321953011999999994e+01
1.803079105000000126e+01
1.390070039000000079e+01
-3.489818949000000003e+01
-1.382543184000000025e+01
4.799153999999999698e+00
-2.297748638999999926e+01
-2.073616054000000020e+01
-4.806129963000000060e+01
-2.974529427999999953e+01
-2.810370759999999990e+01
-2.416789247000000174e+01
4.562320300000000106e-01
9.996313109999999114e+00
3.727839240000000220e+00
1.337037772000000047e+01
-3.124251870999999880e+01
8.394189709999999138e+00
1.482403485999999937e+01
-3.705120406999999716e+01
-3.423553290000000260e+01
-2.323514120000000105e+01
-1.493104924999999916e+01
8.945562170000000535e+00
-7.116283599999999598e-01
-2.318773634000000072e+01
1.649539281999999929e+01
-1.313091243000000041e+01
2.762169095999999868e+01
-4.894036879000000084e+01
3.478332028999999892e+01
-4.937930490000000283e+00
-2.203868320000000125e+01
-1.378192459999999997e+01
1.033104660000000008e+00
2.458936316999999860e+01
-4.055108665000000201e+01
-6.499397049999999787e+00
-1.114275946000000062e+01
2.461092074000000096e+01
4.595294111999999842e+01
-5.463649397999999735e+01
5.112914284000000009e+01
2.286789375000000035e+01
-4.102084313999999665e+01
-1.756365736000000055e+01
4.355251286000000022e+01
3.267899781999999931e+01
-1.143425431000000003e+01
-3.214510569999999845e+00
7.867836630000000220e+00
4.100929522999999932e+01
-3.119301805999999999e+01
6.986445749999999677e+00
-4.592073390000000366e+00
1.501569036999999973e+01
-3.990888558999999702e+01
-1.822010600000000036e+00
-1.673487434000000107e+01
2.624298993000000024e+01
2.316198654000000090e+01
-4.798730708000000078e+01
-2.625911669999999987e+01
-1.187469197000000065e+01
-2.337644050999999834e+01
-6.407531310000000424e+00
-1.119665589000000061e+01
2.471427386999999953e+01
2.310798141000000072e+01
-1.185300969999999898e+00
-2.523403782999999834e+01
-4.673585296000000255e+01
2.612695538999999911e+01
-2.701143775999999974e+01
-1.998100892000000073e+01
3.259440099999999951e+00
-1.972403535000000119e+01
-2.147831808000000109e+01
-1.572010049999999914e+01
-2.629084166000000167e+01
-1.425961949999999945e+01
-2.856350339000000105e+01
3.075964043000000103e+01
3.376855994000000294e+01
-3.616450630000000110e+00
-1.206154485999999970e+01
-2.634607700000000108e-01
2.499522220000000061e+01
-4.724570650999999799e+01
-1.090711590999999991e+01
2.704891190000000023e+01
3.894245449000000292e+01
-9.249249550000000042e+00
5.441896309999999737e+00
3.015468639999999922e+01
9.119826200000000327e+00
-5.719079599999999930e-01
-2.445726047999999864e+01
1.110780439000000008e+01
-1.906418663999999907e+01
-5.795448409999999662e+00
-1.066772285999999959e+01
-9.046634980000000326e+00
1.244230884999999986e+01
4.346357284999999848e+01
-1.297160929999999990e+00
1.885626840000000026e+00
-5.003881610999999907e+01
-1.041028284000000070e+01
-1.977581002999999882e+01
-8.132891000000000425e-02
-2.580164697000000018e+01
4.686700344999999857e+01
4.458920168000000217e+01
7.694735610000000392e+00
-1.083354150000000082e+01
9.116788350000000207e+00
1.134463193999999930e+01
-2.623099536000000143e+01
-4.623584830000000423e+00
1.041116818000000066e+01
7.320684059999999604e+00
3.030161075999999909e+01
2.223215405999999916e+01
-1.165244638999999971e+01
1.433503523000000079e+01
-5.451434339000000051e+01
-6.777997700000000236e-01
4.795677547999999746e+01
6.534307169999999942e+00
-1.136212640000000107e+00
1.681384681000000114e+01
-1.575699490000000047e+01
4.944710744000000346e+01
-9.125159659999999562e+00
4.424879648000000287e+01
2.154477142000000001e+01
-2.225354165999999978e+01
1.779880431999999857e+01
-1.684757889999999847e+01
-3.977417379999999980e+01
-3.544943079999999913e+00
-3.063095424000000122e+01
-2.893043643000000031e+01
-2.732002940000000102e+00
1.984900344000000061e+01
-5.316199970000000441e+00
-1.724088876000000070e+01
4.939270620000000278e+00
-3.811122393000000130e+01
-3.895778490000000094e+00
-4.563894022000000206e+01
2.686590049000000135e+01
-6.497955699999999890e-01
-2.747492583000000010e+01
-9.142636319999999372e+00
1.018257325999999985e+01
-1.944283803000000077e+01
-2.513306320999999954e+01
5.191383410000000254e+01
-1.330096097000000022e+01
-2.219849865999999849e+01
1.500822980000000051e+01
-9.694808560000000242e+00
3.009265166000000136e+01
-2.520157209999999814e+00
3.864972410000000025e+00
5.951889271000000292e+01
-6.876106710000000177e+00
-2.018392108000000107e+01
-2.369282421000000127e+01
-2.804384092000000095e+01
-1.882749993999999916e+01
1.492139416000000018e+01
1.492870347999999936e+01
1.225443590000000071e+01
4.050576801999999788e+01
1.818321169999999931e+00
1.150656900999999976e+01
-3.506697110000000350e+01
1.472506450000000022e+00
-1.026770235000000042e+01
-1.468521684000000072e+01
-1.882379929999999923e+00
1.857308161999999996e+01
2.106240350999999933e+01
-3.677563099999999752e-01
6.717264369999999651e+00
1.519805324999999918e+01
1.924930270999999848e+01
-1.349978194999999914e+01
-6.990476529999999578e+00
3.834285900000000136e-01
-1.273233431000000060e+01
-2.812279689999999999e+00
-1.976971886999999839e+01
4.378181363000000204e+01
3.547267748000000154e+01
-8.971513769999999610e+00
8.824597190000000424e+00
-2.543016680000000029e+00
-1.652921654000000018e+01
1.967661850000000001e+01
-5.274611939999999777e+00
2.206798708999999903e+01
-2.892865701999999928e+01
9.918700579999999434e+00
-5.489120060000000301e+00
-2.975194769999999878e+01
-1.349509456999999912e+01
1.476007270999999932e+01
-5.040475538999999827e+01
2.376280172999999962e+01
2.574390787999999830e+01
-5.516476889999999855e+00
-3.292375840000000053e+00
-1.750465919999999898e+00
1.378872096999999997e+01
-1.803229089999999957e+01
1.996209453999999894e+01
1.683678040999999936e+01
-5.436132968999999804e+01
-1.954552740000000099e+01
1.312899716000000083e+01
-4.684271240000000169e+00
2.394557846000000012e+01
-3.520962647000000345e+01
-2.935511130000000080e+00
-2.313523654999999835e+01
-7.105594519999999648e+01
4.248813836000000066e+01
-3.224277747000000005e+01
-3.378815534000000298e+01
4.937152120000000366e+00
7.167111364000000151e+01
6.142721599999999560e-01
-1.551060543000000003e+01
-1.724535900000000010e+00
-3.049809400000000004e+00
-4.734968237999999729e+01
-3.388574771999999768e+01
4.527215866000000233e+01
-5.642217910000000280e+00
-2.083643095000000045e+01
2.728938276999999957e+01
-1.984251259999999917e+01
2.040665076000000155e+01
2.944720820999999944e+01
-3.158427027000000109e+01
-1.551404196000000013e+01
-1.921186813999999998e+01
-9.902566249999999570e+00
-9.732216140000000237e+00
-5.713554450000000173e+00
7.888649670000000391e+00
-1.885429551000000004e+01
1.569261365999999924e+01
3.202633067000000011e+01
-4.994832419999999829e+00
-1.125270165999999961e+01
8.055442180000000008e+00
3.095443257999999886e+01
2.883117015999999921e+01
5.392111830000000161e+00
-3.039634749999999830e+00
-4.797854300000000016e+00
-2.804467059999999989e+01
2.124670962000000074e+01
-1.233176218000000013e+01
1.096127974999999921e+01
-7.728189959999999914e+00
1.494026696999999970e+01
1.010398355999999964e+01
-4.449838676000000248e+01
-1.473796806000000004e+01
-4.341972112999999922e+01
-1.969639283000000063e+01
2.929043870000000105e+00
-9.495333889999999499e+00
1.804649188000000137e+01
-1.659070078999999964e+01
2.040149570000000079e+00
5.939498709999999626e+00
3.912602027999999876e+01
1.982863027999999872e+01
-1.669718101999999860e+01
-6.651189100000000076e-01
6.700494759999999772e+00
2.117287904999999881e+01
2.041746399999999906e-01
3.016458228999999847e+01
1.240049113000000069e+01
5.004118293999999878e+01
1.056329290000000087e+00
3.620060622999999822e+01
-1.493055243000000054e+01
-2.082506612999999973e+01
2.458872729999999951e+00
5.156470279999999740e+00
1.482737505000000056e+01
-7.772036830000000229e+00
-7.574261810000000317e+00
1.432249857000000048e+01
-2.675925940999999852e+01
-3.043073405999999892e+01
4.376682017000000258e+01
-3.293603200000000175e+00
-2.160963457000000076e+01
-2.228497640000000057e+00
-7.454975830000000414e+00
2.346492439000000019e+01
1.827476584000000059e+01
-1.114230919000000064e+01
4.487927899999999970e-01
-1.460643894999999937e+01
-1.949604422999999898e+01
-1.478346471999999956e+01
-5.339355408000000125e+01
1.723328000000000013e-02
-3.556021206999999862e+01
-3.074405378000000155e+01
-2.059568923000000140e+01
1.056197047000000033e+01
-2.012724589999999836e+01
1.274343677999999969e+01
-3.380615046999999862e+01
5.793250399999999578e-01
-2.286362135999999978e+01
4.727284069999999616e+00
6.221011350000000384e+00
1.839779225999999923e+01
-1.158384855000000080e+01
-8.803358319999999182e+00
1.630832982000000086e+01
3.270507465000000025e+01
1.813297083000000143e+01
4.584248109999999876e+00
-3.958930014999999969e+01
-9.389639400000000080e+00
-1.747291985000000025e+01
-3.335703026000000193e+01
2.232025511000000151e+01
-2.004506569999999854e+01
-1.796740149999999980e+00
-1.547653449999999964e+01
-5.507635625999999718e+01
2.853715678000000011e+01
-9.712478929999999622e+00
2.238716808999999941e+01
-3.941584455000000276e+01
3.722433021999999880e+01
2.014386909999999808e+00
-1.590350622000000058e+01
4.750624059999999815e+00
-1.151246130000000001e+01
-3.620686072000000166e+01
7.973093509999999995e+00
1.964927922000000038e+01
9.794678900000000077e-01
-1.999912798000000080e+01
-9.028168100000000251e+00
9.664304639999999225e+00
1.761281617999999938e+01
3.480208921999999916e+01
1.307751599000000020e+01
-1.282749032999999983e+01
5.266175772999999793e+01
1.325762384999999988e+01
2.340828249999999855e+01
-1.008850005000000039e+01
1.545896283999999987e+01
1.079819638000000026e+01
-3.423135193000000243e+01
-1.138678606999999943e+01
-2.258589333999999837e+01
-2.034733131999999856e+01
-6.659654530000000072e+00
-7.688211940000000411e+00
-2.327060941999999955e+01
-6.118561099000000070e+01
-1.595092475999999948e+01
6.902365289999999654e+00
5.034150389999999753e+00
7.644343669999999591e+00
2.564588798000000125e+01
7.773179080000000241e+00
1.794520248999999978e+01
-2.298594442999999998e+01
2.526317329999999828e+01
-2.513787951999999848e+01
-3.974139703000000168e+01
1.212535747999999991e+01
-2.382645166000000003e+01
-2.167997903999999920e+01
-8.753972471999999527e+01
-6.406776889999999725e+00
4.501963921000000113e+01
2.341600170999999975e+01
-5.655476570000000258e+00
-7.641162689999999813e+00
2.081294958999999878e+01
3.673964720000000028e+01
-2.298497009000000091e+01
-5.945760919999999672e+00
-1.878562156999999999e+01
-1.940627617999999899e+01
-1.697554856000000001e+01
7.022916010000000320e+00
3.908519649000000129e+01
-3.600662670999999904e+01
-3.097731469000000004e+01
1.804460739999999896e+00
-5.866558539999999766e+00
-7.352887510000000404e+00
-4.981271974999999941e+01
3.471788899999999956e+01
1.325738373000000081e+01
5.180785320000000027e+00
2.672020844000000039e+01
-1.810336879000000110e+01
1.708314585000000108e+01
1.535030564000000020e+01
2.031295230000000007e+00
-3.363046660000000188e+00
4.883391300000000435e+00
-8.716973210000000805e+00
2.800347117000000097e+01
-2.213199539000000016e+01
2.377152204000000069e+01
5.320588790000000401e+00
7.965389809999999571e+00
1.257861680000000071e+01
-4.804734121999999985e+01
4.648253509999999977e+00
-3.700540107999999861e+01
-2.705593456000000074e+01
-2.707239522000000065e+01
-2.756000136999999839e+01
2.988051500000000194e-01
9.245906540000000007e+00
2.750637831999999960e+01
4.783491930000000281e+00
7.934368560000000237e+00
-3.878303532999999703e+01
-1.409621081000000054e+01
1.879198036000000016e+01
-1.104882799999999943e+00
-7.794839999999999929e-03
-4.886818149999999861e+00
1.935313800999999856e+01
-5.041340723999999796e+01
6.217886970000000346e+00
1.119271370999999959e+01
2.388040532000000127e+01
2.043217351999999920e+01
-3.125423298999999844e+01
6.189139260000000142e+00
3.223898800000000175e+00
2.609512259999999806e+00
3.264748140000000021e+00
-1.039740850999999999e+01
-1.945344925999999930e+01
1.044732851999999923e+01
3.320772931999999855e+01
-2.774311190000000149e+00
6.373230580000000423e+00
9.381295220000000157e+00
-1.413637424999999936e+01
-1.497952607999999941e+01
-6.587657892000000004e+01
-2.038072753000000148e+01
-3.011801518000000044e+01
-3.693566890000000047e+00
-3.726959070000000196e+01
4.145686043999999981e+01
-1.727295254999999941e+01
-2.959793922000000066e+01
-8.539868353999999329e+01
3.667874777000000108e+01
7.353646140000000386e+00
3.320268640000000104e+00
-3.459864303999999890e+01
4.874955650000000418e+00
-1.101612064000000046e+01
-1.809800006000000039e+01
6.472354850000000326e+00
1.863699263999999900e+01
4.046324959999999749e+00
-1.172066680000000005e+01
-1.576303199999999904e-01
1.529680820000000052e+00
8.716889249999999478e+00
-3.505082372999999762e+01
3.981528157000000334e+01
-2.367063819999999907e+01
-1.652885339999999914e+01
-2.699194480999999968e+01
-5.735905480000000267e+01
4.983881649999999830e+00
-2.885961857999999935e+01
-1.053206568999999959e+01
1.801006908000000095e+01
-1.426421805999999926e+01
-1.876594220000000091e+00
-6.488829499999999584e+00
-1.109787868000000088e+01
1.759947890000000070e+00
2.994657425999999845e+01
-2.775102831999999964e+01
5.488330901999999867e+01
-1.245302760000000042e+01
1.845696895000000026e+01
-7.557881939999999688e+00
6.291560719999999662e+00
-6.001886129999999930e+00
2.418737356000000105e+01
3.382159335000000056e+01
1.055814256999999934e+01
2.542495772999999915e+01
-1.966011505000000170e+01
-3.637680480000000216e+00
-1.231541585999999988e+01
3.788162315000000291e+01
3.178795261000000139e+01
2.403201390999999987e+01
-8.483011060000000825e+00
-1.535184495999999932e+01
1.371348084000000078e+01
-1.549037784000000073e+01
-6.840245580000000380e+00
-3.183879619999999910e+00
-1.625216484999999977e+01
2.740682655999999895e+01
-4.528110149999999834e+00
2.094093990000000005e+01
1.077048500999999980e+01
9.542368250000000884e+00
-1.824872098000000165e+01
1.462121785999999979e+01
-1.011026445999999979e+01
-6.516763690000000331e+00
-1.731650450000000063e+00
-2.654432714000000004e+01
4.111840495999999945e+01
-1.469146192000000006e+01
-1.750966419999999912e+00
1.226570214000000014e+01
1.059703410000000012e+01
4.085659646999999950e+01
-9.478302250000000484e+00
4.155911472999999745e+01
3.727867945999999932e+01
-5.166208665999999994e+01
2.801787179999999822e+00
-1.024260248999999945e+01
8.636884990000000428e+00
3.268388269999999984e+00
1.093969526999999964e+01
3.435721251999999737e+01
5.380517790999999761e+01
-4.141723130999999825e+01
4.170982046999999682e+01
-5.397356134999999711e+01
-4.474130774000000343e+01
-7.955627930000000347e+00
4.396586999999999718e-02
4.012864717000000070e+01
1.974279635999999982e+01
-6.636597240000000397e+00
-4.921748153000000059e+01
3.892751144000000352e+01
-2.302026363999999958e+01
9.875055200000000255e-01
-3.933033909999999800e+00
6.940179623000000220e+01
-1.397831425000000038e+01
-5.887330693999999909e+01
1.726950657000000078e+01
-8.969095445000000666e+01
6.342908849999999710e+00
-2.010160520999999889e+01
-1.015291586000000024e+01
-1.497717268000000068e+01
-3.222296338000000304e+01
2.110789922000000018e+01
-2.094353789000000177e+01
-6.468233670000000046e+00
-4.349785595000000171e+01
-2.414771979999999818e+00
-2.881848189000000104e+01
-4.111740421999999739e+01
-6.267456445999999914e+01
5.059605290000000366e+00
-1.959971369000000152e+01
3.411892599999999831e+00
-7.759400079999999811e+00
-4.478885249999999729e+01
-3.583078333000000271e+01
-3.006889540999999966e+01
-3.123094010000000154e+01
2.936866373000000152e+01
2.818537070000000089e+00
-2.746727427000000077e+01
-1.195863519000000075e+01
-1.353069658999999980e+01
2.217900738000000160e+01
-1.714375267000000136e+01
-4.243145870000000208e+00
-1.543864437999999950e+01
-1.969734693999999919e+01
-2.230065629999999999e+01
2.035700286000000148e+01
-8.589900079999999605e+00
-5.104850849000000323e+01
4.252341816999999935e+01
2.426678137000000035e+01
1.461951180000000017e+00
-4.305262445999999699e+01
-4.130181822000000125e+01
3.807080270000000155e+00
4.029303200000000085e-01
-1.742767801999999833e+01
-2.526703277000000014e+01
1.732076278999999985e+01
-3.053533020000000153e+00
1.450319443000000064e+01
2.703511092000000104e+01
1.751617407999999898e+01
1.763577837000000059e+01
1.318979273000000063e+01
-1.152332776000000081e+01
-8.210055430000000598e+00
-1.198310940000000002e+01
-2.024441021000000163e+01
-2.358793526999999912e+01
-3.515939290000000028e+01
-2.055538560999999831e+01
-5.633618679999999657e+00
-4.243239763999999781e+01
-7.858551560000000435e+00
2.012220921000000118e+01
-4.352346142999999756e+01
1.639731348999999838e+01
1.479336218000000081e+01
-3.968402525999999853e+01
-3.131845309999999927e+01
-9.456859310000000463e+00
9.722435470000000635e+00
-2.172994995000000173e+01
3.990226031000000262e+01
3.542053611000000046e+01
-4.267142763999999744e+01
2.470769053000000071e+01
1.921162389999999931e+01
4.828450580000000159e+00
1.199161804999999958e+01
-2.363744381000000061e+01
-7.186688160000000103e+00
4.581661450000000357e+00
1.062441852999999981e+01
2.337511643999999933e+01
-2.832155827000000059e+01
-3.287223609999999852e+00
8.267196459999999192e+00
2.932381949999999904e+00
-1.645042362999999952e+01
1.208194647999999916e+01
-1.413547428000000039e+01
-1.135152824999999943e+01
6.512224399999999580e-01
-3.363466070999999857e+01
1.655153290000000110e+00
-9.365196069999999651e+00
-7.642477869999999562e+00
4.617868180000000322e+00
-3.004608006000000131e+01
3.280410143999999661e+01
-1.396376519999999921e+01
-7.374099759000000631e+01
-4.721177000000000135e+01
2.048259295000000080e+01
-2.237610931000000036e+01
-1.040584020000000010e+01
-1.454348519999999922e+01
-1.014684102000000010e+01
-5.574319125000000241e+01
-3.534436019999999790e+00
-3.447180090999999891e+01
-1.905615136000000120e+01
1.177685591000000009e+01
4.353325630999999873e+01
1.553288769999999985e+00
-5.589931500000000497e-01
3.296729830999999677e+01
-3.064588377999999835e+01
1.769589859999999959e+01
4.220285070000000083e+00
-2.637747677999999851e+01
-1.408627393000000083e+01
1.233923633000000031e+01
3.423536400000000146e-01
6.700502939999999796e+00
5.712517240000000385e+00
-1.310397728000000050e+01
-1.797343496999999957e+01
-2.768092040999999881e+01
2.726640108999999867e+01
-3.570269095999999820e+01
-2.651116083000000145e+01
6.903831099999999665e+00
-4.817737563000000023e+01
1.245642476999999992e+01
3.551201546000000064e+01
-3.990081449999999919e+00
6.396484270000000194e+00
-1.592311418999999972e+01
-1.218328567000000007e+01
5.754767359999999776e+00
2.106602124000000131e+01
-2.151408216000000095e+01
1.498573112000000052e+01
-5.858240760000000158e+00
1.672963650000000024e+00
1.285218863000000056e+01
8.285324929999999810e+00
-7.121421159999999695e+00
1.385975600000000085e-01
1.066297119999999943e+01
1.583845962000000007e+01
-3.978264561999999671e+01
1.843404969999999921e+00
2.854104743999999982e+01
-5.118141943999999910e+01
1.681607989999999830e+01
-6.462098577000000432e+01
-5.955870479999999745e+00
-8.212782889999999725e+00
-2.883788319999999850e+00
-6.731682170000000021e+00
-1.392139000000000060e+01
-5.266669030000000085e+00
6.632425279999999645e+00
-1.475204431999999954e+01
6.667919750000000256e+00
4.850389453999999745e+01
-3.358010712000000098e+01
-1.462857389999999924e+01
2.203703695000000096e+01
1.332976290999999947e+01
2.420409536000000017e+01
1.167824440000000052e+01
1.170389158999999957e+01
-8.905356910000000070e+00
-2.716236268000000109e+01
-2.504446034000000054e+01
-1.491109877999999966e+01
2.560369080000000075e+00
-2.338818018999999993e+01
-7.745957309999999651e+00
4.044831529999999731e+00
1.316249913000000049e+01
-5.668378879999999675e+00
3.301090990000000147e+01
-3.196745427999999833e+01
-2.189499759999999906e+00
-1.687759730000000014e+00
1.520374976999999994e+01
-2.171105923000000004e+01
-1.374682383000000030e+01
1.042079537000000045e+01
2.486450931999999980e+01
4.130381229999999704e+01
1.768402919000000040e+01
2.310477200000000053e+01
-1.545756981999999979e+01
3.482826811999999705e+01
3.652944842000000136e+01
-1.426967780000000019e+00
1.891444422000000003e+01
2.084690963999999980e+01
-1.300123093999999924e+01
4.669946669999999855e+00
3.351228731999999866e+01
-1.334079267999999985e+01
-5.080230959999999740e+00
-3.327465895999999645e+01
1.314666906999999973e+01
-7.082640180000000285e+00
1.086895054999999921e+01
3.255493550000000180e+00
-2.197736825999999866e+01
2.515109187999999918e+01
2.215209297999999905e+01
-1.482620372000000053e+01
1.053652287999999970e+01
-3.370716443999999967e+01
-2.929626551999999862e+01
1.365491998999999979e+01
-3.759302038999999951e+01
-1.696635702000000023e+01
2.889791329999999991e+00
4.559229880000000179e+01
-1.403854809000000081e+01
-6.763455429999999602e+00
-9.916694720000000629e+00
6.182097730000000269e+01
7.688219850000000299e+00
-2.375535503000000048e+01
3.905837946999999843e+01
3.458645163999999994e+01
1.731783833000000072e+01
4.140851304000000255e+01
4.737458215000000195e+01
-4.155183309999999963e+00
-1.527035462000000088e+01
-1.601111123000000092e+01
1.592282907000000058e+01
2.068763971999999995e+01
-3.787657369999999801e+00
-1.275290440999999930e+01
-3.368503425000000107e+01
-1.394305963999999953e+01
-2.490087494000000135e+01
1.658627569000000079e+01
9.422568180000000737e+00
3.513595343000000071e+01
4.059188970000000118e+00
-1.297585974000000064e+01
-4.667064950000000323e+00
2.174735438000000087e+01
6.896667019999999759e+00
2.995842462999999967e+01
3.071065289999999948e+01
-6.672417590000000231e+00
-5.953732119999999739e+00
-5.531628228999999664e+01
2.788848189999999860e+01
-6.763147800000000043e-01
2.981378529999999927e+01
-1.190480331999999919e+01
-3.436492101000000332e+01
1.162577880999999991e+01
4.012096219000000019e+01
-1.442457203000000021e+01
3.640009148000000039e+01
-4.007965307999999993e+01
-1.265766497000000079e+01
-4.470760454999999922e+01
1.051258291999999983e+01
4.452458069999999601e+00
2.957500850000000181e+00
-3.420105327999999645e+01
4.980073538999999982e+01
2.981244528999999943e+01
4.866392989999999585e+00
-2.834073503999999843e+01
1.192197460999999947e+01
-1.284725652000000018e+01
-6.807841530000000141e+00
-1.315841084000000016e+01
1.008225168000000060e+01
-7.927251949999999603e+00
-1.108273009000000009e+01
1.143629686000000056e+01
1.423272910999999930e+01
-4.702489517000000063e+01
1.091286782000000066e+01
3.707179605999999694e+01
2.206123891000000015e+01
-5.739862770000000225e+00
8.598498799999999553e-01
-1.926076696000000155e+01
3.184733250000000027e+01
8.572426070000000564e+00
-2.296178900000000134e+00
-4.104298059999999637e+00
5.862835251999999997e+01
-1.734286130000000092e+00
1.340411461000000060e+01
4.093501702999999736e+01
5.275170689000000124e+01
3.409518984000000330e+01
2.223766545000000150e+01
-3.642144935000000316e+01
-2.483666499999999999e+01
1.887410944000000157e+01
3.799417679999999908e+00
1.731651948000000019e+01
8.737142329999999291e+00
3.365036929000000043e+01
-4.237896436999999850e+01
-2.669267825000000016e+01
-6.320741159999999859e+00
-4.679440120999999664e+01
1.044510410000000000e+01
2.406950604000000027e+01
3.768828280000000142e+00
-1.215081540000000082e+01
1.270574283999999921e+01
7.558887504000000490e+01
1.687660916000000100e+01
8.606075690000000833e+00
-2.568653858000000056e+01
-3.276668177999999898e+01
-8.012357030000000435e+00
1.808348030000000151e+01
-3.254932269999999850e+00
1.295732753999999964e+01
1.907511494999999968e+01
-3.119001465999999922e+01
1.425645248999999914e+01
2.421280781000000104e+01
3.083589840999999865e+01
-3.584709870000000187e+00
2.556438640000000095e+00
-5.494156900000000121e+00
-2.642375303000000031e+01
-3.787576788999999877e+01
4.339360458000000165e+01
-4.215154519999999572e+00
-3.017929687999999899e+01
2.945637070000000080e+00
-1.412174768000000036e+01
4.957359318999999687e+01
-1.273317903000000051e+01
-1.955085532000000015e+01
1.896141725000000022e+01
-8.963584409999999281e+00
2.429099941999999857e+01
6.924515500000000268e-01
5.306415679999999924e+01
2.877570903000000158e+01
2.137420489999999784e+00
-2.030421431999999982e+01
1.498644475999999948e+01
-2.940110967000000031e+01
-4.785288989999999743e+00
3.341519711000000115e+01
-1.526137027999999951e+01
-2.449769076999999839e+01
-1.322468487999999986e+01
2.728998483000000164e+01
6.915379869999999762e+00
-4.522383649999999733e+01
1.813784287000000006e+01
5.091705479999999895e+00
5.012038689999999796e+00
-2.746486727999999999e+01
1.558000859999999932e+00
1.844266839999999874e+01
2.615463850000000079e+01
3.594672861000000097e+01
1.573050349999999931e+01
2.137155149999999892e+00
-2.948427554999999955e+01
-2.551842419000000106e+01
-3.769552198000000232e+01
-7.151505369999999751e+00
1.728945561000000097e+01
-1.357908230000000049e+00
2.799474146000000019e+01
-1.784106261999999887e+01
8.951974579999999904e+00
-9.468132029999999588e+00
-1.631265813999999992e+01
3.339157184999999828e+01
3.874299549999999925e+00
3.431962859000000066e+01
2.608003159999999987e+00
1.215951626000000019e+01
-9.805539709999999687e+00
3.315832192999999961e+01
-9.073971450000000161e+00
3.380374899999999960e-01
-4.262925264999999797e+01
-5.245634650000000399e+00
3.905306545999999912e+01
3.489832470000000342e+01
1.469419096999999930e+01
-9.060151189999999133e+00
3.019955640000000052e+00
-1.142982678999999990e+01
-7.539772089999999594e+00
5.048157772999999793e+01
2.726313069999999783e+00
-1.430994826000000053e+01
-5.920769247999999862e+01
-2.597782368000000019e+01
-2.098373842000000167e+01
-3.505201028999999835e+01
-3.171735295999999948e+01
-3.778976358999999974e+01
-2.508601266999999879e+01
-1.740242023000000060e+01
-2.702130628999999828e+01
2.563699962000000099e+01
-1.139847216999999979e+01
-4.835488510999999789e+01
2.197042546999999857e+01
-1.662427296999999982e+01
-4.442025659000000104e+01
5.309475021000000083e+01
-1.422949284999999975e+01
9.406283079999999686e+00
2.194730240999999893e+01
4.877565970000000029e+00
1.455694066000000042e+01
1.786690560000000039e+00
1.064483499999999971e-01
-8.122223149999999947e+00
-4.127684015999999900e+01
6.522422060000000243e+00
-6.825442067000000179e+01
3.882544226000000265e+01
-2.331520709999999852e+01
-9.672401830000000089e+00
-9.975784929999999662e+00
8.180599539999999337e+00
-9.368156830000000213e+00
1.479569535999999985e+01
-3.025428168999999912e+01
1.963924603999999974e+01
2.363368466000000012e+01
5.751581029999999650e+00
6.274208640000000337e+00
1.184442725000000074e+01
4.971114080000000435e+00
1.513553014000000019e+01
-4.382205110000000126e+00
-3.849400935999999973e+01
5.261238989999999838e+00
-1.357210154999999929e+01
-2.979079630000000201e+00
3.030460356000000033e+01
-4.409198976999999786e+01
7.583851099999999734e-01
1.152875129999999970e+00
5.022862879999999919e+00
1.721144081999999997e+01
-6.675686530000000118e+00
4.562017448000000286e+01
2.422851066000000131e+01
-8.447067790000000187e+00
-4.147764669999999931e+00
2.061505159999999837e+00
4.229360810000000015e+01
-2.912186003000000056e+01
-5.662957523000000037e+01
1.695103560000000087e+01
-6.741665649999999843e+00
-9.187061670000000291e+00
9.087316409999999678e+00
4.180602352999999738e+01
2.441152274999999960e+01
-8.829033060000000432e+00
-2.891545544999999962e+01
-4.672268400000000099e+00
1.554977049999999927e+01
-8.405971100000000362e+00
-4.109293098999999927e+01
-3.332271200000000100e+00
-5.253887189999999663e+01
-2.796686814999999982e+01
4.525019360999999662e+01
-2.874963357000000030e+01
-3.767523582999999832e+01
-2.844861622000000168e+01
-2.037264833000000053e+01
1.999043457999999873e+01
4.655940045999999910e+01
-3.631957020000000202e+00
1.428165356999999958e+01
-1.174848296999999953e+01
-3.843616683999999850e+01
2.594651524000000009e+01
-2.609565256000000133e+01
1.445152073999999942e+01
1.770578358999999935e+01
-5.858579330000000418e+00
2.091464630000000113e+01
2.282666378000000051e+01
6.282785248999999794e+01
-6.614343019999999740e+00
-2.863798497000000154e+01
-3.484018007000000239e+01
-9.496144740000000084e+00
-1.854468848999999864e+01
5.241662714000000278e+01
-2.429974104000000068e+01
6.404145530000000086e+00
2.733895369999999936e+00
-1.222576208000000086e+01
-4.709456449000000333e+01
-3.465035939999999925e+00
5.468902003000000178e+01
9.605103429999999776e+00
4.172781030000000335e+00
-3.205907767000000064e+01
-3.193099413999999925e+01
-7.787004569999999681e+00
2.552700798000000049e+01
-1.410843672999999932e+01
5.710142376000000297e+01
-2.686841452999999902e+01
1.043911173999999953e+01
-7.619433830000000185e+00
-3.602594369999999913e+01
2.382691279999999967e+00
-2.843536732999999828e+01
-4.103861756999999955e+01
6.157897710000000302e+00
1.055144770000000065e+00
2.904790327999999988e+01
1.310031921999999938e+01
-1.864839513000000082e+01
1.193987635999999952e+01
-4.858151056999999895e+01
-2.659445081000000144e+01
4.953110213000000073e+01
4.623438020000000037e+00
-5.928326249999999575e+00
-1.656422342000000114e+01
-2.445706509999999945e+00
-5.494602529999999874e+00
4.943256144000000063e+01
2.312454045000000136e+01
-6.602250269999999865e+00
-1.965452790000000061e+00
-2.185399667000000079e+01
-8.733487769999999983e+00
-3.499878574000000242e+01
2.742693192000000124e+01
3.879615269999999949e+00
5.733762699999999768e+00
9.960548019999999170e+00
-4.419877689999999859e+00
-1.140369162000000003e+01
2.990244559999999829e+00
-6.008395332999999994e+01
-8.631961649999999153e+00
-5.692151850000000124e+00
-4.303275610000000029e+00
2.676440812999999963e+01
3.610968723999999952e+01
9.612158199999999653e+00
-5.289638132000000326e+01
3.455291481999999803e+01
-1.188070843999999937e+01
-2.079162189999999910e+01
-4.842599426000000307e+01
-1.674120652999999947e+01
3.449697213000000318e+01
1.692982283999999993e+01
5.561508179999999690e+00
1.869221020000000166e+01
-3.242430579999999907e+01
-2.582526230999999939e+01
3.129009656999999933e+01
2.159260472000000064e+01
2.668560169999999943e+01
2.709967010000000176e+00
4.669747499999999718e+00
3.028842914999999891e+01
5.360523783000000009e+01
-1.161233533000000051e+01
2.136103549999999984e+01
-1.434830638000000036e+01
-2.434800320000000085e+01
-1.923425707000000173e+01
-1.934821059000000076e+01
-8.052377579999999924e+00
-2.641397753000000037e+01
-1.088122259999999919e+01
-7.538591040999999393e+01
1.884283071999999848e+01
1.227395963000000023e+01
-2.638351950000000112e+00
-2.156407907999999907e+01
-1.027700279999999999e+01
-3.046128673000000120e+01
5.477469229999999634e+00
4.473898224999999940e+01
-1.227556539000000058e+01
-9.363512359999999646e+00
1.164121594999999942e+01
-2.835444165999999910e+01
4.697198176999999930e+01
8.157835950000000835e+00
7.781920940000000009e+00
2.745933979999999863e+01
-1.352949179999999973e+00
3.104637534000000088e+01
1.048809924999999943e+01
-2.199812800000000124e+00
4.529227109999999890e+00
-3.485646130000000120e+00
3.673624674999999939e+01
4.768179830000000230e+00
1.005629831999999979e+01
-6.454669420000000102e+00
7.807658589999999954e+00
-5.116749501000000322e+01
-1.951369370999999830e+01
-2.704414012999999883e+01
2.628930950999999894e+01
-1.772459836000000166e+01
-3.331506049000000047e+01
3.206748866000000220e+01
-6.756742339999999736e+00
2.245515980000000056e+01
-4.993388025000000141e+01
1.030120557000000048e+01
2.890986620000000062e+00
3.397803300000000082e+00
-6.441227729999999596e+00
-4.027985359999999737e+00
2.813350967999999952e+01
1.011119700000000066e+00
-2.811618398999999968e+01
-1.036835379999999951e+01
1.222379175999999923e+01
-6.370402212999999847e+01
-4.872618420999999955e+01
7.158425899999999453e-01
7.770469610000000138e+00
-2.600179052000000013e+01
-1.073793779999999920e+00
5.824328432000000078e+01
1.549013635999999927e+01
-2.979771428000000100e+01
5.180678089999999791e+00
-5.132985220000000126e+00
6.919045170000000411e+00
-1.969152260999999982e+01
1.216393753999999916e+01
1.456647828999999916e+01
-3.827855130000000106e+00
6.170004947999999700e+01
-4.384254229999999808e+00
-1.746688397999999864e+01
1.313423110999999999e+01
2.374512349999999827e+01
-1.868365711999999945e+01
-1.023101129999999914e+00
5.411302847000000327e+01
-1.567705319999999958e+00
3.250241246000000217e+01
8.078179130000000541e+00
-3.875535469999999982e+00
-1.258693592000000017e+01
2.886858276999999973e+01
-3.086191648999999870e+01
-5.802974600000000427e-01
-1.005106316000000000e+01
-2.193016627000000085e+01
8.305711759999999444e+00
1.467973523999999941e+01
2.415998119999999805e+00
-2.090394999999999892e-01
-2.197403780000000140e+01
8.960314390000000628e+00
-1.840078909999999901e+00
-1.253100646999999945e+01
-1.113711909999999961e+01
9.145250300000000721e+00
-2.064143019999999940e+00
-2.088695123000000109e+01
-6.022426945000000131e+01
5.789217159999999751e+00
1.068621049000000056e+01
-2.678542554999999936e+01
-1.318458762999999934e+01
4.567908107000000228e+01
6.189014949999999793e+00
2.175982806000000025e+01
4.756838909999999920e+00
2.200926628999999934e+01
3.181306610000000035e+00
-2.150687145999999927e+01
-5.993355170000000065e+00
3.011772249999999929e+00
1.737987082000000072e+01
4.167420900999999844e+01
2.718811666999999943e+01
1.681292330000000002e+00
9.439458379999999593e+00
3.347101791000000048e+01
1.458322010999999918e+01
-3.829784959999999927e+01
-1.524401308000000022e+01
6.169679350000000007e+00
4.703035530000000186e+00
1.362234001999999933e+01
-2.862792636000000002e+01
3.905256350000000154e+00
2.390163065999999858e+01
2.642848358999999903e+01
-2.376578283999999996e+01
1.720439999999999947e-03
-1.225828960000000079e+00
-9.391236340000000737e+00
-1.571750800999999953e+01
-8.571598390000000123e+00
-4.838038039999999818e+00
5.594703049999999678e+00
2.338199383999999981e+01
-1.706920377999999872e+01
4.472689752000000141e+01
1.812602105999999935e+01
1.482304294999999961e+01
1.955307769999999934e+01
1.499809862000000038e+01
2.008880081999999945e+01
3.024699773000000036e+01
-2.516311461000000094e+01
3.440964999999999918e+01
-6.304970029999999781e+01
1.751048712000000052e+01
-5.910217980000000182e+01
4.615609022999999667e+01
4.164982240999999874e+01
-5.200807450000000109e+00
-2.664982236000000171e+01
-2.345748899000000165e+01
-3.043122016999999957e+01
-3.501126364000000279e+01
3.128803285000000045e+01
2.324866918000000027e+01
1.322688774000000045e+01
1.566442754999999920e+01
2.470464803000000131e+01
-2.166010228000000026e+01
-9.816820260000000076e+00
3.049123919000000171e+01
-7.217767030000000084e+00
2.951881269000000074e+01
4.115827191999999712e+01
-3.191364220000000085e+00
-4.047875815999999816e+01
2.746893029999999847e+00
-1.443332370000000031e+00
-5.636430849999999992e+00
5.322945999999999928e-02
-3.605113167999999746e+01
-6.987037439999999933e+00
4.868524429999999903e+00
7.348070350000000417e+00
2.699573469999999986e+01
-2.360307029999999884e+01
3.084090374999999895e+01
-2.206467418000000080e+01
1.416615393000000012e+01
2.231177999000000156e+01
