---------------------
  #    meV     cm^-1
---------------------
  0    7.4      59.9
  1    9.9      79.9
  2   24.1     194.5
  3   24.8     200.2
  4   31.2     251.6
  5   33.9     273.5
  6   70.6     569.2
  7   72.0     581.1
  8   81.0     653.1
  9   87.4     705.2
 10  121.9     983.0
 11  126.7    1021.7
 12  146.2    1179.2
 13  170.8    1377.5
 14  176.2    1420.9
 15  185.5    1496.0
 16  198.9    1604.3
 17  387.4    3124.7
 18  395.6    3190.5
 19  403.4    3253.7
 20  426.2    3437.4
---------------------
Zero-point energy: 1.591 eV
