---------------------
  #    meV     cm^-1
---------------------
  0    6.9      55.7
  1   10.6      85.7
  2   13.5     109.2
  3   15.2     122.7
  4   17.7     142.5
  5   20.0     161.4
  6   21.7     174.7
  7   23.9     192.6
  8   28.0     225.4
  9   30.2     243.3
 10   32.8     264.7
 11   35.3     284.5
 12   43.7     352.5
 13   74.8     603.0
 14   92.5     745.9
 15  105.0     846.9
 16  106.6     860.1
 17  128.1    1033.1
 18  138.9    1120.3
 19  158.4    1277.8
 20  169.1    1363.7
 21  179.8    1450.2
 22  181.2    1461.1
 23  185.5    1495.9
 24  199.8    1611.2
 25  368.4    2971.7
 26  378.6    3053.6
 27  381.2    3074.9
 28  401.6    3239.1
 29  461.8    3724.6
---------------------
Zero-point energy: 2.005 eV
