[[-400.23454997]
 [ 348.85379116]
 [-265.77617042]
 [ 178.88583584]
 [-110.595268  ]
 [  69.85899582]
 [ -52.99816438]
 [  50.08567502]
 [ -51.84797079]
 [  53.17012141]
 [ -52.86334206]
 [  51.42938321]
 [ -49.2422316 ]
 [  46.05591954]
 [ -41.58871441]
 [  36.12682898]
 [ -30.63141501]
 [  26.25257156]
 [ -23.75474829]
 [  23.18564436]
 [ -24.00715393]
 [  25.44059801]
 [ -26.80620158]
 [  27.63466436]
 [ -27.65177112]
 [  26.70708728]
 [ -24.79647524]
 [  22.12515304]
 [ -19.1637168 ]
 [  16.54352595]
 [ -46.85122497]
 [ -31.8203654 ]]