[[-408.15308754]
 [ 355.54469318]
 [-270.67012046]
 [ 182.12911492]
 [-112.66271797]
 [  71.22734613]
 [ -54.00134677]
 [  50.93047919]
 [ -52.6277526 ]
 [  53.89285051]
 [ -53.47776498]
 [  51.91235445]
 [ -49.63695538]
 [  46.4507385 ]
 [ -42.02861985]
 [  36.58117195]
 [ -31.01502072]
 [  26.50216986]
 [ -23.86503294]
 [  23.20967603]
 [ -24.01275928]
 [  25.48998234]
 [ -26.94450908]
 [  27.89899545]
 [ -28.05769482]
 [  27.24814953]
 [ -25.44546654]
 [  22.84990241]
 [ -19.92094686]
 [  17.27777956]
 [ -47.98046451]
 [ -32.56851883]]