---------------------
  #    meV     cm^-1
---------------------
  0    8.8      70.6
  1    9.6      77.4
  2   13.6     109.7
  3   14.8     119.6
  4   23.5     189.8
  5   33.9     273.3
  6   53.2     428.8
  7   67.9     547.9
  8   84.9     684.8
  9   87.5     705.5
 10  130.4    1051.8
 11  140.2    1130.5
 12  142.1    1146.1
 13  153.1    1235.2
 14  182.7    1473.7
 15  190.1    1532.9
 16  197.1    1590.0
 17  363.0    2927.5
 18  415.1    3348.3
 19  418.8    3377.5
 20  427.8    3450.5
---------------------
Zero-point energy: 1.579 eV
