-3.451778664366726446e+01
-2.010533365219203006e+00
-7.113956096365662063e+00
2.395405181031706121e+01
-1.186548874585361091e+01
-9.172525055233592184e+00
-2.394614526077427286e+01
-5.007119686640928080e+01
-2.137495456941604743e+01
-2.249561043533918792e+01
-2.090001379152403160e+01
4.246745771049388551e+00
1.987477708107149965e+00
-1.063138548274380923e+00
1.719291647969711789e+00
2.639151634807888058e+01
-1.015846491180774080e+01
-7.166385692181421518e+00
1.168295394832233569e+01
-6.164348180208548200e+01
3.090044105542534680e+01
-1.326139815824535617e+01
-2.389067164341716065e+00
-5.577193410819688779e+00
-9.592513078132469673e-01
-2.109399963464909433e+00
4.779558751396876914e+01
-1.498647189944684044e+01
-3.991042855634816533e+00
-3.022970842172792061e+01
3.905542613537738816e+01
-4.314871138871652079e+00
-2.125592392636980321e+01
1.116837094892788684e+01
-2.045326526152450697e+00
1.296003509463690762e+01
-5.414559111096934885e-01
2.714292149197760295e+00
1.885596807135709696e+01
-5.438771407753827702e+01
3.031656469014609456e+01
8.098680294382759826e+00
-6.240932263834281457e+00
-1.739835533993569427e+01
6.868347235922897198e+00
-1.091576610185379081e+01
2.477795180585064827e+01
1.979930565758496641e+01
-1.276378167691729004e+01
-1.628927471015271067e+01
-1.722442311824619310e+01
-2.070787496036945186e+01
1.052352544059377237e+01
-2.695048540442019203e+01
8.259932983217083802e+00
3.446029387490591489e+01
3.972323544799134254e+01
1.850310788729632350e+01
8.254181240346355253e+00
1.727587748011654867e+01
5.067872268459296947e+01
8.540156455602414098e+00
-2.970835877179773377e+01
-6.006385844311978417e+00
-1.401658178909295316e+01
3.310591511421822020e+01
-3.920350029778145995e+01
-3.418925254658580570e+01
-1.742303860362562773e+01
-9.772910845656667789e+00
-2.228545995349236364e+01
1.563422499719682435e+01
5.165775676832822683e+00
7.786326581064969332e+00
-2.157923761404337881e+01
-1.888328315587494899e+01
-3.258510692295477185e+01
1.794420606791300088e+01
-1.869101322661483522e+01
1.687711108807543781e+01
-5.391219585193553598e+00
-1.481712673907802014e+01
-2.853877134655454029e+01
-8.473665254211141473e+00
-6.070823895329112929e+00
-6.830339734705802357e+00
2.227764416285751992e+01
4.174162521258419645e+01
-2.452752281937587497e+01
-4.277060960582795701e+01
-1.072908668177888103e+01
5.921695592853671997e+01
-3.233527399752375686e+01
1.784553856638638081e+01
-6.492613262098132054e+00
-3.323041441141734254e+01
1.373123467157854805e+01
1.947079426737332142e+01
-9.642636131211233419e+00
1.828716818370486408e+01
-1.337137745647237352e+01
-3.115596143096570358e+01
5.231939804540672867e+01
2.494152867863050460e+01
1.412565520933841867e+01
7.838028799166863791e+00
1.491877022760914429e+01
4.502774311864132528e+01
-1.469767739414546526e+01
3.344374586711204245e+00
-7.540470776501211958e+01
8.753991404868187942e+00
-3.694297212726411317e+01
7.751541039085736884e+00
1.217163116676240975e+01
-1.990324143440051330e+01
-2.823965372513222860e+01
1.203749496177863421e+00
-1.680719288446840665e+01
2.128197852222297115e+01
-2.771041721923535306e+01
-3.063418786887609713e+00
-2.005679254787980170e+01
-1.948905684087463897e+00
1.100971058251275281e+00
1.244006350002405270e+01
4.330764943769054298e-01
-2.871673008716413733e+00
3.550763706227684935e+01
5.027003985730999602e+01
2.714927647873265926e+01
3.924169897084034631e+01
-6.449152551807607381e+00
5.546418734986076515e+00
2.933833882797040360e+01
-5.079197360208667078e-01
-4.199828459720370688e+01
-2.251800054543134522e+01
-2.800165893510910564e+01
-1.529342871089174594e+01
1.583646858046381567e+01
-6.561471630872557625e+01
-9.253818101273708407e+00
2.448202058979946827e+01
-2.069172929208900769e+01
-1.723405886447534385e+01
3.295275476323524799e+01
2.457603277655101692e+01
-1.830780560891810183e+01
1.537216465983277658e+01
-1.404294637840344251e+01
1.886725431105657336e+01
1.829852242174212051e+00
7.314965123998106833e+00
-4.714964732040655804e+01
-2.614204510978650831e+01
-4.792569497499584941e+00
-9.083510228580982115e-01
-2.257244037015686899e+01
6.010457579942897155e+01
-9.657591182209841918e+00
-1.785747784412740202e+01
1.965999062075536585e+01
-2.539165469669873687e+01
-2.024460800908526892e+01
1.807043336638747633e+01
7.083140099225758490e+00
8.499714087603990720e+00
8.696732333855123898e+00
-6.113538278391501990e+00
8.825511155512344885e+00
3.222344026674831241e+01
-1.463463542072827295e+01
1.060718258806863901e+01
5.030779169013803198e+01
1.808852924764954651e+01
-4.181457126668533419e+00
-1.132579025694631270e+01
8.608797218287853070e+01
-1.180228526406060041e+01
2.073096617612310411e+01
1.431313453207454245e+01
1.626931139903680901e+01
4.887693149938831993e+01
2.650299988610942137e+01
-1.490454654874428186e+00
1.340445733864413569e+01
2.714990069790064808e+01
1.990642375662758923e+01
-3.218220752430795528e+01
5.210822861842189013e+01
-4.639184896516828616e+01
-6.799809498011946118e+00
3.043389159977050440e+01
8.290176222182441990e+00
4.158827911515004416e+00
1.565902627437854733e+01
1.239024747922323400e+01
1.903072180149575843e+01
-3.459406895522329251e+01
2.197185414014654725e+00
-1.470721403661440263e+01
-3.693313242436808252e+00
-2.465899026997931287e+00
-5.936217296934232834e+00
-3.179917162384242602e+00
4.631045803219021195e+01
-4.681478576462851038e+00
-1.436059044744253299e+01
-1.425422747397650625e+00
7.188559405278724057e+00
-3.294557441597045511e+01
-2.828926039710336227e+01
-2.004649923543362888e+01
-3.417544685185308140e+01
-8.843258520435458792e+00
-2.307823642089564586e+01
1.008034521448480803e+01
7.163030698105572469e-01
-6.917983330151486143e+00
-4.563724263962313898e+00
3.173589212760262512e+00
-8.085830037786891467e+00
3.764069316629333173e+01
-4.779925969249089235e+01
-8.386804392646446615e+00
-7.459027918189299555e+00
8.806020180180496482e+00
1.247250537347838417e+01
-2.596247095218006962e+01
-8.396340037676026213e+00
2.373222538676330373e+01
-1.110333483154368395e+01
8.794610381336127602e+00
1.882361736956308107e+01
-1.619648305652475528e+00
6.156813683374139146e+01
-7.709928635375888462e+00
-1.747332443163395510e+01
1.773091716307789056e+00
-1.356070877791751172e+01
3.016021121781876957e+01
-2.337769895685727306e+01
6.698569263540036900e+00
3.132322779920625067e+01
-6.987919178264121456e+00
6.528210202742263846e+01
7.066840708199595156e+01
-3.661993602179052232e+01
3.253818933775950484e+01
1.200167322251027713e+01
-3.072876897873014457e+01
9.148510106232535577e+00
2.319072616174433676e+01
2.370289712730377119e+01
1.265985998401433221e+00
9.356045415203254834e+00
4.106461908622799228e+01
-1.295339127190864303e+01
7.880991000829517645e+00
3.958972845138663388e+01
-2.039864886680889100e+01
-1.098886939926981654e+01
3.086648929017136567e+01
1.583378216837319741e+01
4.171952592549536121e+01
1.661605979627540819e+01
5.990443150534701999e+00
1.469974562290116182e+01
2.230850580233401104e+01
-2.955235503055546076e+01
3.780634616185267305e+00
1.364126652483425772e+01
6.414510049365844679e+00
1.304579236413580645e+01
-3.374570558891485916e+01
1.762322138262607041e+01
-2.354493062776685974e+01
-1.836733632843772313e+01
1.178449776897763002e+01
-6.422514055431264524e+00
3.188552616880684809e+01
-9.192404466737826851e+00
1.657931415942380227e+01
1.783851903212104162e+01
4.281389070969681399e+01
3.005055316907139940e+01
2.687674085823340420e+01
-1.809743924007790383e+00
-4.610645609986335103e+00
-1.761989727405870099e+01
4.399572696247201975e+01
4.376246314701668894e+01
2.151694781552831870e+01
-1.385456531097787547e+01
2.741254393585040816e+01
-2.832398892203201513e+00
9.821388129610397755e+00
3.640276682408034503e+01
-6.642421716720150471e-01
-4.369590702976552166e+00
-1.108795955903156027e+01
-3.223522169091680212e+01
5.263716726091320197e+01
2.788350229537627456e+01
-3.290349223435516990e+01
-9.054925933677239414e+00
1.449367935733418378e+01
-5.485278335928555293e+00
3.495317917178442713e+01
6.917043077326809453e+00
4.403789375799669870e+01
1.913489324297467320e+01
-1.251042620060536592e+01
1.103381301859064934e+01
-3.445994756558405925e+00
-1.513200448912041907e+01
8.647564445567581970e+00
8.254770017438545437e+00
5.177030322374778848e+01
4.349482676179479768e+01
3.058888276708690057e+01
3.677122621617252207e+01
4.788964610904784536e+00
-1.430617912982262396e+01
7.895186084881999022e+00
-1.842331542760064167e+01
-2.961159728508889799e+01
-3.070296694946370053e+01
-1.721687937470028373e+01
-6.002118817343648516e+01
-1.925792802802233439e+01
-4.783816053662471290e+01
1.296779074972234547e+01
-2.557006977531295888e+01
2.569426359485080980e+01
-5.465400333108016184e+01
-1.645383878582214265e+01
2.364891364906432614e+01
1.155833569264892446e+01
-4.903529616394362733e+01
3.123812273364296743e+01
-1.428995642203491911e+01
2.970893463780213040e+01
-1.277888435699946967e+01
-4.328870092598401698e+01
7.897391374399489905e+00
-3.594412691982080332e+01
-4.111859236830724740e+00
-1.663207158017717902e+00
2.255803838435183195e+01
6.961454036337602247e+01
-2.382194475803149203e+01
-1.929356903749182095e+01
-2.308214192765859707e+00
-6.302490997542008699e+00
-4.460179609193031069e+01
-3.076900537238219613e+01
2.640841144208280866e+01
-1.173875719309700116e+01
1.119188466028225548e+01
-2.711124247044642743e+01
-9.068440676645565190e+00
-2.289807759839823120e+01
2.849010748961889306e+01
5.230495578220825337e+00
-1.232553170478701077e+01
-9.401182291866859941e+00
6.557303304752217343e+00
-4.503739127699418532e+00
2.379866316995477860e+01
-1.422390795156354670e+01
5.522761503859271670e+00
1.961631106586668238e+01
7.560589650083102242e+00
-1.174727049257205636e+01
8.494436674625018213e+01
3.249384652282321895e+01
2.346626060487089660e+00
5.635577805647130845e+00
-3.461016529360989580e+01
1.857262697489912284e+01
-4.222973402358083206e+01
-1.606203527498399808e+01
-3.039780452105745212e+01
-1.094710243102878167e+01
3.139150626962492652e+01
-3.131837641474106704e+01
1.323908963375588144e+01
-2.132084135613240505e+00
1.141827142879549228e+00
-1.981581482872721267e+01
-2.450945318715486110e+01
-3.113843899676169258e+00
-1.973376869567056247e+01
-1.092530015485493777e+01
-2.284471714602217673e+01
-5.132356496536267798e+00
-1.919092136224988110e+01
-2.774328386622603659e+01
1.153148252125953377e+01
-7.933228994588176874e+00
1.352926653605652518e+01
4.697811898844296508e+00
-4.209086500031634870e+01
-2.899564969786448643e+01
-2.524211578934995259e+01
1.789771064360661512e+01
-1.346919950120806675e+00
-3.424860182794205343e+01
3.257219401318659635e+01
-2.163052324967620876e+01
3.158918898988354584e+01
-1.749784573014325417e+01
-2.668651672178373246e+01
1.307446146077029425e+01
-3.753658018001218011e+01
-1.903522875745417764e+01
3.424343445609142123e+01
1.043002811745316194e+01
-2.429097978333101082e+01
2.999427981351968953e+01
-1.003851793784309621e+01
-2.102203811577095394e+01
-1.680688584354481918e+01
-2.769319620872516907e+01
1.533373929080170939e+01
-4.971229113079238005e+01
-4.378675750220594409e+01
-5.630643168265123677e+00
-1.664478089436425989e+01
-3.268259719639294758e+01
4.062870012549774401e+01
7.417531557178922696e+01
-1.521112598999930299e+01
-1.998824284752828362e+00
-3.349855776041309241e+01
3.624738634114942215e+01
1.127422928636011079e+01
-1.325767782425754149e+01
-2.014741617368703430e+01
8.155159719195808066e+00
-3.207999010510137339e+01
-9.793015560339654257e+00
-4.807362816335404432e+01
2.016720298556606394e+01
6.092255888579387602e+00
-9.657166396113439077e-01
-5.746965735310539003e+00
-2.215022720730240735e+01
-6.066523289479590630e+00
7.255922441824928626e+01
-1.014522268964515206e+01
-2.659905271197703769e+01
-3.865783608345375910e+01
7.715961470035580305e+00
-2.075515184264114765e+01
6.025445203376328607e+00
1.677283522435482155e+01
4.244048836799692026e+00
1.730932034305264366e+01
8.359476972104005199e+00
3.240469995621225507e+01
1.456116091974624283e+01
-1.937269025833379033e+01
2.654896712483972010e+01
1.931320185182511295e+01
6.836941577163088368e+00
2.347147089755864613e+01
-1.571714886075742612e+01
4.082014387901543273e+01
1.303014942441336999e+01
-1.754167103731269606e+01
-3.251945509750100882e+00
-9.998733268422824949e+00
1.132291538465264580e+01
-1.288032885434526520e+01
-4.372840721516439544e+00
-7.091112616225245802e+00
4.480687023365004507e+01
3.056362453180059902e+01
-3.591245632741276950e+01
-4.502105506801939327e+00
-2.920644729931882466e+01
-8.020317720458308486e+00
-1.306714821600499477e+01
4.745881624234556284e+00
-5.502583631819675247e-01
-1.591293661549890714e+01
9.402095527702641675e+00
-4.558769973716941593e+00
-5.183759198880203201e+00
4.768872747671838397e+01
7.983748044112800812e+00
-4.570389503302457257e+01
-2.197075189210994495e+01
5.304552677379268744e+01
1.509605380108479267e+01
-5.270309014078009113e+00
5.912742946951264855e+01
-8.912581685564390455e+00
-5.060358450564791610e+00
-4.469121726737625977e+00
8.560283835115541251e+00
1.726197179355976274e+01
2.424018953162587309e+00
1.603982868817786311e+01
-7.074123413819762618e+00
-1.947108404634731471e+01
-2.307191245894908604e+01
-2.653348708393895095e+01
2.279014270146663534e+01
7.157258599931353160e+00
2.110720714814710064e+01
7.703865819268486348e+00
4.939166874417463760e+01
1.032788240138646785e+01
-4.463980583604586627e+01
-1.896847686920696674e+01
3.390147512922482065e+00
-1.611004985320457195e+01
3.495093574537668246e+01
-7.692756905091982844e+00
9.298013364746068987e+00
2.917184308342100962e+01
-4.130588376702866071e+01
8.276300166706636219e+01
1.147843436207382695e+01
1.319320676370728052e+01
2.000865182879698523e+01
4.135900864036358371e+00
-2.299539345755476916e-01
1.938445037643580804e+01
-2.050137990467598570e+01
4.591585105919897103e+01
4.060536205614758387e+01
-2.307027773644644242e+01
8.877994819478885802e+00
3.870343003993667708e+01
-1.137375711639779752e+01
9.656207573687566992e+00
2.085296586520514239e+01
2.242531886703454802e+01
-4.224987282814583978e+01
-5.694274405079454482e+00
-1.695507492321105047e+01
-1.695785392249121060e+00
-4.393655039967335085e+00
9.708260888757536122e-01
-6.902690607709814685e+00
-1.758774046801568147e+01
7.302137523609616210e+00
3.800806846487773782e+00
2.934585050589160460e+01
-2.422080719504326396e+01
2.414045837307713782e+01
2.612090759718124389e+01
-6.890900756988827425e+00
4.507080325340430704e+01
-3.765737240905991712e+01
-5.702597132590760509e+01
-4.789294321879532745e+00
-4.401585675600074410e+00
-6.731546863247217516e-01
4.423557676291267882e+01
-2.704905955681823571e+00
2.369012361056024929e+01
2.971202064227827577e+01
2.066637936769569706e+01
-6.383695083337272536e+00
3.295155691739222448e+01
-8.792772831807866396e+00
-1.959980838602359654e+01
-2.263153281434102837e+01
5.990189054116392242e+00
1.953193898460858691e+01
-7.333744970231492744e-01
1.924287670222645374e+01
3.016364055080771323e-01
3.351288297539618100e+01
9.568170588667769039e+00
4.994523720578349923e+00
-2.092030291308617507e+00
1.780891668419868523e+01
2.074799833817498040e+01
9.512751849102073720e+00
-9.822657317526193310e-01
-3.040370596359306887e+01
1.609257106531362780e+01
1.051017767163654071e+01
1.963113648961083868e+01
1.555546030990666395e+01
1.997452856901682594e+01
-4.783278794779590726e+00
1.722135911784181417e+01
-1.484174824678245841e+01
-3.790867729113642781e-01
-2.994232437802034497e+01
-1.696704013200601935e+01
2.221211689676315615e+01
-4.978420368251107675e+01
1.465512154834863168e+01
8.766390126814428641e+00
4.587266596640613159e+01
-1.044860233120274984e+01
1.842245629999550616e+01
-5.497573039368319314e+00
-2.675337745164634384e+01
-3.753544527765302519e+01
-6.468833477686928290e+00
-4.883049879737862398e+01
6.489813933589971384e+00
-1.097503854576816096e+01
1.703807107407906329e+01
1.302190080828916052e+01
-1.578211508086937442e+01
-1.615850447626201003e+01
2.260835439884664311e+01
-3.398920444650462258e+01
-6.745559600948240586e+00
-1.045358543162199538e+01
1.511144065098668321e+01
5.284216693743530868e-01
1.488511731550147488e+00
-1.042723352292884442e+01
3.026508379595065890e+01
-3.062534892335793302e+01
3.756716390960036733e+00
3.326231892288754466e+01
-2.032180688285788506e+01
1.712040316197544598e+00
-1.443382590758233164e-01
-3.593857439280230182e+01
-2.208416423614218616e+01
-2.746209827556976180e+00
1.558692876285017093e+01
1.822577288388956163e+01
3.382273768508838430e+00
-5.327050262603393094e+00
9.827062981031502886e+00
-2.347801802142626570e+01
-1.085427829739785466e+00
-2.863986927051126941e+01
-1.541923272142102519e+01
2.684013369354445899e+01
-1.575310676497687723e+01
3.746956784408018848e+01
-1.327972555087887940e+01
1.807397254528217445e+01
1.394792627289908182e+01
-3.501166712221075983e+01
-1.385511171285180865e+01
4.821680210116454646e+00
-2.307322037699218242e+01
-2.079188128823797399e+01
-4.822272444563941463e+01
-2.983724085343314414e+01
-2.819593433579774455e+01
-2.425149735546898455e+01
4.576039503236160044e-01
1.004935334755968768e+01
3.771510048689592054e+00
1.344096573022606123e+01
-3.133505513150949184e+01
8.429648316896248161e+00
1.490667146633936113e+01
-3.716911580150834027e+01
-3.433525716304649222e+01
-2.331536369878153891e+01
-1.500735668196976746e+01
8.966019618568424221e+00
-7.239172797505943890e-01
-2.323420905075443699e+01
1.652770415862136133e+01
-1.317921058977587734e+01
2.770538059365458139e+01
-4.910543027798888716e+01
3.492614674205981373e+01
-4.990355238232435653e+00
-2.211624138939501449e+01
-1.381050031636955566e+01
1.041985334318113132e+00
2.468300180778320652e+01
-4.068339738634053049e+01
-6.515237458982156227e+00
-1.118028433240134234e+01
2.467564906562581939e+01
4.610858453085928943e+01
-5.483223538715355971e+01
5.128614793289182217e+01
2.292062947453690924e+01
-4.115220395369619411e+01
-1.761324109328363363e+01
4.369980416653173450e+01
3.277192433044615427e+01
-1.148804074247505014e+01
-3.226629310918042393e+00
7.896256164000291733e+00
4.116039701519243010e+01
-3.130396006442183676e+01
6.993815656610323117e+00
-4.610216397433788416e+00
1.504404568185100288e+01
-4.003386899113944253e+01
-1.825287276828838401e+00
-1.676763754391450689e+01
2.633220136994783900e+01
2.321525751221233236e+01
-4.815017859615579709e+01
-2.634684633833443002e+01
-1.190128085780941092e+01
-2.347693748764289978e+01
-6.421264876462217330e+00
-1.120239008625446786e+01
2.479342733238053142e+01
2.316012108865382402e+01
-1.163842514423066632e+00
-2.532663991772787426e+01
-4.690617870602477524e+01
2.622043051997303564e+01
-2.707664784139916492e+01
-2.006563457854969101e+01
3.264615602758262014e+00
-1.980837403428500920e+01
-2.154572240960570184e+01
-1.578554442396863777e+01
-2.640765630646765771e+01
-1.429455321745017216e+01
-2.864613318200652259e+01
3.083877708645646010e+01
3.384736571934229232e+01
-3.639467623122470741e+00
-1.209058277943643134e+01
-2.476599881910601653e-01
2.508257838455529054e+01
-4.737955417811329539e+01
-1.094662518259414696e+01
2.712007306485207891e+01
3.911037230160204103e+01
-9.254124134012471359e+00
5.449953139988394923e+00
3.026081018476321560e+01
9.152552488439653189e+00
-5.455315872567041424e-01
-2.455055872073052115e+01
1.114317118609761792e+01
-1.912197509108986537e+01
-5.775493903997158895e+00
-1.071100576092362644e+01
-9.074373791896306329e+00
1.250706451618202664e+01
4.360110865204321584e+01
-1.311399614854778406e+00
1.886550891288067078e+00
-5.020237671654878397e+01
-1.044623204206072842e+01
-1.983050376902252765e+01
-1.177459589640648119e-01
-2.590332240212183024e+01
4.705058052465125229e+01
4.472897378099139587e+01
7.716060571532509016e+00
-1.089267097086960234e+01
9.169468597265179710e+00
1.135932942016481206e+01
-2.631794775152841481e+01
-4.654012068194901985e+00
1.046797067334739495e+01
7.344002669184163778e+00
3.040076327581714111e+01
2.229072687766583272e+01
-1.167682065041807959e+01
1.435026113681655602e+01
-5.470108494340293248e+01
-6.623107856835304119e-01
4.810809066824137403e+01
6.564362335895481237e+00
-1.159902728250528980e+00
1.686828010155949187e+01
-1.582103516383102360e+01
4.958150561260676170e+01
-9.174968726133585051e+00
4.437056058176494844e+01
2.161612795566166056e+01
-2.233557816625540227e+01
1.785825988412419463e+01
-1.688892679976122224e+01
-3.991831208514850005e+01
-3.555125794895417357e+00
-3.073195034267105541e+01
-2.900404082131592531e+01
-2.734885767616916041e+00
1.994747928653890767e+01
-5.362647840989893666e+00
-1.726873509012210661e+01
4.960321551131926299e+00
-3.821411295036824640e+01
-3.893735877370316345e+00
-4.579087020774045413e+01
2.692729277140119848e+01
-6.406622370437418112e-01
-2.757070863718676890e+01
-9.147060313004672594e+00
1.022549588333419024e+01
-1.953160339761065245e+01
-2.520748438336137554e+01
5.210761144768002850e+01
-1.335928748424990431e+01
-2.223339597903884624e+01
1.507917534318848141e+01
-9.763581053944925259e+00
3.021892630127634760e+01
-2.543473008933119672e+00
3.856985803094673315e+00
5.972951282787141736e+01
-6.871950047403288409e+00
-2.025184152191238240e+01
-2.378880157802393569e+01
-2.810852406740133347e+01
-1.889994753844354136e+01
1.497308958303278814e+01
1.500562409072773562e+01
1.229651516441590786e+01
4.063044691516489593e+01
1.834174645604036868e+00
1.156361819742230068e+01
-3.515831767055186674e+01
1.490362668672815971e+00
-1.028300317275770226e+01
-1.474217186766554732e+01
-1.925992601758821365e+00
1.863923456870634254e+01
2.113720037268063834e+01
-3.736306290601465463e-01
6.754228623207438886e+00
1.524545731481041422e+01
1.928571382178856197e+01
-1.354718541288528399e+01
-7.005113463831150966e+00
3.790321678144721318e-01
-1.276941336477761979e+01
-2.786155362686741910e+00
-1.986205948797399401e+01
4.394230089809732931e+01
3.559552568056085420e+01
-9.023447660953252125e+00
8.872172380883426968e+00
-2.563488919814302491e+00
-1.660964083024042282e+01
1.975026192308031270e+01
-5.282346449651640796e+00
2.215586533504290401e+01
-2.900703524282413781e+01
9.951522088899110940e+00
-5.505427577643956738e+00
-2.983460721076590971e+01
-1.352225336038679870e+01
1.481484280371684292e+01
-5.056669633438870903e+01
2.384545515878960487e+01
2.582776769248184223e+01
-5.534288347767711613e+00
-3.315663831810581996e+00
-1.760768886369788788e+00
1.383790635434530714e+01
-1.810109083117762907e+01
2.001740785919887600e+01
1.689461764539817068e+01
-5.449334207014777576e+01
-1.962226985780003474e+01
1.317044151746925706e+01
-4.697107483610409417e+00
2.405597939892954429e+01
-3.533293874173102722e+01
-2.971502965892568682e+00
-2.320932857689808770e+01
-7.129949130611915109e+01
4.262447542483656093e+01
-3.234649499729778199e+01
-3.390374877297820433e+01
4.952474885571525931e+00
7.189890355860252669e+01
6.251896147637552303e-01
-1.558047494704663904e+01
-1.741858560236664744e+00
-3.037592312536858685e+00
-4.748463917464776785e+01
-3.397460651374800022e+01
4.541787344621403122e+01
-5.679409780658687623e+00
-2.089638610133542329e+01
2.735637134285548200e+01
-1.989696978747208789e+01
2.046637446952240680e+01
2.953509931078136930e+01
-3.165889571723043616e+01
-1.556477920154645744e+01
-1.928089493397297360e+01
-9.946046576811340856e+00
-9.752856298388103085e+00
-5.757332492315299532e+00
7.919446555959495981e+00
-1.892787247459401101e+01
1.573732273687589611e+01
3.212470142661202033e+01
-4.993227234468353259e+00
-1.130388623029145378e+01
8.083859618863897367e+00
3.105276732079880730e+01
2.893139149910359720e+01
5.435373601721863679e+00
-3.067505253796070974e+00
-4.831102551922413113e+00
-2.814110837562128609e+01
2.132243762740169757e+01
-1.236310653131018711e+01
1.102239026597828797e+01
-7.748898201044596590e+00
1.496944395522962168e+01
1.014646363110439609e+01
-4.463849434032243835e+01
-1.477271108119640530e+01
-4.356887133755714103e+01
-1.977062549834636229e+01
2.934454557129527075e+00
-9.538772165654819446e+00
1.810669764667899528e+01
-1.664644965476188077e+01
2.060920964595048588e+00
5.963200943504091356e+00
3.922161473368652196e+01
1.988078679291622564e+01
-1.675830730356735998e+01
-6.802315258522355634e-01
6.723022359828007666e+00
2.125777887017480339e+01
1.971319900189598684e-01
3.026553128735059772e+01
1.243594746803520934e+01
5.019536104460109982e+01
1.044531206744366614e+00
3.629893844800703562e+01
-1.497691418186832379e+01
-2.088347597452337112e+01
2.440669350985558594e+00
5.188044608128279833e+00
1.485443084428948168e+01
-7.852579779012501149e+00
-7.578414905101475085e+00
1.438024511319967402e+01
-2.686287485839247324e+01
-3.054838739815843951e+01
4.391426495701787758e+01
-3.300659066781065576e+00
-2.165443307344639834e+01
-2.231261434956351764e+00
-7.460760729134221947e+00
2.357420874078415807e+01
1.832290791740820168e+01
-1.118720586227743752e+01
4.732563803220273257e-01
-1.465045264683807602e+01
-1.955698119519837519e+01
-1.481615353161919302e+01
-5.355361697352104500e+01
5.175806644562896963e-02
-3.565592671397519098e+01
-3.084434510894376302e+01
-2.063206641151464282e+01
1.061394051244019465e+01
-2.019022017018923520e+01
1.280682225843242605e+01
-3.392660432076789334e+01
5.859448861353939719e-01
-2.294200573901896689e+01
4.759872918978231837e+00
6.238975730691592503e+00
1.849190204767495516e+01
-1.163084106767342973e+01
-8.826374770970630834e+00
1.637023035568666174e+01
3.281504658283405718e+01
1.819732584214884241e+01
4.596362099052953454e+00
-3.973884349177261299e+01
-9.435510928928891872e+00
-1.751663070704393022e+01
-3.346133352210961220e+01
2.238636495395985548e+01
-2.011269751483172286e+01
-1.811220530294065156e+00
-1.554490930503463630e+01
-5.524191415711788977e+01
2.863629204419821406e+01
-9.749470014180019461e+00
2.245108500466062651e+01
-3.954032875448140771e+01
3.734817798929850596e+01
2.034330312303552546e+00
-1.594308027455529242e+01
4.782125478385353290e+00
-1.152565355062333197e+01
-3.629511721218443654e+01
8.000193056650019230e+00
1.975335610644617645e+01
9.717464739115371231e-01
-2.007856271312016361e+01
-9.078684239652488941e+00
9.711991801784932932e+00
1.767971946888911816e+01
3.491055381778483735e+01
1.311380864168427252e+01
-1.286910274430806567e+01
5.287670781962052047e+01
1.327797222064838678e+01
2.351299105353446350e+01
-1.012869308194353835e+01
1.549731495252470381e+01
1.085590163860763369e+01
-3.434286883240457655e+01
-1.142315792943601593e+01
-2.266505057866303829e+01
-2.044526833154533563e+01
-6.699486603344098512e+00
-7.684473600139142491e+00
-2.337484464483858915e+01
-6.137402694396027414e+01
-1.600499290460514601e+01
6.901861371566553771e+00
5.056424161412849116e+00
7.702871020892047227e+00
2.570312790572864969e+01
7.766559465143860308e+00
1.800377021754940188e+01
-2.305293285388466984e+01
2.533151169947672088e+01
-2.519805671611149478e+01
-3.984971130877772794e+01
1.217473817953026582e+01
-2.392894141456116586e+01
-2.173667224230331385e+01
-8.781749108979272478e+01
-6.421048640798971974e+00
4.517804342323108813e+01
2.348057821801615574e+01
-5.673579091813621744e+00
-7.660325544948250354e+00
2.092404527211988352e+01
3.685736792392525274e+01
-2.306282106589388547e+01
-5.959704710774587966e+00
-1.885299124543013249e+01
-1.945380545087300561e+01
-1.702131077974100037e+01
7.010334023636094258e+00
3.918851028044193185e+01
-3.611446018076929931e+01
-3.108682099305332258e+01
1.824104568065223475e+00
-5.895138373880769223e+00
-7.368239328431780422e+00
-4.996257718494888422e+01
3.485720911179754467e+01
1.328674958478660528e+01
5.212997951585645495e+00
2.681093481379575394e+01
-1.817952684358405335e+01
1.713569266096692445e+01
1.540261003893550651e+01
2.012066379891450651e+00
-3.364478569969833188e+00
4.884167544966146579e+00
-8.754718016880534748e+00
2.811033411563559525e+01
-2.218503442440578510e+01
2.386899085453083558e+01
5.338710685614842077e+00
7.999770947419960976e+00
1.260758402928087207e+01
-4.820635818033638031e+01
4.673950238370764509e+00
-3.712658977107724922e+01
-2.713713446350497094e+01
-2.714213365090765251e+01
-2.766315722805677524e+01
2.863471064022178325e-01
9.289238223759028301e+00
2.759934032277739391e+01
4.792603818381486747e+00
7.966899133891882201e+00
-3.889786124889104713e+01
-1.412392860473548239e+01
1.886125828837585061e+01
-1.125611412375363329e+00
-2.307504377654368000e-02
-4.915816993380758504e+00
1.939998578529345252e+01
-5.056750212284316603e+01
6.235008589883790364e+00
1.121718671406208045e+01
2.396063996336055979e+01
2.048555912553270275e+01
-3.134893366801277637e+01
6.231754362404728909e+00
3.237119679446820442e+00
2.612379199179429179e+00
3.303267726651910152e+00
-1.042976681792126215e+01
-1.952992736379800931e+01
1.049024215308799057e+01
3.331423633671204243e+01
-2.760918266315172787e+00
6.403733892415317541e+00
9.427665263743989499e+00
-1.420494492004141307e+01
-1.504904717506852307e+01
-6.610367824239119727e+01
-2.043563505658900681e+01
-3.024209939724856611e+01
-3.699491784287175733e+00
-3.739337366751135505e+01
4.157888109030793089e+01
-1.733454114057741435e+01
-2.969540949654208362e+01
-8.565972496911274447e+01
3.679468724064548724e+01
7.387598161354105741e+00
3.383973826735086732e+00
-3.471358119373027762e+01
4.899042836719445404e+00
-1.105375591145761405e+01
-1.814939295939880992e+01
6.492413671396318975e+00
1.870025203946261172e+01
4.053704609534435122e+00
-1.178086423969637053e+01
-1.320062919923543632e-01
1.541629368388072407e+00
8.709531627492538064e+00
-3.517287949893542987e+01
3.995581774770529648e+01
-2.374425377751282440e+01
-1.658582615558483297e+01
-2.711312541440054247e+01
-5.758556072964479711e+01
4.994115514967816694e+00
-2.898937806261213268e+01
-1.054075736228330840e+01
1.806307293066265629e+01
-1.432251591674400970e+01
-1.907047911208906044e+00
-6.511603178538777570e+00
-1.110486200497979326e+01
1.765594109479643237e+00
3.004568445917942654e+01
-2.782682911141409932e+01
5.508113068748221508e+01
-1.252699651646602774e+01
1.850018471798703956e+01
-7.613813628725246474e+00
6.294673250193969949e+00
-6.016779861426783782e+00
2.426646981713514606e+01
3.391498667828574298e+01
1.060146810461240108e+01
2.547043070043125113e+01
-1.970814355838314214e+01
-3.667269887741088752e+00
-1.233492549348079592e+01
3.800008900389886435e+01
3.188795572471804007e+01
2.409808019932086154e+01
-8.507693018593329271e+00
-1.540023756919720199e+01
1.376655426010420058e+01
-1.555120562249776128e+01
-6.867345760956936829e+00
-3.187585215876339362e+00
-1.632108603031880278e+01
2.748494101013083935e+01
-4.556318935972804240e+00
2.100216765809829411e+01
1.082626045478510868e+01
9.556689036512082680e+00
-1.829349155446254827e+01
1.464380322020419101e+01
-1.013424625717863137e+01
-6.527773484809245019e+00
-1.735220648287167933e+00
-2.660427173798620970e+01
4.123128629288532920e+01
-1.472063904202918394e+01
-1.777264342384427209e+00
1.231100400259634142e+01
1.063384468192228383e+01
4.100080788511779417e+01
-9.507248078943945302e+00
4.167684502645226985e+01
3.739370423302764834e+01
-5.180966492059661732e+01
2.798705403454583518e+00
-1.026297401164308098e+01
8.684120916309183258e+00
3.284470457715869429e+00
1.099717106631965180e+01
3.446589385444857356e+01
5.401907067098048998e+01
-4.154159702802559195e+01
4.182693019487771835e+01
-5.415804920005341216e+01
-4.492404486636551297e+01
-7.994542048749593732e+00
3.771624063762146761e-02
4.027684403763295506e+01
1.978769620178013611e+01
-6.643567092419800701e+00
-4.934582247137056754e+01
3.905205271954424262e+01
-2.308917525225865575e+01
1.000108103743684751e+00
-3.951180305288851002e+00
6.962908316602459990e+01
-1.401079457063065092e+01
-5.905171849019870933e+01
1.732364551468754144e+01
-8.997595074675601268e+01
6.361754746602144905e+00
-2.017248416762113550e+01
-1.018948730989293239e+01
-1.501214349983020213e+01
-3.233243481951097920e+01
2.116373155364590275e+01
-2.102926921546763595e+01
-6.493084282471272672e+00
-4.363259167408821781e+01
-2.415046010372606133e+00
-2.891912428052566497e+01
-4.125660452360489217e+01
-6.283209954790055463e+01
5.070881874136773604e+00
-1.969120785601882062e+01
3.467196329079172301e+00
-7.805929015360447920e+00
-4.493968243696809850e+01
-3.595335806427090120e+01
-3.016080082300447884e+01
-3.135610574715673238e+01
2.947233737281898414e+01
2.813215864404895683e+00
-2.756442426008764812e+01
-1.200518760129818929e+01
-1.357870124839439541e+01
2.226375958109511188e+01
-1.718175079425289908e+01
-4.232401562099486370e+00
-1.552497430704295311e+01
-1.975374104545706189e+01
-2.238436302341692397e+01
2.041915853868458441e+01
-8.604751506029458596e+00
-5.122392562316832709e+01
4.263478462736961205e+01
2.434283015752837898e+01
1.451904434788787057e+00
-4.320200807188518866e+01
-4.142197486989738309e+01
3.804942904897359313e+00
3.908638851717114449e-01
-1.750241353351270845e+01
-2.532714640240401138e+01
1.735744748755053024e+01
-3.056497346793918268e+00
1.456331811122288400e+01
2.712145806904550227e+01
1.755665599730187409e+01
1.768647194146211632e+01
1.322991656377006819e+01
-1.155543487931032587e+01
-8.249934747703747462e+00
-1.203269276535080579e+01
-2.031968323386593056e+01
-2.364574679496092813e+01
-3.525807899461989336e+01
-2.061125451529556329e+01
-5.646123110735516093e+00
-4.253719253501390085e+01
-7.910001605832860605e+00
2.021877410065257763e+01
-4.370798127391248045e+01
1.647738228025542639e+01
1.487543220852086279e+01
-3.982335432712716283e+01
-3.140660582795038636e+01
-9.499569685627164972e+00
9.734993955685311562e+00
-2.180240175588829743e+01
4.004992885266545954e+01
3.554793970262988978e+01
-4.280976096867817660e+01
2.475711288870286353e+01
1.925954766565402565e+01
4.849072978401437695e+00
1.201270737070906591e+01
-2.372174884220567037e+01
-7.224872690912121698e+00
4.616413439595930868e+00
1.066427267466754358e+01
2.344068533834876433e+01
-2.840231662153873415e+01
-3.320533406511970043e+00
8.288974685592123137e+00
2.988246721938622841e+00
-1.650329066237954123e+01
1.211650075660836023e+01
-1.416298179721164274e+01
-1.139374053080455695e+01
6.383675252750720119e-01
-3.374528969037876891e+01
1.650470204462926915e+00
-9.358664700208009890e+00
-7.675925823006593873e+00
4.669677344529986840e+00
-3.012447603617221148e+01
3.293294281800311296e+01
-1.400040822222581482e+01
-7.399920242222808042e+01
-4.735632011263118102e+01
2.054097186028752731e+01
-2.246995757294928353e+01
-1.043651095768876758e+01
-1.456698106223595346e+01
-1.019222654929555461e+01
-5.593423469650053903e+01
-3.513356639195933440e+00
-3.458306812587295553e+01
-1.914772218591213004e+01
1.177763598564385461e+01
4.369739603388669025e+01
1.572362254408201210e+00
-5.613346864777071232e-01
3.307541801615768406e+01
-3.079068153524033846e+01
1.773974811206869617e+01
4.221885184493757492e+00
-2.647509901950695621e+01
-1.415915662705270961e+01
1.237497658113630905e+01
3.500422141127046416e-01
6.742547012791870742e+00
5.715863565815226366e+00
-1.314731614052240616e+01
-1.804593306803201358e+01
-2.777044598868167213e+01
2.737720245050715562e+01
-3.582590433419315445e+01
-2.660824185395630082e+01
6.912198044560142307e+00
-4.832044075970291885e+01
1.252485315847593483e+01
3.564469490216578151e+01
-4.016229106818904881e+00
6.444722628646474050e+00
-1.600380890789620025e+01
-1.223027483008601735e+01
5.781677671523937079e+00
2.113290408265877574e+01
-2.157788289021379313e+01
1.502155203018642737e+01
-5.878847121382506202e+00
1.727605123301941603e+00
1.288093567071443601e+01
8.284421254780767185e+00
-7.166032541460396033e+00
1.372947782854225807e-01
1.066790670414349051e+01
1.589351584584485977e+01
-3.991030617790040935e+01
1.824602983461431904e+00
2.861165195855587129e+01
-5.131433780073314210e+01
1.687093266350184706e+01
-6.481464092214862660e+01
-5.987262622919379496e+00
-8.236295536009549778e+00
-2.890915864266958124e+00
-6.768195404231619250e+00
-1.395956414258185418e+01
-5.306844717771241449e+00
6.630482872184572329e+00
-1.483331213125165604e+01
6.697867388585208914e+00
4.867288599317518560e+01
-3.367235977997577834e+01
-1.467625259341701849e+01
2.212461035597448245e+01
1.335659973341137174e+01
2.430980237764542551e+01
1.174312193858531117e+01
1.170540072922665331e+01
-8.933172092395182062e+00
-2.724324165896598515e+01
-2.511805404189459523e+01
-1.499223008102001131e+01
2.584994366993612402e+00
-2.345734938348329024e+01
-7.772781935974840906e+00
4.053002152060031449e+00
1.321172612630829235e+01
-5.682465168402323741e+00
3.312365308731405378e+01
-3.211048067076188772e+01
-2.176795014611542456e+00
-1.688550615508230379e+00
1.526192834549696897e+01
-2.176871541344269190e+01
-1.378521296448803923e+01
1.041550162752441366e+01
2.491576643759586318e+01
4.145534295412635117e+01
1.771125305675153072e+01
2.319272805080235855e+01
-1.549844149733509724e+01
3.494055818746329578e+01
3.664988114382873619e+01
-1.405427041187920167e+00
1.893984937653391398e+01
2.089990676204041620e+01
-1.304677104036940705e+01
4.706632411041340447e+00
3.361454434888361220e+01
-1.337402366687925337e+01
-5.066157169741472899e+00
-3.337430623601092350e+01
1.317010309151331171e+01
-7.116474960570712938e+00
1.091407389632726677e+01
3.248121464889976551e+00
-2.205039720959576144e+01
2.522756437101412530e+01
2.221131863585961241e+01
-1.488689455815045903e+01
1.057424603766326499e+01
-3.382868308571852367e+01
-2.939164797246919747e+01
1.370090853631290884e+01
-3.771557947840842928e+01
-1.701657789527980214e+01
2.869369738695354499e+00
4.574394034630453376e+01
-1.410147218751200171e+01
-6.789927142988545938e+00
-9.970084568125116675e+00
6.202381213688133244e+01
7.707267596055288550e+00
-2.384264086242082215e+01
3.920107344791972537e+01
3.470025496440351276e+01
1.737246281086294175e+01
4.155519511824189749e+01
4.755494054507510526e+01
-4.137325322476968381e+00
-1.531352095247531508e+01
-1.604048285114697592e+01
1.598191337912365384e+01
2.076585542039984489e+01
-3.803264872876681579e+00
-1.279055147624410438e+01
-3.378158876934513444e+01
-1.396551058854498706e+01
-2.497094958813033827e+01
1.665300411175525142e+01
9.457099327515720688e+00
3.526070816509621864e+01
4.099822205726695756e+00
-1.302172919680936047e+01
-4.683855518772489290e+00
2.181554253734104520e+01
6.918984644293630026e+00
3.008592145769566173e+01
3.080252435200321770e+01
-6.673439938210833589e+00
-5.980748041762808498e+00
-5.552788685614967790e+01
2.797114909004827155e+01
-6.642024301291371557e-01
2.993694723964227933e+01
-1.195993013374766889e+01
-3.448103728286006486e+01
1.166231936811544578e+01
4.025457907763382082e+01
-1.446434815382825434e+01
3.649089607547955438e+01
-4.019775906814237487e+01
-1.271241065749617860e+01
-4.487232438431846049e+01
1.051803724781674987e+01
4.451315345328225703e+00
2.988163939137791658e+00
-3.431274928546764613e+01
4.999020973495771614e+01
2.990947421285517294e+01
4.871671363614325401e+00
-2.847488401547391845e+01
1.195970881639570393e+01
-1.285845067865676583e+01
-6.838621597771748384e+00
-1.321478416112330478e+01
1.010335844576823305e+01
-7.980474523203554327e+00
-1.111648622448615242e+01
1.147907843047568122e+01
1.428538632210869963e+01
-4.719393906272591721e+01
1.094958501572685350e+01
3.719558403834889759e+01
2.213404275305887836e+01
-5.749771908028453282e+00
8.433547363783091555e-01
-1.932242668074763969e+01
3.194563682546049677e+01
8.575153052802647835e+00
-2.297818910707178475e+00
-4.118868038250809605e+00
5.881845370507221560e+01
-1.761176088999263811e+00
1.341493131714167930e+01
4.108225940454792635e+01
5.290312867197285840e+01
3.419465771240734853e+01
2.229640821046334054e+01
-3.655675538594653062e+01
-2.491180444961406693e+01
1.892703780992498253e+01
3.848286027580371638e+00
1.738436847442261524e+01
8.748552855710471476e+00
3.377288827896654766e+01
-4.252114374950178899e+01
-2.678236829075274272e+01
-6.337793138799554526e+00
-4.695275350710227258e+01
1.049226102569694774e+01
2.417985920196741745e+01
3.738703410380423975e+00
-1.217980533758358774e+01
1.273911766318246919e+01
7.580179074396289707e+01
1.693893790009587974e+01
8.638984732391747912e+00
-2.575154661385948884e+01
-3.284996097574935447e+01
-8.040799741954302249e+00
1.814971413947284873e+01
-3.268443196418445496e+00
1.302514785021604382e+01
1.914080033978962092e+01
-3.126649975961478845e+01
1.430863623685138464e+01
2.423282221744932485e+01
3.090700398570680818e+01
-3.597954736275511323e+00
2.576429892951466627e+00
-5.503984972563827682e+00
-2.648636710097966329e+01
-3.800413475568717558e+01
4.351600070556688138e+01
-4.237058619618423450e+00
-3.026667218212597277e+01
2.977755371673083573e+00
-1.416726732945404166e+01
4.971348973547983974e+01
-1.277816245476412860e+01
-1.962208439596074072e+01
1.904407566220538683e+01
-9.004413844265030775e+00
2.437010016158382086e+01
7.325509005783885641e-01
5.320508150792355195e+01
2.888918870539279382e+01
2.173934181147380684e+00
-2.037418033698938302e+01
1.503900201389245694e+01
-2.949495221455336491e+01
-4.787365100544334950e+00
3.351931079614981002e+01
-1.531254827117473383e+01
-2.456178935760493687e+01
-1.327524512631219977e+01
2.736230350658212274e+01
6.913067931273232603e+00
-4.535389014669335239e+01
1.819775494444046160e+01
5.096017898283463410e+00
5.049701117023914776e+00
-2.755243205823177277e+01
1.568434641898591053e+00
1.848266074402853576e+01
2.620634759373447764e+01
3.608124155666820343e+01
1.579274979269235324e+01
2.138137373341564285e+00
-2.959406353349567098e+01
-2.560466642105927804e+01
-3.778137385531644554e+01
-7.203401382125605323e+00
1.735145944768828485e+01
-1.353468534128289491e+00
2.807362598413078558e+01
-1.790167354077777873e+01
8.974332497055172553e+00
-9.518849863561527513e+00
-1.637239154365719429e+01
3.349578130995452341e+01
3.873021393495207576e+00
3.444999592772478536e+01
2.618249361255323038e+00
1.218726496348355681e+01
-9.830252951927150207e+00
3.325293850429163456e+01
-9.121607062541684741e+00
3.521391683636991843e-01
-4.276528431841066435e+01
-5.252928449291488278e+00
3.915456198559826362e+01
3.499058753725066140e+01
1.475481653993371367e+01
-9.096870150697014878e+00
3.054939219555109275e+00
-1.148077717129092434e+01
-7.597912860120487721e+00
5.065410632236577726e+01
2.743574244989190447e+00
-1.436954890483920622e+01
-5.937901275787951505e+01
-2.602809791561250563e+01
-2.105709996697926556e+01
-3.514597710408759212e+01
-3.183427341705657909e+01
-3.790424684047295045e+01
-2.517126831695595968e+01
-1.743749934556637982e+01
-2.711701101999713615e+01
2.572638586851837061e+01
-1.140604168990279277e+01
-4.844222155995652201e+01
2.204048132851460196e+01
-1.669362121654181763e+01
-4.454451194718468798e+01
5.326093427093684340e+01
-1.428329026289080872e+01
9.412130566513440044e+00
2.198781051728587954e+01
4.931698253288089973e+00
1.461922905028865216e+01
1.785575990233795096e+00
1.042302226812310550e-01
-8.158258331941610209e+00
-4.142549215108456906e+01
6.539700974253733534e+00
-6.843787419072958755e+01
3.898441221173351323e+01
-2.340008850563935994e+01
-9.718781996545260427e+00
-1.001149064581670700e+01
8.229798866268493995e+00
-9.385981981035769195e+00
1.482974113854469778e+01
-3.036678723674612002e+01
1.967991811110690037e+01
2.373469157741148550e+01
5.743278051770872139e+00
6.304706775123804618e+00
1.188394554604528253e+01
5.009918149765496764e+00
1.516953250748758819e+01
-4.383900382125659689e+00
-3.866772760817653420e+01
5.268315119287251491e+00
-1.363012966967630746e+01
-2.997720515992597257e+00
3.043163853521983242e+01
-4.421676888698255681e+01
7.821659134969252136e-01
1.160235073015115859e+00
5.045086964270154795e+00
1.725943836695628875e+01
-6.698747979644174677e+00
4.576094906691730557e+01
2.426746557756266043e+01
-8.462172827999623337e+00
-4.142079962458325326e+00
2.075968804519547461e+00
4.241350346050654707e+01
-2.919198889093183880e+01
-5.679383804880040998e+01
1.699656602461070065e+01
-6.772093485938938784e+00
-9.235325537443856092e+00
9.116223581867743064e+00
4.192831957998629377e+01
2.448722229599604816e+01
-8.845878974762626967e+00
-2.902660798944441467e+01
-4.702195782917854672e+00
1.559678016595227845e+01
-8.444099872707170107e+00
-4.122335366252696076e+01
-3.365043045430368807e+00
-5.272458458164265949e+01
-2.806910126281019302e+01
4.541979429996921169e+01
-2.884444145360325251e+01
-3.781063089138444866e+01
-2.852954742956624301e+01
-2.045223270900527268e+01
2.006014368286125205e+01
4.670500955878878102e+01
-3.670218400974590622e+00
1.433272745865168929e+01
-1.179455473617144889e+01
-3.856690638315034647e+01
2.603383644570339683e+01
-2.619011042637231412e+01
1.447200574389762551e+01
1.773858646350723234e+01
-5.887947123683346717e+00
2.094965106797980070e+01
2.288153143638447062e+01
6.306451405153373457e+01
-6.600740277668194267e+00
-2.877456972997029538e+01
-3.494558123862299226e+01
-9.529958362045420017e+00
-1.863066135678603175e+01
5.256359847442465139e+01
-2.439200289448433523e+01
6.425339196929364505e+00
2.718841964092945318e+00
-1.224934268308627594e+01
-4.726896983577256606e+01
-3.483730094857378390e+00
5.486796620829298377e+01
9.659438157756127907e+00
4.175051973904487568e+00
-3.218523257323630560e+01
-3.202826506002463702e+01
-7.829514304113189382e+00
2.560323693580909321e+01
-1.415337160297676178e+01
5.726774609316726128e+01
-2.698677908887054855e+01
1.047217506029635103e+01
-7.619661377132445068e+00
-3.614014761051481628e+01
2.397610791041529410e+00
-2.854541338353942592e+01
-4.116555594308596255e+01
6.192706545749047109e+00
1.061731838729116362e+00
2.913603236627662341e+01
1.315239709280068325e+01
-1.871821867849235588e+01
1.197584832672987432e+01
-4.876818640509493719e+01
-2.666102630125516271e+01
4.969130771248838840e+01
4.610498480862787574e+00
-5.916466511023827479e+00
-1.660116261664782655e+01
-2.458715263365661485e+00
-5.516109074006010360e+00
4.962775588238380919e+01
2.320835167744625949e+01
-6.593085641140646658e+00
-1.948862312153210041e+00
-2.190942099110544561e+01
-8.738342041185632070e+00
-3.509262369364907386e+01
2.751742526199209493e+01
3.893394946883887542e+00
5.743901380267232071e+00
1.000309347982806685e+01
-4.445348667307939650e+00
-1.145384201754002262e+01
3.036341447051153608e+00
-6.029878489890857907e+01
-8.655091908826307190e+00
-5.728677512886662271e+00
-4.313329245070292473e+00
2.682694180697430397e+01
3.624303804972559817e+01
9.645200783331063121e+00
-5.305777133297465298e+01
3.465502076242978546e+01
-1.191713205186053415e+01
-2.086154780090615191e+01
-4.858602290701313109e+01
-1.676537169858204379e+01
3.463233182950906297e+01
1.701065349140992566e+01
5.578872134218556766e+00
1.876582552114624036e+01
-3.252801202463763275e+01
-2.593115443152561284e+01
3.140768410530080246e+01
2.166202706930700117e+01
2.676396315955310001e+01
2.758278628725790327e+00
4.704601873726204531e+00
3.038163442272022507e+01
5.377719335450839822e+01
-1.162319537661832669e+01
2.145519878620541476e+01
-1.444876008688174807e+01
-2.442525845757572256e+01
-1.931709929244536283e+01
-1.942817681126638263e+01
-8.076434023021420217e+00
-2.649209521190309147e+01
-1.090165335094997090e+01
-7.562427163180061029e+01
1.890551921598355989e+01
1.231768903044044805e+01
-2.657270024956481791e+00
-2.163231098984175560e+01
-1.029403690014947870e+01
-3.058624873084710316e+01
5.482289723971462081e+00
4.487658732204353385e+01
-1.231028085238534686e+01
-9.398180481951854404e+00
1.169707422696603771e+01
-2.845497908248449193e+01
4.711409262382537833e+01
8.170101735890973771e+00
7.779573392727513692e+00
2.753454776176582186e+01
-1.386870886258890323e+00
3.114571133503989131e+01
1.053206995984614025e+01
-2.184571398590534841e+00
4.541802414924717368e+00
-3.527416563197135702e+00
3.682679745436422536e+01
4.789172879933346394e+00
1.010371771712493683e+01
-6.478414672800482776e+00
7.835689741065934300e+00
-5.132218256453995764e+01
-1.956938111697769500e+01
-2.714212997164395347e+01
2.635525087140050005e+01
-1.778776401124673612e+01
-3.339875318423048611e+01
3.218212361476230399e+01
-6.760732423116948553e+00
2.251849869013238958e+01
-5.008870980646122462e+01
1.031051955329459879e+01
2.886712526583323779e+00
3.417671464101943002e+00
-6.475219929826749876e+00
-4.051629755955104883e+00
2.821822068009563012e+01
1.005297836174662507e+00
-2.822644565601314071e+01
-1.041017949396601239e+01
1.223989055261182557e+01
-6.390392055837469343e+01
-4.887436553225573022e+01
7.121535308168063239e-01
7.806439593664720178e+00
-2.610470327120473399e+01
-1.066614282804948743e+00
5.840336050451014671e+01
1.551943453966430297e+01
-2.988492574106356869e+01
5.198570938990442869e+00
-5.151118320389961980e+00
6.947249559007353525e+00
-1.977263986479277946e+01
1.222225580440025539e+01
1.461749980408524152e+01
-3.838369664189997366e+00
6.191072221464818881e+01
-4.387592089536354933e+00
-1.751998618653169615e+01
1.319829233259292778e+01
2.381218484760915999e+01
-1.872717234302805878e+01
-1.018493828487887498e+00
5.428602541643476798e+01
-1.556447813647139355e+00
3.260247213179678738e+01
8.100770119013048998e+00
-3.865040714990598758e+00
-1.260999385305399301e+01
2.893965054882096410e+01
-3.096663163241159111e+01
-5.725486877448417999e-01
-1.008414833058722593e+01
-2.199244776264558965e+01
8.340269627251167606e+00
1.474632128150603094e+01
2.413444315948652275e+00
-2.124185336077744068e-01
-2.206089549211063172e+01
8.973945522413714571e+00
-1.828561546545415695e+00
-1.255091142462533327e+01
-1.116407385803375973e+01
9.134434831188599446e+00
-2.073780012206327683e+00
-2.095514618228938275e+01
-6.042821840459308191e+01
5.821215002115081916e+00
1.069046260199220910e+01
-2.688180306638942341e+01
-1.323107731925705366e+01
4.583232903330916486e+01
6.226128415255459458e+00
2.185788609007073546e+01
4.786884304002242629e+00
2.208386497034049967e+01
3.188021999079523994e+00
-2.157896523391472954e+01
-6.042912028891507248e+00
3.014259857701262035e+00
1.745291426712284988e+01
4.178041806327729546e+01
2.726788319676367678e+01
1.685857639081007164e+00
9.488705280554768251e+00
3.357609786750136038e+01
1.464288808373691353e+01
-3.840675673431172754e+01
-1.529188703764228308e+01
6.177834988313520626e+00
4.722993878655273647e+00
1.366596392138605864e+01
-2.870850507781338479e+01
3.908602438970994797e+00
2.399485271201172054e+01
2.651426263000882244e+01
-2.383447471382024219e+01
1.847295224905565192e-02
-1.239111138058035522e+00
-9.421905658300488540e+00
-1.574930888084091407e+01
-8.586456617960379845e+00
-4.884871842100615424e+00
5.613815540294609718e+00
2.345823919228988075e+01
-1.712498743396184864e+01
4.487080319278180696e+01
1.818631726536082738e+01
1.488850879734269483e+01
1.963293892617693359e+01
1.502622463631945493e+01
2.017527891366250614e+01
3.033471671537239445e+01
-2.524124892862626979e+01
3.452287641690982412e+01
-6.327689761890150066e+01
1.755590162949834721e+01
-5.928941355402395175e+01
4.629161470088558872e+01
4.179133580166784157e+01
-5.218061483361282171e+00
-2.671285301814802438e+01
-2.353812676952867378e+01
-3.051181897869929571e+01
-3.513483748650398297e+01
3.139561563025193891e+01
2.331997119533362195e+01
1.325728866187367316e+01
1.569809348966600737e+01
2.480308120850872911e+01
-2.172708524002257491e+01
-9.843309023332039942e+00
3.059478601981339096e+01
-7.248367664700765545e+00
2.962612423110766713e+01
4.130780990798521657e+01
-3.212619265772659105e+00
-4.061430675880268382e+01
2.777017691796572763e+00
-1.452133685252304574e+00
-5.654386651877814529e+00
4.114053920935134556e-02
-3.615210305067898844e+01
-6.971900053646606921e+00
4.897114385183664709e+00
7.394964842878678724e+00
2.709816458853580912e+01
-2.369138130180908774e+01
3.089642557171504222e+01
-2.213444496910321391e+01
1.423454943522241933e+01
2.238754368239284531e+01
