---------------------
  #    meV     cm^-1
---------------------
  0    5.6      45.6
  1   10.2      82.4
  2   14.4     116.4
  3   18.1     146.3
  4   20.9     168.2
  5   23.4     188.6
  6   25.7     207.0
  7   32.3     260.4
  8   35.3     285.1
  9   52.1     420.0
 10   57.9     467.1
 11   70.1     565.5
 12   71.6     577.1
 13   79.8     643.3
 14   84.9     684.9
 15   99.8     804.6
 16  119.7     965.7
 17  125.6    1013.3
 18  145.5    1173.2
 19  169.9    1370.7
 20  174.9    1410.9
 21  184.3    1486.4
 22  196.9    1588.0
 23  199.8    1611.4
 24  387.0    3121.0
 25  394.6    3182.5
 26  403.2    3251.6
 27  414.9    3346.4
 28  425.4    3430.8
 29  472.8    3813.7
---------------------
Zero-point energy: 2.258 eV
