---------------------
  #    meV     cm^-1
---------------------
  0    8.3      66.6
  1   12.8     103.2
  2   14.0     113.3
  3   15.5     124.6
  4   19.2     154.8
  5   21.2     171.3
  6   22.4     180.9
  7   25.2     203.7
  8   32.0     257.9
  9   55.0     443.5
 10   66.2     534.3
 11   74.6     602.0
 12   86.1     694.3
 13   91.1     735.0
 14   94.8     764.8
 15   98.0     790.7
 16  129.2    1041.8
 17  139.2    1123.1
 18  146.8    1184.4
 19  159.6    1287.5
 20  182.5    1472.0
 21  190.5    1536.7
 22  196.1    1582.0
 23  202.4    1632.4
 24  364.8    2942.1
 25  415.6    3352.0
 26  417.4    3366.9
 27  423.4    3414.7
 28  429.7    3466.1
 29  441.9    3563.9
---------------------
Zero-point energy: 2.288 eV
