-3.527742885999822420e+01
-2.046404020593712403e+00
-7.276258243711204443e+00
2.447143530384967391e+01
-1.211512775204612069e+01
-9.378633524511400310e+00
-2.446975995995597941e+01
-5.119187565385841765e+01
-2.184828898592598989e+01
-2.301448194879816356e+01
-2.133901840083881041e+01
4.288904660362227617e+00
2.028444897755704801e+00
-1.065423430277832040e+00
1.764467291032985941e+00
2.695651147557003924e+01
-1.041241874976159920e+01
-7.362267516275068147e+00
1.196391883845046777e+01
-6.298476454634295152e+01
3.157314751422883603e+01
-1.354330665253047528e+01
-2.457196933810717354e+00
-5.689347393599760494e+00
-9.956261105737667094e-01
-2.202415781403132655e+00
4.886953855648837930e+01
-1.523289104426646645e+01
-4.102429176797613763e+00
-3.090862748498442159e+01
3.997719008499984739e+01
-4.443290661687711918e+00
-2.175930559417975019e+01
1.142263067926961639e+01
-2.080276737591475467e+00
1.324626035544642377e+01
-5.563289641605422275e-01
2.765103865441574271e+00
1.924690843400371421e+01
-5.562724939035473426e+01
3.097533459257724076e+01
8.250158229124792797e+00
-6.341068900676020803e+00
-1.778556194947420011e+01
7.019435177626263567e+00
-1.108614622188423482e+01
2.534905168385904517e+01
2.023586557541017328e+01
-1.305352170132078982e+01
-1.667510636672540159e+01
-1.760557269571808092e+01
-2.114725335538505391e+01
1.072845087392073538e+01
-2.757512919590033107e+01
8.430652151811784734e+00
3.519230940881321601e+01
4.057216005196215747e+01
1.889607631013487321e+01
8.469810750996003890e+00
1.762296141613308009e+01
5.177680997368554472e+01
8.797864106696749786e+00
-3.037305415400890496e+01
-6.146700449307047620e+00
-1.434254349787374849e+01
3.387043900335913804e+01
-4.010860716333928622e+01
-3.492761889368762240e+01
-1.777263497008051729e+01
-9.914772692289147926e+00
-2.282204447321154817e+01
1.597887346448997903e+01
5.316370297037281034e+00
7.959752638773551325e+00
-2.203201328255867963e+01
-1.930559195071955969e+01
-3.327891171068453957e+01
1.837338724064602502e+01
-1.907752188745865141e+01
1.721871208257640262e+01
-5.474976947030405938e+00
-1.518390689882872380e+01
-2.920453904503727927e+01
-8.676031714448384946e+00
-6.251432369068254502e+00
-7.018203375372920050e+00
2.275035895460458590e+01
4.260880465239129933e+01
-2.505094401234433121e+01
-4.373003236505759617e+01
-1.096619605296758948e+01
6.055139533225059267e+01
-3.300308648980688986e+01
1.824851065648746840e+01
-6.620740830570525759e+00
-3.398839326246151415e+01
1.405897940983936678e+01
1.990050348265003777e+01
-9.828918373025032906e+00
1.867779459454635571e+01
-1.370377593395289750e+01
-3.181928910298688606e+01
5.347635845563024759e+01
2.551556011269019564e+01
1.442906021440825270e+01
8.009491142957983811e+00
1.518222099437535633e+01
4.602481270092414434e+01
-1.501404852139716795e+01
3.386119145228477123e+00
-7.711438420549058037e+01
8.986145795817193971e+00
-3.777361478688206375e+01
7.897608688137523814e+00
1.242375258774499969e+01
-2.032433359075287171e+01
-2.887149020108620334e+01
1.265939415541197377e+00
-1.717253104951234377e+01
2.177591350876915044e+01
-2.828552142700868188e+01
-3.146008135350882640e+00
-2.051667255445079974e+01
-1.992349844825952232e+00
1.118703745997549959e+00
1.266252550185308223e+01
4.511651678490125050e-01
-2.951656725753878163e+00
3.625925462869599869e+01
5.137061877841208002e+01
2.774492412304846312e+01
4.012127328804250226e+01
-6.603885660185966344e+00
5.674575774562896413e+00
2.996519096754764178e+01
-5.319546270535084886e-01
-4.288762628543210553e+01
-2.298306408588405247e+01
-2.859051453287816003e+01
-1.563494287655538528e+01
1.616170469459046899e+01
-6.707720435122195113e+01
-9.432729077963841746e+00
2.502423097411700326e+01
-2.117579533959079185e+01
-1.763642132749930624e+01
3.362568926340304643e+01
2.516092637072887328e+01
-1.867204286280082215e+01
1.568633585482979242e+01
-1.433525653906166042e+01
1.930781735022119960e+01
1.927704241961805565e+00
7.495708532353745568e+00
-4.816442502969478312e+01
-2.673070114322035096e+01
-4.878199927439482053e+00
-9.150199247941648295e-01
-2.305326593315891159e+01
6.143531137407217102e+01
-9.841469798318200901e+00
-1.821455072033396050e+01
2.015080242626777363e+01
-2.596475230376928067e+01
-2.068112691993957242e+01
1.845735950596184693e+01
7.221890479748388714e+00
8.625237590939377696e+00
8.868610523864589368e+00
-6.254430499978752778e+00
8.996327908153546105e+00
3.295116984140351946e+01
-1.497937982480468122e+01
1.085863365972855377e+01
5.138994547677364721e+01
1.847329596072795255e+01
-4.253205916078059090e+00
-1.155722120752155035e+01
8.795666235143360723e+01
-1.207089996050677883e+01
2.118395800134055662e+01
1.463302391197106544e+01
1.666520493732068076e+01
5.000546993577501098e+01
2.709068963041084999e+01
-1.545037856593602044e+00
1.369064138316088020e+01
2.776528884310283729e+01
2.035151298722914248e+01
-3.288624886896297994e+01
5.325617400477966612e+01
-4.740452965937038243e+01
-6.976161570460597261e+00
3.112909868238898525e+01
8.429521411925520624e+00
4.255795060434650168e+00
1.602253535755805558e+01
1.263191051976883728e+01
1.943369593474329804e+01
-3.536861422033348390e+01
2.261861381611026900e+00
-1.500664159217166116e+01
-3.794826873469808959e+00
-2.504662673940060813e+00
-6.064011938091624643e+00
-3.249467652393462913e+00
4.731743782516556962e+01
-4.770304478363541989e+00
-1.470175188437337965e+01
-1.449390282513316919e+00
7.353802631320519367e+00
-3.369821455892190443e+01
-2.887231889570961130e+01
-2.048064901953412686e+01
-3.493540417042103741e+01
-9.064813891501287912e+00
-2.358782575295313677e+01
1.030336336119947305e+01
7.120912253888036503e-01
-7.060559757102140566e+00
-4.668776231463425574e+00
3.247803099834953855e+00
-8.323733537248784842e+00
3.842869871829276462e+01
-4.882661215083336970e+01
-8.545286808896044306e+00
-7.646308599625985636e+00
9.005705034152981625e+00
1.270564795877275799e+01
-2.656743582467390752e+01
-8.602461547284633525e+00
2.425298640481427270e+01
-1.135700717372625590e+01
8.955072544006782209e+00
1.924933802371319302e+01
-1.639708417216098724e+00
6.296584597959713392e+01
-7.919395141467134636e+00
-1.789505119299508351e+01
1.799567011239474823e+00
-1.386998689991486344e+01
3.081105348721641235e+01
-2.390494553886273366e+01
6.861520472998051901e+00
3.200281267730250079e+01
-7.139284991498527688e+00
6.670234758816258136e+01
7.220148909284978345e+01
-3.745206782642208054e+01
3.323942705028855471e+01
1.225129366220875227e+01
-3.138694918739746242e+01
9.403171478243500303e+00
2.366156109296630916e+01
2.421408314353135438e+01
1.320924138354641286e+00
9.562189052132396228e+00
4.192017355018720082e+01
-1.324073510363388095e+01
8.014166396364352352e+00
4.044355119176213975e+01
-2.084366427435929836e+01
-1.120947945176249050e+01
3.154019915862843959e+01
1.618798509499151095e+01
4.268297065903084331e+01
1.697342453992882838e+01
6.113266677458085496e+00
1.501606090917411507e+01
2.280042901068858896e+01
-3.012988344310991806e+01
3.837273086799598332e+00
1.389867155129391563e+01
6.529900752114372153e+00
1.332614754677813096e+01
-3.447117013217997084e+01
1.804785054300083402e+01
-2.407626109157496330e+01
-1.874612885202061818e+01
1.199791689357211766e+01
-6.568090668063206294e+00
3.259040091485468338e+01
-9.442770122898565432e+00
1.692830378676239889e+01
1.824560277810400066e+01
4.376836912505508081e+01
3.070196423054338197e+01
2.746280439522769967e+01
-1.909719616740574111e+00
-4.716170313579908679e+00
-1.797882294998726138e+01
4.495706475310461769e+01
4.475243469135608620e+01
2.197760481953702083e+01
-1.415510031820529946e+01
2.802763006098447818e+01
-2.901000024477696115e+00
1.006636200681091253e+01
3.720226892850141098e+01
-6.795367378146011106e-01
-4.476147985980162503e+00
-1.138979137005810571e+01
-3.290527085022989695e+01
5.379354873439243079e+01
2.845573690810959988e+01
-3.364350642771150746e+01
-9.275626240933490863e+00
1.481680251374207202e+01
-5.623363294570296489e+00
3.572297336768149023e+01
7.105727519185563779e+00
4.502779542165410476e+01
1.948711535381170279e+01
-1.283613862068801836e+01
1.130433467836897421e+01
-3.533768394140906821e+00
-1.548839901615463077e+01
8.877095080417035433e+00
8.496166121166766061e+00
5.285647357460108253e+01
4.443296449186679808e+01
3.126065028915465405e+01
3.763018312292797418e+01
4.874816673468828299e+00
-1.462797579809205217e+01
8.067397874384397483e+00
-1.884588296240672634e+01
-3.023364608849381341e+01
-3.139014695809095201e+01
-1.759953756285426607e+01
-6.134602103734522416e+01
-1.968117930759679268e+01
-4.886097271299641420e+01
1.321457040101878277e+01
-2.612384018481567693e+01
2.626420493690929447e+01
-5.580531363940617950e+01
-1.681930783755467473e+01
2.420179826548221058e+01
1.183055004660249665e+01
-5.009836236685299582e+01
3.194121877641237006e+01
-1.459680155761185461e+01
3.036651826656250819e+01
-1.312576095226515349e+01
-4.422264490365370193e+01
8.107542987902050413e+00
-3.672315193699529345e+01
-4.217818662432449628e+00
-1.668653002236339944e+00
2.307583658100526236e+01
7.113801051579349632e+01
-2.436928673657055811e+01
-1.975698882700858405e+01
-2.379293010503687356e+00
-6.418297425997451455e+00
-4.558071853082991254e+01
-3.146716237451104803e+01
2.702866319368017400e+01
-1.199818726799219348e+01
1.142318927144802387e+01
-2.771331063210726597e+01
-9.253687061103221367e+00
-2.342592244682323610e+01
2.910586335698575056e+01
5.418723630455247076e+00
-1.260314701976273000e+01
-9.578024657257742547e+00
6.695013374185862176e+00
-4.603524529850574254e+00
2.430303985960080126e+01
-1.455276289447215277e+01
5.591101157339210204e+00
2.000596414826605951e+01
7.755403625037899928e+00
-1.198558523619928451e+01
8.683784096926274287e+01
3.316495290328342094e+01
2.422257982164907730e+00
5.775992844521795178e+00
-3.532553611678164884e+01
1.897657977875783786e+01
-4.314467901676530914e+01
-1.644025557464269127e+01
-3.108670188629946551e+01
-1.117053851928096719e+01
3.207960257811294014e+01
-3.200740905326274799e+01
1.350421756108963223e+01
-2.160826883988761438e+00
1.182715980405646405e+00
-2.024083020553510437e+01
-2.504936840307578905e+01
-3.158938826618964413e+00
-2.020429523627878865e+01
-1.119817261395493802e+01
-2.331379739748092561e+01
-5.230299050841829001e+00
-1.959048324451151757e+01
-2.834529455636950956e+01
1.180422013279178373e+01
-8.116141092313398531e+00
1.381725034817750952e+01
4.808123921936839906e+00
-4.299782265749111332e+01
-2.964780236743261099e+01
-2.578091243736270144e+01
1.830471099882231556e+01
-1.388267191125919453e+00
-3.501649479550232513e+01
3.325377695536340639e+01
-2.212113661846759527e+01
3.225365424278634663e+01
-1.784978138544997250e+01
-2.728292982689217183e+01
1.341435406730312252e+01
-3.839492509094146300e+01
-1.943160680509691929e+01
3.500401104622852699e+01
1.065989214550450015e+01
-2.476095361429753439e+01
3.063358190811178616e+01
-1.023432340218209902e+01
-2.144517528091813574e+01
-1.717542033869816009e+01
-2.831563164052920456e+01
1.563744804466173832e+01
-5.079158128062985611e+01
-4.474399912873943208e+01
-5.722994611850992897e+00
-1.701217454705457044e+01
-3.339677207568019668e+01
4.153683330626608949e+01
7.582452043229332617e+01
-1.553449210237236855e+01
-2.032409746870627032e+00
-3.424290494681295627e+01
3.705906541251835051e+01
1.151014454524278108e+01
-1.347710271349700406e+01
-2.060624908906734731e+01
8.338653593599119063e+00
-3.280601637215282551e+01
-9.946004678485479644e+00
-4.914924095971952056e+01
2.056232146108334291e+01
6.261716228682388419e+00
-9.991097021457449046e-01
-5.848301359567130930e+00
-2.258685077440998157e+01
-6.202991220376901538e+00
7.414808364416703057e+01
-1.037646259841733354e+01
-2.713644434217084722e+01
-3.949654009379676722e+01
7.870712107939311863e+00
-2.119203807653809690e+01
6.117426266779972366e+00
1.714305043881445556e+01
4.316208798770787780e+00
1.769824766179910114e+01
8.541962453563115787e+00
3.313181167570866137e+01
1.491351862979796294e+01
-1.978141767298542675e+01
2.711251539982563941e+01
1.974875378040997020e+01
6.998973036524134272e+00
2.395277622608099932e+01
-1.604100042576947516e+01
4.170629776611360739e+01
1.331688372891821004e+01
-1.793849987444438199e+01
-3.317544834037942536e+00
-1.019232998911448362e+01
1.156813030646480911e+01
-1.321311233325443624e+01
-4.457438409857289230e+00
-7.229861980012060485e+00
4.580758823481505715e+01
3.124539015830143285e+01
-3.674955366158843617e+01
-4.569963254028820643e+00
-2.986668814734056809e+01
-8.226409041290480673e+00
-1.333957908906729983e+01
4.842374312512617962e+00
-5.953623474079190458e-01
-1.623304382306517368e+01
9.586626442142360816e+00
-4.658893098064105232e+00
-5.301740271235587443e+00
4.875090132568206513e+01
8.180110169953803023e+00
-4.668270064981512490e+01
-2.246128730461015266e+01
5.418503500521751448e+01
1.539087583944143489e+01
-5.384899041995595326e+00
6.041820279526790216e+01
-9.151240131982973480e+00
-5.176934035594541683e+00
-4.581451711601857824e+00
8.733479390409172538e+00
1.761920831356781747e+01
2.477271452063988022e+00
1.639162279591010929e+01
-7.254511522521355005e+00
-1.987396406738213273e+01
-2.353090944361613168e+01
-2.711632084158651423e+01
2.331479101678186794e+01
7.344034130965845009e+00
2.155498476146071951e+01
7.882011457107097385e+00
5.046855162183871357e+01
1.055019220556547310e+01
-4.558553174186772594e+01
-1.937835898036826165e+01
3.478769982574341668e+00
-1.646584185179315796e+01
3.571090515393629516e+01
-7.846717320170455423e+00
9.505715646859769663e+00
2.981452982853208766e+01
-4.223451442706010539e+01
8.457421742604361725e+01
1.172555624720735068e+01
1.349747090141221406e+01
2.044450489785847935e+01
4.194669784243728827e+00
-2.788288370528562155e-01
1.981417385288466448e+01
-2.091546561020092554e+01
4.691181551235081315e+01
4.148435493349144565e+01
-2.352939981363452659e+01
9.071955017786024200e+00
3.955392086181166178e+01
-1.164744136827675902e+01
9.878551812347041050e+00
2.131802895130847730e+01
2.294859057009898606e+01
-4.314611686062409035e+01
-5.806669009978406848e+00
-1.732544054630201202e+01
-1.736465251343020100e+00
-4.467082461390926795e+00
9.671954684827142046e-01
-7.095865039167705390e+00
-1.791725482730055319e+01
7.444996471209194056e+00
3.902082498949226874e+00
2.998334770187403819e+01
-2.473671206551760804e+01
2.462447027654536669e+01
2.670355873032009697e+01
-7.061005738003075294e+00
4.603145307284941623e+01
-3.848084211686924050e+01
-5.827826507756869745e+01
-4.870359582392856268e+00
-4.475686374714996418e+00
-6.575682016182327061e-01
4.516947172461546245e+01
-2.756759007128799510e+00
2.419897312008669132e+01
3.035334528900976636e+01
2.114404197699059296e+01
-6.472356031286437883e+00
3.372063347625214647e+01
-8.994805365845422784e+00
-2.002369191553742667e+01
-2.313282918954186584e+01
6.088774840149589807e+00
1.999013428032432671e+01
-7.769024389194072455e-01
1.969243195940197211e+01
2.936571333340793899e-01
3.425210408117378336e+01
9.799574676637917037e+00
5.099101274084603119e+00
-2.137924490875377614e+00
1.818907013771686820e+01
2.123695471243863153e+01
9.733713552954242232e+00
-1.018325877565104065e+00
-3.105225929707591703e+01
1.643571282797665134e+01
1.074530499984786047e+01
2.007062660365869533e+01
1.591147176675437436e+01
2.042120520711213771e+01
-4.905007980864525052e+00
1.756466101240221178e+01
-1.518943479255949569e+01
-3.896098975519635133e-01
-3.061235554495465294e+01
-1.738699203862532272e+01
2.271644256214743507e+01
-5.087481754918832166e+01
1.498522584061944940e+01
8.942677145016375562e+00
4.688544037609152326e+01
-1.071953605279281874e+01
1.879869251530103469e+01
-5.660406348788853848e+00
-2.734811932070960694e+01
-3.840320962050100206e+01
-6.596070401410834450e+00
-4.990191960859258558e+01
6.653329643628239864e+00
-1.121779608727357314e+01
1.741806149496846956e+01
1.329384906642599162e+01
-1.609245189459011272e+01
-1.647437954507103086e+01
2.313357711173486564e+01
-3.466752931870396282e+01
-6.880341797908783974e+00
-1.066136853779028115e+01
1.540100427905304414e+01
4.944644627355785360e-01
1.537242908135453945e+00
-1.064484700303634668e+01
3.092458184338556748e+01
-3.125541408416160039e+01
3.842459610492994670e+00
3.395550380395056322e+01
-2.072684207186155447e+01
1.735566851217299700e+00
-1.851392530588213958e-01
-3.675301934475027110e+01
-2.261616486419683270e+01
-2.811678022094216800e+00
1.593102839009610960e+01
1.862778056338009947e+01
3.449976329118811691e+00
-5.441308343917455659e+00
1.005217732417000320e+01
-2.401228992526003481e+01
-1.093206116400324390e+00
-2.926897305685048423e+01
-1.575555115236981862e+01
2.742165091160393331e+01
-1.610579801127693145e+01
3.826929693953300671e+01
-1.353403215349578659e+01
1.849564822573513823e+01
1.425275631370206497e+01
-3.575928602235282483e+01
-1.419390020952691600e+01
4.936267727676877826e+00
-2.354117449962627973e+01
-2.128054199971674620e+01
-4.928000076789896866e+01
-3.051112996907946240e+01
-2.880470262841447493e+01
-2.478594933384303545e+01
4.664365431830219677e-01
1.029098188939747160e+01
3.837617333284768506e+00
1.372635845730947679e+01
-3.203371494434765054e+01
8.572464429375543205e+00
1.518859408490726537e+01
-3.800042586505393416e+01
-3.507555740454645843e+01
-2.379435939353976437e+01
-1.531390472173927009e+01
9.171081715502140241e+00
-7.375684969335338792e-01
-2.377252318491938610e+01
1.691223846380162854e+01
-1.344774495111207102e+01
2.834143964453991771e+01
-5.017499826709038757e+01
3.566180343320718293e+01
-5.077299300073494948e+00
-2.260904796868490507e+01
-1.414783552259945054e+01
1.047074288586237856e+00
2.522237531594359083e+01
-4.154213534687442433e+01
-6.678981343851575048e+00
-1.139268759240330553e+01
2.522210931574983306e+01
4.709369623061071053e+01
-5.601312448483486151e+01
5.242548749523814422e+01
2.344963897329380131e+01
-4.208048656320247716e+01
-1.802000952520124599e+01
4.464151445294881881e+01
3.349854680474771840e+01
-1.170630588384722159e+01
-3.310211307568380334e+00
8.066186962125534876e+00
4.204612358120175486e+01
-3.197922910154584031e+01
7.161350180595661641e+00
-4.689501741274384017e+00
1.541089315528245152e+01
-4.089514726888198481e+01
-1.872320427244275720e+00
-1.714637896544273588e+01
2.690896147724168941e+01
2.372115129353710472e+01
-4.919672274176366500e+01
-2.691694327879358184e+01
-1.218011478132012826e+01
-2.395807320875263713e+01
-6.574007723511726908e+00
-1.147359253787686839e+01
2.535443351382130572e+01
2.369389108119648313e+01
-1.220278823280807501e+00
-2.584043964828718742e+01
-4.792323610996800198e+01
2.680488468683415704e+01
-2.768102042601201163e+01
-2.047103237205061532e+01
3.353265464192041634e+00
-2.022203976069540232e+01
-2.202951160838367173e+01
-1.612174550544418850e+01
-2.694657746968744050e+01
-1.460962525235440523e+01
-2.925906655538800294e+01
3.152614472271643820e+01
3.459682577633297029e+01
-3.721241300822839548e+00
-1.236293757395998227e+01
-2.438308732410519042e-01
2.558962262156319412e+01
-4.842353843638410638e+01
-1.119155145274456231e+01
2.776979230667222964e+01
3.990509044199421851e+01
-9.459568941160767963e+00
5.570777364318189484e+00
3.088008369202083259e+01
9.346963278500368233e+00
-5.977741572675654425e-01
-2.502713379347841283e+01
1.135804198992821057e+01
-1.952909673948462910e+01
-5.929980911066223825e+00
-1.094707917393313323e+01
-9.275461141727845416e+00
1.277269092743182455e+01
4.457321374286711091e+01
-1.356861196756938170e+00
1.939711872269214155e+00
-5.128739066664064694e+01
-1.064811050163712025e+01
-2.028048756088932691e+01
-7.941583810898578122e-02
-2.644577721619685917e+01
4.805956893352202997e+01
4.575642328938005221e+01
7.925221315293271118e+00
-1.111154513122568233e+01
9.366869475258425837e+00
1.164636977283799979e+01
-2.687379302922948199e+01
-4.736894528776929292e+00
1.063673109510807535e+01
7.513590421396060037e+00
3.103217213764510518e+01
2.279093092474718674e+01
-1.192845940804713223e+01
1.468305212792567715e+01
-5.586297444119135491e+01
-7.000306187439093719e-01
4.918684057231843099e+01
6.747944761628616561e+00
-1.147350372165192312e+00
1.719643846348256488e+01
-1.613508399982542585e+01
5.069644114516631817e+01
-9.363779326580697671e+00
4.535848079288632562e+01
2.208233776844539165e+01
-2.283290865810937476e+01
1.824661669739964509e+01
-1.726096204489313379e+01
-4.074861890336376291e+01
-3.646383508899702974e+00
-3.140608773066141168e+01
-2.964649411348102603e+01
-2.788376344429281062e+00
2.033991480007995278e+01
-5.475126050800739108e+00
-1.769162047266661375e+01
5.052563974354683296e+00
-3.905290494457113937e+01
-3.966443993861471284e+00
-4.682980649759480229e+01
2.758334337263846692e+01
-6.835404787285597195e-01
-2.814223354568974855e+01
-9.386269507215899921e+00
1.044909778638168518e+01
-1.993611984626755884e+01
-2.575306176769281308e+01
5.316692731769386171e+01
-1.366299566377716701e+01
-2.277309777648167710e+01
1.541836965700379380e+01
-9.951919111972728160e+00
3.085029106059938897e+01
-2.528831838605924531e+00
3.959523427758213643e+00
6.101594585707994156e+01
-7.044153150782221928e+00
-2.069229536811889147e+01
-2.426296479686425300e+01
-2.877864791158225444e+01
-1.933098548074315204e+01
1.530666708209270155e+01
1.531319465662988932e+01
1.260627648874518059e+01
4.154139971645008700e+01
1.870381977741573110e+00
1.179730723800203407e+01
-3.592901280877441650e+01
1.496407147141638916e+00
-1.053754860428023221e+01
-1.507637642847907955e+01
-1.912236890368944842e+00
1.903301949126159798e+01
2.159652846276219407e+01
-3.805266700089902088e-01
6.890400886241138778e+00
1.560292348247341288e+01
1.976358022381609203e+01
-1.382877242845296450e+01
-7.145356755231716761e+00
3.958347440358807034e-01
-1.307461785870970061e+01
-2.879551299293154898e+00
-2.024869829076320116e+01
4.485900868195210478e+01
3.635662476700400703e+01
-9.219745133344588339e+00
9.025633244268448152e+00
-2.617356852895170505e+00
-1.691905916367893781e+01
2.016130949128205074e+01
-5.408265492513294248e+00
2.258630109664142083e+01
-2.963344024440993607e+01
1.017427407804075301e+01
-5.623851986937040692e+00
-3.051796921039499466e+01
-1.384075726930177552e+01
1.512761473280654911e+01
-5.169722037681705729e+01
2.431593566876802015e+01
2.639658858272954944e+01
-5.646937834558750424e+00
-3.396880531758725397e+00
-1.799186810168322381e+00
1.414415492654569562e+01
-1.851717204047213272e+01
2.043317956922808420e+01
1.726368277604336754e+01
-5.572710062076828308e+01
-2.005643702955596552e+01
1.346253357996001654e+01
-4.820656189454325613e+00
2.455584790025262265e+01
-3.606391494175380785e+01
-3.035662387857030353e+00
-2.372412846258299624e+01
-7.283784162161032327e+01
4.358123510909514664e+01
-3.305902270261083231e+01
-3.466881512224493633e+01
5.046561378627849592e+00
7.343609585451719113e+01
6.737401008138590441e-01
-1.590174260902233527e+01
-1.755639014696328104e+00
-3.105433311849935762e+00
-4.856875492877929190e+01
-3.468834873521267070e+01
4.642781438990475351e+01
-5.802282592470277223e+00
-2.137232108700537481e+01
2.800252160018158065e+01
-2.032399811365657172e+01
2.089012912775433506e+01
3.017012590606078248e+01
-3.236130169884027907e+01
-1.588691902116624988e+01
-1.966932786637778463e+01
-1.013412172149025992e+01
-9.989982305481518665e+00
-5.884331968350863917e+00
8.120906378442612095e+00
-1.933507764475608326e+01
1.607882081377560723e+01
3.283233600548388154e+01
-5.130541539224328318e+00
-1.152399433251611072e+01
8.253657012248993396e+00
3.172598027320142933e+01
2.955819208081015859e+01
5.502857060947121681e+00
-3.136240942527621200e+00
-4.913115354456422779e+00
-2.876268168560451954e+01
2.178677216908707237e+01
-1.266131239455538093e+01
1.123887119133939905e+01
-7.945715813632261870e+00
1.532285618413223460e+01
1.035273053493931172e+01
-4.561115368157530270e+01
-1.511784868707979967e+01
-4.451679176761132339e+01
-2.020936535732232642e+01
3.002787242881510110e+00
-9.738361863554075626e+00
1.850282175021898468e+01
-1.699653227371132402e+01
2.083299525320853718e+00
6.068648381357320432e+00
4.012164249296984053e+01
2.032548761729557896e+01
-1.709450473470587539e+01
-6.903518644587336439e-01
6.871556689108217597e+00
2.171143273685481745e+01
2.030968987205881149e-01
3.093024402527873917e+01
1.276448962111983576e+01
5.130066284730952475e+01
1.108065678192474479e+00
3.710959476425939840e+01
-1.530217577194844125e+01
-2.136550322032766047e+01
2.519585053760152960e+00
5.257468755430068086e+00
1.518996854693091336e+01
-7.983756566332715465e+00
-7.749251238929105057e+00
1.467529485904344000e+01
-2.742518693484979053e+01
-3.120818017756431573e+01
4.485281121256821280e+01
-3.394257946553011607e+00
-2.215015145635756966e+01
-2.296625188676877372e+00
-7.642900100047995693e+00
2.403325481584170120e+01
1.876012046101899955e+01
-1.143062740176179659e+01
4.515874916131537020e-01
-1.497885700033337741e+01
-1.997339226503356713e+01
-1.514685498753630100e+01
-5.472995574193497248e+01
4.621628206407990547e-03
-3.648229513495897436e+01
-3.153279762890088023e+01
-2.113705021938835671e+01
1.084557948388624027e+01
-2.067165983063634371e+01
1.305760763249218570e+01
-3.466399365910603336e+01
5.798796611618683983e-01
-2.345150583835771485e+01
4.833692112352352410e+00
6.348639094337841016e+00
1.886143070905669106e+01
-1.188095991647520577e+01
-9.042816168492436191e+00
1.671532339343826479e+01
3.354864129425928354e+01
1.857562868909968756e+01
4.728263810536986966e+00
-4.061086163481135713e+01
-9.612110794749696652e+00
-1.789023290321301829e+01
-3.422268737496568747e+01
2.291241079810430392e+01
-2.053829354099502780e+01
-1.868843306557067763e+00
-1.585850697880076154e+01
-5.646156570579455547e+01
2.928418702969536014e+01
-9.950596766996227416e+00
2.294249227152397452e+01
-4.043519284687458537e+01
3.813899083817341307e+01
2.070318273050361313e+00
-1.629381631450859302e+01
4.872551823406070071e+00
-1.182519794625977738e+01
-3.712777240938260093e+01
8.201397635486088689e+00
2.013119099941856405e+01
9.963787768740530737e-01
-2.049153111639850522e+01
-9.240626041860252826e+00
9.917098132493833873e+00
1.808168855625672222e+01
3.567815578902897755e+01
1.341608678690460010e+01
-1.314707857315823958e+01
5.398739188286937463e+01
1.359061920050253036e+01
2.401623854323953111e+01
-1.032893276741128830e+01
1.584807703708813165e+01
1.107486406017994796e+01
-3.510107105383988824e+01
-1.169102383265793321e+01
-2.313555264857141225e+01
-2.086958378923618795e+01
-6.814276036076648779e+00
-7.848166402243975881e+00
-2.385165362973276615e+01
-6.273551361643617952e+01
-1.633300212194473389e+01
7.096679274798816550e+00
5.118148607404293671e+00
7.839457757264099769e+00
2.627517022708829586e+01
7.950821743730173807e+00
1.838657248348926032e+01
-2.357063562494433029e+01
2.588358187128068266e+01
-2.571975616552299471e+01
-4.072654951724604189e+01
1.239131895295474806e+01
-2.440972393983571465e+01
-2.222881710600542249e+01
-8.976014827516468131e+01
-6.540403797423650190e+00
4.617038106983818579e+01
2.400629961339595297e+01
-5.814022931732381494e+00
-7.786296651084029463e+00
2.134316841429017586e+01
3.763056903652561402e+01
-2.355895767575751165e+01
-6.098174925210685160e+00
-1.925481035326473034e+01
-1.989858917571302754e+01
-1.740068659616286340e+01
7.177673237320838950e+00
4.009034083660895931e+01
-3.690464805441519047e+01
-3.173864351039560461e+01
1.845035847979204391e+00
-6.034371247590883058e+00
-7.571874401032903990e+00
-5.107993647763390754e+01
3.556961793122367510e+01
1.359000719028881576e+01
5.287927178849326282e+00
2.743684387188338292e+01
-1.855833664335865762e+01
1.753879611195411314e+01
1.574360894210889228e+01
2.066673308074172155e+00
-3.452415585913662710e+00
5.007964060255819305e+00
-8.923883021873709964e+00
2.870482094472616552e+01
-2.270610672143362763e+01
2.437957772851478921e+01
5.449301028379750278e+00
8.160452852304672433e+00
1.288888302641379369e+01
-4.920511278051711201e+01
4.762941086816226743e+00
-3.791933627363039250e+01
-2.773313341317850700e+01
-2.774318144520934482e+01
-2.826350880806333521e+01
3.234681261179730427e-01
9.482534737468668595e+00
2.820030181236855071e+01
4.907342652986340426e+00
8.127698620350479075e+00
-3.976736788133462142e+01
-1.446255330257481830e+01
1.925850371713960385e+01
-1.119256050086924859e+00
-3.033715897166189279e-02
-5.011081948123148777e+00
1.985457310109126183e+01
-5.169108981025721050e+01
6.394076339015295929e+00
1.151386891008159807e+01
2.446831800121076483e+01
2.093775444220973014e+01
-3.204812105615313556e+01
6.365226807774263307e+00
3.299082775870004980e+00
2.672768214336656456e+00
3.338661980666103091e+00
-1.066983596863326511e+01
-1.997950906525208836e+01
1.069994266436020780e+01
3.405596479764579954e+01
-2.845364044562984418e+00
6.538102145858005088e+00
9.583929979816133482e+00
-1.452331108975286611e+01
-1.537641660783890529e+01
-6.754037676616019326e+01
-2.089827486669736345e+01
-3.086573412527022242e+01
-3.804524912637418765e+00
-3.819091063984885182e+01
4.251592743190127521e+01
-1.772810900894251063e+01
-3.034754130082816914e+01
-8.758946917724097148e+01
3.761026394240022341e+01
7.541620571924426031e+00
3.413978556717580659e+00
-3.545884880502453029e+01
4.964639809945310844e+00
-1.125511829382374174e+01
-1.854023703592415373e+01
6.604432306223532834e+00
1.909199865527742190e+01
4.140091519593497082e+00
-1.198897317008180607e+01
-1.474835509286549495e-01
1.548444757180021725e+00
8.926373401203818503e+00
-3.595246863028683038e+01
4.081016808189939127e+01
-2.425878143892295924e+01
-1.692077429473393835e+01
-2.765842838359856160e+01
-5.880652603262486622e+01
5.087895176771262129e+00
-2.961578115629990293e+01
-1.080125552872516437e+01
1.847054949377911726e+01
-1.461004100926004412e+01
-1.959604277654079851e+00
-6.639482165198884900e+00
-1.139355337578024319e+01
1.793759823180746338e+00
3.067859119352281994e+01
-2.847258648481685839e+01
5.626113656454941747e+01
-1.277649423980921028e+01
1.893210806008427483e+01
-7.751460293586951877e+00
6.446970202781862724e+00
-6.178137100989857800e+00
2.482114017895037250e+01
3.469138367347738239e+01
1.081919496933699065e+01
2.606750480235425016e+01
-2.013017082144614278e+01
-3.725186324023599838e+00
-1.264226167637502840e+01
3.880107146796669326e+01
3.257628234618562146e+01
2.461848979578815033e+01
-8.666194019998386011e+00
-1.572575399230601079e+01
1.406409948140494492e+01
-1.587992560254294006e+01
-7.037096759444295913e+00
-3.273437304251032742e+00
-1.668738389055935301e+01
2.810666403677664960e+01
-4.664548574783715651e+00
2.145484405034360975e+01
1.104257545714897226e+01
9.779190248004887565e+00
-1.871502818406007407e+01
1.500981484966568757e+01
-1.034485301437683802e+01
-6.647417321057332629e+00
-1.761339600818530471e+00
-2.722664942837036506e+01
4.219169550901881394e+01
-1.506887734592813111e+01
-1.781572566922108081e+00
1.256162578032993338e+01
1.086653070183268710e+01
4.190393415008204414e+01
-9.729419495184828293e+00
4.260781920897238706e+01
3.820328592093474640e+01
-5.296216817672922161e+01
2.884846501086130388e+00
-1.051232062014406665e+01
8.829899978311772202e+00
3.352671382282920831e+00
1.120613984698701415e+01
3.524388870539944207e+01
5.514150864315897849e+01
-4.246715273148478786e+01
4.278031571663098021e+01
-5.532147647977599547e+01
-4.588114953870528723e+01
-8.141537805077163625e+00
4.653525124373913968e-02
4.114954459069632264e+01
2.025366663253635124e+01
-6.845833772510303561e+00
-5.042112917589038545e+01
3.987667239833282906e+01
-2.359823275996711800e+01
9.856256030229246790e-01
-4.016784380513570341e+00
7.116800312199552536e+01
-1.431984601394518108e+01
-6.034330087246507901e+01
1.768963708739266849e+01
-9.192526681775746056e+01
6.510086557129966423e+00
-2.062615178524677617e+01
-1.039363003993563339e+01
-1.534842257872564630e+01
-3.304125225912898145e+01
2.164110443722012889e+01
-2.146311022144761793e+01
-6.612423474756553787e+00
-4.458304758305683890e+01
-2.467348691186401766e+00
-2.953585569199108107e+01
-4.218678496590638360e+01
-6.423427717216713972e+01
5.197777197787900150e+00
-2.009757480286815223e+01
3.493668055391594862e+00
-7.947961328515305013e+00
-4.592932464935427106e+01
-3.671326009774459465e+01
-3.083167677876048174e+01
-3.202088197542906300e+01
3.010973547031859709e+01
2.907236353012649488e+00
-2.815625710262195014e+01
-1.228717822468979648e+01
-1.389026933369083849e+01
2.272977029206982991e+01
-1.757734455941919904e+01
-4.352590104674757043e+00
-1.584966400008460141e+01
-2.022397138769085245e+01
-2.285437735140021687e+01
2.089558838961487197e+01
-8.789919186591532707e+00
-5.231281462529585724e+01
4.361094644749206850e+01
2.490474376272932489e+01
1.521122894017992166e+00
-4.415089912398843808e+01
-4.233847097565057993e+01
3.890434964760061121e+00
4.256175753531010741e-01
-1.786934488180077096e+01
-2.589800378928142521e+01
1.777239905583894597e+01
-3.129142423107794002e+00
1.486456303271233992e+01
2.771950036196278688e+01
1.797959291993367970e+01
1.804277957319479242e+01
1.350743181551636773e+01
-1.181959531189849599e+01
-8.418025586510964331e+00
-1.225961432576570331e+01
-2.077069800924641640e+01
-2.421501861988446080e+01
-3.603121450733483755e+01
-2.107284659181396336e+01
-5.790991476713159614e+00
-4.351945516703926842e+01
-8.050315552670042507e+00
2.060992075771119048e+01
-4.460883997113978694e+01
1.685030383625912975e+01
1.518165724753237100e+01
-4.068448746420972384e+01
-3.210469455993185761e+01
-9.715101084870624959e+00
9.945452717564151612e+00
-2.230893884422658857e+01
4.093339393535556781e+01
3.633188796929354680e+01
-4.376241494240002794e+01
2.535374042130143835e+01
1.970801781961336019e+01
4.965757575871975860e+00
1.229134836468745107e+01
-2.423074047018661759e+01
-7.388670527495222018e+00
4.666913033288437873e+00
1.088963941517216938e+01
2.397126148583323868e+01
-2.906065572778474149e+01
-3.375470812498576834e+00
8.500351611374313165e+00
3.018130442509374234e+00
-1.686938558937940513e+01
1.237062662647856115e+01
-1.449698526478675831e+01
-1.161300435914922957e+01
6.774471887097206491e-01
-3.449697150866896322e+01
1.681993193561829969e+00
-9.592952313790817698e+00
-7.834998269555143224e+00
4.748705320411858111e+00
-3.079450322321795852e+01
3.360400734808777656e+01
-1.428766321930493177e+01
-7.557751531746910700e+01
-4.841401250365254327e+01
2.098718661705702004e+01
-2.292301911968900185e+01
-1.066940114002613882e+01
-1.489539225789354049e+01
-1.039406653418500071e+01
-5.714871810894848636e+01
-3.607698840428781750e+00
-3.535118790751516826e+01
-1.950969993092192567e+01
1.207497854912176649e+01
4.462284340910699143e+01
1.596138643031896009e+00
-5.608713594298677663e-01
3.378396837217698589e+01
-3.140255979919221829e+01
1.813822766551550103e+01
4.335998476244199651e+00
-2.704285713175625006e+01
-1.444305108438345542e+01
1.262544813557275347e+01
3.577603735116170469e-01
6.892144469806169127e+00
5.893738308660644520e+00
-1.342614227341869082e+01
-1.841078713561375935e+01
-2.838262512138408056e+01
2.793718810509713535e+01
-3.661601935604203106e+01
-2.719068555061950576e+01
7.085096186866294943e+00
-4.937230721215237850e+01
1.276198507802726567e+01
3.636309214005535750e+01
-4.105815168890188716e+00
6.603217569340728232e+00
-1.634879683141463147e+01
-1.249601413900938951e+01
5.900385703590359299e+00
2.157444402606116185e+01
-2.204138531968718340e+01
1.534239824653573692e+01
-6.038245789629172577e+00
1.700092293897569107e+00
1.315875645862031718e+01
8.482688635290060120e+00
-7.285056968812838818e+00
1.243889119703851520e-01
1.087960726855101257e+01
1.623507969668173700e+01
-4.077545143537410866e+01
1.885858980656053063e+00
2.926887667507597257e+01
-5.245994595165529972e+01
1.725060167484156182e+01
-6.623868411863017513e+01
-6.096280282998417732e+00
-8.421297474338359734e+00
-2.979901431399184730e+00
-6.891621083747907051e+00
-1.429323071000544587e+01
-5.379049586676273975e+00
6.825300262787109773e+00
-1.509655211530948549e+01
6.837467012351439166e+00
4.974600963179867108e+01
-3.440865151587138371e+01
-1.500316270156508835e+01
2.261137056523233468e+01
1.364656112872789606e+01
2.479869820154210203e+01
1.193825666321074408e+01
1.200182697654787489e+01
-9.126398748132999117e+00
-2.784968080269113955e+01
-2.565913357475585599e+01
-1.529893885464521475e+01
2.610123051328514521e+00
-2.397314920297452545e+01
-7.925920058609428054e+00
4.139416132297995432e+00
1.348912054395623272e+01
-5.790683651975658819e+00
3.382634647171451547e+01
-3.278922395647219901e+01
-2.238560467287300071e+00
-1.765321481227555722e+00
1.560760665385198109e+01
-2.230059759659732777e+01
-1.411910200093154799e+01
1.066443067018484392e+01
2.552503985468031544e+01
4.232194863386184380e+01
1.812802317802729135e+01
2.371073906331251635e+01
-1.582846614247317873e+01
3.571825736235621207e+01
3.740681635903300162e+01
-1.483783106515772943e+00
1.939028616553653706e+01
2.137766091659757706e+01
-1.331611261176254857e+01
4.801927125746857428e+00
3.439863736089193935e+01
-1.367450258293675347e+01
-5.211041749671494472e+00
-3.413512005909579017e+01
1.347954697017678427e+01
-7.262727675943907002e+00
1.114242605218640847e+01
3.322256196197713507e+00
-2.252689645750444924e+01
2.579785317856072879e+01
2.270541231130329152e+01
-1.522788987087238866e+01
1.077804411386485839e+01
-3.454611880280663172e+01
-3.006077669227305904e+01
1.399368087944895933e+01
-3.853771683563923034e+01
-1.740934244863665370e+01
2.923597104078737630e+00
4.676456586516040659e+01
-1.438250075115033155e+01
-6.927870942904604590e+00
-1.015870395718118857e+01
6.339992673623891051e+01
7.905621083291094919e+00
-2.434283855584990874e+01
4.003256739967793010e+01
3.545338026497506689e+01
1.775147263526400820e+01
4.248531429301567641e+01
4.854855871060358652e+01
-4.242139748886003758e+00
-1.567871944027446318e+01
-1.640563585580429162e+01
1.630280289925313753e+01
2.123092813573313720e+01
-3.878329094384881159e+00
-1.305785223664915407e+01
-3.450980380346774723e+01
-1.427265257996270975e+01
-2.553923467939591774e+01
1.702908073855589066e+01
9.657426829314204042e+00
3.597588199253362973e+01
4.195388846061206323e+00
-1.332509671651280314e+01
-4.789170335695439817e+00
2.229995870438494165e+01
7.080235602854088484e+00
3.076608006867337508e+01
3.150031480187664101e+01
-6.830237653270813780e+00
-6.071056348875075059e+00
-5.669118225783722664e+01
2.858610172506298852e+01
-7.094413537473656106e-01
3.059140543958442038e+01
-1.222663068188435886e+01
-3.522836598694996013e+01
1.190450468307950516e+01
4.111195474744505418e+01
-1.477413525023484908e+01
3.731918492733058201e+01
-4.107765132439645583e+01
-1.300370935295424601e+01
-4.588301241317429913e+01
1.077702159198423715e+01
4.574929217176446627e+00
3.031897812018314653e+00
-3.507363215172699711e+01
5.108967993412329633e+01
3.055708530402796441e+01
4.982389861961280531e+00
-2.905268917345827617e+01
1.221453676208238903e+01
-1.315245291684477991e+01
-6.987041913303755791e+00
-1.349857442402282004e+01
1.033570468650368213e+01
-8.132583887088742358e+00
-1.134555222817374442e+01
1.173128400095617963e+01
1.457375833750715088e+01
-4.824328480355205784e+01
1.120250750829248432e+01
3.800321714126963002e+01
2.263924946220399192e+01
-5.907906782970456128e+00
8.617927362625152909e-01
-1.975188360443831925e+01
3.263672706071884022e+01
8.753468233289169120e+00
-2.362620148257889241e+00
-4.204663565282771742e+00
6.013209657223293902e+01
-1.775306663790530592e+00
1.374065354085914237e+01
4.196294226218415702e+01
5.407211574302712620e+01
3.493701553775252933e+01
2.281080213703793902e+01
-3.730577747204640104e+01
-2.546250803884885272e+01
1.935534162891380561e+01
3.866100216646714216e+00
1.776060519242275859e+01
8.932837300710872341e+00
3.451945645911004590e+01
-4.345589137812205394e+01
-2.737951345636639644e+01
-6.462544539528522591e+00
-4.798604890690890556e+01
1.070178688506756259e+01
2.466719011109039172e+01
3.856169268690223362e+00
-1.244714860000226508e+01
1.301653253512927222e+01
7.749354111297100189e+01
1.729230421329941692e+01
8.828003538277471307e+00
-2.634937158707467120e+01
-3.359993641373921491e+01
-8.210992716407552905e+00
1.848959745946163480e+01
-3.327804933768788942e+00
1.327363023089474581e+01
1.955602799591542862e+01
-3.203162221848111813e+01
1.460539749165144485e+01
2.479006687539305176e+01
3.162623973128864918e+01
-3.713001903634250311e+00
2.607098097195034825e+00
-5.617878960130411770e+00
-2.706879487434596854e+01
-3.887450284795343691e+01
4.447729596312094458e+01
-4.336667650863503809e+00
-3.092915129455644774e+01
3.040454454333442413e+00
-1.449371968310079239e+01
5.078987730173278692e+01
-1.304318524320416373e+01
-2.005912977462475055e+01
1.945583250536702735e+01
-9.169264136183073788e+00
2.491569334988508899e+01
7.030622120396685659e-01
5.438728752267968503e+01
2.949197262722404389e+01
2.225322344278470865e+00
-2.081948969086421641e+01
1.535145703161322217e+01
-3.014191212674334253e+01
-4.885730507082286067e+00
3.428541102169914723e+01
-1.563231894076602657e+01
-2.511941549445734267e+01
-1.355102598340025111e+01
2.800400548650782184e+01
7.078261494512943841e+00
-4.636787237358984726e+01
1.859508898808269350e+01
5.202940328320664776e+00
5.149452424723975241e+00
-2.816472299904660304e+01
1.632119594274200836e+00
1.889988576620487493e+01
2.680053013388230454e+01
3.682713706527642472e+01
1.615904674722817447e+01
2.218734681843429257e+00
-3.023604360211604103e+01
-2.614285771588905050e+01
-3.863625025444159178e+01
-7.322105189204762610e+00
1.773977786661475875e+01
-1.385145628909370430e+00
2.871494862220077948e+01
-1.828105349962100945e+01
9.203874109728474195e+00
-9.720510339678227751e+00
-1.668973867222979379e+01
3.419940606407982386e+01
3.956288066372025014e+00
3.516763212805517469e+01
2.660341730916570668e+00
1.247016855241062849e+01
-1.004370122962524192e+01
3.398488784890143677e+01
-9.267160230788192621e+00
3.347989190323099606e-01
-4.370956558197715935e+01
-5.377994879235103554e+00
4.002097543118040335e+01
3.580252629327898717e+01
1.504330803764311497e+01
-9.277119818563164699e+00
3.093293504579918363e+00
-1.172750926750288158e+01
-7.738633033253961457e+00
5.173199282019540135e+01
2.806520105565482481e+00
-1.466373784920881462e+01
-6.070044572366774105e+01
-2.663127194624486549e+01
-2.150377168124704497e+01
-3.591666512975132264e+01
-3.252965532566486218e+01
-3.877009317373978092e+01
-2.570272207781418672e+01
-1.783901441570924362e+01
-2.769597926606414262e+01
2.628278224634043880e+01
-1.169291587471548155e+01
-4.958915772617012863e+01
2.252493276858913873e+01
-1.706780169872909525e+01
-4.552348127901149155e+01
5.447256836570888083e+01
-1.457924730853819639e+01
9.635791429037510625e+00
2.248627524400012589e+01
5.017439007865334588e+00
1.492868407496254690e+01
1.810417727472099614e+00
1.172816759458115143e-01
-8.305467927031870090e+00
-4.228891273710908649e+01
6.666467328037740003e+00
-6.995733795973768565e+01
3.980239433789455461e+01
-2.389645246563742376e+01
-9.926616589141275426e+00
-1.025213205801742333e+01
8.406885867207929408e+00
-9.610326330206348189e+00
1.518876836794741081e+01
-3.104601558723972232e+01
2.013630121077139279e+01
2.420859464775354297e+01
5.908241418952300705e+00
6.412088918270853810e+00
1.213762178429904282e+01
5.096010572351644896e+00
1.555355069717691663e+01
-4.458243907557530861e+00
-3.946876494767298027e+01
5.380744023167238765e+00
-1.396429173394716372e+01
-3.022281527606452300e+00
3.105223601097816299e+01
-4.520400902310536395e+01
7.688447877554267507e-01
1.175840979166878242e+00
5.156641935425199108e+00
1.764542240018283792e+01
-6.863486021637235979e+00
4.680049304485919492e+01
2.481250178936485895e+01
-8.660188361294132164e+00
-4.286645570362935587e+00
2.123147111001429721e+00
4.337724206656434944e+01
-2.984640877081830013e+01
-5.805344246427148391e+01
1.735885946979550454e+01
-6.861244582815885451e+00
-9.404824803220606100e+00
9.330357197584618234e+00
4.285564744067463039e+01
2.501043207196315166e+01
-9.056792418056943461e+00
-2.966261588333816235e+01
-4.819554745518317418e+00
1.593918472041649359e+01
-8.629426551667393142e+00
-4.213896022829362664e+01
-3.424426054966033917e+00
-5.387236155590663600e+01
-2.867835457303544899e+01
4.640954841906743411e+01
-2.945910647012988193e+01
-3.862713769870089209e+01
-2.916846238368592026e+01
-2.091053970345897994e+01
2.045911653466566804e+01
4.771155017182707780e+01
-3.735140856822056321e+00
1.466364209074944824e+01
-1.202291547088140078e+01
-3.939599799686314441e+01
2.663843863904580544e+01
-2.674003214174285858e+01
1.482225510064284890e+01
1.812380637418651474e+01
-6.013623771123974393e+00
2.144150047620328792e+01
2.338662779811073733e+01
6.442975358132051156e+01
-6.774225252301221190e+00
-2.939079104806407372e+01
-3.574202460241320978e+01
-9.728796677860792386e+00
-1.902949816721188725e+01
5.374594918220407180e+01
-2.493016417371086391e+01
6.560668831178853466e+00
2.797316442871618847e+00
-1.252444110133319555e+01
-4.825435065126811196e+01
-3.561538692841651255e+00
5.606877715670130158e+01
9.860823111591543011e+00
4.272062632128665882e+00
-3.285430276510740555e+01
-3.272044301983191872e+01
-7.996562983286274573e+00
2.617616684529133408e+01
-1.445253912302655408e+01
5.852500897707432159e+01
-2.751953082447454335e+01
1.068440726750824865e+01
-7.836521539620150634e+00
-3.691400878982037170e+01
2.458838516884696901e+00
-2.920411878559980323e+01
-4.206963203143533292e+01
6.289861300660106735e+00
1.093082465996502606e+00
2.974678158570262099e+01
1.343813674899353572e+01
-1.912127826253625429e+01
1.225052782192148015e+01
-4.977951244080543347e+01
-2.726915418516671252e+01
5.080959784988305472e+01
4.710310492646762270e+00
-6.057581904751714319e+00
-1.695245211911495176e+01
-2.470544933918858987e+00
-5.641467406345782365e+00
5.066039548514825697e+01
2.368924063596180218e+01
-6.753632144912842250e+00
-2.026324435074116082e+00
-2.240409935562453825e+01
-8.935329993758330147e+00
-3.588381051773444597e+01
2.811109060012881145e+01
3.972730286973927605e+00
5.887726803020314037e+00
1.019714255704295169e+01
-4.563535615676027390e+00
-1.170894031704280813e+01
3.062585874296528843e+00
-6.161603135277806587e+01
-8.815132361916568016e+00
-5.824879712907602425e+00
-4.408802502745615470e+00
2.746768972761978489e+01
3.700493625427021982e+01
9.866432170114080691e+00
-5.420703218516780453e+01
3.544764015612230423e+01
-1.220747160802164899e+01
-2.131754422443754038e+01
-4.964168809060087995e+01
-1.714882766016218341e+01
3.534842721427472867e+01
1.735711243186312913e+01
5.719345446761678886e+00
1.916881303705591222e+01
-3.322991572193845400e+01
-2.648752100666249021e+01
3.212142619110198893e+01
2.216295969515797992e+01
2.736212497323003845e+01
2.776174015914207871e+00
4.796509079754201821e+00
3.105141561425926966e+01
5.495984050474228866e+01
-1.190485831208663114e+01
2.189321856434378333e+01
-1.469416258365140493e+01
-2.494619960194516750e+01
-1.970527415746971656e+01
-1.980342915224960620e+01
-8.254482805283799962e+00
-2.708396916691884826e+01
-1.116825811684935843e+01
-7.724242060332329629e+01
1.930818786730782222e+01
1.262724828085780970e+01
-2.691466041606773274e+00
-2.208195077396385386e+01
-1.052755727908228778e+01
-3.125184672039566181e+01
5.583852131518284523e+00
4.585326684518483376e+01
-1.258065878907240176e+01
-9.600745994719488863e+00
1.192210979422713990e+01
-2.905053280514856340e+01
4.817044744216939023e+01
8.368242391731548935e+00
7.946226944660622848e+00
2.816885440614998970e+01
-1.393939158364077002e+00
3.186111609310819404e+01
1.074848911702041221e+01
-2.252579122059287897e+00
4.690377949099897137e+00
-3.571858751235737373e+00
3.769535274805531344e+01
4.864774828438271470e+00
1.031108892130708909e+01
-6.587851681534857562e+00
7.973628468575512329e+00
-5.246023770114851459e+01
-1.999460168763442880e+01
-2.773158524234088418e+01
2.697781261354441540e+01
-1.819207871990064973e+01
-3.413400115034608007e+01
3.286722893136277435e+01
-6.935244562633329224e+00
2.303594251053647213e+01
-5.118135877972679282e+01
1.055335993627139146e+01
2.959444812150238135e+00
3.484539304963846007e+00
-6.623660195417983232e+00
-4.120695367010739574e+00
2.882458972486053028e+01
1.041731625616023393e+00
-2.882395069568462986e+01
-1.064282187534588786e+01
1.250860123313962902e+01
-6.531105089312943335e+01
-4.996695396904258502e+01
7.519962692790045367e-01
7.963099152696337057e+00
-2.666833908230936601e+01
-1.078172310555515878e+00
5.971214050261602324e+01
1.590039680435506853e+01
-3.055660592856997937e+01
5.303807481731283247e+00
-5.271341180098559676e+00
7.077481145101600646e+00
-2.017530183710380243e+01
1.246802047615326714e+01
1.492403823516809780e+01
-3.941751141290694704e+00
6.326787819885538511e+01
-4.495876072641181054e+00
-1.789640787076729112e+01
1.349323480821732346e+01
2.434643601658058287e+01
-1.914156912660760668e+01
-1.031165259689199587e+00
5.546107338181602131e+01
-1.604978942307411671e+00
3.326658381160549993e+01
8.277860735529145586e+00
-3.978631054785772392e+00
-1.286479524863818824e+01
2.957246247347605106e+01
-3.165334127172982903e+01
-6.020597041842279395e-01
-1.030897922726762772e+01
-2.248954004485653257e+01
8.485102081482359893e+00
1.502380200197772275e+01
2.439003232078789551e+00
-2.207758026773376514e-01
-2.253569184317007057e+01
9.198524717694041897e+00
-1.868017888749804456e+00
-1.284453385561489824e+01
-1.142187799505198598e+01
9.380734098647337760e+00
-2.086587651454919978e+00
-2.141007484557115959e+01
-6.170383402362642755e+01
5.907357506994173946e+00
1.092429933761022198e+01
-2.743668402899707814e+01
-1.352672105753725873e+01
4.681100394276360532e+01
6.336254304076902599e+00
2.232645694815590787e+01
4.885987787052442854e+00
2.254585769599285072e+01
3.223826335454276659e+00
-2.205510796987755384e+01
-6.128773677973114786e+00
3.087248928062280129e+00
1.780858424687306751e+01
4.272203820327425206e+01
2.788176855897160067e+01
1.696414111456817864e+00
9.623918449398246366e+00
3.430426172134842489e+01
1.496493297168986913e+01
-3.929246612349743373e+01
-1.562350441177113680e+01
6.334253514895635817e+00
4.836167845836570223e+00
1.397306303618358925e+01
-2.935443336236178880e+01
3.997654141118751170e+00
2.446798925844079520e+01
2.711081884788400487e+01
-2.435650666231140349e+01
-9.635760579385532765e-03
-1.254975482458178249e+00
-9.647576564672647237e+00
-1.611531761469056789e+01
-8.762680645397580292e+00
-4.963656626906569613e+00
5.721091275265621334e+00
2.396255525175061507e+01
-1.751227224604615174e+01
4.585911230524300208e+01
1.857905498912060693e+01
1.517589170805246113e+01
2.005476398431163432e+01
1.536814999443869922e+01
2.056951049678611199e+01
3.101583714668069547e+01
-2.580128197541063173e+01
3.529100227503555232e+01
-6.463392457728677698e+01
1.795351404565326447e+01
-6.059545422499178358e+01
4.730097044826163710e+01
4.270281073048397502e+01
-5.334221416351454081e+00
-2.730440427804609271e+01
-2.405581855223110210e+01
-3.119420319450250645e+01
-3.591225398277117620e+01
3.204180298057866594e+01
2.385085543461261182e+01
1.355494091720669303e+01
1.607645306149316866e+01
2.531053353540789885e+01
-2.221337637097241213e+01
-1.004841987554593175e+01
3.125715990245444686e+01
-7.387665961671814330e+00
3.024997135404215243e+01
4.222192246226687473e+01
-3.257249825050728020e+00
-4.150863408147523614e+01
2.800328502253478291e+00
-1.452223517369088057e+00
-5.783471796761546102e+00
6.855361284797822918e-02
-3.696641086170734525e+01
-7.160848572018295499e+00
5.014650810870893594e+00
7.515804198904675104e+00
2.768949903514396738e+01
-2.420147704399995803e+01
3.161327111416647995e+01
-2.261580980249409834e+01
1.452113900372935973e+01
2.289899736424773380e+01
