[[-407.45710176]
 [ 355.06639811]
 [-270.42882437]
 [ 181.96219605]
 [-112.42535224]
 [  70.91021973]
 [ -53.70351558]
 [  50.7182558 ]
 [ -52.48157105]
 [  53.74931834]
 [ -53.31776874]
 [  51.75530143]
 [ -49.50406182]
 [  46.33329394]
 [ -41.91671944]
 [  36.47649079]
 [ -30.92775213]
 [  26.41994434]
 [ -23.76020532]
 [  23.05928592]
 [ -23.82660471]
 [  25.29791113]
 [ -26.7796373 ]
 [  27.77329592]
 [ -27.96335518]
 [  27.1612065 ]
 [ -25.34339019]
 [  22.71679287]
 [ -19.7552976 ]
 [  17.08596795]
 [ -47.8817126 ]
 [ -32.5257947 ]]