-3.468189608343007535e+01
-2.028993323860817100e+00
-7.150944389400322621e+00
2.408071679999472536e+01
-1.192046518894272822e+01
-9.227477611839560723e+00
-2.402984210800693177e+01
-5.031176994402014202e+01
-2.150076471604836570e+01
-2.266257430483420876e+01
-2.102456972866467311e+01
4.228317911579399180e+00
1.993712039934848690e+00
-1.028615941543904455e+00
1.722263954783699091e+00
2.652681421003285323e+01
-1.022394065272592911e+01
-7.254355002247066864e+00
1.176706894755841404e+01
-6.195718070440521785e+01
3.106264546967474871e+01
-1.337184198913962518e+01
-2.406722861328132623e+00
-5.600260994912247270e+00
-1.014596465471981901e+00
-2.140423632279293997e+00
4.805216342248246519e+01
-1.502908379770090619e+01
-4.011096866217656043e+00
-3.039723514735267429e+01
3.933337975199958692e+01
-4.382782770513699688e+00
-2.138189557446378330e+01
1.124406258732285124e+01
-2.058069899987572171e+00
1.301072143780086776e+01
-5.649374781316396366e-01
2.750296436513238518e+00
1.893173575578992995e+01
-5.469306237680527261e+01
3.046566959789106477e+01
8.130723493729377083e+00
-6.236641614408426904e+00
-1.749181289639898651e+01
6.910336338470187911e+00
-1.092709022754272041e+01
2.490346584755724280e+01
1.990811807434710090e+01
-1.286389406597885454e+01
-1.639105673776026606e+01
-1.734043255758530222e+01
-2.080019987192332209e+01
1.053470773928491155e+01
-2.709510607686024741e+01
8.283992955343933318e+00
3.461744728985587471e+01
3.989697834591206771e+01
1.859878860559510372e+01
8.299880787484397615e+00
1.732817549872288510e+01
5.093671798565213749e+01
8.638059576403804840e+00
-2.986840897258668548e+01
-6.044247345133157978e+00
-1.407821899092081708e+01
3.329976946635945012e+01
-3.941851925267560830e+01
-3.439330732353727171e+01
-1.748086992252575556e+01
-9.742741431471017677e+00
-2.243966676683086803e+01
1.571942639785885376e+01
5.204304386814669670e+00
7.817677915779768227e+00
-2.168783593959374656e+01
-1.898076226098785924e+01
-3.274270800215639809e+01
1.808001154086798579e+01
-1.877147594156237176e+01
1.693721143201533152e+01
-5.404743716963824163e+00
-1.492272680027267029e+01
-2.873064070429811068e+01
-8.549920124277463174e+00
-6.114696392972291505e+00
-6.877810854204270186e+00
2.238277365700595567e+01
4.191553462910813721e+01
-2.463060692601149526e+01
-4.299305933680579983e+01
-1.079351654265391858e+01
5.954497869702657908e+01
-3.249380911893122459e+01
1.796888723882565841e+01
-6.513222472269376340e+00
-3.342454181478196062e+01
1.379501608235476340e+01
1.959400701914776732e+01
-9.704246652389343808e+00
1.841285762110175028e+01
-1.347834828327427203e+01
-3.127079851236169361e+01
5.257312500286138857e+01
2.509061968769594841e+01
1.421536277890021438e+01
7.893124791851562350e+00
1.497479199067164757e+01
4.526814437440049232e+01
-1.476000254365367326e+01
3.357635284299519185e+00
-7.583209140733930553e+01
8.811575705610479758e+00
-3.716764497266775891e+01
7.782192963850008027e+00
1.222041404810214260e+01
-1.999284373018087990e+01
-2.840434373468215767e+01
1.253061563338690121e+00
-1.690139256552188840e+01
2.138106116642850907e+01
-2.786086026796522930e+01
-3.081866310194982361e+00
-2.016602102910105998e+01
-1.954082578853416408e+00
1.080875174744591050e+00
1.246585795183733580e+01
4.616986278536501231e-01
-2.884345548579005936e+00
3.565518918399246928e+01
5.052868881297345638e+01
2.729903030627146165e+01
3.949172095691129414e+01
-6.469867827136845051e+00
5.606891006162015856e+00
2.947434335961457919e+01
-5.590285324233690289e-01
-4.218903377957965972e+01
-2.259463102079450536e+01
-2.814507720849218231e+01
-1.537195654723180382e+01
1.592579453844552972e+01
-6.596565146155541015e+01
-9.326863738279854488e+00
2.460727928184321911e+01
-2.080775747608555548e+01
-1.738757582055154671e+01
3.310097318991830662e+01
2.471508544222663772e+01
-1.840285532411660085e+01
1.540438139703491061e+01
-1.410736601272752466e+01
1.896459442870952472e+01
1.853302963372442491e+00
7.378150103280177063e+00
-4.740229614143736114e+01
-2.628297273183103755e+01
-4.789200637504279712e+00
-8.989664038247884292e-01
-2.265674036488354659e+01
6.043538077923540186e+01
-9.721357566392271110e+00
-1.795997347173063474e+01
1.978833471081105699e+01
-2.554414621099657978e+01
-2.033712942622074138e+01
1.816212902107258742e+01
7.118391171845843246e+00
8.513542962137591985e+00
8.732393842196870537e+00
-6.154108955914040280e+00
8.890618276984554313e+00
3.239828068348390389e+01
-1.472193637803789557e+01
1.065825930940661692e+01
5.056836306252256463e+01
1.819046605978864761e+01
-4.200730859646398585e+00
-1.138759587824927166e+01
8.651948740711198127e+01
-1.185193034221758523e+01
2.083585483162923424e+01
1.436207691076873516e+01
1.639951500515192606e+01
4.914781353528661612e+01
2.666642334057735297e+01
-1.489064612957696099e+00
1.347103833063528100e+01
2.730583199879873746e+01
2.000127770764063939e+01
-3.231514106520256746e+01
5.239168471757710677e+01
-4.660928905626848717e+01
-6.873521540902743254e+00
3.061383053059239501e+01
8.290599435262311800e+00
4.207688424277364447e+00
1.575139725993881967e+01
1.248492533780105873e+01
1.912718506777761718e+01
-3.479463225388741421e+01
2.233475075197929982e+00
-1.478697658703947582e+01
-3.739151725562891215e+00
-2.488554919328691994e+00
-5.962047204110195509e+00
-3.191117390173900503e+00
4.653808492061696711e+01
-4.715021347626944248e+00
-1.443855865223905255e+01
-1.433716776824631722e+00
7.227261953984552179e+00
-3.312190281979773943e+01
-2.838667318178431742e+01
-2.016266366412415323e+01
-3.437343399890826845e+01
-8.904075375485689392e+00
-2.321286127681581846e+01
1.011934910115292041e+01
6.955166532113778999e-01
-6.929132082421119776e+00
-4.589201897312349843e+00
3.197636055418769274e+00
-8.183920550606174515e+00
3.783714913339977670e+01
-4.802036397203127649e+01
-8.422699298964690939e+00
-7.515097232631550384e+00
8.853914177537888008e+00
1.252764946232962018e+01
-2.611269077989572907e+01
-8.485129012862955733e+00
2.383785019029827268e+01
-1.117141046573185292e+01
8.840268662290156954e+00
1.893096174894813544e+01
-1.639910831455040352e+00
6.191262929880667798e+01
-7.806372034268008520e+00
-1.757907330371943999e+01
1.785338679207626456e+00
-1.362566765371579436e+01
3.030673699898812856e+01
-2.347901057652090628e+01
6.744225106289150062e+00
3.151639961681982527e+01
-7.007091761221516890e+00
6.562997685870954001e+01
7.102651541737930074e+01
-3.681597876399416691e+01
3.271945519139121927e+01
1.204415868039137649e+01
-3.086963057993892789e+01
9.228372755239739433e+00
2.327996508473370341e+01
2.378873214826060689e+01
1.278059206639795775e+00
9.411753037280163880e+00
4.123841336201320473e+01
-1.303260806795547921e+01
7.929683206953086483e+00
3.980465383106798072e+01
-2.049925498705728444e+01
-1.100451312735209797e+01
3.101082652086971336e+01
1.591255444991236345e+01
4.197231149527931393e+01
1.667479017747265857e+01
5.992215859598417182e+00
1.477530514804364259e+01
2.241862902301434701e+01
-2.966279639485028952e+01
3.770468361451179362e+00
1.367205921792840151e+01
6.444318253821961662e+00
1.310619127157598029e+01
-3.390846729623318367e+01
1.775797702933186883e+01
-2.368671500804396146e+01
-1.845880536646697578e+01
1.182818956148184952e+01
-6.478026337134579649e+00
3.206337322239139098e+01
-9.303022236889034957e+00
1.666193330652382087e+01
1.797474044542786942e+01
4.306466666616849892e+01
3.021979432874370275e+01
2.698935048499340184e+01
-1.859211581509583766e+00
-4.632715811740666823e+00
-1.769767092471931846e+01
4.422098532404640991e+01
4.400075878283212205e+01
2.161756540302580731e+01
-1.390491580014121098e+01
2.757650951577707588e+01
-2.878574061932084760e+00
9.890272475833114640e+00
3.657194250345008868e+01
-6.472800683174710912e-01
-4.381980178862420416e+00
-1.120082659272270575e+01
-3.236750475588749509e+01
5.292272985662023643e+01
2.799207642459197132e+01
-3.306691355019658829e+01
-9.095539984097555930e+00
1.457484212833174553e+01
-5.514686300046648171e+00
3.513356362864725924e+01
6.964379756954087952e+00
4.429610503299420543e+01
1.920810648017795330e+01
-1.261856881079381765e+01
1.113575444417830340e+01
-3.461496772569034874e+00
-1.524504623571283446e+01
8.720610688542564048e+00
8.348031732259130422e+00
5.203760198045996788e+01
4.373147212916238402e+01
3.074013704596222851e+01
3.701317436711087794e+01
4.810844180792727798e+00
-1.439772988657256292e+01
7.954422193739446811e+00
-1.852551380153178329e+01
-2.972972269721989136e+01
-3.086563095537036361e+01
-1.729423153718758499e+01
-6.034854498275757351e+01
-1.935018196968732695e+01
-4.806201967549691290e+01
1.302625696449601733e+01
-2.569832503241693189e+01
2.580845017637815886e+01
-5.490910368209277692e+01
-1.656508457443904092e+01
2.382168476233641741e+01
1.163864644493735057e+01
-4.928439726255433584e+01
3.145485722605087631e+01
-1.433882316303208881e+01
2.985264916902286814e+01
-1.286160037150744984e+01
-4.349588633231707036e+01
7.933906757396073317e+00
-3.611019554770984996e+01
-4.168576587023721913e+00
-1.656914718889080262e+00
2.268107114741019359e+01
6.998439509055077679e+01
-2.396940658582406058e+01
-1.941362116395006865e+01
-2.322016537834372230e+00
-6.325473523646707008e+00
-4.484812090892384617e+01
-3.093433716709861869e+01
2.657377308072123867e+01
-1.181118209110664452e+01
1.124270642968977540e+01
-2.725495177648696199e+01
-9.110854267660840833e+00
-2.303519685918523408e+01
2.866736869013354294e+01
5.304619346101048905e+00
-1.239117749672277569e+01
-9.422966925564281837e+00
6.581355174272857766e+00
-4.514444841197729374e+00
2.391750815929955820e+01
-1.430184285756126883e+01
5.500506700698110762e+00
1.969841732355391173e+01
7.632647865207843552e+00
-1.177944892499704110e+01
8.541651785237417016e+01
3.262945540303682890e+01
2.346162915375806790e+00
5.711616236739814667e+00
-3.476219888557338322e+01
1.867822965546116620e+01
-4.243802803653539968e+01
-1.613462957403226028e+01
-3.055842964820911334e+01
-1.100742836021913718e+01
3.155511118920458102e+01
-3.147470242634969395e+01
1.326610705371125931e+01
-2.132582345940534196e+00
1.168359200270373321e+00
-1.993639398222714476e+01
-2.466880004648277236e+01
-3.119154882509633353e+00
-1.987978375050282409e+01
-1.098774858007311650e+01
-2.295011868649280018e+01
-5.165552843295259322e+00
-1.929032069772161151e+01
-2.788608457790158468e+01
1.158169742709993244e+01
-7.982384048572868096e+00
1.359988797359679324e+01
4.717660591135707904e+00
-4.229690182324505088e+01
-2.917016672080542605e+01
-2.533881458870010306e+01
1.799006260416615532e+01
-1.349808423387173661e+00
-3.442801825973668883e+01
3.273777288272836472e+01
-2.174159943519185134e+01
3.173575480726002240e+01
-1.756206940893158830e+01
-2.682618863136980281e+01
1.317717223104864388e+01
-3.773325821534758262e+01
-1.913255889741409987e+01
3.444296301113655545e+01
1.048424621169164084e+01
-2.437903362818656205e+01
3.012713564178968539e+01
-1.007092817269011675e+01
-2.110423367853803711e+01
-1.688750392061385242e+01
-2.783806849398774830e+01
1.540253527371940834e+01
-4.999224241623332432e+01
-4.402974549619233358e+01
-5.645904502811163184e+00
-1.675216934242587286e+01
-3.283708857798986713e+01
4.084159052711146387e+01
7.457240084831389026e+01
-1.530956339940514965e+01
-2.012359523801592331e+00
-3.367443599828951761e+01
3.646771479241914449e+01
1.130217686640310149e+01
-1.327817184456750965e+01
-2.027373015414386259e+01
8.199107922694693684e+00
-3.225928920214562368e+01
-9.834367309195272355e+00
-4.833392972503989427e+01
2.023915784344546864e+01
6.143902439019967687e+00
-9.524793320849198608e-01
-5.759277326621941029e+00
-2.220417936061789987e+01
-6.097809563645455455e+00
7.290710840656845448e+01
-1.023141952553680767e+01
-2.669941331093440340e+01
-3.886280351914184905e+01
7.749512378363363041e+00
-2.085086881318203567e+01
6.030731945812746631e+00
1.684081002180066378e+01
4.270470936062906731e+00
1.737609817716465699e+01
8.382334293605396169e+00
3.259930518673570532e+01
1.467522899302336725e+01
-1.946281312960149990e+01
2.664302500066099810e+01
1.942695692771781069e+01
6.876259678331123837e+00
2.359776056058171889e+01
-1.577669957030185799e+01
4.104132808383616293e+01
1.308944499689367547e+01
-1.762569658995580113e+01
-3.261332751461655022e+00
-1.004878374381360118e+01
1.141180557099693260e+01
-1.297197597176801764e+01
-4.366746948919555393e+00
-7.094773075370198967e+00
4.507375504253195686e+01
3.071035804024222671e+01
-3.612434533716852769e+01
-4.495298778694319708e+00
-2.938421786209977427e+01
-8.102095433527438217e+00
-1.313090167516499918e+01
4.748036029331501595e+00
-5.574587572878435537e-01
-1.597143104379664180e+01
9.433207844078552284e+00
-4.578604097815123453e+00
-5.214050633319288863e+00
4.795631017587007250e+01
8.040643485003542423e+00
-4.593404842507173669e+01
-2.211220257656975718e+01
5.331512804884590651e+01
1.516528621690258660e+01
-5.305041471860818092e+00
5.940235577579488790e+01
-8.982124744423003904e+00
-5.106049960972569579e+00
-4.486749521218484915e+00
8.581993342689003157e+00
1.733416210394667800e+01
2.450768693854620039e+00
1.612163159975159488e+01
-7.150895125834665578e+00
-1.953712961399833148e+01
-2.318516214327846114e+01
-2.665733191962402771e+01
2.294757505528275487e+01
7.207846626151436453e+00
2.120504048476959014e+01
7.738927310249550828e+00
4.964459391205633665e+01
1.037616429664771545e+01
-4.489029474671696107e+01
-1.907591033736944297e+01
3.427781355999272250e+00
-1.620241297989862517e+01
3.512959919341579962e+01
-7.687493383010746584e+00
9.344551205909439773e+00
2.930771970624650180e+01
-4.150451952859646099e+01
8.319657736463682340e+01
1.153770880224732309e+01
1.328384937748040784e+01
2.010155199269588877e+01
4.127362630961670220e+00
-2.558847258233356570e-01
1.950148622234797813e+01
-2.059207677076949494e+01
4.614061783910169368e+01
4.080173638355806531e+01
-2.316872349354025573e+01
8.900608183434997045e+00
3.889140273169363127e+01
-1.144381945843295512e+01
9.718105705608138578e+00
2.099154215710907323e+01
2.255742496607666681e+01
-4.245119899820676324e+01
-5.740988018774316970e+00
-1.705189623213165362e+01
-1.677472095003196273e+00
-4.396720376328659086e+00
9.280489754720520068e-01
-6.961810291153398111e+00
-1.763655420794066231e+01
7.305297496560797299e+00
3.842082844250768403e+00
2.948870611939579689e+01
-2.432612179777342476e+01
2.422287762711476944e+01
2.625209889191924617e+01
-6.950533911612438942e+00
4.531599617735720642e+01
-3.786227160455936769e+01
-5.733393406790483482e+01
-4.813043957984145749e+00
-4.403219993192863058e+00
-6.617799326393196679e-01
4.445928823300747013e+01
-2.729664263404721680e+00
2.380368154930641822e+01
2.981616395471399983e+01
2.078986553698433681e+01
-6.419865304084225954e+00
3.316121987910929647e+01
-8.842852773179515680e+00
-1.966636331381567970e+01
-2.276605832723254252e+01
5.991352195712188689e+00
1.963941722038379112e+01
-7.600088278562111554e-01
1.937056371517132902e+01
2.743129803869805983e-01
3.371567336149060168e+01
9.626337755671258378e+00
5.033113686530747088e+00
-2.130882813338871529e+00
1.790415354716377294e+01
2.086859527947039794e+01
9.582477323354083865e+00
-9.863185656752904151e-01
-3.055327785150205244e+01
1.616901327202904781e+01
1.055893087549310394e+01
1.973871315720164432e+01
1.563407853002587444e+01
2.009688967124532866e+01
-4.814740787248240395e+00
1.727067710592797312e+01
-1.493387365948001388e+01
-3.728185448851490946e-01
-3.011553935773528679e+01
-1.707467964086015400e+01
2.232216623088168461e+01
-5.004961796103081895e+01
1.474821325325220300e+01
8.811684441715101457e+00
4.611242569067162833e+01
-1.055725148349303311e+01
1.850129821053095824e+01
-5.560625986659658793e+00
-2.690099290870123738e+01
-3.777353328820834122e+01
-6.477148367237028026e+00
-4.907035182096473847e+01
6.563326411998048115e+00
-1.102315407382584134e+01
1.712800082477556884e+01
1.309581682547013770e+01
-1.582871443842398662e+01
-1.619876190284651329e+01
2.273305590550334188e+01
-3.414767567345464272e+01
-6.769385315826355054e+00
-1.050900208664543101e+01
1.515653547346164132e+01
4.753906195836918869e-01
1.513195619406801029e+00
-1.049170046400644196e+01
3.043688770118345133e+01
-3.074208956373320234e+01
3.760807627337726444e+00
3.340728296360617833e+01
-2.039290786117216214e+01
1.709826845362954373e+00
-1.883489725452136554e-01
-3.613323040389809648e+01
-2.224113756394490338e+01
-2.779543048973469155e+00
1.566606918370748502e+01
1.832978441556048210e+01
3.395627111340075999e+00
-5.351567747615945336e+00
9.886123357356780161e+00
-2.362325336658247465e+01
-1.063838469066638481e+00
-2.878291811920752252e+01
-1.551891690198206675e+01
2.696310221227034276e+01
-1.583724696423877276e+01
3.763525403291112070e+01
-1.332703531195801361e+01
1.816966789253164904e+01
1.402010656259633947e+01
-3.519469871368236369e+01
-1.394585758938166009e+01
4.870189302758049621e+00
-2.318395579070840995e+01
-2.089436204870566627e+01
-4.849400905794402661e+01
-2.998872859119194345e+01
-2.833481491167802346e+01
-2.436767410829250480e+01
4.535429008104046034e-01
1.008354400097626069e+01
3.759121678104875741e+00
1.349321667273339109e+01
-3.150399281691873909e+01
8.449225618313448649e+00
1.494510880373492512e+01
-3.736041430831356536e+01
-3.453167518543062897e+01
-2.344330089149519836e+01
-1.503856351506521349e+01
9.018010236587969075e+00
-7.135760002509528022e-01
-2.336411308672855114e+01
1.663771954521592988e+01
-1.323998639750615780e+01
2.786342319547216562e+01
-4.937036066614936658e+01
3.509430007412278485e+01
-4.992551090038119810e+00
-2.220518426656138189e+01
-1.389460338344022716e+01
1.050019563344790186e+00
2.477799401979442706e+01
-4.088568918382354411e+01
-6.566272281187181648e+00
-1.123223195370979255e+01
2.483198702792827817e+01
4.636072512367195486e+01
-5.510044467599016116e+01
5.156545459327873004e+01
2.306896766644388208e+01
-4.137909204358901150e+01
-1.771715694923580031e+01
4.391484018915332399e+01
3.297464236852829345e+01
-1.150862218622876298e+01
-3.237005418387468580e+00
7.908051268380184240e+00
4.134342562076798799e+01
-3.143352182873102407e+01
7.036336672314135399e+00
-4.626193283682482615e+00
1.514688745917317192e+01
-4.024316861729698758e+01
-1.847262288401829267e+00
-1.687506119814352701e+01
2.646464038287068377e+01
2.335727311946511975e+01
-4.839432139486331153e+01
-2.647871258868173072e+01
-1.198145668379453355e+01
-2.357444037664235736e+01
-6.458193636846317531e+00
-1.128060689403389460e+01
2.492995332086962890e+01
2.328440024560998722e+01
-1.187581290355211650e+00
-2.545031347481118189e+01
-4.715557577758244179e+01
2.635401881796707357e+01
-2.724080492690323752e+01
-2.013563299652597038e+01
3.288536231669169752e+00
-1.989511222546561697e+01
-2.166880974103992230e+01
-1.583760582975664732e+01
-2.648441786052191560e+01
-1.437834703651725832e+01
-2.878137026570286139e+01
3.100466168847696125e+01
3.403066409873058262e+01
-3.644129170645612703e+00
-1.216337164378199986e+01
-2.577174992394475339e-01
2.517622378157034291e+01
-4.762451946903499334e+01
-1.097426970331827079e+01
2.730245562860295649e+01
3.927157031909013085e+01
-9.331997523555571661e+00
5.456491559965627403e+00
3.039718752970958349e+01
9.199759585198961531e+00
-5.994902834067659114e-01
-2.465447202357552214e+01
1.120699283106142730e+01
-1.921141389520388998e+01
-5.824138898266994602e+00
-1.076984691485904477e+01
-9.128477697117318712e+00
1.257052359912398742e+01
4.383927403324727123e+01
-1.301298306869568933e+00
1.919881746852581728e+00
-5.044175961904392125e+01
-1.046347580063218174e+01
-1.994099781814151129e+01
-8.772995739633415724e-02
-2.603543086043946175e+01
4.725303395493963876e+01
4.496965656885754470e+01
7.766737512790484743e+00
-1.091662209964559338e+01
9.216347771886674423e+00
1.144970826386355611e+01
-2.645725746503742926e+01
-4.678125941825044265e+00
1.047180028477936276e+01
7.384868345131010869e+00
3.055038066297406374e+01
2.241688380209365050e+01
-1.171917001891281984e+01
1.444134331206208799e+01
-5.495163963372959159e+01
-6.678024054271887167e-01
4.836131552991423632e+01
6.593705988477410074e+00
-1.138655031810799301e+00
1.694040014056523091e+01
-1.591297903603555319e+01
4.986317517885905204e+01
-9.193509138078098886e+00
4.463471986082805643e+01
2.173274927771660003e+01
-2.243435677088024249e+01
1.794450528025427616e+01
-1.700259197123851607e+01
-4.010346568035549808e+01
-3.565758121960698190e+00
-3.089318276508493000e+01
-2.916503231503747884e+01
-2.765994915677225663e+00
2.000610586061793583e+01
-5.373105303229948504e+00
-1.739559429932876355e+01
4.977637009072282126e+00
-3.844672614780404274e+01
-3.921975452089316860e+00
-4.605246638032645023e+01
2.707775545944403461e+01
-6.448754483897118917e-01
-2.769569160758719306e+01
-9.196755295578157074e+00
1.028254461985775947e+01
-1.960772010724028291e+01
-2.534250606576284781e+01
5.233915874688098313e+01
-1.341496538610428502e+01
-2.239072067975678237e+01
1.515269865787008285e+01
-9.774601572427506824e+00
3.035559744856364972e+01
-2.519124349699609411e+00
3.914179951982831085e+00
6.002949868508920872e+01
-6.937079650659484287e+00
-2.034185206996733086e+01
-2.383679636531360302e+01
-2.829251867984532964e+01
-1.899820220941120397e+01
1.503442457622890061e+01
1.505033803713510565e+01
1.235290611096927194e+01
4.086333329277340454e+01
1.845292199941781064e+00
1.159589750963796462e+01
-3.536038633208991655e+01
1.481714501863194755e+00
-1.036200491214006547e+01
-1.483516610403722780e+01
-1.875035661729441472e+00
1.871965360525328492e+01
2.124700204322226682e+01
-3.632695153186311643e-01
6.796503747571648546e+00
1.533708249690393188e+01
1.942624837560408935e+01
-1.363118044771074722e+01
-7.050936569013629196e+00
3.848313468911754853e-01
-1.284204641686341120e+01
-2.823181026017891782e+00
-1.990793689863457416e+01
4.415449203894308994e+01
3.579978900412049825e+01
-9.075281427920060651e+00
8.887050593351091266e+00
-2.570274353771694109e+00
-1.664765607496148903e+01
1.982233649782562424e+01
-5.325412056613402001e+00
2.225490399044139167e+01
-2.917640860020390647e+01
1.002147339365725998e+01
-5.555017522419348097e+00
-3.002470268232656281e+01
-1.363954947867830469e+01
1.490889382199212321e+01
-5.080882392672485537e+01
2.395253362318379686e+01
2.596539851902994656e+01
-5.556522518142770650e+00
-3.338667153873231541e+00
-1.786150257935759100e+00
1.389768714631122748e+01
-1.822725755937435110e+01
2.013395026951596378e+01
1.695822034802344547e+01
-5.484427970908092220e+01
-1.972435609116834598e+01
1.324545625841584950e+01
-4.709194670782011372e+00
2.413826426443043260e+01
-3.548890306704362274e+01
-2.987873854228723758e+00
-2.335038290272275674e+01
-7.165154736716249317e+01
4.285787282289075506e+01
-3.249436718481524622e+01
-3.407804040556499103e+01
4.980378660008625502e+00
7.224150512346503206e+01
6.348833854133459909e-01
-1.561947981030976962e+01
-1.745280594132225360e+00
-3.064272973855807436e+00
-4.775390406346194538e+01
-3.414253281798758621e+01
4.564587212089007551e+01
-5.698767581350097089e+00
-2.103243532931266913e+01
2.752832244658657146e+01
-2.000664195182800498e+01
2.056408074617723969e+01
2.971701609406963485e+01
-3.184848629916950813e+01
-1.561392930972772319e+01
-1.935838977209857603e+01
-9.989227336278247549e+00
-9.808644893508294160e+00
-5.755071128143356418e+00
7.966174412660564030e+00
-1.901845950751435055e+01
1.582203885288549827e+01
3.229956826847785578e+01
-5.049461621952556101e+00
-1.134339293642224789e+01
8.131300553631348293e+00
3.122700344604095335e+01
2.905535621784984812e+01
5.436609847861092248e+00
-3.058341868326522217e+00
-4.827109019979346272e+00
-2.827255487658793953e+01
2.142338755857900878e+01
-1.242640735788957329e+01
1.105142405276507134e+01
-7.828216064992091106e+00
1.507637858621018268e+01
1.018379019824910614e+01
-4.484945254871760767e+01
-1.487683999352231012e+01
-4.380035112267457009e+01
-1.985014748835482123e+01
2.941081900978112174e+00
-9.571535146508097114e+00
1.819774024135411139e+01
-1.673722487730749720e+01
2.062494745708299604e+00
5.987530135906581563e+00
3.945030427907119019e+01
1.998318357739036344e+01
-1.681408484013838134e+01
-6.801261375346854265e-01
6.743912583190819987e+00
2.137414374301673803e+01
1.921516734491035550e-01
3.041718734846250527e+01
1.250661995162473161e+01
5.046943231362479310e+01
1.071238074881023294e+00
3.651678108463477201e+01
-1.506477228183968009e+01
-2.100556670497694967e+01
2.481719412405681169e+00
5.164185403561305066e+00
1.495129385701238789e+01
-7.837131654467327735e+00
-7.639119741246659601e+00
1.446671882443461499e+01
-2.698233820662773041e+01
-3.069033193878580335e+01
4.412989152140366400e+01
-3.339482107675621592e+00
-2.179016611061489783e+01
-2.240163205169515948e+00
-7.522113867120765462e+00
2.365451933777342219e+01
1.843573605421187267e+01
-1.125669923480768375e+01
4.685863636240554797e-01
-1.472693892563322038e+01
-1.964872207672664217e+01
-1.489543405298286416e+01
-5.383525736420759245e+01
1.196185549392225766e-02
-3.585746079416998100e+01
-3.101196732779908416e+01
-2.077916823626429732e+01
1.066001439464713485e+01
-2.031676216364706988e+01
1.284429423706285434e+01
-3.409035691487209618e+01
5.769153032815381721e-01
-2.305331286181824879e+01
4.782891011410981719e+00
6.272988394484187324e+00
1.855338942729596852e+01
-1.169707644309573880e+01
-8.860142222360195774e+00
1.644364547744968519e+01
3.299454241542491673e+01
1.828024856664512754e+01
4.645599809869054297e+00
-3.994001100247086811e+01
-9.475783821880199298e+00
-1.763214427509592497e+01
-3.364500853837512295e+01
2.253407766534661505e+01
-2.021779681453074318e+01
-1.814764849748726760e+00
-1.560086291229882249e+01
-5.553701810647663706e+01
2.876589626393669619e+01
-9.787658964624938562e+00
2.258278254143829145e+01
-3.974634415808947097e+01
3.754073631030789215e+01
2.029141870089802069e+00
-1.603353508869736999e+01
4.799026261810809046e+00
-1.163059364547189034e+01
-3.652026064035516129e+01
8.036549799255070070e+00
1.980640803609333034e+01
9.944541836015332592e-01
-2.016555561333660762e+01
-9.103037895288110803e+00
9.737747854779939871e+00
1.776331734285528796e+01
3.509531830840559508e+01
1.320787165072590597e+01
-1.293262702258084573e+01
5.311105019900158197e+01
1.337479493345449910e+01
2.361317568491862318e+01
-1.018783233870198046e+01
1.556006967936549756e+01
1.088729073286963001e+01
-3.453041495900950508e+01
-1.148519349371470355e+01
-2.277246188640492974e+01
-2.052284112565004648e+01
-6.718592972808608010e+00
-7.749223711609090515e+00
-2.346313874267750066e+01
-6.170597497296562040e+01
-1.607995950730092716e+01
6.961931735350333383e+00
5.061439141266475872e+00
7.713491460070940775e+00
2.587086174168720731e+01
7.822438585520785637e+00
1.809655412643820682e+01
-2.315902343112524875e+01
2.548174743961396871e+01
-2.532862572991342631e+01
-4.010034678967099353e+01
1.220226232071360073e+01
-2.403313785280158754e+01
-2.186209704659539454e+01
-8.829286749332663931e+01
-6.455929793418476947e+00
4.541337479280798561e+01
2.362384697090946162e+01
-5.724582727600420640e+00
-7.679820633878676972e+00
2.099203305822467769e+01
3.703672710944597668e+01
-2.318943056829019156e+01
-5.974424497077905016e+00
-1.893369735038120893e+01
-1.958833475790771672e+01
-1.711339797189307887e+01
7.060021126050930462e+00
3.942723862126334211e+01
-3.629841322105855284e+01
-3.122123641670444272e+01
1.820512523350600986e+00
-5.910669839059266906e+00
-7.403918927506449421e+00
-5.025414314591688481e+01
3.501132244874042954e+01
1.338987049428152432e+01
5.223849695766880075e+00
2.695282522389889834e+01
-1.826158842845230268e+01
1.722630247708840656e+01
1.547247800088820213e+01
2.018026754481979879e+00
-3.374903566405137667e+00
4.926115610318801075e+00
-8.780970694137316457e+00
2.824300209779173088e+01
-2.232617665934571960e+01
2.397660373476739437e+01
5.353086136823719698e+00
8.019526884632767860e+00
1.270849679388726372e+01
-4.844834470313543306e+01
4.696977209032695555e+00
-3.730302698921755677e+01
-2.728263361800620146e+01
-2.728900617241231430e+01
-2.779216246817435376e+01
3.114753171205393301e-01
9.318124766750358390e+00
2.774761884063133266e+01
4.827183397356826333e+00
8.001104668941245279e+00
-3.912330112213788880e+01
-1.420438390907510495e+01
1.894807463098626954e+01
-1.111606503178400374e+00
-9.925714085767367578e-03
-4.916910180556385512e+00
1.952489508905529192e+01
-5.084605380197348268e+01
6.270431898948015004e+00
1.130816452577006714e+01
2.408890692870522798e+01
2.058935848217573295e+01
-3.152378817543427658e+01
6.233256812155957505e+00
3.243591629663114873e+00
2.604310479489612362e+00
3.298464513510936058e+00
-1.048660326522212927e+01
-1.960445456712112389e+01
1.052455368132928015e+01
3.351993119107197572e+01
-2.818498297515418471e+00
6.410371728445653616e+00
9.469495941978067322e+00
-1.425232649099655191e+01
-1.510582542391460947e+01
-6.641538609606104160e+01
-2.053004900573783686e+01
-3.035286958388452661e+01
-3.731269367709018070e+00
-3.756731344182446719e+01
4.181680440849885372e+01
-1.742407574949851323e+01
-2.986022709878230330e+01
-8.615291538633300661e+01
3.697744926517009389e+01
7.414956143036278036e+00
3.365219892708950056e+00
-3.488966336756334385e+01
4.916419434714498493e+00
-1.111243753194678163e+01
-1.824592462791391512e+01
6.530435632391458967e+00
1.879517792170355506e+01
4.073502790196599221e+00
-1.180238584609753616e+01
-1.617212896880459994e-01
1.530666697634245565e+00
8.808424543326907497e+00
-3.533461115190789315e+01
4.015094815926430982e+01
-2.387324577260216785e+01
-1.666348047965834667e+01
-2.719942103891690977e+01
-5.782911423441406384e+01
5.018430907225891247e+00
-2.911864513322711900e+01
-1.062032456917710022e+01
1.817944701390138107e+01
-1.436808843659193258e+01
-1.883689391647465072e+00
-6.523746975042143958e+00
-1.118937519391181468e+01
1.770188678991583942e+00
3.019282791455540860e+01
-2.798838895349086897e+01
5.531189206513846557e+01
-1.256848532731723367e+01
1.861746106592306660e+01
-7.602198509932783566e+00
6.343260386725113165e+00
-6.073173826840644551e+00
2.440953651553604686e+01
3.410017569093103873e+01
1.064681205627445593e+01
2.562605060249555322e+01
-1.983316866374885024e+01
-3.670559133674260011e+00
-1.240881317581653320e+01
3.821655102186713293e+01
3.206987492389652061e+01
2.424666451706826820e+01
-8.520134364850378006e+00
-1.548191470628430011e+01
1.384704588999024821e+01
-1.563644516209832602e+01
-6.915142707187158067e+00
-3.212382475410713312e+00
-1.637337498974785888e+01
2.763999128473362532e+01
-4.574296759205424223e+00
2.112209205219294006e+01
1.086307236910998242e+01
9.620940634312972861e+00
-1.840441400904825286e+01
1.476324441938965037e+01
-1.020882720744634753e+01
-6.575980354658838678e+00
-1.742067385266039992e+00
-2.677590151657329898e+01
4.148915544243641307e+01
-1.480469026416054135e+01
-1.784503149033696445e+00
1.234861977737053707e+01
1.068881123599106786e+01
4.120488226623569261e+01
-9.519319808285104045e+00
4.191248370669650569e+01
3.758527855029565501e+01
-5.209181261092601289e+01
2.826759906254345367e+00
-1.034957246469261349e+01
8.725012382366116981e+00
3.325073555583415441e+00
1.102135459210586532e+01
3.464948623512433556e+01
5.425196857905764602e+01
-4.177388029746754228e+01
4.207536310124692136e+01
-5.440657294916357500e+01
-4.512279915724303692e+01
-8.009874470880390618e+00
2.361173955640083477e-02
4.044371420640896986e+01
1.993748491613001761e+01
-6.721789750149724796e+00
-4.961525208559223188e+01
3.924274150036156072e+01
-2.320856054604166729e+01
9.563138015225263189e-01
-3.976906228309808000e+00
6.996097475870095650e+01
-1.409454585574530938e+01
-5.937203100291867486e+01
1.739506599571700463e+01
-9.042528938646107406e+01
6.391053162021165690e+00
-2.027094257261114763e+01
-1.024167529848939395e+01
-1.509706383368006755e+01
-3.250538023322269510e+01
2.130003786107844377e+01
-2.113255687701041552e+01
-6.494720564007081975e+00
-4.386905333265795548e+01
-2.429612404022520877e+00
-2.903551395257832723e+01
-4.149961989627735193e+01
-6.321529956319028543e+01
5.116930393346393657e+00
-1.977531851086934012e+01
3.434660738205593589e+00
-7.845498091738647872e+00
-4.517379572682500566e+01
-3.612543681123359818e+01
-3.031850142575291329e+01
-3.150782132739314534e+01
2.963062504583652412e+01
2.836910800519831355e+00
-2.770374758167950802e+01
-1.207135066340600815e+01
-1.365300584391241046e+01
2.236613210262509455e+01
-1.727553686708128211e+01
-4.291388823486414594e+00
-1.558321833576297877e+01
-1.986098254308311084e+01
-2.248624002522120691e+01
2.052799047998756521e+01
-8.678244837208296758e+00
-5.148899289883166830e+01
4.287897045453414080e+01
2.448814727721853757e+01
1.491710958050560976e+00
-4.342183477378978296e+01
-4.163503011252242914e+01
3.822543124669778081e+00
4.096793685535828899e-01
-1.755023586429342686e+01
-2.546553179639113651e+01
1.747323895573248365e+01
-3.074897552835466286e+00
1.462273994349015993e+01
2.728719780955168517e+01
1.766129455291815020e+01
1.779230621645132260e+01
1.329868164275078612e+01
-1.161182140219619896e+01
-8.282815790210392493e+00
-1.209578079037004983e+01
-2.042108060976522665e+01
-2.378339244316487111e+01
-3.544922786542696258e+01
-2.073638206171160192e+01
-5.686262654252018933e+00
-4.281717125404247781e+01
-7.905666612356299083e+00
2.030490338427447128e+01
-4.386569316944013508e+01
1.654426353496930346e+01
1.493611786507261741e+01
-4.004014841929864588e+01
-3.157783470404294235e+01
-9.533034618195586063e+00
9.809391333758000542e+00
-2.194242057582926009e+01
4.024882270846480026e+01
3.572303093172629929e+01
-4.305087644629634269e+01
2.494162419120567620e+01
1.938706427221089257e+01
4.883937240168108929e+00
1.211391470916251478e+01
-2.384478903619468326e+01
-7.250890625087123453e+00
4.602660526648037376e+00
1.070958706861841847e+01
2.358059925517061117e+01
-2.855423088894433192e+01
-3.300969225451524380e+00
8.353274539802214349e+00
2.983231217575877281e+00
-1.656446870207980027e+01
1.218807070897943134e+01
-1.425792698621575028e+01
-1.145048683744313678e+01
6.743862899613191075e-01
-3.392926898001971381e+01
1.673300527202407295e+00
-9.467017911898892635e+00
-7.694623078255119708e+00
4.631244918628567575e+00
-3.030342170619437070e+01
3.307752126392719560e+01
-1.408019663105642394e+01
-7.433681488801821047e+01
-4.761392443575132916e+01
2.065865020249680128e+01
-2.255396551946245154e+01
-1.046628862428673301e+01
-1.465108729194299997e+01
-1.022967556396939415e+01
-5.619762716226483690e+01
-3.576548610522877425e+00
-3.478030760431840918e+01
-1.922183390338165054e+01
1.187031054293774446e+01
4.390334024109949951e+01
1.565359435431620483e+00
-5.897543647125189636e-01
3.322968172529070330e+01
-3.090296949518732106e+01
1.786263872279981513e+01
4.267772166003155121e+00
-2.658683097684934182e+01
-1.419276761623353877e+01
1.243216081572040821e+01
3.525089102193987856e-01
6.763148305335306532e+00
5.766601852288800956e+00
-1.320094855906853581e+01
-1.813738292836217170e+01
-2.794565922935117896e+01
2.748504900603697365e+01
-3.600035408976460616e+01
-2.674019944270204974e+01
6.939406041030409256e+00
-4.856642255090953597e+01
1.256099140896571953e+01
3.581782079723791412e+01
-4.013175281474431699e+00
6.458651826918810457e+00
-1.607017899118858395e+01
-1.228973987078325081e+01
5.793689534689747234e+00
2.122761980494608736e+01
-2.169696094200992320e+01
1.513274827594948135e+01
-5.924110519325751056e+00
1.668304370643909351e+00
1.296553213856547870e+01
8.360054336243408102e+00
-7.186190288855705433e+00
1.233305793788304072e-01
1.073066647519380012e+01
1.598710034476098940e+01
-4.012602593127436990e+01
1.897077028795933984e+00
2.877202611847907576e+01
-5.161910440499991637e+01
1.696184617404310302e+01
-6.517353564277239286e+01
-5.997565814011371899e+00
-8.282625477168707562e+00
-2.955096708585074339e+00
-6.789792027964210774e+00
-1.403490888801644587e+01
-5.290547828414048581e+00
6.684691256723027664e+00
-1.487693867120301050e+01
6.731937422275819927e+00
4.892584116665358351e+01
-3.387124786999885373e+01
-1.475136717406982712e+01
2.224320678892195247e+01
1.345763290531203893e+01
2.441451262162814828e+01
1.176478929943358764e+01
1.181362896581029531e+01
-8.996577188410441295e+00
-2.738879284058160124e+01
-2.525023506938541118e+01
-1.501736365964679720e+01
2.557640299856416277e+00
-2.359406793055325124e+01
-7.817436451410017639e+00
4.070525424964444028e+00
1.326528088852433029e+01
-5.713549575292240945e+00
3.328271224480036494e+01
-3.221842652823016806e+01
-2.217129772373994001e+00
-1.699211274569773167e+00
1.532776829191927703e+01
-2.189713097289832433e+01
-1.386363411928374489e+01
1.051089660693997452e+01
2.509343340763705044e+01
4.163252141343249946e+01
1.782991555439335229e+01
2.330275413445467336e+01
-1.558296074958550648e+01
3.514676898458100140e+01
3.681374813386742062e+01
-1.452476682171834454e+00
1.908342746762366460e+01
2.101452018187649173e+01
-1.311815414444897954e+01
4.701571506081592133e+00
3.381192412407335723e+01
-1.346850374738039591e+01
-5.126796486878447467e+00
-3.354964750188963052e+01
1.326028442174367683e+01
-7.144868322335440780e+00
1.094447047575235388e+01
3.285751724583732880e+00
-2.215770034036726344e+01
2.536908769656329810e+01
2.233596208107252323e+01
-1.496122016096003904e+01
1.062202813505315646e+01
-3.400092061737342419e+01
-2.955532950708808926e+01
1.375505673961686171e+01
-3.790218163219859093e+01
-1.709967428651316723e+01
2.892134895331707867e+00
4.597825538359635544e+01
-1.416958287230596625e+01
-6.829892569106505107e+00
-9.985553177817365622e+00
6.236456425705446804e+01
7.732001954277812672e+00
-2.396244749146569575e+01
3.938660976856368734e+01
3.488201541565116770e+01
1.744331889009674796e+01
4.176103610526774901e+01
4.776147923513842386e+01
-4.184167796674916673e+00
-1.540754529828215880e+01
-1.614899896931700596e+01
1.605466517439344898e+01
2.088812122476002742e+01
-3.815907087179269297e+00
-1.283953354654269674e+01
-3.396994911724334543e+01
-1.405181854237301309e+01
-2.511270735783620012e+01
1.673552131923045749e+01
9.507206603594340777e+00
3.542090024775177426e+01
4.106882345176870786e+00
-1.310298777602827158e+01
-4.705116096545342685e+00
2.192208112029791778e+01
6.967154840139471617e+00
3.022535510851184881e+01
3.098180902160834194e+01
-6.728590805997896496e+00
-5.995861426750700218e+00
-5.577092472774177168e+01
2.813209333459554529e+01
-6.970536583502848771e-01
3.008682041101536697e+01
-1.200653696871834342e+01
-3.462488666753418443e+01
1.172216370199795676e+01
4.043961237579493684e+01
-1.452314013295806916e+01
3.670255906912092314e+01
-4.041279801771028701e+01
-1.277495202813025799e+01
-4.511029283552534253e+01
1.059808049539327612e+01
4.506905333744668951e+00
2.964820919585775982e+00
-3.450065565593666861e+01
5.026113154908364322e+01
3.006020504334384214e+01
4.916448123356758515e+00
-2.858077103460800572e+01
1.202604082001337815e+01
-1.295755108953619583e+01
-6.862699885399081268e+00
-1.327432101864985725e+01
1.017355333470342771e+01
-8.004857218177420464e+00
-1.117277540676147396e+01
1.152292039648665423e+01
1.434782832906941508e+01
-4.742243004433703391e+01
1.102545274536143438e+01
3.739167936177520346e+01
2.225989633002942014e+01
-5.790582183679159556e+00
8.570567013183989502e-01
-1.941724493068801394e+01
3.210197006635752359e+01
8.632912805835047720e+00
-2.331876497138267723e+00
-4.156436262827924111e+00
5.912709836086946780e+01
-1.725256895041042071e+00
1.349605231295791441e+01
4.128566581028867688e+01
5.316844754212629454e+01
3.438339056992086284e+01
2.242867794402147297e+01
-3.673056342196701962e+01
-2.503953448546266713e+01
1.902700325337386289e+01
3.830854495777174407e+00
1.747707196329108115e+01
8.814545463371075584e+00
3.394112276275811269e+01
-4.273031782286254554e+01
-2.691811862673620226e+01
-6.356806853842044802e+00
-4.719711063959284303e+01
1.054052147150787277e+01
2.425448323577815302e+01
3.813191004480188440e+00
-1.225425576557279328e+01
1.281525591072261250e+01
7.624718568241371486e+01
1.699540866054053367e+01
8.663939090115320596e+00
-2.590313131368083077e+01
-3.305501978012802056e+01
-8.086214507257736273e+00
1.822094591791218932e+01
-3.266929006765280974e+00
1.305772092547322671e+01
1.924927164576905625e+01
-3.144835750597866308e+01
1.434887495852905204e+01
2.444105230913203286e+01
3.108297481635048598e+01
-3.627869067952843807e+00
2.574884802955125451e+00
-5.542283144637877967e+00
-2.664179965304873576e+01
-3.820253511480575526e+01
4.375253330865327683e+01
-4.241064475070999151e+00
-3.042017076146608190e+01
2.987451727053695549e+00
-1.422953809166248362e+01
4.998686571025325520e+01
-1.285676592316519873e+01
-1.972509370657232353e+01
1.913046513486028744e+01
-9.020375392923796198e+00
2.448567951424934108e+01
7.008172655924909122e-01
5.351427283442379235e+01
2.902673857851224426e+01
2.162072699866779857e+00
-2.046878332769598785e+01
1.508505043778802701e+01
-2.964429822139739201e+01
-4.838054475076233985e+00
3.370344661373869144e+01
-1.539451405111555005e+01
-2.471559421033646231e+01
-1.334519971703872443e+01
2.753695759532689635e+01
6.964597189904374375e+00
-4.559558201524221488e+01
1.826679387465871685e+01
5.120988136458976214e+00
5.049976088496194393e+00
-2.772253505810300567e+01
1.561449584704632798e+00
1.858997892516877926e+01
2.635484880316431600e+01
3.625140857699635433e+01
1.585422383115174938e+01
2.145696693207582939e+00
-2.974341781991543598e+01
-2.575181759417247918e+01
-3.801354506112079434e+01
-7.207019011674049125e+00
1.743539314119655614e+01
-1.359773959004357380e+00
2.825214809730107390e+01
-1.798571623883594839e+01
9.054044957030839669e+00
-9.539896575682817570e+00
-1.644017571764340957e+01
3.365789336775964813e+01
3.908106888688394065e+00
3.460513081262752166e+01
2.597348730063345101e+00
1.227249695171670751e+01
-9.914275483568133041e+00
3.342900160245868335e+01
-9.130444906612041223e+00
3.465769716409230483e-01
-4.299550058342859415e+01
-5.297341240240953653e+00
3.937617044922055243e+01
3.518638840154946479e+01
1.483300009394612573e+01
-9.135012666855644170e+00
3.069544983805997163e+00
-1.153385572873659726e+01
-7.594413915662727277e+00
5.091572248979007043e+01
2.765246057562990245e+00
-1.440980229530117640e+01
-5.970151624736586626e+01
-2.620417460752628358e+01
-2.116074140907258538e+01
-3.533013829269683015e+01
-3.198129302965048737e+01
-3.810861768818671180e+01
-2.529097705171083277e+01
-1.758145306898927629e+01
-2.725752988869484739e+01
2.586931234061438545e+01
-1.151134532986543491e+01
-4.874938469856004986e+01
2.213231655889202898e+01
-1.676590533221369839e+01
-4.479653223066200951e+01
5.354656507125315557e+01
-1.434801875562171958e+01
9.491156557448903186e+00
2.211457094092429543e+01
4.914113709996797752e+00
1.471067657919647331e+01
1.791693446833818371e+00
1.079068349642842151e-01
-8.192560010204722687e+00
-4.160618850947989245e+01
6.556167021057930810e+00
-6.883350439069744198e+01
3.916062889090306953e+01
-2.352702061400694333e+01
-9.770386795514866662e+00
-1.008696975895105652e+01
8.226033159260763838e+00
-9.457436350697008720e+00
1.491376665516519040e+01
-3.051818512221367996e+01
1.979063633298673608e+01
2.381337067468127344e+01
5.804720084487513532e+00
6.328505069610628198e+00
1.193438077938124309e+01
5.012092236152227542e+00
1.526953150104066026e+01
-4.389555685986678668e+00
-3.881829556369542900e+01
5.291231408762769206e+00
-1.367118705750098684e+01
-2.982737334960972930e+00
3.055343349468165570e+01
-4.445692286240529256e+01
7.587806923343123344e-01
1.160471177306646950e+00
5.076294503586950668e+00
1.735509798484089572e+01
-6.746318467535100893e+00
4.603380655837020186e+01
2.442554793538796787e+01
-8.513740932451611343e+00
-4.188238331134840564e+00
2.076272903448824536e+00
4.264927029197161801e+01
-2.938487325568860342e+01
-5.710909638686212020e+01
1.709196443222654693e+01
-6.795187608989280648e+00
-9.251797054530811693e+00
9.164607545438371972e+00
4.214589339099657650e+01
2.461633391872175025e+01
-8.902122424265655809e+00
-2.917113682626626314e+01
-4.722671204578837489e+00
1.567999440537246159e+01
-8.473939174080925341e+00
-4.145390389842464174e+01
-3.358951724722246013e+00
-5.298983820628916419e+01
-2.821707555147349922e+01
4.563635470996645438e+01
-2.898624626357894840e+01
-3.797088571890839148e+01
-2.867520748115767049e+01
-2.055316122514474841e+01
2.014641423159923761e+01
4.693044082068397671e+01
-3.673414372678763584e+00
1.442423854827971752e+01
-1.184134931243373501e+01
-3.877365144437339239e+01
2.616860548358407002e+01
-2.630070860750078054e+01
1.457320513194395062e+01
1.784301130960270143e+01
-5.881952736532582549e+00
2.106764978152986600e+01
2.301231002828977523e+01
6.335313416555666777e+01
-6.661384038934727414e+00
-2.890512810618152173e+01
-3.513891163207597401e+01
-9.574244166743376638e+00
-1.866752903386730722e+01
5.286542134828016515e+01
-2.451057977632922302e+01
6.466421227585771092e+00
2.762946633824896026e+00
-1.234084965555732083e+01
-4.747467511151887720e+01
-3.498610779420147310e+00
5.514424886595126907e+01
9.677662884619806505e+00
4.196549235242173381e+00
-3.233696453010917082e+01
-3.222770745890522903e+01
-7.857284038685346417e+00
2.576532435916715258e+01
-1.420103579753907752e+01
5.759018761797329944e+01
-2.709533672059529863e+01
1.050690822826254589e+01
-7.701422032419316110e+00
-3.635710440277827615e+01
2.403687955953131450e+00
-2.869751165586501429e+01
-4.139030240656444448e+01
6.196954856212641971e+00
1.079007834424345447e+00
2.929142876779641824e+01
1.319433745010999814e+01
-1.881055667871222425e+01
1.203184762212583792e+01
-4.898302174047211111e+01
-2.683624726650248249e+01
4.995520454455972725e+01
4.654924187733151086e+00
-5.991056642344403826e+00
-1.670038445363269375e+01
-2.462377159027141715e+00
-5.550237813957096478e+00
4.982895429011190913e+01
2.331024861233334633e+01
-6.655965008753128132e+00
-1.995251086613393454e+00
-2.203794940732989005e+01
-8.798576804720795508e+00
-3.530715414380651396e+01
2.763548315693514823e+01
3.914549353637923446e+00
5.808634733981421050e+00
1.004356773915495182e+01
-4.459762614201377318e+00
-1.150428688324845261e+01
3.023840791086981561e+00
-6.060555771247254597e+01
-8.702897982570732438e+00
-5.749080837237073638e+00
-4.352124781936453246e+00
2.700521957646174087e+01
3.641623226655767098e+01
9.713540556031261985e+00
-5.334299305343806452e+01
3.486376762393757645e+01
-1.197470029847698925e+01
-2.097501004184687190e+01
-4.882657763076884549e+01
-1.686459786715202824e+01
3.479402882904723526e+01
1.705513064582919469e+01
5.567012688858255842e+00
1.884125765484648696e+01
-3.271221142749703858e+01
-2.604398518095949555e+01
3.155541716134325725e+01
2.177692089370131612e+01
2.692022261148571260e+01
2.741193820476311771e+00
4.701589402569226195e+00
3.056061760223718693e+01
5.404453494871142993e+01
-1.172825101855757879e+01
2.153152615328798447e+01
-1.446772888852939332e+01
-2.452503572098633811e+01
-1.938816857666900262e+01
-1.950384291853509922e+01
-8.135277537251141666e+00
-2.664819051420218443e+01
-1.097775528762815611e+01
-7.602669645319443248e+01
1.900785855555969306e+01
1.238101208868098624e+01
-2.663680586697914521e+00
-2.173457926700484677e+01
-1.034707963840389766e+01
-3.074274658614069722e+01
5.508326133963748816e+00
4.511402610117276879e+01
-1.240053776293012788e+01
-9.431654252354007895e+00
1.175304070798574685e+01
-2.859048715628637183e+01
4.736282001463165159e+01
8.216111488014583131e+00
7.869747688501036009e+00
2.768665319669909763e+01
-1.354839898862167047e+00
3.132362630929031866e+01
1.057076202842799262e+01
-2.223786270682381883e+00
4.584168673670205862e+00
-3.485513963011101168e+00
3.705935964338794975e+01
4.793420593254722917e+00
1.013258259646883630e+01
-6.495895302575462438e+00
7.861386398479680793e+00
-5.159414062775388743e+01
-1.964876265664219090e+01
-2.727934455660232516e+01
2.650336801988584057e+01
-1.787287491882528911e+01
-3.359589793122330548e+01
3.232424564844171755e+01
-6.799256471864410400e+00
2.265616315558381189e+01
-5.033558454505180180e+01
1.037323837899734080e+01
2.914358425507586503e+00
3.451057835851884192e+00
-6.515687640885062137e+00
-4.059113336916766457e+00
2.835264296750967006e+01
1.004033231849092545e+00
-2.836097675215106051e+01
-1.045186572634410993e+01
1.231188888798536141e+01
-6.423828667874070675e+01
-4.914621574944322902e+01
7.348485281203522845e-01
7.829422345448151077e+00
-2.622337231916841915e+01
-1.067743707493264083e+00
5.874837113937007871e+01
1.561173128713170399e+01
-3.006296926040926110e+01
5.226190306434602917e+00
-5.178524875400448479e+00
6.959812732192865781e+00
-1.985973202802242099e+01
1.226799387070022362e+01
1.469872144857345120e+01
-3.863227505954199614e+00
6.224085211485524383e+01
-4.440067687121214135e+00
-1.759560433453123096e+01
1.321827491123639220e+01
2.394433964435808093e+01
-1.882274399769985962e+01
-1.025084595920070285e+00
5.456067960121688998e+01
-1.574880015773715058e+00
3.277855424319938038e+01
8.123135910904096590e+00
-3.908495226494736130e+00
-1.271331126056622907e+01
2.911259788715210561e+01
-3.110651983703311885e+01
-5.757398284002590572e-01
-1.012340096546861901e+01
-2.211017202547594707e+01
8.381793886213577238e+00
1.480057155809635638e+01
2.434430396872926394e+00
-2.049670886445369433e-01
-2.216815807528598725e+01
9.047134632392072717e+00
-1.848668786834693378e+00
-1.264196148290876920e+01
-1.122818061096639752e+01
9.208547102272348184e+00
-2.059480319972408324e+00
-2.105467691165125643e+01
-6.070511960762263470e+01
5.852683878896314695e+00
1.075610493800556355e+01
-2.700027369793953369e+01
-1.331175007642411856e+01
4.605570452427444650e+01
6.234601931810345832e+00
2.193336288330021944e+01
4.800583180765173097e+00
2.217829302041448614e+01
3.189429265249117407e+00
-2.168727597829580134e+01
-6.040584462221801232e+00
3.042339231619280326e+00
1.752274931145396408e+01
4.201581130177982004e+01
2.742994653219284373e+01
1.673514943040942171e+00
9.516500732489134862e+00
3.375139346913869076e+01
1.471120447778950435e+01
-3.863604304800148270e+01
-1.535962631665239542e+01
6.211974305462916845e+00
4.749235291990999031e+00
1.374747496162000715e+01
-2.886629857806724431e+01
3.953900083990134817e+00
2.408790725138695166e+01
2.666334763872137614e+01
-2.396675398783480659e+01
-1.850180692653680126e-02
-1.231102032563057946e+00
-9.452622970156767224e+00
-1.587159467982777272e+01
-8.650353517967602102e+00
-4.882049456949239641e+00
5.621068067869884999e+00
2.357514977193879702e+01
-1.721920417150391813e+01
4.510861113381986343e+01
1.826581965674398589e+01
1.492720045567239140e+01
1.971818145627321783e+01
1.511834521096550077e+01
2.026375075825710326e+01
3.050395369811356261e+01
-2.536030671210157550e+01
3.471613350147046617e+01
-6.358127340307244424e+01
1.765454615446191866e+01
-5.961512775782898643e+01
4.655466555105897442e+01
4.197277295547222309e+01
-5.257909096569619578e+00
-2.686070617427023421e+01
-2.367143831637912399e+01
-3.068214658375143244e+01
-3.531729953304716219e+01
3.154354898386213790e+01
2.345813717543873622e+01
1.333272509223222357e+01
1.580883556564646142e+01
2.491664108346043349e+01
-2.184483623939155450e+01
-9.914509251028306380e+00
3.076268026574128811e+01
-7.275995479934337595e+00
2.978852571330767773e+01
4.152519144936437101e+01
-3.232279162146006968e+00
-4.082126022326843895e+01
2.767695703042022615e+00
-1.470083444780588167e+00
-5.685894250925514370e+00
4.740194376188355818e-02
-3.636628862098962145e+01
-7.061319191271493878e+00
4.900168120051533904e+00
7.392633340829007693e+00
2.723645059948424318e+01
-2.381356149520567556e+01
3.109648438764605771e+01
-2.225392127236753481e+01
1.427701904999693738e+01
2.250478412465865574e+01
