---------------------
  #    meV     cm^-1
---------------------
  0   12.3      99.0
  1   19.3     155.8
  2   22.1     178.3
  3   25.8     207.9
  4   26.8     216.1
  5   33.2     267.5
  6   37.4     301.9
  7   41.9     338.3
  8   51.2     412.6
  9   60.9     491.2
 10   65.3     526.3
 11   80.5     649.1
 12   87.9     709.1
 13   94.2     759.6
 14  135.2    1090.3
 15  147.3    1187.8
 16  154.1    1243.3
 17  177.6    1432.6
 18  200.6    1618.3
 19  366.5    2956.0
 20  380.4    3067.8
 21  436.4    3520.0
 22  464.2    3743.8
 23  475.0    3831.4
---------------------
Zero-point energy: 1.798 eV
