-3.500712301979532981e+01
-2.024915997526633760e+00
-7.218997904916122366e+00
2.429260971024251603e+01
-1.202832896851093381e+01
-9.305591902445655705e+00
-2.430447811913521150e+01
-5.080665088910792804e+01
-2.166779926851845772e+01
-2.280591508861562033e+01
-2.116741111218179583e+01
4.280987254718260360e+00
2.008326471978023164e+00
-1.076512131001550188e+00
1.751092650336318002e+00
2.675341911143658535e+01
-1.032639451047765533e+01
-7.270749212600890132e+00
1.184240271364137698e+01
-6.250519964730349898e+01
3.133003088767664224e+01
-1.341745058110967648e+01
-2.438014297786340379e+00
-5.654822239232203174e+00
-9.528944219562163198e-01
-2.156844072005100088e+00
4.848278365247421107e+01
-1.514583679510394632e+01
-4.065625628176690043e+00
-3.065211028871968324e+01
3.961079649507030354e+01
-4.375345703558480182e+00
-2.157332418542091546e+01
1.132114785023368597e+01
-2.067192719596903316e+00
1.315024322690243253e+01
-5.425111855972772901e-01
2.732049664022639490e+00
1.911598174547674489e+01
-5.517636308745264273e+01
3.075145909123182264e+01
8.193361250738902868e+00
-6.313549492601623569e+00
-1.764065713782224876e+01
6.959232320781836734e+00
-1.104572320977842992e+01
2.515195515043137675e+01
2.007131809455580651e+01
-1.293364650127642790e+01
-1.651749176857907742e+01
-1.745138463556997976e+01
-2.099152444574789911e+01
1.067331495264573960e+01
-2.735719541859668880e+01
8.381678039041901229e+00
3.492975793478963453e+01
4.027934133310152731e+01
1.875704236252491341e+01
8.395790273854700558e+00
1.751961971999349998e+01
5.138252142076817108e+01
8.684141133206935592e+00
-3.013952557758175033e+01
-6.094650822344419794e+00
-1.423649238844254228e+01
3.359035613864043057e+01
-3.978683514841868885e+01
-3.464982890986277653e+01
-1.766739619620371116e+01
-9.893526424656499785e+00
-2.260406731695456983e+01
1.584679466706572271e+01
5.260906188695457786e+00
7.894384820197245745e+00
-2.187526790684727729e+01
-1.915686013164503265e+01
-3.303018600520385917e+01
1.820645100090814594e+01
-1.894531027258422284e+01
1.711121212099592981e+01
-5.445855979911540246e+00
-1.504652122230621103e+01
-2.894788101241657330e+01
-8.587197026720303938e+00
-6.183942363960113653e+00
-6.949738616450048312e+00
2.258883502654089526e+01
4.231799588938883971e+01
-2.486267831877469447e+01
-4.339374541171595467e+01
-1.087562495841038412e+01
6.007006351324798743e+01
-3.277166081166774347e+01
1.808666981168286725e+01
-6.576614010927130494e+00
-3.370393241663316530e+01
1.394260221903218167e+01
1.972527985842296516e+01
-9.754709033800722295e+00
1.851655218657765545e+01
-1.356740595762653356e+01
-3.160098238517642244e+01
5.306333504122414979e+01
2.529219453916897464e+01
1.432011387791303036e+01
7.930809186394839116e+00
1.508294652201475117e+01
4.566007889122249708e+01
-1.490571083845473055e+01
3.370843225985922231e+00
-7.648183371922624474e+01
8.907573012453696037e+00
-3.746105418275392651e+01
7.852726375972252981e+00
1.233861438337258676e+01
-2.017982694416599543e+01
-2.863779962105436994e+01
1.223735671155509408e+00
-1.703665998087635103e+01
2.160386991744877605e+01
-2.806783488855829489e+01
-3.107978200815978198e+00
-2.034530010096646890e+01
-1.975192807492277325e+00
1.118854887283603716e+00
1.259832330381303223e+01
4.260710652147849942e-01
-2.920353782061113179e+00
3.600772560765371111e+01
5.097785462437914816e+01
2.752527389063386210e+01
3.978500253875586168e+01
-6.555977109092019361e+00
5.611897486600724960e+00
2.975121586100397053e+01
-5.027452820912117204e-01
-4.258957801966963075e+01
-2.284496766321764127e+01
-2.837585122392430037e+01
-1.552047702887855962e+01
1.603576701233052404e+01
-6.653858235535767562e+01
-9.353807216553491344e+00
2.482479380579962935e+01
-2.099716416390214135e+01
-1.746627389632624272e+01
3.338249919220334050e+01
2.493934750176831017e+01
-1.853810870025300517e+01
1.558607022197969627e+01
-1.424352878247181309e+01
1.915964240598064094e+01
1.887455429276201357e+00
7.414005603031355918e+00
-4.779392689069125311e+01
-2.651282466146820838e+01
-4.872792909717759358e+00
-9.283320679252824448e-01
-2.289889881511237490e+01
6.094147345461533405e+01
-9.775179190582946376e+00
-1.808360515493222920e+01
1.997719516737510048e+01
-2.574972953549396237e+01
-2.052619344710197424e+01
1.830240760758283614e+01
7.170231784567313582e+00
8.586106914186927952e+00
8.803773500657712248e+00
-6.201142800747362571e+00
8.921283745869516224e+00
3.268073757393274548e+01
-1.486193298249594363e+01
1.076060947110522648e+01
5.100244294208207663e+01
1.833263790195040599e+01
-4.226543272912749671e+00
-1.147117855926572361e+01
8.727994069742284466e+01
-1.197893162220066188e+01
2.102122289045792058e+01
1.453248792141317836e+01
1.650353476931619667e+01
4.959511624252252204e+01
2.686713348557185554e+01
-1.531339435387208070e+00
1.358927199617517090e+01
2.753815885467957969e+01
2.020929152721475930e+01
-3.265564551048930753e+01
5.282819130816312736e+01
-4.706283039285155212e+01
-6.902906297952164039e+00
3.087114505826407651e+01
8.387231334973048291e+00
4.189020127519313519e+00
1.589414574650828627e+01
1.252397075149443140e+01
1.929555003896112453e+01
-3.507481182072922365e+01
2.218756926253661277e+00
-1.489430315972941798e+01
-3.743398807148743401e+00
-2.470308397982194037e+00
-6.026015601892137141e+00
-3.226819318044363172e+00
4.696250959794932101e+01
-4.723076546301243184e+00
-1.458636483400626105e+01
-1.437531510400980039e+00
7.295071192823712636e+00
-3.342342397747174232e+01
-2.867696928803408696e+01
-2.030954116375457374e+01
-3.465627592012188529e+01
-8.981783634149770990e+00
-2.339962397791422077e+01
1.022619181400692412e+01
7.211353831048796792e-01
-7.022342139140562267e+00
-4.632704052651973825e+00
3.219224309835269082e+00
-8.219441315756654376e+00
3.813690237958738294e+01
-4.846858392266003079e+01
-8.489034050871392623e+00
-7.574805712827156867e+00
8.929960923594279620e+00
1.261955182732796743e+01
-2.633550172985678728e+01
-8.504570151143326484e+00
2.408101184484053903e+01
-1.127384827123983868e+01
8.901225636906133332e+00
1.909658128011010092e+01
-1.622758872691150600e+00
6.245222343924297093e+01
-7.818624895665152508e+00
-1.774112224074900723e+01
1.792056111401137741e+00
-1.376869186985965143e+01
3.057232158001784228e+01
-2.372150565831547908e+01
6.790201462076254302e+00
3.174058251690644283e+01
-7.100633143080813170e+00
6.619193541460413144e+01
7.165956614859294405e+01
-3.715449599987903184e+01
3.298013265110378711e+01
1.216305648327019640e+01
-3.115384008066702393e+01
9.299071455797921715e+00
2.350685594551676161e+01
2.404702991340076323e+01
1.293333684929464766e+00
9.478725840594449892e+00
4.163419824862012319e+01
-1.313093757301814435e+01
7.960520576897518907e+00
4.012803994608054836e+01
-2.067737530151824643e+01
-1.115127633674438812e+01
3.130699409779116849e+01
1.606588553255363649e+01
4.231076873923632320e+01
1.685161749168918277e+01
6.087667560924103327e+00
1.489943507894264485e+01
2.262965115187910214e+01
-2.993696422805196278e+01
3.830181546988313812e+00
1.381471401986458147e+01
6.495969900453474111e+00
1.322664837776022750e+01
-3.421870080038308970e+01
1.787391900202425177e+01
-2.387521100358839021e+01
-1.861381216118596882e+01
1.192646870469272358e+01
-6.506677629763927939e+00
3.233229263406983023e+01
-9.332193113024857212e+00
1.680476959418001570e+01
1.806683683505730187e+01
4.342041496601402173e+01
3.046156269583627108e+01
2.727206513223077167e+01
-1.860237280543998395e+00
-4.676490680117183274e+00
-1.786207547340745805e+01
4.461067390730102034e+01
4.439110115838104775e+01
2.181779149007773810e+01
-1.405784732717759766e+01
2.779303721919643522e+01
-2.865559269060980796e+00
9.973370701970686980e+00
3.691930979889787068e+01
-6.850414986969184383e-01
-4.452493420492288578e+00
-1.126532304482162772e+01
-3.268624454613532748e+01
5.338183925812663233e+01
2.826401319433733761e+01
-3.338912340474239215e+01
-9.205717689667309855e+00
1.469143465799581350e+01
-5.578277078291691282e+00
3.544605566167430766e+01
7.038435412088887233e+00
4.464711211077508324e+01
1.935798362715200227e+01
-1.270085542295157666e+01
1.118890179179389577e+01
-3.496922454198454489e+00
-1.533719473078966189e+01
8.776402301562455932e+00
8.390775561665577698e+00
5.245889446309109871e+01
4.408429245127062757e+01
3.102384409363267537e+01
3.729292686650580890e+01
4.845822409059408642e+00
-1.450879379682561421e+01
7.995879506230437528e+00
-1.868849238863215234e+01
-3.002850650434333346e+01
-3.115090158938983222e+01
-1.745964921211754017e+01
-6.085485123901355564e+01
-1.952839312799916627e+01
-4.850373539633920927e+01
1.312200976852963308e+01
-2.592542191755887870e+01
2.606028253946908535e+01
-5.539916604607921613e+01
-1.668624322918974201e+01
2.398369433163713893e+01
1.172243661384801783e+01
-4.971539182517450683e+01
3.165716192851328969e+01
-1.451132716492023178e+01
3.012665046436797667e+01
-1.299782444286083205e+01
-4.389676369846438320e+01
8.024480598828660050e+00
-3.644713479399615608e+01
-4.167420003009510765e+00
-1.664550811566228639e+00
2.288639361455821586e+01
7.058077140774264535e+01
-2.416376536474018621e+01
-1.958423686507735795e+01
-2.347452556612665830e+00
-6.381471520526673658e+00
-4.522092631578806277e+01
-3.121627220075853870e+01
2.680084857070461624e+01
-1.190597222594524851e+01
1.134078415677959129e+01
-2.748623518190407822e+01
-9.184395933088438824e+00
-2.322118917278905315e+01
2.886985104742090158e+01
5.337082719107343109e+00
-1.250573846505596975e+01
-9.519886462268544847e+00
6.641523773849471013e+00
-4.568506020398871215e+00
2.411429219595646600e+01
-1.442473745576910460e+01
5.595154320155870664e+00
1.987290771391606370e+01
7.666209175158542166e+00
-1.191439938326627157e+01
8.613860438006867071e+01
3.293567567490754300e+01
2.409889872578162340e+00
5.686890156367041982e+00
-3.508096744617699869e+01
1.881857234153144987e+01
-4.281453609461317455e+01
-1.630993855397852599e+01
-3.084320643714349330e+01
-1.108565200362593828e+01
3.184154585354451683e+01
-3.176080473226026868e+01
1.341882274758864924e+01
-2.159050544263891425e+00
1.157739872704382833e+00
-2.007297922232831411e+01
-2.483400997833132351e+01
-3.140324034283651145e+00
-2.001867993992659223e+01
-1.111019101361608818e+01
-2.314786227404842123e+01
-5.187648108948138770e+00
-1.944547442126376779e+01
-2.813002218077912175e+01
1.171264478392649977e+01
-8.048973393227413453e+00
1.369784442230587729e+01
4.778002462481264701e+00
-4.267022184459461442e+01
-2.940331389766409842e+01
-2.560721795787318911e+01
1.816898565093276829e+01
-1.380254712902086567e+00
-3.473740882671387453e+01
3.301124258887613649e+01
-2.195932558747944796e+01
3.202244732517609549e+01
-1.773801513549370057e+01
-2.705847826233724618e+01
1.327216282459971808e+01
-3.808844796693427526e+01
-1.929866940979505330e+01
3.471955639615435985e+01
1.058606348441026057e+01
-2.460758141486184059e+01
3.041339861694405045e+01
-1.017466595615809410e+01
-2.130705827999008761e+01
-1.704406425779177425e+01
-2.808960800891134113e+01
1.552591256888382532e+01
-5.039672347947583830e+01
-4.439615388152131459e+01
-5.698308839351625465e+00
-1.687046544216977395e+01
-3.314252442926480313e+01
4.120185749384580731e+01
7.522302433235969943e+01
-1.541624750466469607e+01
-2.017452953371673630e+00
-3.398198421941564362e+01
3.674862017748699827e+01
1.144124945078593214e+01
-1.341336339807929789e+01
-2.044104508078662263e+01
8.272370885316810529e+00
-3.254919879741023436e+01
-9.899041279893424417e+00
-4.875897367436002128e+01
2.043186554167505165e+01
6.198559076361902953e+00
-9.966190506389125403e-01
-5.815966865948894338e+00
-2.245449154389120849e+01
-6.154226897222685011e+00
7.359667177707035535e+01
-1.026961454164131737e+01
-2.696807736172945624e+01
-3.918216763408112513e+01
7.822344074236241340e+00
-2.104059319175195242e+01
6.090965943244192715e+00
1.701918665272766873e+01
4.286045966729503220e+00
1.757680999950312639e+01
8.486177062162596485e+00
3.286081292594406023e+01
1.477843310855173797e+01
-1.964402473017960915e+01
2.693360976387806716e+01
1.958646005193250517e+01
6.934047270377462269e+00
2.378209274660326855e+01
-1.593253975420635982e+01
4.137071640942335193e+01
1.320622596804639670e+01
-1.779407889396873088e+01
-3.304693464134432546e+00
-1.013314038718024790e+01
1.146409608933498703e+01
-1.308643537255929346e+01
-4.436041534666713915e+00
-7.191627286797825036e+00
4.542958328810942703e+01
3.100253673021938994e+01
-3.643326003363953447e+01
-4.551286708978963702e+00
-2.960892884967807959e+01
-8.124249896521661185e+00
-1.324617313014180553e+01
4.819458111209939943e+00
-5.761059292124972586e-01
-1.612361065676904559e+01
9.510534972571832668e+00
-4.616589636183505263e+00
-5.255798656542758351e+00
4.835736886627256581e+01
8.113637949287479501e+00
-4.634017313270370408e+01
-2.228685950084411616e+01
5.377775775885203302e+01
1.528716873773308293e+01
-5.333695453900531902e+00
5.997957287881099830e+01
-9.051207410523659291e+00
-5.125897682819015699e+00
-4.544864115859923004e+00
8.680500944573822153e+00
1.749892335881992622e+01
2.448223522153867293e+00
1.625975274503502987e+01
-7.172751213478136378e+00
-1.975189272670638729e+01
-2.337551565707932610e+01
-2.691442009734134899e+01
2.311592274335609432e+01
7.271785845195260833e+00
2.140263829251317418e+01
7.824542977750724049e+00
5.008006526346383680e+01
1.046988923470117072e+01
-4.523261429619697083e+01
-1.922374967451161609e+01
3.440264911067828280e+00
-1.632381840483985513e+01
3.543528967933508511e+01
-7.816360035811158014e+00
9.426930131830921766e+00
2.958699829252920210e+01
-4.191184611207512489e+01
8.391016646434871973e+01
1.163410362828192035e+01
1.337896562999969774e+01
2.029918713450462064e+01
4.191015968475085174e+00
-2.471567291928522536e-01
1.963877945903706745e+01
-2.077553382182836117e+01
4.656472690755528276e+01
4.117894943885355019e+01
-2.337446516177189437e+01
9.022269300682978610e+00
3.925777755600324781e+01
-1.154517887163359546e+01
9.795328966507213408e+00
2.113539510963145318e+01
2.275674986076217010e+01
-4.283940027668742800e+01
-5.765797905709860061e+00
-1.719139745213272619e+01
-1.743294627859938828e+00
-4.445583687181777321e+00
1.002020767268163581e+00
-7.022555397736198302e+00
-1.782365427085755982e+01
7.411960120890967119e+00
3.866210077783762245e+00
2.976465628733757995e+01
-2.456048588634075713e+01
2.447648643357808851e+01
2.649408392952229008e+01
-6.986698004765258929e+00
4.568362461444968403e+01
-3.817944361641886530e+01
-5.782585692985876591e+01
-4.836028432572550884e+00
-4.459220803122491361e+00
-6.615357379125725856e-01
4.483505933490740603e+01
-2.734359439942757319e+00
2.401984024996107792e+01
3.013908237073985674e+01
2.096167810309322022e+01
-6.419890439042490016e+00
3.342182815858012646e+01
-8.922132072981185047e+00
-1.988757816237301768e+01
-2.295162902984270659e+01
6.053247710554543914e+00
1.982071410842644354e+01
-7.599150190989689690e-01
1.951446537027635486e+01
3.070303241883607370e-01
3.396964379764766306e+01
9.709465095947663826e+00
5.053670206354070160e+00
-2.105645969698741737e+00
1.804904019628161649e+01
2.106107527328208562e+01
9.645082109064134102e+00
-1.002369569517554737e+00
-3.081955468459282343e+01
1.632066060912481475e+01
1.066477922977622939e+01
1.990504084002301965e+01
1.579795492265358803e+01
2.025147468951421104e+01
-4.842634825769806639e+00
1.746587927455374256e+01
-1.506060654287580292e+01
-3.989098988565729087e-01
-3.035808104050425982e+01
-1.722969762333536892e+01
2.253695957594673160e+01
-5.047969157735876422e+01
1.486165169641625994e+01
8.877423231226430289e+00
4.653326920892035901e+01
-1.059845198762063490e+01
1.867015445893314407e+01
-5.592881139487190012e+00
-2.713132695006601836e+01
-3.806686392367117833e+01
-6.563982420067603130e+00
-4.953680544317419532e+01
6.578607678537252923e+00
-1.114809405831713818e+01
1.728831422412079633e+01
1.318917166184019152e+01
-1.599660556308356263e+01
-1.638733471819159604e+01
2.293601523447945567e+01
-3.442525376926683833e+01
-6.846222888177408095e+00
-1.058858477640149687e+01
1.529649568724900632e+01
5.309898580951539770e-01
1.518757347589826168e+00
-1.056074061082884441e+01
3.068123239628013721e+01
-3.104243435794387551e+01
3.835476043684934666e+00
3.372480391333391481e+01
-2.059165696380382826e+01
1.734360028329490433e+00
-1.566111631412354654e-01
-3.646635023150534494e+01
-2.241156083259033949e+01
-2.779652603333294891e+00
1.580623953110932689e+01
1.847657034440095458e+01
3.432314750692000871e+00
-5.389582199948392827e+00
9.967931026622380841e+00
-2.380104103813118854e+01
-1.102895083838461687e+00
-2.904548901774654723e+01
-1.562483238821106113e+01
2.722671586377802555e+01
-1.598183815197700142e+01
3.799680571832314513e+01
-1.345066979173881805e+01
1.834717260397955840e+01
1.414614044656863712e+01
-3.548728267335395969e+01
-1.406879685990573137e+01
4.882648084362614327e+00
-2.337388756901245301e+01
-2.110005162322005390e+01
-4.888731850292538184e+01
-3.027544683631464295e+01
-2.859375337551898610e+01
-2.459480133626632892e+01
4.672317645072467940e-01
1.020986843707363789e+01
3.835864010768702315e+00
1.362676361993589680e+01
-3.178107237964718479e+01
8.533351054218428544e+00
1.510472817982275728e+01
-3.769799391084052331e+01
-3.480312781989246673e+01
-2.361035960264223377e+01
-1.522633635010456032e+01
9.102651700961530423e+00
-7.377877183013765716e-01
-2.356669835319429751e+01
1.677116561771833858e+01
-1.333997399346502277e+01
2.810876660701839569e+01
-4.978081238423723676e+01
3.540504207452924845e+01
-5.051190034647760285e+00
-2.244745911929371118e+01
-1.401603322123843043e+01
1.045863138491391453e+00
2.503875058878616855e+01
-4.123780558136891017e+01
-6.611389083627145169e+00
-1.131672563432973533e+01
2.501732173639047119e+01
4.673234052112948689e+01
-5.559683818792723287e+01
5.200072899325726894e+01
2.324075531661733862e+01
-4.173985922181178410e+01
-1.787295353254705788e+01
4.429660714494536933e+01
3.321817859254878158e+01
-1.165083583689727220e+01
-3.280092147958043824e+00
8.014382304032395155e+00
4.173667218551639735e+01
-3.174999574739861430e+01
7.105564948280203907e+00
-4.660529993870895282e+00
1.526984015047969478e+01
-4.058758371854281677e+01
-1.856757053136860236e+00
-1.700202220231829742e+01
2.670156509528129618e+01
2.352296901732036360e+01
-4.882687229484878344e+01
-2.672295124008952882e+01
-1.206838590625540064e+01
-2.378905220723790848e+01
-6.524497133563869511e+00
-1.136261129727409980e+01
2.513820730738717657e+01
2.349024650344435372e+01
-1.196821442823562620e+00
-2.565134763272557450e+01
-4.756229965860165976e+01
2.658517795129318984e+01
-2.745059184500006211e+01
-2.033686958997995475e+01
3.319276970454005493e+00
-2.008415872668783209e+01
-2.185722218871705991e+01
-1.601711737051137163e+01
-2.678294109463780615e+01
-1.448899550906746114e+01
-2.903266076869525136e+01
3.127783590339023334e+01
3.432741138704780326e+01
-3.693894250976939020e+00
-1.226914463508956032e+01
-2.376861059815382760e-01
2.542014563197403731e+01
-4.805227128412548154e+01
-1.112496717226693477e+01
2.751257751532409657e+01
3.964540616826548103e+01
-9.362205828230770521e+00
5.542738501283281494e+00
3.066765333183599296e+01
9.276207881696407753e+00
-5.571635862465882383e-01
-2.486500951603255771e+01
1.128795127350474559e+01
-1.939170029154414010e+01
-5.874355120014797649e+00
-1.085685920449978425e+01
-9.199483933592830454e+00
1.267677044575498257e+01
4.422203410626186582e+01
-1.355396218374664841e+00
1.910595382401425013e+00
-5.091153022062408695e+01
-1.059627755082561862e+01
-2.011468334516393952e+01
-1.087484939326373024e-01
-2.623530705368932558e+01
4.770546791841854883e+01
4.538833564230935735e+01
7.851721878156126877e+00
-1.104992568056505320e+01
9.294256855399666506e+00
1.154000559552098082e+01
-2.667214709313725507e+01
-4.712313953862519611e+00
1.059876992232057091e+01
7.451236872545067058e+00
3.081215076181308632e+01
2.261738833336559651e+01
-1.184380268027720717e+01
1.454992608877874716e+01
-5.545977078887304401e+01
-6.874807384712937619e-01
4.879230647179889502e+01
6.687027539124130726e+00
-1.168755830167015120e+00
1.709386639784293038e+01
-1.601371655668998528e+01
5.029135264893598389e+01
-9.304836296232465997e+00
4.499653960355320237e+01
2.190449404928236987e+01
-2.266822849902700909e+01
1.810499820992755815e+01
-1.710664366886207688e+01
-4.045223453941559910e+01
-3.611536508229534093e+00
-3.116370450439507067e+01
-2.941451762377596424e+01
-2.753858290535390552e+00
2.022221418609262855e+01
-5.439956647859403915e+00
-1.751968827931500527e+01
5.020994652262146474e+00
-3.873567801617895157e+01
-3.932824534003895423e+00
-4.645373978904751766e+01
2.734898077112222836e+01
-6.652376656629286344e-01
-2.795384653057573132e+01
-9.304787540121594702e+00
1.036521083037212065e+01
-1.980188452276787814e+01
-2.555366270739747847e+01
5.280220596709432357e+01
-1.356547082036937013e+01
-2.254771697639296235e+01
1.530832118014890852e+01
-9.902611594194112854e+00
3.063331610531129812e+01
-2.552360109897392704e+00
3.891369625497603124e+00
6.054412816529099928e+01
-6.975088980008536055e+00
-2.053983126091173972e+01
-2.412965058834811316e+01
-2.851972629623224975e+01
-1.917689125855656584e+01
1.520027168439492016e+01
1.520998492466435437e+01
1.250292980135967014e+01
4.119981207504935128e+01
1.851865626282034327e+00
1.172407645195048076e+01
-3.563678691989534286e+01
1.503662017530757566e+00
-1.044791572885128517e+01
-1.495239503855236762e+01
-1.945938788746786940e+00
1.890366644756912251e+01
2.142997093844229539e+01
-3.851330972924245089e-01
6.826221494820288171e+00
1.547613849099177052e+01
1.957295894791494106e+01
-1.371323962509279681e+01
-7.079043227680813288e+00
3.879452513514962675e-01
-1.296104268091971790e+01
-2.835031704271244735e+00
-2.012243490480568653e+01
4.452842036972134565e+01
3.607578511701655088e+01
-9.149529886791242461e+00
8.986338020671468030e+00
-2.601537631363322944e+00
-1.682368875873416414e+01
2.002717423306947353e+01
-5.349573754361756528e+00
2.243486935360951406e+01
-2.939462717728543595e+01
1.008757840396481242e+01
-5.571025747980627330e+00
-3.024822199042296234e+01
-1.369870480888562270e+01
1.500777589295579162e+01
-5.130044828546034807e+01
2.415204465723121530e+01
2.619766226827701416e+01
-5.600828985996647802e+00
-3.366442274321329364e+00
-1.779822162083007697e+00
1.403923665889976746e+01
-1.835642834116043787e+01
2.027827241377586631e+01
1.713809729196043463e+01
-5.525152154021714068e+01
-1.989710243942903389e+01
1.335192650681820581e+01
-4.787044019260093819e+00
2.440002936737405292e+01
-3.581510471794655359e+01
-3.007652907503484130e+00
-2.352569540954702276e+01
-7.228659524036898176e+01
4.322564835903295943e+01
-3.281813123300247526e+01
-3.439744951477837276e+01
5.014141548401049420e+00
7.289835185502064974e+01
6.557197514551660333e-01
-1.580168791216144086e+01
-1.753694477642909533e+00
-3.067274135907211985e+00
-4.817057543542331643e+01
-3.442754236589289007e+01
4.606681505821075717e+01
-5.761791997354919204e+00
-2.119128024223178386e+01
2.775109533651493621e+01
-2.015613391788649622e+01
2.074965745561274844e+01
2.993168916541485203e+01
-3.210099880441671871e+01
-1.578408409430466008e+01
-1.953605799939356302e+01
-1.006181591319585777e+01
-9.910061001412067583e+00
-5.858908330748704429e+00
8.046525202667737631e+00
-1.919786243996438202e+01
1.596206088534940193e+01
3.257959449522295614e+01
-5.077452610751638673e+00
-1.145055295321193967e+01
8.189866020331180607e+00
3.147876140998459960e+01
2.933859670361295002e+01
5.484082335721552681e+00
-3.124911099072761544e+00
-4.894842156584431336e+00
-2.855111386008380236e+01
2.163333195139743736e+01
-1.256033691962855414e+01
1.118964367873167021e+01
-7.858341542837820271e+00
1.517873600082759822e+01
1.028287074395105805e+01
-4.526731939982593644e+01
-1.497880482641369326e+01
-4.417806164890485832e+01
-2.006083135929327455e+01
2.981507930823127595e+00
-9.678653730070919892e+00
1.835887657003074480e+01
-1.686639739245408975e+01
2.079736953214855077e+00
6.030473747525775252e+00
3.978669392940423677e+01
2.017625551136059414e+01
-1.698075345239136169e+01
-6.864804723166741951e-01
6.833561851784537566e+00
2.155597313047739050e+01
2.008326592132050337e-01
3.068801555792555291e+01
1.265295298226735099e+01
5.088101600251945911e+01
1.077712142526181083e+00
3.681218876479658775e+01
-1.517295758547291484e+01
-2.118827831344225388e+01
2.479786119224343111e+00
5.259890826689854748e+00
1.505704796292445735e+01
-7.969782460554938552e+00
-7.679146452617146679e+00
1.456222049265995722e+01
-2.723419480975204010e+01
-3.097882280940191890e+01
4.450893491030163318e+01
-3.347863093230898812e+00
-2.196636991720217225e+01
-2.263307604220507585e+00
-7.557031497142645549e+00
2.387628482134256558e+01
1.859596151774960049e+01
-1.134106673403334753e+01
4.735030349576163644e-01
-1.486493938770252043e+01
-1.982033886567592162e+01
-1.502389817677618566e+01
-5.429504988847048708e+01
4.736675672776868851e-02
-3.617916268569339877e+01
-3.128246689491813726e+01
-2.093563955270110455e+01
1.076028847750188788e+01
-2.049124593416792095e+01
1.298033374989859823e+01
-3.440064274099859176e+01
5.925015638545687580e-01
-2.326448591164476198e+01
4.808366033065254896e+00
6.306955671425875209e+00
1.875240474230491827e+01
-1.178929007184669331e+01
-8.977141933432562837e+00
1.659718306033342117e+01
3.329401705079865792e+01
1.844723145987509838e+01
4.657106327978112859e+00
-4.029880899300533770e+01
-9.545153017640274129e+00
-1.773400299536547209e+01
-3.394489745352382215e+01
2.271217457856471356e+01
-2.037932533519960998e+01
-1.860940606461468860e+00
-1.575139805831290118e+01
-5.601920965398554131e+01
2.906272955511084888e+01
-9.881680368861964325e+00
2.275762106057442224e+01
-4.011006024128590752e+01
3.785614706782905614e+01
2.074122633362634360e+00
-1.616847138973834674e+01
4.832664674130626281e+00
-1.169209958957148388e+01
-3.681665738542804434e+01
8.135278785336296892e+00
2.001559372038431661e+01
9.788828420624895443e-01
-2.035647749663837658e+01
-9.191772211276315829e+00
9.865459346821324971e+00
1.793828564263515091e+01
3.540228943546850360e+01
1.329478613589986935e+01
-1.304918732270687087e+01
5.360599805317546895e+01
1.346827941607530477e+01
2.385324318521332998e+01
-1.024981882919462350e+01
1.572327378034123058e+01
1.101346907590372837e+01
-3.483057306000060294e+01
-1.158564220658175259e+01
-2.296947697542089273e+01
-2.072941279353717903e+01
-6.788136768927813591e+00
-7.771114362094579064e+00
-2.369976211050618531e+01
-6.225369336553146127e+01
-1.622641230280582647e+01
7.015342975004216441e+00
5.107095155200852332e+00
7.805819091115083097e+00
2.604004187710276597e+01
7.875481481989073274e+00
1.824996880278536082e+01
-2.339586690939131586e+01
2.567118671253899720e+01
-2.553100388719090574e+01
-4.038827059249547347e+01
1.232155323673566727e+01
-2.424211215536459463e+01
-2.205362674956023739e+01
-8.905532544665680916e+01
-6.498638327775005052e+00
4.581301724458592162e+01
2.382131454998025788e+01
-5.754820002887868213e+00
-7.736847655513372501e+00
2.121048844527382471e+01
3.735626442406567094e+01
-2.338039381532156824e+01
-6.052822008993246072e+00
-1.911515307381441175e+01
-1.971429695927452030e+01
-1.727647999306623205e+01
7.109322019022297212e+00
3.973802352555850348e+01
-3.663039602180751331e+01
-3.151086078678366675e+01
1.848860439128173994e+00
-5.984048357777737692e+00
-7.509991503120918566e+00
-5.066291956017965958e+01
3.531722895046624444e+01
1.345774324843773684e+01
5.266673237421752418e+00
2.721000100752281980e+01
-1.842523127814929751e+01
1.739235779757620293e+01
1.562725987765659852e+01
2.047995008158494556e+00
-3.420668885030835327e+00
4.970263080956680568e+00
-8.875090269569835044e+00
2.848518755564302296e+01
-2.250732474242363423e+01
2.420505991991771566e+01
5.419839156813054615e+00
8.110879170701366547e+00
1.276501448075356393e+01
-4.884809497819941271e+01
4.728051604184713597e+00
-3.764055125947189140e+01
-2.752279476340029518e+01
-2.751713756223399798e+01
-2.804206020236748031e+01
2.973353375023748413e-01
9.416231467381663833e+00
2.797714977209865594e+01
4.860215551851521099e+00
8.076921623525599614e+00
-3.944124820932967168e+01
-1.433115644558191093e+01
1.912654162391993395e+01
-1.122624834267703875e+00
-3.632386891800365447e-02
-4.997571065318595629e+00
1.967615843155344635e+01
-5.127668402369948808e+01
6.329948977712660962e+00
1.139868053755236588e+01
2.428676890760343099e+01
2.077707107112718887e+01
-3.178763493456688138e+01
6.340400834257025053e+00
3.280106936922763339e+00
2.666841351530308657e+00
3.331973277064690819e+00
-1.059455950385424217e+01
-1.983182658167730494e+01
1.062344986833966232e+01
3.377637572154202417e+01
-2.797361201322246416e+00
6.504508870323860492e+00
9.534784141743699593e+00
-1.443298928929604585e+01
-1.527211931839269710e+01
-6.704061345397063576e+01
-2.074341810702945565e+01
-3.067008139056312643e+01
-3.761969338314372635e+00
-3.790841657570985035e+01
4.216650510554737252e+01
-1.758512677141919767e+01
-3.010965145017232203e+01
-8.687912786581352975e+01
3.732633731053940096e+01
7.495515061592072925e+00
3.413467415658089976e+00
-3.519143953834773697e+01
4.956828772051437682e+00
-1.117255815073616532e+01
-1.839731747674573370e+01
6.548034592320515657e+00
1.894970225590611790e+01
4.108094671807464238e+00
-1.192983084244065140e+01
-1.219336689858323552e-01
1.554843609148548467e+00
8.812739838285210681e+00
-3.568675994408295793e+01
4.051142491411508928e+01
-2.406225344785272569e+01
-1.679674914164164079e+01
-2.748288543267113937e+01
-5.839461904003676551e+01
5.045101967374122864e+00
-2.940630353068289082e+01
-1.069965790833370534e+01
1.831382590298784407e+01
-1.452143312527152830e+01
-1.963528338925073058e+00
-6.602225744716179179e+00
-1.128731271866774932e+01
1.778566127781381567e+00
3.045181076117228258e+01
-2.823709231282951748e+01
5.585247648357827188e+01
-1.270738933944957694e+01
1.876740058074537387e+01
-7.713878650463776410e+00
6.392763584457476611e+00
-6.103603055820457257e+00
2.462922261747115726e+01
3.440660882747101823e+01
1.075082774535322727e+01
2.585997992324244876e+01
-1.996743869150762407e+01
-3.706635727318968065e+00
-1.252141564369009075e+01
3.849611144838829091e+01
3.231762894296252853e+01
2.441426627103828650e+01
-8.632334231928325607e+00
-1.561239174257082141e+01
1.396226798678488024e+01
-1.576099753261530623e+01
-6.977121767957669363e+00
-3.242297673197029440e+00
-1.657165543953554732e+01
2.787707771316760841e+01
-4.630017044625361677e+00
2.128145383472921282e+01
1.096498136373124055e+01
9.688264628033238068e+00
-1.855561617453538759e+01
1.486466893865383554e+01
-1.024518029352756798e+01
-6.596044130289271834e+00
-1.750624610519111002e+00
-2.699320587194648624e+01
4.183345959687943605e+01
-1.494007237400678001e+01
-1.783318140260917062e+00
1.248268220611667090e+01
1.078525863597636203e+01
4.158590509533917867e+01
-9.672158551365157564e+00
4.226342029718477988e+01
3.792384878925294345e+01
-5.255134501346634579e+01
2.854538625322192047e+00
-1.040483969522171037e+01
8.774873511278201477e+00
3.327898523176358481e+00
1.114603169882673228e+01
3.495294222539624229e+01
5.475921980714142734e+01
-4.213423117563326059e+01
4.241813338295810354e+01
-5.490473598797505872e+01
-4.556057727571554494e+01
-8.098433387220438817e+00
5.005097757623389043e-02
4.086837414474078400e+01
2.006258382863160250e+01
-6.767255163460930589e+00
-5.002495207790647669e+01
3.958059085833954782e+01
-2.343420533996140875e+01
1.013870369844028119e+00
-3.990596951093202449e+00
7.063414776007599016e+01
-1.420854012581705206e+01
-5.986447474611969710e+01
1.756703250851268194e+01
-9.123282936422830858e+01
6.464958067590615087e+00
-2.046666112903503176e+01
-1.032218556238694518e+01
-1.521577347544568681e+01
-3.278717975790135597e+01
2.145543304726496103e+01
-2.130640496461422373e+01
-6.577767560904135280e+00
-4.423323690918121542e+01
-2.453612922487593551e+00
-2.931996341821465535e+01
-4.183836681667355606e+01
-6.371535130550262238e+01
5.149411481893878317e+00
-1.995982321155855743e+01
3.501835138870546871e+00
-7.901849103587949230e+00
-4.557259147817705980e+01
-3.644422198471319518e+01
-3.059083858049575610e+01
-3.178607370557134004e+01
2.988697275203938375e+01
2.880944031665265470e+00
-2.793714663913721097e+01
-1.217547996059073512e+01
-1.377663424872096698e+01
2.256489836977987551e+01
-1.742822728790260101e+01
-4.298699297690827592e+00
-1.573906219820722185e+01
-2.005550215068726061e+01
-2.268765373116704609e+01
2.072944474131811887e+01
-8.704220825356287605e+00
-5.191496458041962114e+01
4.323838390497994055e+01
2.470306951922055916e+01
1.481607067954683998e+00
-4.380268675886429719e+01
-4.200403990663755849e+01
3.876496660903967495e+00
4.065462989448462849e-01
-1.777222254540345148e+01
-2.568725334647526637e+01
1.761892513496974289e+01
-3.107597665085762628e+00
1.477937023728890154e+01
2.748436259721643182e+01
1.782737486913225666e+01
1.790726091293167599e+01
1.340934459588841143e+01
-1.172415474887245068e+01
-8.362039570754674855e+00
-1.217843244800494062e+01
-2.060688610895613238e+01
-2.400763025799994921e+01
-3.574776900558950388e+01
-2.089794346273706793e+01
-5.722998098255402510e+00
-4.313139623964457314e+01
-8.015473356224447343e+00
2.048012526193411986e+01
-4.431866117134001115e+01
1.672736775853881852e+01
1.507980532775644633e+01
-4.035714933852551667e+01
-3.184282376401955617e+01
-9.646372605544556222e+00
9.857769161337827768e+00
-2.211253733221292350e+01
4.062648839162505965e+01
3.605705102768129677e+01
-4.340688163774422037e+01
2.511365607752634332e+01
1.953070587621206755e+01
4.925854982616698408e+00
1.216925210379488931e+01
-2.405076159447580153e+01
-7.348020058389607811e+00
4.664293251884373603e+00
1.081011082163718129e+01
2.377542148414567436e+01
-2.882179767232816303e+01
-3.387631101394447342e+00
8.421697218212656821e+00
3.013245862985002077e+00
-1.674772718862860188e+01
1.227372896421631765e+01
-1.436299950060443109e+01
-1.153572047584324878e+01
6.461974173632825114e-01
-3.422152431766568270e+01
1.654535063334222400e+00
-9.477182753031740958e+00
-7.784954561899127157e+00
4.747130621986997312e+00
-3.054005945188626470e+01
3.337311967448962946e+01
-1.418416012291717720e+01
-7.502423347762533012e+01
-4.802817875418250537e+01
2.082477592812904277e+01
-2.276503400220997264e+01
-1.059351263203819826e+01
-1.477224901607157648e+01
-1.033316996029189738e+01
-5.673402801813821839e+01
-3.549617821648041627e+00
-3.506460360122719067e+01
-1.939871889235405433e+01
1.194578966251881980e+01
4.429153260815652970e+01
1.590962965647744198e+00
-5.517349239276541084e-01
3.353378667991034945e+01
-3.121084528429189220e+01
1.798199018310790365e+01
4.274614682545418987e+00
-2.683969706646462328e+01
-1.435442706524361256e+01
1.254432670726049537e+01
3.631070354307723846e-01
6.853098098557456552e+00
5.815375004981746088e+00
-1.333447894790236887e+01
-1.826623009443130741e+01
-2.815001433753172932e+01
2.776425606506731469e+01
-3.633946274221545281e+01
-2.699120841498952927e+01
7.016728731976769495e+00
-4.899382690178710220e+01
1.268919129068484608e+01
3.610234979412928169e+01
-4.092167299147384085e+00
6.553396899944218035e+00
-1.622943057676593526e+01
-1.239357637926542566e+01
5.866698841442257617e+00
2.142349993650689299e+01
-2.186967865217521378e+01
1.521528893016373729e+01
-5.977373736176360808e+00
1.740544637839605002e+00
1.305992900489260933e+01
8.397708281544538522e+00
-7.246961945806994265e+00
1.336621269899751496e-01
1.079967914555169273e+01
1.611111900953261511e+01
-4.045402898435307293e+01
1.825302423806192564e+00
2.902784309402962748e+01
-5.202388189709773769e+01
1.712420256815420316e+01
-6.571700253541172287e+01
-6.065320910103782381e+00
-8.352669333527657614e+00
-2.927225380093659624e+00
-6.851191369255928976e+00
-1.417243571228343058e+01
-5.366011028006141714e+00
6.743186224069603441e+00
-1.502225168998139537e+01
6.796054959549323371e+00
4.936162663752742219e+01
-3.413758196849497040e+01
-1.488463824127168778e+01
2.242532716405159476e+01
1.351870331757103827e+01
2.463241313392407505e+01
1.187986292527022769e+01
1.187867598545161485e+01
-9.050259334039736814e+00
-2.762540417996312669e+01
-2.545501412083558535e+01
-1.520852488783318535e+01
2.617021951689565640e+00
-2.376894434357217278e+01
-7.866113615227895650e+00
4.101853995804361830e+00
1.339793890420668276e+01
-5.746779892132167333e+00
3.357448056691134752e+01
-3.257377887231888280e+01
-2.203834981905913537e+00
-1.741876816150652374e+00
1.549468380245473043e+01
-2.210638155553822060e+01
-1.399287594501490162e+01
1.056702069600402893e+01
2.529112000500882118e+01
4.201999604198289262e+01
1.796634037472256296e+01
2.353317826866171458e+01
-1.570752455886878352e+01
3.542257550128624644e+01
3.715245007911207153e+01
-1.429618883110379102e+00
1.920166174589760999e+01
2.119857274604326847e+01
-1.321187390552115914e+01
4.770549584522655095e+00
3.410468631010576246e+01
-1.355719660634201773e+01
-5.137105100800113178e+00
-3.386672091548008012e+01
1.335341288669519599e+01
-7.202589401463271201e+00
1.107790018769094331e+01
3.286682609858118553e+00
-2.236497895353699050e+01
2.559151605971237586e+01
2.251601633935376867e+01
-1.509838781876777603e+01
1.069948066898399475e+01
-3.427633099656839022e+01
-2.981394570014134615e+01
1.389379845570260841e+01
-3.824982330027876287e+01
-1.726137113863126160e+01
2.903823771820441380e+00
4.640275099107163470e+01
-1.427924021408600197e+01
-6.874197092840546475e+00
-1.010622131941843804e+01
6.290696680083371461e+01
7.848197445120405291e+00
-2.416839951762280236e+01
3.974158292952370175e+01
3.518397624580442340e+01
1.762153724864367632e+01
4.215383967447934310e+01
4.819936657056680929e+01
-4.191555656355831161e+00
-1.554125051751786657e+01
-1.626333269514839230e+01
1.618615990670528504e+01
2.105299627933860052e+01
-3.851355586599680692e+00
-1.296608557043259680e+01
-3.423824174842867762e+01
-1.415727785976612552e+01
-2.532044391785592552e+01
1.689321921127138637e+01
9.579229249279819669e+00
3.573147232968631215e+01
4.177935671057156242e+00
-1.321468160269557757e+01
-4.749674620869701158e+00
2.213166969909207893e+01
7.012806213991439108e+00
3.053147622993520827e+01
3.123804845571498845e+01
-6.758849809869758474e+00
-6.038775056622334603e+00
-5.629985907741269102e+01
2.836276956553309248e+01
-6.855532198258629251e-01
3.036420752519312316e+01
-1.214381141938829956e+01
-3.497245183561735615e+01
1.180747228264307580e+01
4.080614728602446917e+01
-1.465909678381999015e+01
3.700444382452059244e+01
-4.075075937567407891e+01
-1.290602529137126453e+01
-4.551321736412023711e+01
1.066812539419703398e+01
4.522656274707344437e+00
3.029057829997356066e+00
-3.478254692933046499e+01
5.068098358968092043e+01
3.031581187754323992e+01
4.921629567148727347e+00
-2.885732702417882933e+01
1.212108940723214801e+01
-1.303072798332718207e+01
-6.931578212512874870e+00
-1.339310754618838928e+01
1.025084400804253804e+01
-8.080580915674943299e+00
-1.126401548391638130e+01
1.164360911025710266e+01
1.447822284648618307e+01
-4.788477376711688294e+01
1.109695441395172111e+01
3.770798084286961682e+01
2.245876838628899463e+01
-5.858141326300183138e+00
8.510822828862956158e-01
-1.960598637611849426e+01
3.239681412162360630e+01
8.673827150463097269e+00
-2.331267638084028704e+00
-4.158375681597192397e+00
5.966133848972040710e+01
-1.788590249506000873e+00
1.362676540157170280e+01
4.164815899850651704e+01
5.365871114656751217e+01
3.465715000357243980e+01
2.261596969902930709e+01
-3.703708110997277458e+01
-2.526028592385398497e+01
1.919756712986480807e+01
3.871796673609395611e+00
1.763027963686894850e+01
8.854549288872021862e+00
3.425811821503631904e+01
-4.313410599901644105e+01
-2.716504381057393402e+01
-6.412472518328911519e+00
-4.761867505967364167e+01
1.063387981009903172e+01
2.451436584373134053e+01
3.785552906455734501e+00
-1.234593722617881895e+01
1.290875724106055600e+01
7.685236340720734916e+01
1.716991088025059753e+01
8.772981626838600278e+00
-2.612482549790095732e+01
-3.332182231960609897e+01
-8.159466480891538254e+00
1.837540393457894083e+01
-3.317086291977318524e+00
1.320787807492759924e+01
1.940542660579365020e+01
-3.174888748559951068e+01
1.451757089602125461e+01
2.454709182109178300e+01
3.135165113754158028e+01
-3.664184658341923750e+00
2.594449296522384429e+00
-5.561131871078842437e+00
-2.684358429605657648e+01
-3.856399944693345105e+01
4.412473903005914622e+01
-4.308819357378183668e+00
-3.070177558870830126e+01
3.016631773984912002e+00
-1.438049105433286456e+01
5.038806385321223047e+01
-1.293918420905760058e+01
-1.990470604267142107e+01
1.931523791923203248e+01
-9.122322830891434364e+00
2.472170774140863614e+01
7.318125042764904720e-01
5.394500927048383687e+01
2.927762102711321290e+01
2.218396496971056564e+00
-2.066469345931749046e+01
1.525373677195969435e+01
-2.991909265729250933e+01
-4.838223709541082940e+00
3.400823474471805241e+01
-1.551987268148599242e+01
-2.489866396937617310e+01
-1.344136817193262345e+01
2.775746405761321967e+01
7.004604408215435285e+00
-4.599587944692709129e+01
1.846423451947191552e+01
5.181057324582326373e+00
5.129701735964530940e+00
-2.792571337492478278e+01
1.620625725584375232e+00
1.874451419772113070e+01
2.658160602264324268e+01
3.656964138459430558e+01
1.604030143847374035e+01
2.185822441045758069e+00
-3.000165809043744503e+01
-2.594141680397032701e+01
-3.831179904440914186e+01
-7.296209646092563617e+00
1.761007529014912620e+01
-1.374451080713626538e+00
2.847387447059969645e+01
-1.815301931072684738e+01
9.105821869026954118e+00
-9.664865558448312299e+00
-1.658406069375972791e+01
3.394339326472551477e+01
3.913489623062503142e+00
3.492638859344344837e+01
2.663338292682567499e+00
1.236347107738336959e+01
-9.945769870810011071e+00
3.371598754433952649e+01
-9.228207426310149231e+00
3.442046501114184309e-01
-4.336723593610361149e+01
-5.321465755064878067e+00
3.969406957221144694e+01
3.550741324239797336e+01
1.493742432638795492e+01
-9.205033617116939126e+00
3.077962351779774508e+00
-1.163772008796871660e+01
-7.694531482441419712e+00
5.133782590663933831e+01
2.776087779423562552e+00
-1.457713155294544549e+01
-6.021803965274854420e+01
-2.640103312397945956e+01
-2.134449056724506022e+01
-3.563975936844587977e+01
-3.229510675552893417e+01
-3.845837951465128413e+01
-2.552347315684726681e+01
-1.767886298514019927e+01
-2.747447054122604015e+01
2.607918750796526908e+01
-1.156878005219425631e+01
-4.915281734423848548e+01
2.237216476745504679e+01
-1.694401146817479997e+01
-4.515099903852376428e+01
5.403355888716528455e+01
-1.447707881662648433e+01
9.540867237543324109e+00
2.229770249370375268e+01
4.999915465261977943e+00
1.480855844150261191e+01
1.789956040505657597e+00
1.080403780075815945e-01
-8.257064283688194450e+00
-4.199317269816657472e+01
6.629635551752102174e+00
-6.939007204624454062e+01
3.951285781953848186e+01
-2.372383006622337120e+01
-9.845206072166973854e+00
-1.014699732008381261e+01
8.370466617779140250e+00
-9.524833036741114256e+00
1.506031711527174366e+01
-3.080608107110600713e+01
1.996954759977253957e+01
2.405561000530944327e+01
5.842803480974964714e+00
6.377370201367142499e+00
1.204775548120916540e+01
5.077628634481953895e+00
1.541181421576095545e+01
-4.435843577800497428e+00
-3.920119277641174449e+01
5.345006717394653606e+00
-1.386491386183149643e+01
-3.021557955594175837e+00
3.084358153945782988e+01
-4.484476572285578300e+01
7.958362502355100787e-01
1.169398064604195042e+00
5.114330285099299545e+00
1.750178659141573689e+01
-6.802110765658742508e+00
4.640619273822920832e+01
2.458566139350726587e+01
-8.584044489795189747e+00
-4.221915468182999120e+00
2.113699222485308837e+00
4.301920805620716237e+01
-2.958283063163059978e+01
-5.758324229386545312e+01
1.722015333782107405e+01
-6.841043446177138776e+00
-9.354165313236734391e+00
9.252761042280170045e+00
4.252588355682155452e+01
2.482774685098812029e+01
-8.974207485080171409e+00
-2.943705537291214114e+01
-4.784508723644009365e+00
1.582002539601617741e+01
-8.571058641119549293e+00
-4.179637377593883230e+01
-3.420381717634398910e+00
-5.345920136874497075e+01
-2.845009995999814123e+01
4.606999596615696646e+01
-2.923654007648021036e+01
-3.835314434998110755e+01
-2.894494488071916294e+01
-2.074634531791937775e+01
2.031893686125582121e+01
4.735146752398748760e+01
-3.726784431491836358e+00
1.454404886360127591e+01
-1.193643173121678558e+01
-3.908999621965556770e+01
2.643580849446652081e+01
-2.655983189048316717e+01
1.468995394315001590e+01
1.797833341033630461e+01
-5.992502136138654123e+00
2.126001087353131425e+01
2.319523842501865118e+01
6.395159220753572527e+01
-6.695524411257963493e+00
-2.917878234857840880e+01
-3.544828816577290809e+01
-9.652493815267931154e+00
-1.890923737682174988e+01
5.331843123977051846e+01
-2.475045085692002544e+01
6.497316761205489399e+00
2.751403318808456788e+00
-1.241625964161016071e+01
-4.791988257907172510e+01
-3.540453592088994128e+00
5.563460624808263333e+01
9.796795501273891205e+00
4.236665364877467255e+00
-3.261068128367408292e+01
-3.244519151898282416e+01
-7.937374488382616278e+00
2.595880514413317997e+01
-1.435405101901247349e+01
5.805840735453034540e+01
-2.733874553148257291e+01
1.060548263255078894e+01
-7.751200465139845619e+00
-3.662755994325084430e+01
2.445077765087461330e+00
-2.897407275949205996e+01
-4.173138341328245815e+01
6.262074233768828435e+00
1.073095643397891763e+00
2.951394586921958307e+01
1.334418090714731875e+01
-1.898760918813646370e+01
1.216371407231235935e+01
-4.942775924792006492e+01
-2.703710075694203852e+01
5.041254567643002105e+01
4.660015529116009247e+00
-5.981741924227264917e+00
-1.681412387892819993e+01
-2.465783939009952519e+00
-5.583573408556048889e+00
5.032109566257901179e+01
2.353010982897554015e+01
-6.672076573609274419e+00
-1.980649313865455952e+00
-2.221598738036517062e+01
-8.861603652770327244e+00
-3.558232033554457985e+01
2.791179530960187805e+01
3.941455629854829112e+00
5.820625651945647405e+00
1.012694411476086032e+01
-4.523433101487039920e+00
-1.161612202266589478e+01
3.058798081024951543e+00
-6.113603029377370035e+01
-8.768216006681086583e+00
-5.795482555428804972e+00
-4.368792100444224502e+00
2.722854714011825195e+01
3.673821172988746042e+01
9.770360610311456639e+00
-5.378406916310060382e+01
3.515075350513109242e+01
-1.210406060733123468e+01
-2.115101614048120382e+01
-4.926645552034769793e+01
-1.700528897322018906e+01
3.509407192733751657e+01
1.726131952140553949e+01
5.697215757194214802e+00
1.902854117427835945e+01
-3.295600059503982493e+01
-2.629661342072847674e+01
3.187882224236415141e+01
2.198085542679996252e+01
2.714385710575839994e+01
2.786299293226619511e+00
4.785453945057525971e+00
3.079406398650931465e+01
5.455017962653894870e+01
-1.179022541168031069e+01
2.176239663592377838e+01
-1.462236672295762219e+01
-2.476364017039648502e+01
-1.958697906537275912e+01
-1.967332249369778197e+01
-8.177943288175299585e+00
-2.686809379909368545e+01
-1.106557626690616303e+01
-7.665650519142114661e+01
1.915983575632645852e+01
1.251977008387151002e+01
-2.676697282004191436e+00
-2.192962362042015911e+01
-1.044686202498522221e+01
-3.101542651391150685e+01
5.551901351002101137e+00
4.549851909989715182e+01
-1.245149030878752683e+01
-9.540067365824910439e+00
1.185111511456517519e+01
-2.884119100974431049e+01
4.779680964878232885e+01
8.298554523835605323e+00
7.855029746099319254e+00
2.793742242500269413e+01
-1.416167033132182951e+00
3.159603658949509963e+01
1.067073611863179394e+01
-2.224412379121389449e+00
4.633700064101361704e+00
-3.587183880532819558e+00
3.736828393959638106e+01
4.854183267285208103e+00
1.024873865125314865e+01
-6.550817361260385496e+00
7.919487389767496666e+00
-5.204388231537410547e+01
-1.985635482557256637e+01
-2.751007353592677873e+01
2.675790524811219484e+01
-1.805057819139369713e+01
-3.385828270438122445e+01
3.264132098371135271e+01
-6.866943557669586085e+00
2.285338083787485175e+01
-5.079527110483536489e+01
1.047706228043666776e+01
2.927764881816074194e+00
3.456430105475931214e+00
-6.562674645221818537e+00
-4.107557908023636628e+00
2.860051998945426277e+01
1.023448434649736782e+00
-2.861291448498616319e+01
-1.056824751528836259e+01
1.241170960052885164e+01
-6.481597931334322027e+01
-4.957592330286612992e+01
7.269148430505083525e-01
7.915584557225180617e+00
-2.647448082607546382e+01
-1.075431772076484549e+00
5.922030895019810259e+01
1.576823709832552822e+01
-3.030662462154356263e+01
5.262890149772672999e+00
-5.224841509743924917e+00
7.043220914724166448e+00
-2.003988730923438766e+01
1.238746785769615855e+01
1.480924064738587731e+01
-3.895977510328037852e+00
6.277418697296485561e+01
-4.445380086938186537e+00
-1.776722991212739089e+01
1.340728315297013751e+01
2.414799351478495737e+01
-1.899473139310674696e+01
-1.023916923030203208e+00
5.504173066051045282e+01
-1.569287970615050654e+00
3.301269438356740693e+01
8.225137996313520716e+00
-3.926817866784048761e+00
-1.274972150584784458e+01
2.933434769231259054e+01
-3.141674654259208666e+01
-5.956237224012284059e-01
-1.022691776953394083e+01
-2.231279341368821889e+01
8.436566492515616744e+00
1.493026993574738448e+01
2.432765921881298254e+00
-2.335442970174881339e-01
-2.236723444920460224e+01
9.104240113492579667e+00
-1.842720369595838292e+00
-1.272351480511738941e+01
-1.132673471546917909e+01
9.278825853537796320e+00
-2.101614355233380138e+00
-2.124815878349176046e+01
-6.125754211993842091e+01
5.868301425332347776e+00
1.083980255571393059e+01
-2.723170408134564013e+01
-1.341144504607188992e+01
4.646866888320617761e+01
6.305004177444018865e+00
2.218104597946495460e+01
4.852466076683086271e+00
2.237355194797387981e+01
3.213930978270752803e+00
-2.189211133759800987e+01
-6.105210461386803900e+00
3.064422324436321787e+00
1.768393371921945345e+01
4.238096136327342833e+01
2.764423712649946197e+01
1.700743838930861784e+00
9.588116998336062125e+00
3.404514616851065512e+01
1.485076635993338812e+01
-3.896694092817560318e+01
-1.550483205560553301e+01
6.287543868440195638e+00
4.790652178836012354e+00
1.386601637879325466e+01
-2.911587428313319492e+01
3.956226687674899267e+00
2.430524356729911517e+01
2.689659769292947544e+01
-2.416495023020195276e+01
1.488508716045089386e-02
-1.265029905910722619e+00
-9.570673814914414379e+00
-1.596856927454076214e+01
-8.701394197181173240e+00
-4.943530911853663667e+00
5.686826410390892761e+00
2.378323816127861079e+01
-1.736532546873922911e+01
4.549947665410371656e+01
1.845140943872351613e+01
1.508695666828975845e+01
1.991759775525272858e+01
1.524375133612195654e+01
2.043530919036036053e+01
3.076252006640557113e+01
-2.560403212281018881e+01
3.501018460462721293e+01
-6.415792040668716822e+01
1.780139279469459623e+01
-6.011028249398037815e+01
4.691412060812302798e+01
4.238980205788899980e+01
-5.287201672863631075e+00
-2.708228048275134370e+01
-2.386649182237050582e+01
-3.095006793650276222e+01
-3.563958537606691834e+01
3.181675429861886073e+01
2.365400102611855004e+01
1.343957465796124495e+01
1.592747547796989238e+01
2.512469780320941481e+01
-2.203284891149161240e+01
-9.962756844822791891e+00
3.102431374952946186e+01
-7.345456273828219196e+00
3.001818052468144060e+01
4.189527105454804712e+01
-3.241336998993453733e+00
-4.118618569514393357e+01
2.807184512130447729e+00
-1.439434437889596907e+00
-5.734830360817511519e+00
5.308339175596188397e-02
-3.665745146414252531e+01
-7.065686991014757723e+00
4.990756502753155743e+00
7.486811960845813019e+00
2.748296740406961192e+01
-2.401112435424710156e+01
3.133616479641364094e+01
-2.244408890069803419e+01
1.443616503085075919e+01
2.271010737643368316e+01
