---------------------
  #    meV     cm^-1
---------------------
  0    3.3      26.6
  1    7.0      56.8
  2    8.1      65.4
  3   15.4     124.1
  4   16.6     133.9
  5   26.1     210.5
  6   39.6     319.2
  7   50.0     403.5
  8   73.9     596.3
  9   99.8     805.1
 10  114.2     921.3
 11  131.3    1058.7
 12  139.4    1124.1
 13  144.1    1162.2
 14  151.6    1222.7
 15  165.4    1334.4
 16  177.7    1433.0
 17  180.6    1456.8
 18  182.7    1473.8
 19  185.7    1497.7
 20  199.7    1611.0
 21  358.7    2893.3
 22  375.7    3030.3
 23  385.7    3110.6
 24  406.1    3275.7
 25  421.0    3395.2
 26  422.0    3403.5
---------------------
Zero-point energy: 2.241 eV
