[[-1.14355351e+00]
 [ 7.60537788e-01]
 [-3.34814604e-01]
 [ 6.85554082e-02]
 [ 4.12864446e-02]
 [-5.60063491e-02]
 [ 3.39753019e-02]
 [-9.34239161e-03]
 [-2.52076042e-03]
 [ 2.10573433e-03]
 [ 5.49692098e-03]
 [-1.54272601e-02]
 [ 2.02309864e-02]
 [-1.62595860e-02]
 [ 7.76494405e-03]
 [-1.66124831e-03]
 [ 2.40580128e-03]
 [-7.23153773e-03]
 [ 1.01784469e-02]
 [-9.67159489e-03]
 [ 7.13788083e-03]
 [-4.01781709e-03]
 [ 2.11408565e-03]
 [-2.17099275e-03]
 [ 2.10590784e-03]
 [ 4.18183853e-04]
 [-5.49787452e-03]
 [ 1.02419093e-02]
 [-1.17639649e-02]
 [ 1.03850292e-02]
 [-1.89558565e-01]
 [-8.67450106e-02]]