---------------------
  #    meV     cm^-1
---------------------
  0    9.7      78.4
  1   15.6     126.1
  2   16.1     129.9
  3   17.0     137.4
  4   20.5     165.2
  5   25.5     205.5
  6   26.7     215.1
  7   27.9     225.2
  8   39.8     320.8
  9   46.0     371.2
 10   54.4     438.9
 11   72.4     584.3
 12   74.4     599.8
 13   87.0     701.8
 14   94.2     760.0
 15  100.6     811.2
 16  138.8    1119.6
 17  141.8    1143.7
 18  161.8    1305.4
 19  181.4    1463.0
 20  198.0    1597.3
 21  200.9    1620.2
 22  369.5    2980.6
 23  415.0    3347.2
 24  428.9    3459.7
 25  443.1    3574.1
 26  464.9    3749.8
---------------------
Zero-point energy: 1.936 eV
