-3.521589729332653462e+01
-2.051395332159870577e+00
-7.265342356570890558e+00
2.443912731617326273e+01
-1.210143981534137936e+01
-9.366899588082077344e+00
-2.442185732061506087e+01
-5.110324329927632903e+01
-2.183574222798567632e+01
-2.300256491625412991e+01
-2.131380383741824858e+01
4.281953610057131598e+00
2.023281260945651638e+00
-1.055708641565871631e+00
1.762384449964997657e+00
2.692512609052982953e+01
-1.039266426213204397e+01
-7.361504304398437171e+00
1.193155238555266351e+01
-6.290273519942583391e+01
3.152896472736092903e+01
-1.354736645779792070e+01
-2.451780977034477615e+00
-5.692471309073269481e+00
-1.004232257699300135e+00
-2.202477969898524179e+00
4.879948349313545464e+01
-1.523310704357142242e+01
-4.094200680984613427e+00
-3.085619561187876059e+01
3.992807397694377869e+01
-4.451508735295718111e+00
-2.171803264882868234e+01
1.141540818428933335e+01
-2.086541191854337285e+00
1.320449143977126027e+01
-5.673842480086932483e-01
2.775977475862717370e+00
1.919874661139613181e+01
-5.554714715805735636e+01
3.094032921152032145e+01
8.245942833029758390e+00
-6.336831797259037558e+00
-1.776709946238055693e+01
7.015570154552051463e+00
-1.108286107376321183e+01
2.529568169648626963e+01
2.020888753587900055e+01
-1.305489156780703297e+01
-1.664880187984783788e+01
-1.757690829928407084e+01
-2.112218144076790338e+01
1.069814226578360206e+01
-2.752187403912910213e+01
8.419087198700708541e+00
3.514145782935037232e+01
4.050305478647446478e+01
1.887539791273870549e+01
8.455950947302113718e+00
1.759886946297496024e+01
5.171450776982260322e+01
8.781784480108456137e+00
-3.032438087171671270e+01
-6.136738650128165773e+00
-1.430208391236098464e+01
3.381045108670654997e+01
-4.004853063549285253e+01
-3.488365504652415439e+01
-1.773865634455640361e+01
-9.892603393692581903e+00
-2.279354935898280132e+01
1.596129188333497950e+01
5.295802794640849243e+00
7.944742915181905119e+00
-2.200555131792144437e+01
-1.927997126677840356e+01
-3.323432673128321824e+01
1.835521243480746989e+01
-1.905184032524446991e+01
1.718660712485375086e+01
-5.472283344140616457e+00
-1.515392702121948787e+01
-2.917836170903422044e+01
-8.665514156567354576e+00
-6.215941176877038288e+00
-7.004216076325548102e+00
2.272461840286742429e+01
4.253540483090051794e+01
-2.501650912801128612e+01
-4.366284517225880535e+01
-1.094963394251955435e+01
6.045989270856975395e+01
-3.296526149696678942e+01
1.822732041355806132e+01
-6.612998306538088400e+00
-3.394477061013284924e+01
1.403122645226875420e+01
1.989817463371753092e+01
-9.821925150000865301e+00
1.866370377147370618e+01
-1.367287225149186725e+01
-3.176082311766708699e+01
5.338585994616573771e+01
2.547784589291495649e+01
1.443353681253142895e+01
8.000533042708752873e+00
1.517854479890777952e+01
4.596150788116921149e+01
-1.499604425225798288e+01
3.393907843575696859e+00
-7.699625031776668038e+01
8.975983120839728713e+00
-3.772315618444103791e+01
7.896069421590965476e+00
1.241562570235049634e+01
-2.028613126464335892e+01
-2.884089886796917312e+01
1.257061765524724706e+00
-1.714125260816348373e+01
2.172330464332318911e+01
-2.826225702784822857e+01
-3.130329787856794610e+00
-2.048221213999941881e+01
-1.990342238952706566e+00
1.097068474270940897e+00
1.264433781230968634e+01
4.575072115086982194e-01
-2.944949023381127517e+00
3.620235173830965891e+01
5.129738560210029163e+01
2.770486752534601749e+01
4.009171860469484727e+01
-6.587192889165500276e+00
5.673162912554886361e+00
2.993613401018598097e+01
-5.580844851829596109e-01
-4.283394439724008862e+01
-2.294041329544564434e+01
-2.856496115145770887e+01
-1.560603312542568943e+01
1.615125100821592241e+01
-6.697558161680575495e+01
-9.441569155488338083e+00
2.498394099978403915e+01
-2.113753161962898730e+01
-1.762501104743898850e+01
3.358407460784320619e+01
2.511540356089648185e+01
-1.867503972157433623e+01
1.564625883236621462e+01
-1.431106573532478876e+01
1.926762381417298542e+01
1.912685814441715593e+00
7.489044618552355814e+00
-4.811904224832311172e+01
-2.669100541731218712e+01
-4.869354758032841346e+00
-9.103550757266125615e-01
-2.301812524237902835e+01
6.133673585523251859e+01
-9.853865346821635285e+00
-1.820490216718407339e+01
2.010626081582535107e+01
-2.593715782559345229e+01
-2.064279097918769423e+01
1.842103481725769143e+01
7.204477188127860643e+00
8.625649786303313249e+00
8.850775613137955133e+00
-6.239529831094273504e+00
9.006568564640389241e+00
3.290138488839078690e+01
-1.495053672705796544e+01
1.083008753700360671e+01
5.132380124819191280e+01
1.845287639106713584e+01
-4.264651539823319126e+00
-1.154165592055325362e+01
8.784239738862547142e+01
-1.204311886121523401e+01
2.114706052910992184e+01
1.459406810715304914e+01
1.664430133205402029e+01
4.991316342749894375e+01
2.705398049946887795e+01
-1.530375994630396974e+00
1.366217135217766554e+01
2.770851527631930367e+01
2.031735436650492943e+01
-3.283366059140792004e+01
5.318345269223107152e+01
-4.733733671628986883e+01
-6.972527679302110926e+00
3.108066244361498320e+01
8.406332233875531301e+00
4.249054475739853842e+00
1.600170238126447231e+01
1.264057813271622877e+01
1.941496519661589559e+01
-3.531634690659046782e+01
2.262107474277172514e+00
-1.499788212128532905e+01
-3.791418066556843769e+00
-2.506334646222796891e+00
-6.053229280454839767e+00
-3.245378024934751693e+00
4.725567254399712169e+01
-4.775345736716531064e+00
-1.467344557357017720e+01
-1.449675540862870093e+00
7.333345662157199740e+00
-3.363566921782893360e+01
-2.881165220559267937e+01
-2.045816972921610954e+01
-3.488817260197879477e+01
-9.038197301115413751e+00
-2.355877959757257045e+01
1.030225412810543162e+01
7.044352066216248431e-01
-7.053516392127761492e+00
-4.665136586661105866e+00
3.246769599474646384e+00
-8.322604463648843875e+00
3.838590463043580314e+01
-4.875967431224520965e+01
-8.541359643469018437e+00
-7.633774286466728398e+00
8.991312666813740861e+00
1.268795815067801414e+01
-2.650975820248368109e+01
-8.604529337575939962e+00
2.420634418617367345e+01
-1.133650001530472551e+01
8.951641385487590696e+00
1.922447795908477985e+01
-1.650092387037830122e+00
6.286803282566972939e+01
-7.920100671469242570e+00
-1.786168116402228634e+01
1.809894781794980645e+00
-1.383826132910070328e+01
3.077112525836082568e+01
-2.384398397338925690e+01
6.840435914081638202e+00
3.198957137769605197e+01
-7.132022185111651424e+00
6.661269052002921853e+01
7.211453623757859077e+01
-3.739078422054774364e+01
3.320035621372974788e+01
1.221917502603167804e+01
-3.134059470945958026e+01
9.382381274140939809e+00
2.363249281380966238e+01
2.416577190075744852e+01
1.311381900553925561e+00
9.534308209696462200e+00
4.186181025315403303e+01
-1.321752443723552517e+01
8.013666440710437655e+00
4.041040422076048344e+01
-2.081541262874507936e+01
-1.117650943336434466e+01
3.148471867769305277e+01
1.615228029919152419e+01
4.261752225174490150e+01
1.692817973532530118e+01
6.096205444644056115e+00
1.499567875646224024e+01
2.275536201833430994e+01
-3.009041608302801762e+01
3.826493847858387198e+00
1.387000334673603774e+01
6.524583025119341073e+00
1.330313673571599509e+01
-3.442767414081884425e+01
1.801897579947745953e+01
-2.403599011420141096e+01
-1.872983961122742613e+01
1.198492881883983330e+01
-6.563815053959856982e+00
3.253490977591624755e+01
-9.449857973193303451e+00
1.690737610910179001e+01
1.822396881210192987e+01
4.370911218436069134e+01
3.066649747528783365e+01
2.741542606038741781e+01
-1.911758742381323373e+00
-4.696610855355629610e+00
-1.796728537316369056e+01
4.488373477328900663e+01
4.467493535754113054e+01
2.194400983161049368e+01
-1.412727486543332134e+01
2.799544891301937355e+01
-2.919279917681961933e+00
1.005928447884080867e+01
3.713601621553982568e+01
-6.758165387740717733e-01
-4.455299393717638168e+00
-1.136508291999359699e+01
-3.284939485559510786e+01
5.371901905576117997e+01
2.841004039704193929e+01
-3.357190412421172709e+01
-9.245085584242787036e+00
1.480067264671706440e+01
-5.617056348462043047e+00
3.565891975927932833e+01
7.083334833409566045e+00
4.495323697651139128e+01
1.947799425958980635e+01
-1.282340466641903731e+01
1.129643145236678947e+01
-3.524588037318864053e+00
-1.547702809349215158e+01
8.858977001398443463e+00
8.480300150637276602e+00
5.279619210490427861e+01
4.437962138821806946e+01
3.120201220071277248e+01
3.757603512740979568e+01
4.871954943437117436e+00
-1.461807030540171581e+01
8.056230466623219399e+00
-1.881587196645925175e+01
-3.018049452386416931e+01
-3.135125057597775822e+01
-1.757771777182662731e+01
-6.126011149200661521e+01
-1.964305241907092636e+01
-4.880276986594461164e+01
1.320313505295994538e+01
-2.609680437344786341e+01
2.620744762944383410e+01
-5.572513160632428963e+01
-1.678954273101298611e+01
2.418340743164284845e+01
1.181394270235149691e+01
-5.002312329731144303e+01
3.191474155741354934e+01
-1.456688270731550006e+01
3.032265795008873965e+01
-1.309556338765764849e+01
-4.416711174873768186e+01
8.079927612250187963e+00
-3.667129298334879195e+01
-4.226833291362737555e+00
-1.668219421444334216e+00
2.304721106761235205e+01
7.103536085951276391e+01
-2.433468851468623484e+01
-1.972008815789442338e+01
-2.357615672889721736e+00
-6.426008371169444899e+00
-4.552497217377845118e+01
-3.141457603074138660e+01
2.698913713840121886e+01
-1.198782401317757262e+01
1.139236553176036182e+01
-2.767147610511423750e+01
-9.236698000125187491e+00
-2.338883742950258693e+01
2.907514780621032457e+01
5.397696781122078846e+00
-1.257705118770888930e+01
-9.561858707837416205e+00
6.686353438034181806e+00
-4.608792177331821449e+00
2.428057307342785975e+01
-1.452581847161877704e+01
5.575246522739291777e+00
1.998658269926131936e+01
7.744973499254626859e+00
-1.195704766566367994e+01
8.671278190638133765e+01
3.311645460122304740e+01
2.399543798931361493e+00
5.772290260772251713e+00
-3.528884710731145447e+01
1.895267640317803171e+01
-4.307544924788507501e+01
-1.638936177938634842e+01
-3.102555908196009682e+01
-1.115830611228764724e+01
3.202312390960156563e+01
-3.196383082066162729e+01
1.347796377166871196e+01
-2.153467510706320809e+00
1.182117214604488709e+00
-2.022490920041971663e+01
-2.502314802892340140e+01
-3.143659173761648162e+00
-2.019212964620442818e+01
-1.117428092361035397e+01
-2.328355890846245302e+01
-5.239427747695341253e+00
-1.956821625188935343e+01
-2.831636430711415642e+01
1.179497821511113642e+01
-8.108647686368698260e+00
1.380185243617125934e+01
4.803740409882742313e+00
-4.294255912541179043e+01
-2.961666287680196064e+01
-2.572778734668722223e+01
1.828452102950336666e+01
-1.371903037925591207e+00
-3.496795296977686007e+01
3.322507672189205152e+01
-2.207454938033051661e+01
3.220175484581010039e+01
-1.782452821821946287e+01
-2.724584739170438752e+01
1.338458814448182466e+01
-3.832478549347177221e+01
-1.942250688988650609e+01
3.496765388864832858e+01
1.063342357110747116e+01
-2.473018605514079127e+01
3.058854218529589986e+01
-1.023542309038634812e+01
-2.142517789878684198e+01
-1.715731595211207150e+01
-2.826111222135307344e+01
1.562756050229052107e+01
-5.073556475945201782e+01
-4.469478299980866609e+01
-5.727908841790963379e+00
-1.699384275764535346e+01
-3.334320278433781937e+01
4.146189644011548125e+01
7.570166896707503668e+01
-1.553456465420553911e+01
-2.028341671867309515e+00
-3.419952805633406001e+01
3.700515582932615644e+01
1.148977184783578309e+01
-1.347923542892198157e+01
-2.057827794630483709e+01
8.325877425178056512e+00
-3.275604449742908741e+01
-9.961268624894785262e+00
-4.908771220534165991e+01
2.054500473490338663e+01
6.249652233287122272e+00
-9.821591552461654828e-01
-5.832236422398693776e+00
-2.254793997892943480e+01
-6.182121949009683703e+00
7.402446193511443084e+01
-1.037343997223280212e+01
-2.710198739924356914e+01
-3.944752444454444174e+01
7.863851287614352259e+00
-2.115920293775555550e+01
6.116666236327098716e+00
1.710928037683041225e+01
4.320232157674951168e+00
1.765519677892673300e+01
8.520532215620249872e+00
3.308359319832464962e+01
1.490018953648923627e+01
-1.974780378665080605e+01
2.705459079475461692e+01
1.971602994646198681e+01
6.989314814569340228e+00
2.393720710264506124e+01
-1.600137787745883600e+01
4.164904996136760928e+01
1.328264185302329992e+01
-1.790526854741764851e+01
-3.312339487976062813e+00
-1.018333456155559702e+01
1.156729509777343878e+01
-1.319477479648943330e+01
-4.432950243639623977e+00
-7.222876502982273905e+00
4.574498462728843151e+01
3.119613280624596996e+01
-3.670054505254454824e+01
-4.558151386255872239e+00
-2.983350917971938543e+01
-8.219260853668458822e+00
-1.332796693850173853e+01
4.825588487114487179e+00
-5.860542671247959134e-01
-1.620911402613927521e+01
9.573799971180648072e+00
-4.652681716866702288e+00
-5.304762578026476660e+00
4.867874306110482507e+01
8.164418053397646702e+00
-4.661821126969781659e+01
-2.243264537213622134e+01
5.410709472940123987e+01
1.538703780268934906e+01
-5.379957092461381762e+00
6.032503789102581493e+01
-9.135680479402481069e+00
-5.171306784653012301e+00
-4.556432617085533821e+00
8.721792915667720081e+00
1.759122357853929941e+01
2.480389547885856416e+00
1.636644135230591246e+01
-7.250092057962049807e+00
-1.982893553980514412e+01
-2.351303933168961180e+01
-2.708239084764875315e+01
2.328229389719976439e+01
7.328646418078932356e+00
2.152623441253693670e+01
7.860516942552550290e+00
5.039849393294628044e+01
1.052737570037105286e+01
-4.553136447304422063e+01
-1.935368470755225445e+01
3.484615045707997183e+00
-1.644134122265386111e+01
3.565283199735475250e+01
-7.839037216710721623e+00
9.496919318754692085e+00
2.975334820016132653e+01
-4.215027866862232031e+01
8.446123964809271456e+01
1.170907118333806807e+01
1.346849965154410711e+01
2.040857998597323331e+01
4.200914384980990235e+00
-2.751575089313291755e-01
1.979413359153070928e+01
-2.089465407380376405e+01
4.683497491454509998e+01
4.141631132225994349e+01
-2.350236100357537339e+01
9.056623796526366732e+00
3.949452942550303192e+01
-1.161929516436251220e+01
9.847388327241930028e+00
2.130474740443014525e+01
2.291354869195501465e+01
-4.309159470209135634e+01
-5.819298268915247263e+00
-1.731097084831354493e+01
-1.727134107470078561e+00
-4.464913266803467451e+00
9.510441159416700430e-01
-7.085372814648962958e+00
-1.790264312240378786e+01
7.425439139194708105e+00
3.898728222412529476e+00
2.993991643014786064e+01
-2.469625527326284953e+01
2.458132010976794390e+01
2.665912600288235978e+01
-7.061452991651719913e+00
4.599519002527460998e+01
-3.842874595204182242e+01
-5.819832609019930914e+01
-4.868892492310230580e+00
-4.485081045590163740e+00
-6.613969024269295005e-01
4.511319595510608593e+01
-2.771093607083663812e+00
2.416888866263641944e+01
3.029167377558054852e+01
2.110589801545972932e+01
-6.480694699016339655e+00
3.367055238514177518e+01
-8.987660739001668730e+00
-1.998503941705615716e+01
-2.311451809443138927e+01
6.079421456718748118e+00
1.996095077813822627e+01
-7.704283711205164309e-01
1.966586468694094947e+01
2.874724371886827612e-01
3.421983368771162759e+01
9.793479243686533664e+00
5.095419222774395962e+00
-2.146876813518304061e+00
1.817826567839141205e+01
2.119259537392929360e+01
9.728780386082775067e+00
-1.009856515912929353e+00
-3.100511623133678896e+01
1.641706488386958540e+01
1.072485143053012280e+01
2.004885907758688290e+01
1.588692155770725378e+01
2.038771084435079217e+01
-4.897394226789927529e+00
1.752439235353773483e+01
-1.514829095756999777e+01
-3.845348974992930380e-01
-3.057461076686453794e+01
-1.734063661085224339e+01
2.267060719766229937e+01
-5.081139078766420880e+01
1.498313692823072074e+01
8.929902297731587169e+00
4.680796783412219497e+01
-1.072060034043184373e+01
1.877401981304551271e+01
-5.641229853334664313e+00
-2.730248427984430037e+01
-3.835466363424461633e+01
-6.582011713559133170e+00
-4.982606248196245957e+01
6.657605187913532063e+00
-1.119222335703348747e+01
1.738261338629973807e+01
1.326796598606443922e+01
-1.607123835857993299e+01
-1.644472212484322426e+01
2.309759645472047040e+01
-3.463579181163336074e+01
-6.867565667296872789e+00
-1.065820131147124528e+01
1.537445745016197307e+01
4.813848265993101450e-01
1.537063905188190915e+00
-1.064580664251211317e+01
3.088926830662953193e+01
-3.119647184476298207e+01
3.836980662954772470e+00
3.391624317201990380e+01
-2.069735354489650092e+01
1.726580570638049039e+00
-1.912740818148108701e-01
-3.670560258833089051e+01
-2.258589351409534629e+01
-2.825227208355931552e+00
1.590127551824511443e+01
1.859448527124050088e+01
3.450494156217615682e+00
-5.430690396445015722e+00
1.005080630804428665e+01
-2.399195483319610389e+01
-1.078390785269959906e+00
-2.921380586996804141e+01
-1.573657746588017403e+01
2.737665953465648272e+01
-1.607559441984960813e+01
3.820910423339796580e+01
-1.352239399762416383e+01
1.846418241023086182e+01
1.424060016002103168e+01
-3.572509240294829169e+01
-1.417060456501602062e+01
4.914598113275900459e+00
-2.351031585049099704e+01
-2.123519120300032625e+01
-4.919960872795866180e+01
-3.046396954304441351e+01
-2.877731760726049970e+01
-2.475116517135401750e+01
4.783002794335260432e-01
1.025893620736482603e+01
3.814999030217279596e+00
1.370244584998826731e+01
-3.198159489513118103e+01
8.569057131916395065e+00
1.515482832842224070e+01
-3.793968237505911389e+01
-3.503376966437349438e+01
-2.377288519615274254e+01
-1.527633487855905514e+01
9.169565273704733954e+00
-7.324117330755370858e-01
-2.373319289409335653e+01
1.689397703055573174e+01
-1.342621965095771941e+01
2.828825758291958437e+01
-5.010495344847083743e+01
3.561463598587786805e+01
-5.063779513916873753e+00
-2.255928356959081782e+01
-1.412755779508374587e+01
1.054793698698915705e+00
2.517332719418435616e+01
-4.150236853168442508e+01
-6.666443156859969577e+00
-1.139423842289024691e+01
2.519817165533301306e+01
4.703742926852408601e+01
-5.593208692836742557e+01
5.235318505334510064e+01
2.342677396397381528e+01
-4.201196361247081512e+01
-1.799093764055180600e+01
4.457612420812259302e+01
3.346162454894442817e+01
-1.168977291239389160e+01
-3.298426507102533378e+00
8.038953248531086615e+00
4.198200089731005846e+01
-3.192604404518094441e+01
7.152301598723312281e+00
-4.693326442790379360e+00
1.538732022798706112e+01
-4.084564510570893958e+01
-1.868754456135782505e+00
-1.713402135266162674e+01
2.686612746240392369e+01
2.369563334045653846e+01
-4.911783152707960198e+01
-2.688811284998921280e+01
-1.215856255452757750e+01
-2.392507048200311459e+01
-6.563962705147432075e+00
-1.146471375021232575e+01
2.531708529748203773e+01
2.365394634632920656e+01
-1.222644146562799961e+00
-2.581856931590151305e+01
-4.784896704742840257e+01
2.674136737545950382e+01
-2.765037684027831233e+01
-2.043148547612813104e+01
3.342489478169106576e+00
-2.019082695262649452e+01
-2.199536768292841771e+01
-1.608847372362111372e+01
-2.690228961431233756e+01
-1.459441354546489222e+01
-2.922781039965666139e+01
3.149545220716978733e+01
3.455678443474962336e+01
-3.695650811049517870e+00
-1.234787484958792447e+01
-2.463346647987805227e-01
2.556546631753082011e+01
-4.836249717722448338e+01
-1.117207472861153406e+01
2.772206768380340236e+01
3.984674267116895408e+01
-9.461673683199535390e+00
5.561995055633701668e+00
3.084605577122667341e+01
9.337491540558744418e+00
-6.042683317791386344e-01
-2.501730124534515198e+01
1.135611650948845863e+01
-1.950814546390526516e+01
-5.939326231580849935e+00
-1.092575843408101832e+01
-9.270524912336611578e+00
1.275012880975009466e+01
4.450029112321793434e+01
-1.342852855460463957e+00
1.945631787363083731e+00
-5.121578273537517134e+01
-1.063915280297612753e+01
-2.025684756817281595e+01
-7.468747854076696058e-02
-2.640230417561909348e+01
4.798201004432152672e+01
4.567228173603916730e+01
7.907324259056338178e+00
-1.108325683194246380e+01
9.341928415193578417e+00
1.163558639980961118e+01
-2.684075889239420576e+01
-4.728550310773982801e+00
1.061677417462016138e+01
7.506334076674335165e+00
3.100202296883979614e+01
2.276888767046230555e+01
-1.190743573366793839e+01
1.466888713074985162e+01
-5.579899123081067103e+01
-7.043509896245581103e-01
4.910665642453835744e+01
6.713958706494281614e+00
-1.149809328437925160e+00
1.718320479607550055e+01
-1.613155184606594972e+01
5.062636952530840517e+01
-9.338182855738921262e+00
4.530404487516463519e+01
2.204938753083222025e+01
-2.277898709123309118e+01
1.821794747041340656e+01
-1.724579523484749188e+01
-4.070799020372186305e+01
-3.623509364272280209e+00
-3.137278725140269842e+01
-2.959929701806140656e+01
-2.800915467041136253e+00
2.031335310015765572e+01
-5.450897399503389806e+00
-1.766577226224819697e+01
5.046101508975965544e+00
-3.901264073071718030e+01
-3.971584625830779203e+00
-4.674659392675903291e+01
2.753552215378185508e+01
-6.756255366012311470e-01
-2.810962102700145238e+01
-9.365940099662608986e+00
1.043748596123742800e+01
-1.989711245770128301e+01
-2.572125335155512005e+01
5.310434798100909859e+01
-1.363218609468427189e+01
-2.275210003464530928e+01
1.538023174165457618e+01
-9.923784178360378405e+00
3.080021581582358436e+01
-2.536717501899431682e+00
3.963264983075234227e+00
6.092491050344443693e+01
-7.043022450660942013e+00
-2.064994042000853369e+01
-2.422387680768110840e+01
-2.873617523431909149e+01
-1.928209471694702870e+01
1.528531829850061285e+01
1.528054403588555488e+01
1.257077283423970471e+01
4.147219714323773587e+01
1.867046242597126593e+00
1.176985523614527551e+01
-3.590059002972408564e+01
1.498480389887021147e+00
-1.053146298298275951e+01
-1.504684158217816048e+01
-1.906241068319502574e+00
1.901331712951147779e+01
2.156996527077961900e+01
-3.749039239041103144e-01
6.874534606666372838e+00
1.557523644416362174e+01
1.972953075144656054e+01
-1.381268285810639895e+01
-7.139141586559389907e+00
3.915105742071460782e-01
-1.304412710217047788e+01
-2.879806471086908459e+00
-2.021435088424965443e+01
4.480078881019150572e+01
3.631112981494572978e+01
-9.195521097857408677e+00
9.010418320475253040e+00
-2.610438952689717595e+00
-1.689507922756587277e+01
2.012973528268035039e+01
-5.392030533554418525e+00
2.257328768461798063e+01
-2.960645606044315414e+01
1.015857028040827004e+01
-5.616516983318490475e+00
-3.046875769280865143e+01
-1.381545064137401368e+01
1.511230167155935078e+01
-5.160198299514725306e+01
2.430038668890000508e+01
2.636045197478497926e+01
-5.642293115934261749e+00
-3.386857046263358484e+00
-1.791888620889551476e+00
1.412473198112382988e+01
-1.849184790086513885e+01
2.041732595221646562e+01
1.723437114132647707e+01
-5.567071721629213243e+01
-2.002576789006405988e+01
1.344102813573128330e+01
-4.801462639232767060e+00
2.450545795144762451e+01
-3.601592694626754110e+01
-3.010393534317472586e+00
-2.369682301249644141e+01
-7.273787672123062009e+01
4.350553565115642130e+01
-3.300936521009595026e+01
-3.459931726480292724e+01
5.049384645079939560e+00
7.333883081116164249e+01
6.495398347487082447e-01
-1.586022178913421499e+01
-1.759590291342647106e+00
-3.106249638764751353e+00
-4.849883302069287794e+01
-3.466050695648312541e+01
4.634276355020932670e+01
-5.782526539563690449e+00
-2.134610274258902507e+01
2.795849146506782290e+01
-2.030968380710113763e+01
2.088381420760731544e+01
3.014209488058072139e+01
-3.233377068037914626e+01
-1.586827324754935375e+01
-1.965453835273370942e+01
-1.012210193309482520e+01
-9.974393161742369784e+00
-5.849354053994716196e+00
8.092881191550702624e+00
-1.930787743253159761e+01
1.606270695769701717e+01
3.279781884681455040e+01
-5.130136425465757100e+00
-1.149990135873758845e+01
8.239391436802634416e+00
3.169207351494276281e+01
2.950747648577215898e+01
5.496866387422329581e+00
-3.113445321344329386e+00
-4.909302617999543372e+00
-2.871338107087645852e+01
2.174711909350044436e+01
-1.263587576046751337e+01
1.121792349984343673e+01
-7.937019724089850570e+00
1.529649995357468129e+01
1.034715077091257740e+01
-4.554897351334065547e+01
-1.510446241332681439e+01
-4.446399046284344081e+01
-2.017327608348131207e+01
3.006810915738235224e+00
-9.721259798239685779e+00
1.847228512315162163e+01
-1.697536402856636073e+01
2.084508192624440426e+00
6.074277924574687404e+00
4.006886024524828827e+01
2.028876949909071925e+01
-1.706845981199440132e+01
-6.838316244167259583e-01
6.858214527357148427e+00
2.168540935788232105e+01
2.126040149285017833e-01
3.088468510527292210e+01
1.272169982467664795e+01
5.122976768680047144e+01
1.098438568326557174e+00
3.706454118706675160e+01
-1.528406047314982175e+01
-2.133852153010847275e+01
2.528442848195481929e+00
5.251031494775190822e+00
1.518031456060052165e+01
-7.959655846322789330e+00
-7.752813123966994624e+00
1.467571434796245811e+01
-2.739801113112861231e+01
-3.115142171223438083e+01
4.478794208254146270e+01
-3.383735814213537196e+00
-2.212396983540978113e+01
-2.284910047957623647e+00
-7.624409459908861209e+00
2.399643923204865814e+01
1.872468119909848383e+01
-1.141411679725069916e+01
4.596538284503992600e-01
-1.496056112778123293e+01
-1.994890729122681705e+01
-1.513858245100038857e+01
-5.464792332722086599e+01
1.167265719445254035e-03
-3.641513926244232380e+01
-3.148018922490771843e+01
-2.109828631074003624e+01
1.082621725669895341e+01
-2.063508437628465231e+01
1.304068904882699087e+01
-3.459769711916391799e+01
5.773580438518592928e-01
-2.341707037699546845e+01
4.834968868884573112e+00
6.368267220137539653e+00
1.882894535493940680e+01
-1.186958290278121808e+01
-9.015214758093975433e+00
1.668122340199299813e+01
3.349590543042302215e+01
1.855444356176150222e+01
4.717156565085360853e+00
-4.054822933647127314e+01
-9.601529782371471811e+00
-1.787597799012166888e+01
-3.417240769784768872e+01
2.286831583367188614e+01
-2.050739931678600669e+01
-1.853055032187256757e+00
-1.584017083045532104e+01
-5.638438275699093083e+01
2.922414753077340777e+01
-9.931860125212381263e+00
2.291268700239174905e+01
-4.036292974121434440e+01
3.809471366313465523e+01
2.057660815650336872e+00
-1.627842802157786650e+01
4.854228857460356039e+00
-1.180720224873138591e+01
-3.707850700152002332e+01
8.181255261834181169e+00
2.008925832885255147e+01
1.009528622385232666e+00
-2.047461153963615743e+01
-9.233341699816776327e+00
9.889834944097486868e+00
1.804191259101452260e+01
3.563367885583542716e+01
1.339503019612499202e+01
-1.313435133295686796e+01
5.389981474420235941e+01
1.358317101231495627e+01
2.397301785389581852e+01
-1.032219376308034953e+01
1.582020757924527743e+01
1.104201379086492807e+01
-3.505022392324400471e+01
-1.166432140759326330e+01
-2.311024228344233578e+01
-2.082076811791110060e+01
-6.806425931405840402e+00
-7.849868903148035315e+00
-2.380431603424790410e+01
-6.264696191284708959e+01
-1.631498720414371917e+01
7.083486374629956117e+00
5.130409578772059831e+00
7.828933321538698920e+00
2.626231949998722826e+01
7.952644188469591313e+00
1.836536433168762983e+01
-2.353956750642372242e+01
2.585423718740639742e+01
-2.571118320266080559e+01
-4.068816496706870112e+01
1.238271141116638319e+01
-2.438377686351554985e+01
-2.219758521723024103e+01
-8.963333442518700167e+01
-6.544438439040398237e+00
4.610145059428259628e+01
2.397375852100459070e+01
-5.798499485579156953e+00
-7.790735919832201262e+00
2.130000437881318476e+01
3.758961115269727316e+01
-2.353573115400491389e+01
-6.086401737888309071e+00
-1.921219098679944182e+01
-1.987450105011021151e+01
-1.738213734778836539e+01
7.175927025162270212e+00
4.003174991403420790e+01
-3.685164382610670941e+01
-3.170470812470040300e+01
1.845086818560645270e+00
-6.001320760611633887e+00
-7.549516343976321764e+00
-5.101109084859427867e+01
3.551641486921869273e+01
1.358170062130801625e+01
5.279914784487822033e+00
2.738271486555392187e+01
-1.853268278425815652e+01
1.750217789685332548e+01
1.572113433773154156e+01
2.067908813722596051e+00
-3.437589218458295903e+00
4.995474212399294345e+00
-8.911858925965770339e+00
2.865531280429709682e+01
-2.267619974636986058e+01
2.434218261647524173e+01
5.439478582760216341e+00
8.136132723013133727e+00
1.288034974651407083e+01
-4.915078551858431410e+01
4.746223054300543254e+00
-3.786269609004099834e+01
-2.769635012761321136e+01
-2.770816553421735762e+01
-2.821243939723686367e+01
3.204801170711562008e-01
9.454202173203157145e+00
2.816189902674020118e+01
4.905314470709782881e+00
8.115545488361611604e+00
-3.970871178436499349e+01
-1.443493746985924986e+01
1.924001556759419884e+01
-1.118339499710167217e+00
-1.760336478309909580e-02
-5.008161194872684518e+00
1.981850492722402635e+01
-5.161689957926537886e+01
6.383899279677216043e+00
1.148920575909760089e+01
2.444798074261229814e+01
2.090867579261495734e+01
-3.200217718241412967e+01
6.337576772259239988e+00
3.295371345422793752e+00
2.657717663361438554e+00
3.332931675982479192e+00
-1.065081166343074415e+01
-1.992340617043714701e+01
1.068929785766830776e+01
3.401701643947637876e+01
-2.851316317452642579e+00
6.528255980930481428e+00
9.593557651239166262e+00
-1.448752849207248516e+01
-1.533728523078193007e+01
-6.743785083310268647e+01
-2.086665455776804379e+01
-3.081431083618993227e+01
-3.801485944162976693e+00
-3.813879991550868453e+01
4.245561670565322743e+01
-1.769610941252074099e+01
-3.029459940062949386e+01
-8.745743443682385987e+01
3.755384419182774991e+01
7.527264286206985844e+00
3.398760091384460225e+00
-3.541203312756468335e+01
4.977995166103767133e+00
-1.125006916372456089e+01
-1.851133150296621821e+01
6.609537829178574242e+00
1.907514299009912406e+01
4.138993792355989854e+00
-1.197882512722713955e+01
-1.589942748764769931e-01
1.558856336641241569e+00
8.926306860686850086e+00
-3.589281290484920817e+01
4.074290901185830904e+01
-2.423032526175171597e+01
-1.690883865035844735e+01
-2.761677158240968311e+01
-5.870885000036491164e+01
5.100781841254509175e+00
-2.955590265975800435e+01
-1.078862694699553515e+01
1.845376275065746086e+01
-1.459062791499925993e+01
-1.938313363876261519e+00
-6.623121312872243038e+00
-1.136839569355021240e+01
1.796455995657304072e+00
3.064333927609949626e+01
-2.842907420716498734e+01
5.617375594845668729e+01
-1.275947712755575481e+01
1.890830110874080106e+01
-7.736061070182763899e+00
6.441374234665559584e+00
-6.162994070323492224e+00
2.478340261363598529e+01
3.463290294573778283e+01
1.081105334842763455e+01
2.603773046449866513e+01
-2.012277465599179038e+01
-3.712755483898174447e+00
-1.261911984115005225e+01
3.876648483920473609e+01
3.254364825388353211e+01
2.459239082133370857e+01
-8.666031662962893733e+00
-1.571717470790090943e+01
1.404906038585663453e+01
-1.585169365142242270e+01
-7.016621610551226240e+00
-3.270144843343217644e+00
-1.663732966604712260e+01
2.807386900260928542e+01
-4.646790633160122752e+00
2.143866541510386980e+01
1.101258042657934944e+01
9.768080906727917068e+00
-1.868334377581605565e+01
1.499530254475878621e+01
-1.034544104414214871e+01
-6.650959803444976615e+00
-1.767216605850535416e+00
-2.718719148867762669e+01
4.211277000445653584e+01
-1.504726188959931399e+01
-1.787998646186593987e+00
1.253099584342182737e+01
1.084017612288610621e+01
4.182848191499282109e+01
-9.707217330759448259e+00
4.254715137162661165e+01
3.816179588025484293e+01
-5.289319186329504419e+01
2.872255100994472343e+00
-1.049578139903005081e+01
8.834940908077641097e+00
3.348930187498396549e+00
1.119565201117552533e+01
3.518724276081120195e+01
5.505861994799362691e+01
-4.241691734916244627e+01
4.271441038814839430e+01
-5.523621443966288780e+01
-4.580503852188442693e+01
-8.135346807729007423e+00
3.963796014642184673e-02
4.107903298459817165e+01
2.023054211172609484e+01
-6.822625093694227871e+00
-5.036419006806553966e+01
3.983177246269882943e+01
-2.356522756320015333e+01
9.843689161104407503e-01
-4.015131239018437270e+00
7.105415730661567864e+01
-1.431350770662334071e+01
-6.026160703154459952e+01
1.767291861843705192e+01
-9.180438460332999284e+01
6.498178508668999598e+00
-2.059168252610169247e+01
-1.038489402240123383e+01
-1.533546858797511447e+01
-3.299890318654240673e+01
2.161717272674361823e+01
-2.143955127056309351e+01
-6.590797891766555949e+00
-4.453370682991132412e+01
-2.468234159816120155e+00
-2.947790069188293671e+01
-4.211825370164325477e+01
-6.417125099935356047e+01
5.190038405240187558e+00
-2.006346123506813228e+01
3.475950135522680284e+00
-7.948855332528466988e+00
-4.585807265235644081e+01
-3.666065809594506675e+01
-3.077784697501152777e+01
-3.197041502559102355e+01
3.007202448430508923e+01
2.899379517431128761e+00
-2.811915737250980385e+01
-1.225088262025946051e+01
-1.386404160605617619e+01
2.269723016501888679e+01
-1.755786183782412735e+01
-4.355554217613949675e+00
-1.581183424317015351e+01
-2.018457198214404968e+01
-2.281862390638487170e+01
2.085331871332650167e+01
-8.782043112011137964e+00
-5.224285178699182097e+01
4.354711849228664278e+01
2.486493612049961754e+01
1.515176074066118872e+00
-4.406720079740449592e+01
-4.227626509491079787e+01
3.895104339018359951e+00
4.242450154532093620e-01
-1.783815975879474536e+01
-2.586874525249510270e+01
1.775211433928478755e+01
-3.125785079211311768e+00
1.484836743580757457e+01
2.768154264105999118e+01
1.794142000201730980e+01
1.805143605583712940e+01
1.349267080534848517e+01
-1.180691164260926485e+01
-8.408867169643869488e+00
-1.225471648841878647e+01
-2.073182141871831163e+01
-2.416375043993116378e+01
-3.598888894265022032e+01
-2.104826517494444005e+01
-5.772558094659004269e+00
-4.346375739817699468e+01
-8.033291657827760446e+00
2.058264482866552925e+01
-4.453403626320141484e+01
1.680173454738441308e+01
1.515408249430402066e+01
-4.063069917649266927e+01
-3.205524386658217395e+01
-9.679395619586998123e+00
9.946327565733383835e+00
-2.227461734406017513e+01
4.086665562990425826e+01
3.627685009217600509e+01
-4.368951160855579019e+01
2.532494923343330129e+01
1.967511728517789038e+01
4.960434907363975299e+00
1.228611381867249008e+01
-2.419885644303778349e+01
-7.373343764650698517e+00
4.672034590562702761e+00
1.087011772085925543e+01
2.393912111715587088e+01
-2.901216758420922304e+01
-3.354296764584205448e+00
8.479719558610426589e+00
3.007307875067652958e+00
-1.683844018067612325e+01
1.236251888869113458e+01
-1.447823454864226278e+01
-1.160392812487110348e+01
6.766095777294651725e-01
-3.444057409632483768e+01
1.696953303773774735e+00
-9.601415217859027962e+00
-7.821665779347114267e+00
4.712036029107423474e+00
-3.075570952030352601e+01
3.356363831718488200e+01
-1.428150591021505988e+01
-7.547523380024205153e+01
-4.834868578660774574e+01
2.096807490901309734e+01
-2.288530347317731639e+01
-1.064769609245138327e+01
-1.489020244179467056e+01
-1.037046775758760475e+01
-5.706552672604820486e+01
-3.616689444083533544e+00
-3.529901233890171852e+01
-1.949254422123436825e+01
1.206183556565122217e+01
4.455156463336379602e+01
1.583499096983700838e+00
-5.775612842406872005e-01
3.373487784097576991e+01
-3.135357057902122335e+01
1.812213445692714231e+01
4.332495598579598095e+00
-2.698594767224619773e+01
-1.440920449276464410e+01
1.262098472553248030e+01
3.465201453719544133e-01
6.867642572448016125e+00
5.867969285144340574e+00
-1.340418097471209080e+01
-1.837774242308387329e+01
-2.834042126539742412e+01
2.789963382502901368e+01
-3.655175427965232871e+01
-2.713985838310755128e+01
7.061119636135401834e+00
-4.931559455520098822e+01
1.274300089047488882e+01
3.633201369689925286e+01
-4.089480454588979796e+00
6.568776595609662650e+00
-1.630711248079427378e+01
-1.247295233330859787e+01
5.899695973430937102e+00
2.154655302109691206e+01
-2.201792934494375586e+01
1.533985708485762700e+01
-6.019800007354916715e+00
1.688641168012821936e+00
1.315356071455734366e+01
8.490620834500461456e+00
-7.286575000515540523e+00
1.384854744713379660e-01
1.089744813795090295e+01
1.620776284238104381e+01
-4.071902546768393449e+01
1.898687882780563996e+00
2.922620745584107738e+01
-5.240082042756495184e+01
1.721970071074967734e+01
-6.615510357349732828e+01
-6.089778212571255622e+00
-8.407536798308854031e+00
-2.979573620219298391e+00
-6.884423583181700224e+00
-1.426979098209017138e+01
-5.367466996827204184e+00
6.815948636661886439e+00
-1.507558324335942501e+01
6.834334511134571244e+00
4.966592725136780473e+01
-3.437860958653584476e+01
-1.498428952343635956e+01
2.257018432518682971e+01
1.364286805819943993e+01
2.477611519855061317e+01
1.192715802324001828e+01
1.200087589534470567e+01
-9.125445841519137957e+00
-2.781791944612832879e+01
-2.562454078831075321e+01
-1.525492472721845871e+01
2.600004507743960858e+00
-2.393461364515644618e+01
-7.927838121496463941e+00
4.140915318742344198e+00
1.347475357254563733e+01
-5.791676168314708661e+00
3.378535421553650053e+01
-3.271216074234973803e+01
-2.238182627715275430e+00
-1.747252236485291377e+00
1.557188011255011162e+01
-2.225255594455901331e+01
-1.409096042560523188e+01
1.066454181049634364e+01
2.548789970367400315e+01
4.225850252673699003e+01
1.810424519453940206e+01
2.366027079975549441e+01
-1.582307376066323101e+01
3.566370940733986572e+01
3.736786152348892642e+01
-1.477219850579274407e+00
1.937603339541399805e+01
2.134826807809096749e+01
-1.331451327089693848e+01
4.772016010892713211e+00
3.433706447055681110e+01
-1.367205204789752315e+01
-5.199708893764636741e+00
-3.407511051320327056e+01
1.346059312732572266e+01
-7.246171738157926256e+00
1.112005527047293185e+01
3.339138817213523680e+00
-2.250099683534255490e+01
2.575700210050138139e+01
2.267598634869909802e+01
-1.518977281206906582e+01
1.076581859729980550e+01
-3.450065022441572182e+01
-3.001307461173164981e+01
1.397847858993361569e+01
-3.848869724173601981e+01
-1.736836618125620646e+01
2.933197748053316900e+00
4.668209778417859468e+01
-1.437433206203942859e+01
-6.925383395667850550e+00
-1.014155692678895093e+01
6.330992594190541922e+01
7.874177492332606221e+00
-2.431427181428438189e+01
3.997537914290847993e+01
3.539982688338675842e+01
1.772398241100506766e+01
4.240245580158361349e+01
4.848030230264561169e+01
-4.247085823079668643e+00
-1.565448834872780992e+01
-1.639161614734985051e+01
1.628426413107850124e+01
2.119860098565555973e+01
-3.871282884450110373e+00
-1.303486837231369577e+01
-3.447110581325748058e+01
-1.426786526601796368e+01
-2.549938985526137003e+01
1.699687903552378998e+01
9.642738657636641619e+00
3.593554170817094473e+01
4.168943495308269576e+00
-1.330149371211922471e+01
-4.785553734090898459e+00
2.226680043058350833e+01
7.071787993024315710e+00
3.069864681249600835e+01
3.145390791569860767e+01
-6.829975601722225065e+00
-6.071002685321523984e+00
-5.660664052859550566e+01
2.855269428365193107e+01
-7.044878316339691082e-01
3.053276921486084916e+01
-1.219776701608145686e+01
-3.516602214508832702e+01
1.188741938520266928e+01
4.106287793799604913e+01
-1.475749873771705012e+01
3.726557160818259717e+01
-4.101895774161982899e+01
-1.297543329210435559e+01
-4.579828173059485152e+01
1.077395895273721749e+01
4.582347984772184191e+00
3.019104526284422718e+00
-3.502052530517715923e+01
5.100449776270534130e+01
3.052225068538291453e+01
4.979407196789509271e+00
-2.900271030735851241e+01
1.219040107465551159e+01
-1.315177944712834801e+01
-6.961792242334354341e+00
-1.346878892870961408e+01
1.032181007072030354e+01
-8.113010249086670456e+00
-1.132916358385048738e+01
1.169729880473147432e+01
1.456312605040876917e+01
-4.816192011468228884e+01
1.118517134111712608e+01
3.795108955571944875e+01
2.259799348406863828e+01
-5.891118681611579255e+00
8.704880550072502388e-01
-1.971643186351411714e+01
3.259893800172426381e+01
8.754754832000514853e+00
-2.356245040760654774e+00
-4.203590319114482554e+00
6.004619923904320444e+01
-1.758865082926917012e+00
1.372840523591918327e+01
4.190573976669138290e+01
5.399444215500108157e+01
3.489846729358646371e+01
2.277395486463035468e+01
-3.726249962952658734e+01
-2.542172446868454472e+01
1.932785393492528669e+01
3.876378417841493729e+00
1.774345997686469900e+01
8.924115013454596124e+00
3.445372725139100112e+01
-4.338960463858222028e+01
-2.733842302219545672e+01
-6.442567260487919611e+00
-4.791876229214315686e+01
1.068937976597774764e+01
2.462090099735857507e+01
3.868086947630843042e+00
-1.242723804067804849e+01
1.299634099935173026e+01
7.739038893873851066e+01
1.726896494370282653e+01
8.805757879094642249e+00
-2.631410343589962508e+01
-3.355890166688982390e+01
-8.200972181350856260e+00
1.847607995523182467e+01
-3.329709332391530552e+00
1.324888306377777525e+01
1.952707331886148268e+01
-3.196177714373945378e+01
1.458937259765440331e+01
2.478935495739364114e+01
3.158108567938876377e+01
-3.693093207707647707e+00
2.604367836444566819e+00
-5.621481072438683668e+00
-2.704593406841101455e+01
-3.880641542384648801e+01
4.443529389290550569e+01
-4.319569256470103369e+00
-3.089255897503801407e+01
3.027183643657394896e+00
-1.445713729531181002e+01
5.072899444103433098e+01
-1.302676974298583445e+01
-2.001770921267169001e+01
1.941094092475157140e+01
-9.158471062242171001e+00
2.487603911252537614e+01
6.996376238041079887e-01
5.432201608812320615e+01
2.944636826033682553e+01
2.198590339273643224e+00
-2.078372798537147048e+01
1.532115522485665338e+01
-3.009896857194299002e+01
-4.893849435641143941e+00
3.422250022756274745e+01
-1.561758011698228188e+01
-2.509242914838566207e+01
-1.353643086826812691e+01
2.795085162394872214e+01
7.076366956185538015e+00
-4.630359851737834731e+01
1.856115016613836133e+01
5.212696727074586533e+00
5.136559824027244758e+00
-2.812876479495355397e+01
1.597886525031213978e+00
1.887615363133227220e+01
2.676918471927554322e+01
3.678015947188477952e+01
1.611274013070511657e+01
2.207138358900976982e+00
-3.018509422494341266e+01
-2.611897818764427370e+01
-3.859542375757807520e+01
-7.316263989550407132e+00
1.770293726685537194e+01
-1.381904231629476953e+00
2.866996410854562782e+01
-1.826264148323349445e+01
9.189956173483892599e+00
-9.683630684637293484e+00
-1.667465213126645907e+01
3.415697823335605676e+01
3.961824438115257863e+00
3.512336855584459272e+01
2.652716197243137231e+00
1.245931974566650524e+01
-1.002741254252967451e+01
3.393871655514590202e+01
-9.255163046292139484e+00
3.366658997529832220e-01
-4.363933957999603308e+01
-5.376115631310995013e+00
3.996854509998371441e+01
3.574836038902245150e+01
1.503098307178402848e+01
-9.264992914033328475e+00
3.089609581855341958e+00
-1.170096983525819212e+01
-7.709189298165313176e+00
5.166903818558442651e+01
2.788875182734784630e+00
-1.464026076322917902e+01
-6.062499231258849619e+01
-2.661032421315722019e+01
-2.147454939049309530e+01
-3.587812016217532118e+01
-3.248427352147407987e+01
-3.869976317628933771e+01
-2.566992914349192745e+01
-1.782761932073066191e+01
-2.766100685656526537e+01
2.625558348871680536e+01
-1.168204239603164751e+01
-4.952595768897180051e+01
2.248672049938596729e+01
-1.704171246446829358e+01
-4.546813944986546119e+01
5.437063762920885779e+01
-1.455655517445905289e+01
9.630926803923557600e+00
2.245266564445279300e+01
4.999249049677416679e+00
1.490092067986924462e+01
1.813007197100901635e+00
1.091853473021107135e-01
-8.304350705742145067e+00
-4.223593489699248948e+01
6.651367319144448231e+00
-6.987554425573034678e+01
3.974498791007893317e+01
-2.386926301623054769e+01
-9.902250574786222614e+00
-1.022740145964559133e+01
8.369031935976222414e+00
-9.599498695942372706e+00
1.515808688681090644e+01
-3.098640304887139507e+01
2.010366643988973578e+01
2.417769153492032785e+01
5.905596595279604344e+00
6.411024139953241274e+00
1.212377133402429763e+01
5.079413645643541031e+00
1.551985556575931469e+01
-4.468171495657514924e+00
-3.939387898004375188e+01
5.378320830992180390e+00
-1.391307850480376374e+01
-3.027979522135865409e+00
3.100099801315764125e+01
-4.514153664176789960e+01
7.726878700302108882e-01
1.171660711159859147e+00
5.143756875445745891e+00
1.762724295386860263e+01
-6.859210955364886786e+00
4.673302086234576791e+01
2.480833479719727563e+01
-8.645853624899807244e+00
-4.271328083012718935e+00
2.101138442311281551e+00
4.331167581650686316e+01
-2.981502455863585510e+01
-5.797054546032529743e+01
1.734093091954008514e+01
-6.863197405564349651e+00
-9.392704706223980793e+00
9.318130645232344023e+00
4.280548845152068793e+01
2.498572389111805592e+01
-9.047764243052199618e+00
-2.961609039115950281e+01
-4.792683928920318692e+00
1.591926752376911836e+01
-8.603435841914489401e+00
-4.206532158664720100e+01
-3.402853558018136937e+00
-5.379302360592578225e+01
-2.862968325343857146e+01
4.633219407437756843e+01
-2.942061400804979598e+01
-3.856299847600115527e+01
-2.912225465483908238e+01
-2.086912523597735003e+01
2.043928496894534419e+01
4.764132804048827552e+01
-3.712482119030624972e+00
1.464604873582133848e+01
-1.200677581828689711e+01
-3.934977906768457956e+01
2.658619561137214404e+01
-2.670183967219588794e+01
1.480103411697268712e+01
1.810862730328933878e+01
-5.980423467291558381e+00
2.142196932000669563e+01
2.335802690226321943e+01
6.432202454626025201e+01
-6.770892314580692073e+00
-2.933032663407730922e+01
-3.568519560324250506e+01
-9.707186893170877795e+00
-1.896538803378311755e+01
5.367456299658232410e+01
-2.488950652564986399e+01
6.555034041145953339e+00
2.802258401733098481e+00
-1.251406371844811360e+01
-4.818514809781220265e+01
-3.554687625305263055e+00
5.598859618267876215e+01
9.826113436979795779e+00
4.261942695174923301e+00
-3.280506154780310624e+01
-3.269144296498870972e+01
-7.972050915544485861e+00
2.614617477125983669e+01
-1.443229088965242113e+01
5.845165407825274428e+01
-2.748270931451193633e+01
1.067581767085872002e+01
-7.825990103163405820e+00
-3.687018860244347707e+01
2.451956540572467702e+00
-2.913560588032191845e+01
-4.201023008651145574e+01
6.286132574487282909e+00
1.100463763388773941e+00
2.972184729679509019e+01
1.340873382370882894e+01
-1.908944525880362519e+01
1.223581716625534455e+01
-4.971187202446755293e+01
-2.723333279554935871e+01
5.072684992386975722e+01
4.721835594082705256e+00
-6.068010843299077806e+00
-1.694827948125879402e+01
-2.491556594350754494e+00
-5.624441956624252725e+00
5.058442809257883255e+01
2.365509487703340596e+01
-6.756543835322361247e+00
-2.031697794693457126e+00
-2.237212989406423347e+01
-8.933190291259052174e+00
-3.583827959426932352e+01
2.806507769008892694e+01
3.977982834947781043e+00
5.892486479533602051e+00
1.017644151215795034e+01
-4.543349796579200017e+00
-1.168311081532551654e+01
3.044278319285830925e+00
-6.152176417048087842e+01
-8.817354524134856320e+00
-5.825364306568133088e+00
-4.405520865900783178e+00
2.742872785747013609e+01
3.695259602278349575e+01
9.847570708186083266e+00
-5.413654368171891917e+01
3.539368294314687091e+01
-1.218126776836999170e+01
-2.129389998673687501e+01
-4.957641267941743735e+01
-1.713584894488309374e+01
3.529687121083911450e+01
1.732703087511424656e+01
5.691904421093909150e+00
1.913513594527023542e+01
-3.319404147037164421e+01
-2.643709699694846904e+01
3.205875978655413405e+01
2.212257879729668275e+01
2.732871984063999093e+01
2.758317620383735402e+00
4.786401962613041405e+00
3.101432506812301426e+01
5.487575059598486860e+01
-1.190216734839581392e+01
2.186386722254565029e+01
-1.466550174641281501e+01
-2.491027389621302746e+01
-1.968011674786114895e+01
-1.978825632002033785e+01
-8.241540458781372536e+00
-2.704074039725600187e+01
-1.115449592268467427e+01
-7.716607769266755668e+01
1.928665607703766227e+01
1.257964639431953913e+01
-2.694668684599491826e+00
-2.206991052601983938e+01
-1.051470588049386379e+01
-3.120227692479886628e+01
5.591292808668413272e+00
4.579838221137116250e+01
-1.257262583748348561e+01
-9.581501333165192591e+00
1.191633441445111430e+01
-2.901206676563028708e+01
4.809530542888521865e+01
8.349441252040229244e+00
7.952464144258499346e+00
2.812788945253373640e+01
-1.380781816384853755e+00
3.180599172319449508e+01
1.073536791719675421e+01
-2.253000194315134763e+00
4.666232437065190197e+00
-3.555582005378397525e+00
3.763464189531975990e+01
4.860636842447576100e+00
1.029361105180944946e+01
-6.593243823740351672e+00
7.978826862460209668e+00
-5.237136402842466509e+01
-1.997896862575220212e+01
-2.769301854023206033e+01
2.693180543109701830e+01
-1.815619539772262669e+01
-3.409687119086447638e+01
3.282058902346034301e+01
-6.911959966384728205e+00
2.300001704828591187e+01
-5.111875321806837746e+01
1.054556460347892966e+01
2.955891119146329515e+00
3.475258141586607508e+00
-6.601403909433173567e+00
-4.112327364608859170e+00
2.878386750246830772e+01
1.032609297039130070e+00
-2.877420517812274170e+01
-1.061421783109527439e+01
1.249719204324958355e+01
-6.521258596123195161e+01
-4.990519813242948999e+01
7.476864979535946532e-01
7.934809863396807827e+00
-2.662300887409742245e+01
-1.085022069592326943e+00
5.963200095508284448e+01
1.587481875060836956e+01
-3.051581370646766800e+01
5.305047782206443685e+00
-5.254827020284395189e+00
7.065360712890267791e+00
-2.014822397410080157e+01
1.244672612753073082e+01
1.491398149507108428e+01
-3.937941695083054583e+00
6.317803523484454331e+01
-4.504027868374365084e+00
-1.787861653867304312e+01
1.344613830051520154e+01
2.429960731261138562e+01
-1.912754075276399135e+01
-1.034486685519787841e+00
5.538787472794285804e+01
-1.597177987077031958e+00
3.324403805187537841e+01
8.257256953834371416e+00
-3.975091256141297436e+00
-1.287911124725667378e+01
2.955417689720663077e+01
-3.159475651431564103e+01
-5.933824212637830442e-01
-1.028158022797347826e+01
-2.245856349314490785e+01
8.483875559703900393e+00
1.501798590060958460e+01
2.458334430148966021e+00
-2.196332516450070216e-01
-2.249962044916884452e+01
9.184127805698665270e+00
-1.874860942728219015e+00
-1.283487016459083918e+01
-1.140423048889706337e+01
9.367166695190206838e+00
-2.099123581639275926e+00
-2.138165810469419625e+01
-6.162231161665556556e+01
5.913003032297197592e+00
1.092327319847768763e+01
-2.740818533031780646e+01
-1.350485731492130981e+01
4.674897320030170533e+01
6.318945941603004712e+00
2.227890473160260854e+01
4.868986202719554512e+00
2.252510367369332300e+01
3.229451400987869647e+00
-2.202694857802353567e+01
-6.111720709307462585e+00
3.079801812801491678e+00
1.778352713824162379e+01
4.266785014772000295e+01
2.783555339038136367e+01
1.693417228817480691e+00
9.638099719016793188e+00
3.425968968602172993e+01
1.493906507029714348e+01
-3.923955674606122557e+01
-1.559564309675752725e+01
6.325530830734948040e+00
4.827055369109359617e+00
1.394770090851891808e+01
-2.931161955377098138e+01
4.003184442473688875e+00
2.444541827522269273e+01
2.705875893834802071e+01
-2.432543271883702118e+01
-2.209186761979253788e-02
-1.249295159937446442e+00
-9.619728968992973250e+00
-1.609977999377262847e+01
-8.761741822312188788e+00
-4.941842373614733219e+00
5.703206922679044055e+00
2.392625847250467075e+01
-1.748006247637479760e+01
4.579426364531229865e+01
1.855167625343230497e+01
1.516656547547583500e+01
2.002370820700184950e+01
1.535286890848432151e+01
2.054373631000537159e+01
3.097016752215837698e+01
-2.575965649709645788e+01
3.523880801523688433e+01
-6.454491887419422369e+01
1.792788182570825839e+01
-6.051724744534863021e+01
4.724513015741518984e+01
4.263919702118228372e+01
-5.328047265556449474e+00
-2.726748999945954210e+01
-2.401630044410958931e+01
-3.114491290760236097e+01
-3.585164565957850868e+01
3.201142465405985149e+01
2.381745946368552325e+01
1.353758302176092343e+01
1.606250742166866985e+01
2.526876207954720144e+01
-2.217395718109867175e+01
-1.004816480453629879e+01
3.122539096005937154e+01
-7.387172375618092701e+00
3.022507802630589424e+01
4.215108922380430556e+01
-3.267489626748940168e+00
-4.143980896920311352e+01
2.802249451202328601e+00
-1.462834858686363759e+00
-5.774439530258462128e+00
5.249071104142899458e-02
-3.691948377296648687e+01
-7.171828462035989560e+00
4.988955065214160101e+00
7.499348780843163809e+00
2.764544158763463599e+01
-2.416610258215914087e+01
3.158052249698505420e+01
-2.259421385737906007e+01
1.449567032345487405e+01
2.286180626486382295e+01
