-3.445020751964263184e+01
-2.014343201750619983e+00
-7.093812184506916196e+00
2.390828078887295760e+01
-1.183415949368563247e+01
-9.151712843871308678e+00
-2.388278717444350718e+01
-4.996717204732844664e+01
-2.131440340205993067e+01
-2.245582423236521663e+01
-2.088495045436189912e+01
4.232192124846156034e+00
1.987684078919059516e+00
-1.056452528957763093e+00
1.708544430708144546e+00
2.633678410329855524e+01
-1.013175056864062640e+01
-7.157382518046262021e+00
1.169389419596387825e+01
-6.151127725996151696e+01
3.085287285372181998e+01
-1.324835087751307583e+01
-2.383104319969506335e+00
-5.549342099590532484e+00
-9.788551246291490315e-01
-2.101243048124558754e+00
4.769570084451206071e+01
-1.495232514601084972e+01
-3.970254379635150599e+00
-3.019291488160816073e+01
3.899833595787129070e+01
-4.306394602753314871e+00
-2.122438636419985869e+01
1.114335591291369099e+01
-2.038188782708715507e+00
1.295680075958838984e+01
-5.379329487051336400e-01
2.703773887491053074e+00
1.884009028959729903e+01
-5.427143364311515938e+01
3.023813874253318090e+01
8.078175017026168803e+00
-6.221135184801653395e+00
-1.735404506536511349e+01
6.855809081943903038e+00
-1.087233268467224434e+01
2.473983318274872545e+01
1.976138992547231510e+01
-1.273316062519535308e+01
-1.627840821389202119e+01
-1.721816445026843212e+01
-2.065761650811693784e+01
1.049709081090779250e+01
-2.689778577716720065e+01
8.234741126981646175e+00
3.438469404483083736e+01
3.965118887849995133e+01
1.845972888361370678e+01
8.225608238347362544e+00
1.722576304925371460e+01
5.057196797629524099e+01
8.540985336963899499e+00
-2.964788169472466706e+01
-5.986935621465306667e+00
-1.398996412725057326e+01
3.305263638935818449e+01
-3.910628444609884014e+01
-3.413705341761425416e+01
-1.738685970361760269e+01
-9.734269641077730739e+00
-2.224513014083260032e+01
1.560397092058036606e+01
5.168777820540526591e+00
7.777135427193883288e+00
-2.153567459717108079e+01
-1.884292823160288322e+01
-3.252463483747637696e+01
1.791210129230290704e+01
-1.865192323715925937e+01
1.684246683188101201e+01
-5.381472375508651318e+00
-1.479738308734161478e+01
-2.848455892363314490e+01
-8.478062550737405445e+00
-6.083337527394974131e+00
-6.814050954819933281e+00
2.221884757651908870e+01
4.166408680561008282e+01
-2.447647913004549736e+01
-4.267887110960475638e+01
-1.071381132898751787e+01
5.910085080398482660e+01
-3.226386156546422512e+01
1.782650708846475140e+01
-6.479154070199115267e+00
-3.315920457240380870e+01
1.369643305745952944e+01
1.942090208439913113e+01
-9.635780664744046931e+00
1.826422802618606056e+01
-1.336789348792149212e+01
-3.109011026960297386e+01
5.222749271508951097e+01
2.490549483680598541e+01
1.407724859004977702e+01
7.837024566192894781e+00
1.489394886492324588e+01
4.493665638692343123e+01
-1.465392916484225871e+01
3.330776836214930370e+00
-7.526978808873377602e+01
8.720015985337681741e+00
-3.688173479084488804e+01
7.725412977654571023e+00
1.213433318550069373e+01
-1.987178062619966568e+01
-2.817987493473094673e+01
1.230299613275519732e+00
-1.678991612725010896e+01
2.125124299703247743e+01
-2.765653778026469922e+01
-3.079282577574815605e+00
-2.002337258252990893e+01
-1.943103175018251250e+00
1.108136796039133287e+00
1.241160649750611356e+01
4.480518572897835838e-01
-2.858709342930467301e+00
3.543027477022373262e+01
5.017258314953042486e+01
2.710671774615947527e+01
3.915227194825753543e+01
-6.425678485550690766e+00
5.550029416028053220e+00
2.925387533629066183e+01
-5.045011559984828864e-01
-4.189427768349537473e+01
-2.245905836354584295e+01
-2.794207087639067311e+01
-1.526497620968510915e+01
1.580826808886001800e+01
-6.550224790155567689e+01
-9.245178408376574453e+00
2.444575913761653396e+01
-2.065637582144833573e+01
-1.722903785970220270e+01
3.289675875433465535e+01
2.454028640800584071e+01
-1.825594487601996718e+01
1.535187966523676550e+01
-1.400971136444439935e+01
1.882880675046422425e+01
1.828826089316123671e+00
7.301018603386069117e+00
-4.704281196847710333e+01
-2.609299681612483823e+01
-4.756962680922356412e+00
-9.024118195774288864e-01
-2.250965470182529771e+01
6.001880472557184021e+01
-9.624871036085551168e+00
-1.781530196127594934e+01
1.962545512916653934e+01
-2.534021330805890670e+01
-2.020853419521338878e+01
1.805745586711350370e+01
7.081322777855689310e+00
8.468717111779312745e+00
8.695949783933613730e+00
-6.108136411174740488e+00
8.801998040253721456e+00
3.215992208772749450e+01
-1.459894352700007403e+01
1.059911631820972389e+01
5.020215066257641467e+01
1.805978100247419604e+01
-4.159990568421733315e+00
-1.131797773057812151e+01
8.590964725243520661e+01
-1.178464700008998989e+01
2.069950471889094956e+01
1.428456095198109210e+01
1.624919958002958964e+01
4.879091034310778241e+01
2.646286784762122579e+01
-1.482161035689705031e+00
1.339125170924006625e+01
2.711833977161001030e+01
1.985575300973241042e+01
-3.209578037426109631e+01
5.202101919591098067e+01
-4.627337543853251134e+01
-6.790294410475283371e+00
3.038464129225275201e+01
8.281832700893453136e+00
4.184005757829424965e+00
1.561232919433268762e+01
1.237146270325422392e+01
1.898094459447463578e+01
-3.454186204833899865e+01
2.209080190463112103e+00
-1.467463791110134252e+01
-3.699561079619059001e+00
-2.482394438848530172e+00
-5.929582257508995369e+00
-3.172130007836813093e+00
4.619726379367762092e+01
-4.677038324118669266e+00
-1.432792376335400775e+01
-1.418204528823078903e+00
7.183542092737113194e+00
-3.289610507437760134e+01
-2.824271147742155108e+01
-2.001561240449309764e+01
-3.412132585173461052e+01
-8.843731557851107539e+00
-2.303579265998243031e+01
1.003711734497927921e+01
7.149297055332795026e-01
-6.884624887385683678e+00
-4.547651437139478503e+00
3.165242054948961936e+00
-8.071336676668863674e+00
3.757340061878156234e+01
-4.769324579385261131e+01
-8.367790338385116655e+00
-7.447956054711045937e+00
8.788291845831139426e+00
1.246550301488530010e+01
-2.594038026090663607e+01
-8.392353013482249935e+00
2.367522493836686337e+01
-1.107461666489083996e+01
8.777816909573658677e+00
1.878052139004893206e+01
-1.623611428762757214e+00
6.145836903594408795e+01
-7.707489919678721435e+00
-1.743624537558645216e+01
1.758299292440966610e+00
-1.353739704442693892e+01
3.010254374604221539e+01
-2.334961891613426133e+01
6.706506053348846308e+00
3.124823298875310229e+01
-6.950295127712450949e+00
6.515745123631677416e+01
7.051236919970040162e+01
-3.655148132527244798e+01
3.248097566918791301e+01
1.198918431929152462e+01
-3.066453613650770649e+01
9.136916116320264791e+00
2.313666786801925923e+01
2.364817600398487230e+01
1.268702444439099963e+00
9.364080973356010418e+00
4.096950880667276351e+01
-1.294166166433468845e+01
7.872676270594531900e+00
3.949874681501910345e+01
-2.035421773395648870e+01
-1.096526800034345683e+01
3.080951795446300423e+01
1.580571314638989122e+01
4.165585934342743712e+01
1.659529581929882625e+01
5.969443628658012813e+00
1.466884015025586052e+01
2.227139364335322114e+01
-2.949283713305068488e+01
3.768279384073366600e+00
1.362602826796184630e+01
6.405405334587555899e+00
1.302534959064774966e+01
-3.367445929740218702e+01
1.761161821485700330e+01
-2.351442357836691599e+01
-1.832252977865794463e+01
1.176308543452407207e+01
-6.411546204563535412e+00
3.184743928433891824e+01
-9.173973310741928344e+00
1.654752113947313319e+01
1.783501573589177269e+01
4.273881514187542052e+01
2.999299555545275098e+01
2.680925982522735751e+01
-1.794596595908814152e+00
-4.622415504231412342e+00
-1.756431630474423855e+01
4.392733675811368244e+01
4.369056781804343359e+01
2.147341624819570427e+01
-1.382690313699580997e+01
2.736802512312630142e+01
-2.811603426414308160e+00
9.787925408765410396e+00
3.633547847145817400e+01
-6.486133811054202170e-01
-4.355081937633485722e+00
-1.108713611660220977e+01
-3.217318347229036135e+01
5.254018057750798221e+01
2.782904761476254407e+01
-3.284988023168010329e+01
-9.049588132927183892e+00
1.446572807406641203e+01
-5.460974033752677315e+00
3.490182666882842000e+01
6.903772102414023948e+00
4.398802698036928405e+01
1.909683453445902401e+01
-1.249726910588782403e+01
1.102367753975885023e+01
-3.438978225382300025e+00
-1.511042209735134634e+01
8.650611679864823600e+00
8.255971457627595100e+00
5.167821185519505889e+01
4.341653278952244932e+01
3.053576735299719758e+01
3.671950100452227161e+01
4.777230905574782582e+00
-1.427738957712267620e+01
7.897034716741586635e+00
-1.838382618232503773e+01
-2.954921822436249101e+01
-3.062926157616550427e+01
-1.717545859725018431e+01
-5.991347417580686852e+01
-1.923273295041641973e+01
-4.772908993537117794e+01
1.294564035652343392e+01
-2.550772533276566634e+01
2.565738944718813741e+01
-5.455168891335955550e+01
-1.644120717303783863e+01
2.359907857538382814e+01
1.155017287006359084e+01
-4.895367573882128909e+01
3.119709819728706179e+01
-1.424413415174583974e+01
2.964871614504546216e+01
-1.275052637726216176e+01
-4.319048641379515630e+01
7.886405530671339648e+00
-3.586762250431951315e+01
-4.100520777494438107e+00
-1.662519709351089503e+00
2.250530066998341283e+01
6.949050437350558695e+01
-2.378256181922660062e+01
-1.926626090824822768e+01
-2.317923034432425311e+00
-6.267755152179006473e+00
-4.451973457589498651e+01
-3.070317057943492500e+01
2.635886124670916786e+01
-1.170527912845815877e+01
1.119106831882996289e+01
-2.706510983734102638e+01
-9.063990583483388264e+00
-2.286212524208492880e+01
2.845063484705480761e+01
5.238696530025890752e+00
-1.230772462132404144e+01
-9.385358472135891361e+00
6.549909759010894561e+00
-4.478883827442530219e+00
2.374326976799460454e+01
-1.420091653482933225e+01
5.502188088114507991e+00
1.956643725670036815e+01
7.560590771454656078e+00
-1.172544433895171778e+01
8.479491488390920040e+01
3.242653320700544128e+01
2.345230050953020395e+00
5.656230738880140052e+00
-3.452034577712376517e+01
1.854894979258926924e+01
-4.215735168699164603e+01
-1.603916641299659318e+01
-3.035232974502613956e+01
-1.093026806509757876e+01
3.133677719108226256e+01
-3.125335174038686148e+01
1.320600794992336091e+01
-2.126420351354425975e+00
1.149847681704628144e+00
-1.977586697947501193e+01
-2.447577067340685630e+01
-3.123125002862934707e+00
-1.969046693699732486e+01
-1.089521981567961006e+01
-2.279979269658562657e+01
-5.113259421240734071e+00
-1.915336818141119579e+01
-2.767606005453595230e+01
1.148223480062823398e+01
-7.905002415280634409e+00
1.351620240137711448e+01
4.671033032048455880e+00
-4.200132816205241681e+01
-2.893821315606782463e+01
-2.519046924700394641e+01
1.784117556109572433e+01
-1.359919619142928582e+00
-3.417248709569415155e+01
3.250269839199805233e+01
-2.158783235669751122e+01
3.153593466772410636e+01
-1.745242576374404564e+01
-2.663676808712224897e+01
1.306453391275397280e+01
-3.747223724806623579e+01
-1.897775204787515690e+01
3.416885580747850781e+01
1.041193156117236640e+01
-2.424264681044621739e+01
2.992970670872530548e+01
-9.994628188601211605e+00
-2.096604857248507869e+01
-1.676260835446646524e+01
-2.764591145454807020e+01
1.529995441516705057e+01
-4.961757862850993206e+01
-4.369321165860912970e+01
-5.606009412916534984e+00
-1.662363495488168041e+01
-3.261538556352186902e+01
4.056760738814932665e+01
7.405367219782161214e+01
-1.516164366157255472e+01
-2.009145265691898885e+00
-3.341897518364633157e+01
3.620526327658137689e+01
1.123535509063395921e+01
-1.320596982284382648e+01
-2.011119435187526960e+01
8.140678153778893034e+00
-3.201916961825162389e+01
-9.754041790184203364e+00
-4.796711903899858953e+01
2.010678071219217600e+01
6.075088514113303972e+00
-9.636242237646683861e-01
-5.744357266831343622e+00
-2.208841462570262593e+01
-6.069804754124305646e+00
7.241584472004846873e+01
-1.014265589852089988e+01
-2.652873476898355420e+01
-3.859195757995571796e+01
7.697014181021472723e+00
-2.072090911194425900e+01
6.008339264571624483e+00
1.673718004361222711e+01
4.234963250097337095e+00
1.726707194746239082e+01
8.339957014062733265e+00
3.235618837290127203e+01
1.453466946316758879e+01
-1.933800830963272688e+01
2.650165658961370241e+01
1.928052894973200182e+01
6.824389359501367380e+00
2.341213256065165638e+01
-1.570214025719170081e+01
4.075058804946621649e+01
1.302614893691217901e+01
-1.751393628180433382e+01
-3.235091951469264870e+00
-9.974825337188576668e+00
1.130318534625413918e+01
-1.285448224952143903e+01
-4.373518959844602705e+00
-7.055421350883193554e+00
4.474251078133085002e+01
3.050235573579698212e+01
-3.583380812157008677e+01
-4.489184152592059718e+00
-2.915165806231638612e+01
-8.027860419951480253e+00
-1.302944694915034063e+01
4.734622961351647064e+00
-5.486763855245726518e-01
-1.587543952677080483e+01
9.393749836506685824e+00
-4.553372003773894505e+00
-5.158264571720891922e+00
4.761477343220451530e+01
7.967871593022440635e+00
-4.561508254301393350e+01
-2.192984073155264468e+01
5.294965376457162165e+01
1.505496943133491072e+01
-5.265749708274995555e+00
5.898755218098365560e+01
-8.895826037451939783e+00
-5.059241522367784683e+00
-4.472849400570623857e+00
8.530749334466008804e+00
1.723333593870232505e+01
2.425572870456839780e+00
1.600596586603222704e+01
-7.072719659954273652e+00
-1.943664734382757331e+01
-2.302179476680631609e+01
-2.646300635112226018e+01
2.276172112265120973e+01
7.150454383845250561e+00
2.105696061652551521e+01
7.689292116088466855e+00
4.930099700342509550e+01
1.032118476276497177e+01
-4.456880828777542547e+01
-1.893902622040778283e+01
3.374745851874827451e+00
-1.608767973108322735e+01
3.489559996952553433e+01
-7.642139170174459650e+00
9.279181493935176661e+00
2.912352468622189861e+01
-4.123081379782303202e+01
8.260127990182334656e+01
1.145546490136898399e+01
1.318904163482346803e+01
1.996809868621895134e+01
4.089994756189128111e+00
-2.372840341161577271e-01
1.935501788079076846e+01
-2.045180308513636191e+01
4.583767636464629902e+01
4.052893183202884586e+01
-2.301412243580396932e+01
8.837291164644284436e+00
3.862375170244501987e+01
-1.135949290849471538e+01
9.666811565214857183e+00
2.081027437519736623e+01
2.238003682393596705e+01
-4.214929170305686057e+01
-5.672798881947358041e+00
-1.690814328022225510e+01
-1.671728958901326223e+00
-4.373908434237101517e+00
9.553029523710847570e-01
-6.880142634146665159e+00
-1.752876567370469729e+01
7.281834467205371197e+00
3.792534116262743282e+00
2.927936140817142885e+01
-2.417548487188186357e+01
2.408641778776899400e+01
2.607580238959845076e+01
-6.871314891134517211e+00
4.496675044989261494e+01
-3.759099417638287832e+01
-5.692382485493566691e+01
-4.791066301453277276e+00
-4.372243004140784706e+00
-6.780115161863022877e-01
4.415096887000440518e+01
-2.685367926941680139e+00
2.363720342528139895e+01
2.964926490257536784e+01
2.063790776571056540e+01
-6.386215274856454016e+00
3.290239805753594737e+01
-8.772293242979813499e+00
-1.955069474549901543e+01
-2.256721202073634913e+01
5.974335019467446273e+00
1.948300973217993715e+01
-7.416007834536060273e-01
1.921388665807489815e+01
2.845716920728591504e-01
3.344800199291292131e+01
9.536131494086248495e+00
4.993447624221872161e+00
-2.087592736125770898e+00
1.776325656282166676e+01
2.071929395569308952e+01
9.490180485885503003e+00
-9.842821198898548118e-01
-3.035030470923657120e+01
1.605770238518838511e+01
1.049212931061953213e+01
1.958021939020235891e+01
1.551711181313687860e+01
1.995456096106036625e+01
-4.785960397769699171e+00
1.718373742719646202e+01
-1.483046658218188441e+01
-3.711261897221902473e-01
-2.988833165267806180e+01
-1.695321712855204055e+01
2.217406023440202034e+01
-4.967907483367341115e+01
1.461457167791999723e+01
8.751732003828919915e+00
4.579019953877450178e+01
-1.042663896490887510e+01
1.837984802195452261e+01
-5.505255864229638973e+00
-2.671315806376680513e+01
-3.746951934219390523e+01
-6.453767799604221977e+00
-4.872641493921289424e+01
6.478985630402576135e+00
-1.094169618922627052e+01
1.701251778438511764e+01
1.301753946852187482e+01
-1.573687619258782888e+01
-1.610659465532711465e+01
2.256502135524736730e+01
-3.392408639565577744e+01
-6.729394547931576653e+00
-1.042808124714915152e+01
1.508634282411658845e+01
5.211353433337251317e-01
1.490990420849058751e+00
-1.039986212174821389e+01
3.021135969856584325e+01
-3.057454149936455678e+01
3.721368997961747027e+00
3.318010502618247415e+01
-2.027392752868087200e+01
1.709529869369688981e+00
-1.479383757327354942e-01
-3.585081328757996744e+01
-2.204115869801921690e+01
-2.733103684901717401e+00
1.556915954973384686e+01
1.821354147540623103e+01
3.364008881650335070e+00
-5.333031511089302512e+00
9.801923767894209050e+00
-2.343454961945388959e+01
-1.087860922486299842e+00
-2.859058067186180097e+01
-1.540230625518537977e+01
2.677745478511573651e+01
-1.572878929193996100e+01
3.738980747937077354e+01
-1.324785351358963226e+01
1.802862920777857880e+01
1.391547248283693250e+01
-3.493301323962694482e+01
-1.382844060158531363e+01
4.847968495870503602e+00
-2.304092224284626411e+01
-2.075349316328635041e+01
-4.816525530304591030e+01
-2.976920895075130602e+01
-2.812094274899376956e+01
-2.420273350363748932e+01
4.412226375845023085e-01
1.003498586714130170e+01
3.762134052206008050e+00
1.342498612536391533e+01
-3.128208348946971284e+01
8.398034292559884761e+00
1.487390130564044455e+01
-3.709982161442479054e+01
-3.426658314602377686e+01
-2.327987416723772185e+01
-1.497589717176980884e+01
8.929889458247714629e+00
-7.248415231525768831e-01
-2.319441189542626347e+01
1.648997996450137293e+01
-1.316723916638449055e+01
2.766309753896069878e+01
-4.902517155603658239e+01
3.486214574511893716e+01
-4.987706712388742858e+00
-2.206321672573744053e+01
-1.379113349672417144e+01
1.036609573941547069e+00
2.463395570141395297e+01
-4.058739405294307545e+01
-6.516686067442805097e+00
-1.114574502103405251e+01
2.462925853753975503e+01
4.602911986756029705e+01
-5.472297851520653467e+01
5.119121255975784379e+01
2.287969884291963751e+01
-4.108666350187958471e+01
-1.757858848105234983e+01
4.362188724027184605e+01
3.272236214467670834e+01
-1.144312645979834997e+01
-3.219311480629670541e+00
7.883223409834101858e+00
4.108040785676351447e+01
-3.123230628848256174e+01
6.970595752295537295e+00
-4.599293275507235990e+00
1.501581003515491375e+01
-3.994962307441377192e+01
-1.825427037956558252e+00
-1.672750055735169994e+01
2.628837005618289879e+01
2.317916004787646500e+01
-4.806038738630860507e+01
-2.627852749460926418e+01
-1.188766597827662963e+01
-2.344018074578887934e+01
-6.405843588499038788e+00
-1.117773238867408736e+01
2.475529974735803762e+01
2.311994210737680078e+01
-1.152734063733305447e+00
-2.528498482624166144e+01
-4.683119382566030708e+01
2.619871477059899689e+01
-2.702491992619768268e+01
-2.002705777678681898e+01
3.262647738392352892e+00
-1.977004519431910978e+01
-2.151131672542240381e+01
-1.574566417573932853e+01
-2.633437651473397523e+01
-1.426587788880940977e+01
-2.858144706883186359e+01
3.076293707546317435e+01
3.376806593667717493e+01
-3.649722524196306495e+00
-1.206227824144247052e+01
-2.450171615876683973e-01
2.500648539430954997e+01
-4.727214867451081659e+01
-1.090530477071558835e+01
2.708606951164119891e+01
3.902669263006784206e+01
-9.236696493815060194e+00
5.417789866005648491e+00
3.019425198797463850e+01
9.132052122601919564e+00
-5.568956693066695607e-01
-2.447996114870181827e+01
1.110789631988205883e+01
-1.906644556337008112e+01
-5.737569004239617243e+00
-1.071002351130110242e+01
-9.050473152431834478e+00
1.249687852227521034e+01
4.352558433988860287e+01
-1.298930280740449916e+00
1.888690180293380649e+00
-5.009124496602274235e+01
-1.039329989913926511e+01
-1.978609139903869618e+01
-1.125526712501425664e-01
-2.588416662490746489e+01
4.696411726712904056e+01
4.465349318416281221e+01
7.705840956090519001e+00
-1.086955524517378535e+01
9.171754914418897897e+00
1.133159180238743602e+01
-2.627586005059798424e+01
-4.653011590269045428e+00
1.043760850036426291e+01
7.322015047581487579e+00
3.032856531606961425e+01
2.223587234250388178e+01
-1.164165815909399271e+01
1.430958287013446295e+01
-5.456283108264139514e+01
-6.474422831562733904e-01
4.802427503807439280e+01
6.560234059890518665e+00
-1.148200623580748925e+00
1.681998992180282926e+01
-1.579161680591490224e+01
4.947745153311889510e+01
-9.158897346100729919e+00
4.428510511883123968e+01
2.158887179409091317e+01
-2.229368544584849587e+01
1.782454784787827862e+01
-1.687109203647918321e+01
-3.982344926473052737e+01
-3.552659354838965555e+00
-3.066204650934037801e+01
-2.894890552451738586e+01
-2.732008766438312364e+00
1.989244226642273361e+01
-5.367871983304254968e+00
-1.724541420102104894e+01
4.947322754015885948e+00
-3.815020585828611388e+01
-3.883577925654687846e+00
-4.572759852401014768e+01
2.686249498369082289e+01
-6.424654635965794114e-01
-2.750353545334972694e+01
-9.104708670921553448e+00
1.020321038191963225e+01
-1.949898363223830700e+01
-2.515969844352439111e+01
5.199371678449035983e+01
-1.333274315629563489e+01
-2.219412590112142425e+01
1.505874151265987848e+01
-9.742606226850085704e+00
3.017156865411108768e+01
-2.521576696258421180e+00
3.866959893312284180e+00
5.963260984636650619e+01
-6.854108308159823082e+00
-2.021815220422203652e+01
-2.371053817242363948e+01
-2.806665661034975301e+01
-1.888148338408308291e+01
1.493194381760008582e+01
1.498046725094513931e+01
1.227108141123891016e+01
4.057620907022555912e+01
1.844375403177309636e+00
1.153988575857779608e+01
-3.507936650167997072e+01
1.479399395789982918e+00
-1.024752889602470418e+01
-1.472586844685258711e+01
-1.906197623295895482e+00
1.858682823744683787e+01
2.109489224464584822e+01
-3.693808733428909363e-01
6.772134393739406732e+00
1.521473617784033294e+01
1.926041779733139947e+01
-1.354229307313312347e+01
-7.004396699661413095e+00
3.813683260911773232e-01
-1.275448176461202365e+01
-2.771839835834697396e+00
-1.981864937968705931e+01
4.386522584986941808e+01
3.554400650649466797e+01
-9.018916363193170582e+00
8.846487342331130321e+00
-2.557601374564132612e+00
-1.656981696306900176e+01
1.970147788561249769e+01
-5.292039529561009203e+00
2.210769527098676690e+01
-2.895177142401599113e+01
9.946047350347697602e+00
-5.508114415245813689e+00
-2.980442326390118524e+01
-1.353233796849463033e+01
1.479778815731393848e+01
-5.046826736706277927e+01
2.378579365630912434e+01
2.577516269282384087e+01
-5.525871587843516508e+00
-3.318352318248059873e+00
-1.776442574175547406e+00
1.380538945094792780e+01
-1.808898189357029196e+01
1.997496285664612969e+01
1.685153443452702504e+01
-5.439218302569935304e+01
-1.959029008490279011e+01
1.315315024650718101e+01
-4.684874861493170783e+00
2.400973743759546863e+01
-3.525248770222907524e+01
-2.997734754390705803e+00
-2.317189674232566787e+01
-7.116145119948612319e+01
4.256357957463633568e+01
-3.226540671219794376e+01
-3.385571146876014126e+01
4.935036433543260159e+00
7.173922736268147560e+01
6.476118624631226339e-01
-1.555009015241009251e+01
-1.738332045660570202e+00
-3.039369063361696988e+00
-4.739411316982621258e+01
-3.388581196437364440e+01
4.534000500124805910e+01
-5.672203823681428503e+00
-2.086233933946732577e+01
2.730798970815044413e+01
-1.985770642761274729e+01
2.039975298546988824e+01
2.948172819129928257e+01
-3.159124289863821389e+01
-1.551149210065952389e+01
-1.922614202241291537e+01
-9.938567351493730939e+00
-9.728238204974353209e+00
-5.756233118917919001e+00
7.923119681272453363e+00
-1.888907735593250692e+01
1.569519967627503831e+01
3.204547465510094639e+01
-4.980598459311018189e+00
-1.128438203686570773e+01
8.081118701904529189e+00
3.099338542580895250e+01
2.887200478326319342e+01
5.431005138265732057e+00
-3.066431439838197548e+00
-4.812890931287725493e+00
-2.808131692006446656e+01
2.127734525830715029e+01
-1.233453717453011933e+01
1.099098389636009188e+01
-7.752102826713780814e+00
1.495852433287907957e+01
1.011263070965879507e+01
-4.453915089108417646e+01
-1.474983181286535228e+01
-4.348468215202829867e+01
-1.972991350387934517e+01
2.913943585831972882e+00
-9.515831073501914261e+00
1.807953847762102839e+01
-1.661870211574193945e+01
2.054433445587775964e+00
5.939597817618505360e+00
3.914049492402739361e+01
1.983467670214201917e+01
-1.672630421992836247e+01
-6.846352183862336460e-01
6.700506882379471563e+00
2.121700247977489795e+01
1.811947553467234684e-01
3.020867060702440199e+01
1.241600444140431492e+01
5.011817124544677426e+01
1.049797928752056464e+00
3.622604786679997346e+01
-1.496442315642264020e+01
-2.084466972317707700e+01
2.433590364441243992e+00
5.156549609007868185e+00
1.482142907835600454e+01
-7.828875637303724488e+00
-7.559391045300401402e+00
1.435367980620023687e+01
-2.679063876475882466e+01
-3.050082133568179188e+01
4.384042676704297037e+01
-3.309326747359307319e+00
-2.160748055074456886e+01
-2.229488527594611469e+00
-7.473153567449230650e+00
2.353297945969524108e+01
1.829616590874982762e+01
-1.117305681525965610e+01
4.659259157680111230e-01
-1.461323647758918298e+01
-1.951611604582359405e+01
-1.477359456253373082e+01
-5.346497816929458224e+01
3.818335356280044834e-02
-3.558754810719406692e+01
-3.080181416132217009e+01
-2.060810875469388748e+01
1.060343227316860748e+01
-2.016263698248056357e+01
1.277448570596369848e+01
-3.387634755139359299e+01
5.808636591844731356e-01
-2.289882541266022642e+01
4.756951275027446968e+00
6.211345849564352761e+00
1.844424309363958514e+01
-1.160893614917557670e+01
-8.798441713762485961e+00
1.634842935200643765e+01
3.274935348211602104e+01
1.815418618830673836e+01
4.616945309047537194e+00
-3.966961908845634355e+01
-9.424236986593371057e+00
-1.749713027070691851e+01
-3.339546048252014998e+01
2.236958754140846395e+01
-2.007961014036175129e+01
-1.809401280932576128e+00
-1.550278721108089997e+01
-5.513117842908144439e+01
2.857807362348282254e+01
-9.729376959949547654e+00
2.241508834423478902e+01
-3.947079930881342591e+01
3.727398014380301561e+01
2.030305802879922794e+00
-1.590201896959625216e+01
4.795699631708316701e+00
-1.152439187855677005e+01
-3.622087533493913725e+01
7.978888007151780926e+00
1.971776646091920782e+01
9.659920827934911358e-01
-2.002159575559880977e+01
-9.051981825246116387e+00
9.684731165216618365e+00
1.765683755391893328e+01
3.483667827325096766e+01
1.310353249909132956e+01
-1.284112067666100643e+01
5.278673077889894216e+01
1.324965177963574092e+01
2.346733181756800235e+01
-1.011634692249936052e+01
1.545520051071058276e+01
1.084355707108269939e+01
-3.427374691621207603e+01
-1.141302510452838703e+01
-2.261633333283737812e+01
-2.041978565048111705e+01
-6.681765685363814100e+00
-7.674461568866945527e+00
-2.333471733582265983e+01
-6.124977259345645564e+01
-1.596307316664754339e+01
6.894098456038136646e+00
5.029262658432401167e+00
7.681703539762281707e+00
2.565494723750799722e+01
7.741375631872614349e+00
1.796643931620798185e+01
-2.299000089608438202e+01
2.529097408277124259e+01
-2.512760562041989942e+01
-3.978639613986723589e+01
1.214222034638402192e+01
-2.388064631126314907e+01
-2.169435230351970745e+01
-8.765468434581708834e+01
-6.392956096474371464e+00
4.510054109078936335e+01
2.343449380952079508e+01
-5.678445149210858744e+00
-7.638000444059628080e+00
2.089336636825200344e+01
3.677689108356409520e+01
-2.300945286167861781e+01
-5.939037628085600318e+00
-1.882490421596492070e+01
-1.943464550586458017e+01
-1.696786682327445561e+01
6.989200164648245561e+00
3.913155717626639785e+01
-3.603634326241143526e+01
-3.100501314333678238e+01
1.814149160083104562e+00
-5.902389247460433808e+00
-7.341256885687748479e+00
-4.988262167470151098e+01
3.479596085016692086e+01
1.327083106935401702e+01
5.211838423005595189e+00
2.676528155056239200e+01
-1.814446564565503195e+01
1.710582290965500007e+01
1.536306482336408408e+01
1.988101261751069160e+00
-3.358103788043127480e+00
4.872317256024880194e+00
-8.728785587473737451e+00
2.807679126014181747e+01
-2.214653751592575759e+01
2.382595054549082647e+01
5.318034857264422044e+00
7.987907456717721288e+00
1.259997731206453864e+01
-4.810646546654307087e+01
4.685126324839842482e+00
-3.704683564301461729e+01
-2.708064413117515912e+01
-2.708869091903291348e+01
-2.762434918833315578e+01
2.904565908833660615e-01
9.276404515404323092e+00
2.755624813080821411e+01
4.779211122913274323e+00
7.950323779915326128e+00
-3.883772677266154005e+01
-1.410271681575755309e+01
1.880435610060233387e+01
-1.132315520988683488e+00
-2.487370469040683929e-02
-4.882581394952637766e+00
1.938175591574740508e+01
-5.047512510822735976e+01
6.226950482550854815e+00
1.120771862863185220e+01
2.390495327919225588e+01
2.044157270161691287e+01
-3.129700036987676981e+01
6.212383355180776334e+00
3.225486995421732672e+00
2.596518436636188198e+00
3.302482676944208606e+00
-1.039912738041087437e+01
-1.949865484465979648e+01
1.046149284187424655e+01
3.326016789902428172e+01
-2.758910168684280961e+00
6.373235967423227066e+00
9.397674950119807136e+00
-1.416925228631458822e+01
-1.502850259304543101e+01
-6.596546262829517104e+01
-2.037334490448019153e+01
-3.017211571177958263e+01
-3.687240366491607801e+00
-3.731360399606083433e+01
4.150595665548777902e+01
-1.730543756189103988e+01
-2.965755765295304514e+01
-8.551799512275249526e+01
3.670914283030759862e+01
7.370520186204544189e+00
3.392440963552687094e+00
-3.463917452931872276e+01
4.867047980887377889e+00
-1.104100600687591793e+01
-1.811621457165966476e+01
6.491694880018304303e+00
1.865837771378534171e+01
4.035773182416335203e+00
-1.174192232772236366e+01
-1.346412982976517014e-01
1.517416538414266824e+00
8.711789415183204710e+00
-3.509080449375157684e+01
3.988729686416899511e+01
-2.370436767604864770e+01
-1.654465988267657295e+01
-2.704982889123516543e+01
-5.746777584063810451e+01
4.971683228462843829e+00
-2.894423956570085466e+01
-1.051786030675331318e+01
1.803239982614866221e+01
-1.428400274567485440e+01
-1.899176079560845665e+00
-6.494154897164378326e+00
-1.108210077052024189e+01
1.766134224291100452e+00
2.997949413994444967e+01
-2.776858530897416699e+01
5.496042840191003620e+01
-1.249427253134825833e+01
1.846185980176203145e+01
-7.592786947702073519e+00
6.287719857243413202e+00
-6.029120263432105276e+00
2.421868321033423399e+01
3.385449024480580249e+01
1.056691779691017530e+01
2.540105367094913902e+01
-1.966328909795322488e+01
-3.669931097799150166e+00
-1.231256442430321840e+01
3.793334374115624996e+01
3.182777515275489577e+01
2.406374962618110658e+01
-8.451172899183461595e+00
-1.535895997057264140e+01
1.374142521127534877e+01
-1.553562756908543463e+01
-6.863465831718997379e+00
-3.179054042840007810e+00
-1.629028309734094648e+01
2.742474302842208544e+01
-4.552889151292838221e+00
2.096268424390867580e+01
1.082528729115032284e+01
9.538427778462434503e+00
-1.826880270363838576e+01
1.462168892962642985e+01
-1.012559156836871921e+01
-6.518173313803913516e+00
-1.722769288918641450e+00
-2.655750736965205760e+01
4.118009080165410296e+01
-1.468694652261293321e+01
-1.773445231392230426e+00
1.228931315765044019e+01
1.062304142253734085e+01
4.092940902323601193e+01
-9.460462411192139598e+00
4.160443973026703190e+01
3.730462592876155270e+01
-5.169496151305077092e+01
2.802706693684029915e+00
-1.026394659379938901e+01
8.664769550823976374e+00
3.290134176888386719e+00
1.096523363823706632e+01
3.440887704197080410e+01
5.391267250665521971e+01
-4.145097498190497731e+01
4.176072194218932054e+01
-5.405627044675993886e+01
-4.483817881408874229e+01
-7.968427329508870116e+00
2.546716691028905188e-02
4.018157411208802898e+01
1.976059788191128064e+01
-6.648533455734877862e+00
-4.923814309646928677e+01
3.896415150293947960e+01
-2.302792208564807197e+01
9.698770834021956944e-01
-3.948629878015580630e+00
6.947683540658113088e+01
-1.397082836877078194e+01
-5.894596757431764900e+01
1.726986217452190431e+01
-8.978849126825960525e+01
6.341458842606513713e+00
-2.013277564417562360e+01
-1.016791458128875192e+01
-1.497993755097586188e+01
-3.227474020594658555e+01
2.113347656021940679e+01
-2.099132688584781192e+01
-6.483541987171122400e+00
-4.354111133837685088e+01
-2.406697646590941986e+00
-2.886520342156194374e+01
-4.120507995625212061e+01
-6.269861061915349865e+01
5.062122507829570850e+00
-1.966068284865156102e+01
3.466484180512281910e+00
-7.793457838213839750e+00
-4.485789289481368769e+01
-3.588556405331877386e+01
-3.010642846233429282e+01
-3.130724341185299409e+01
2.941242137239312626e+01
2.796954093446871070e+00
-2.751786483244902115e+01
-1.200413801406705261e+01
-1.356179933031398832e+01
2.222478089564689441e+01
-1.714115113024365300e+01
-4.223298816852906867e+00
-1.550496937131782715e+01
-1.971787663349671504e+01
-2.234627829532698229e+01
2.038243051961282504e+01
-8.608572830068226267e+00
-5.114062476441563376e+01
4.256166115155633634e+01
2.430249253929703102e+01
1.466759955984372255e+00
-4.314093990483218022e+01
-4.133885775707284438e+01
3.769684946750999188e+00
3.866080501414614901e-01
-1.743581290201325373e+01
-2.526736034948196163e+01
1.731506863193999379e+01
-3.044604773669192355e+00
1.451704111632193417e+01
2.709072044354576292e+01
1.753099709748640578e+01
1.763681314676797740e+01
1.319968221963397603e+01
-1.152169269368306459e+01
-8.231168012997684968e+00
-1.201338311503541689e+01
-2.028719231721612459e+01
-2.361086482692257960e+01
-3.518227654518088343e+01
-2.057501651029587464e+01
-5.656374896595707469e+00
-4.247324335755070024e+01
-7.889040712921200793e+00
2.018355537024710955e+01
-4.361390486252372511e+01
1.645778970508665395e+01
1.485286720947016192e+01
-3.977447278416099152e+01
-3.135020881336242837e+01
-9.495620185529617174e+00
9.716025140981301433e+00
-2.178166655315737898e+01
3.997353521780553365e+01
3.547620186531059971e+01
-4.274663476828811781e+01
2.472057388453197291e+01
1.924743084646823377e+01
4.840171864334024576e+00
1.200446614616936358e+01
-2.367736049369744933e+01
-7.203092512365486755e+00
4.586523790878118234e+00
1.064765403361953133e+01
2.339893557579974015e+01
-2.834607610049651782e+01
-3.302913968189670868e+00
8.283189341182293219e+00
3.003380626654660546e+00
-1.646448911624035105e+01
1.208781931229612638e+01
-1.414210994396421484e+01
-1.136943460569258946e+01
6.499634923179087309e-01
-3.368912320506930769e+01
1.649202033567966907e+00
-9.341639179466142195e+00
-7.656606122753260024e+00
4.658921793721674476e+00
-3.007470501694314180e+01
3.286450974935513614e+01
-1.396277624055190358e+01
-7.383717641643772822e+01
-4.726361734635119660e+01
2.049621172686168791e+01
-2.243260655092601041e+01
-1.040704346440014660e+01
-1.452182716722564493e+01
-1.017312668005830290e+01
-5.581141329175792976e+01
-3.514442869098729716e+00
-3.453208159681690859e+01
-1.910340937523000093e+01
1.176430197950708134e+01
4.362306917728392364e+01
1.575465326277843303e+00
-5.673500790891239376e-01
3.300760605261577041e+01
-3.072298772301306258e+01
1.770900010418991144e+01
4.226810004975320112e+00
-2.644001233688584307e+01
-1.413337702057035017e+01
1.233269806079556474e+01
3.624023843480799201e-01
6.734635440413420326e+00
5.727569207337808166e+00
-1.311429921445358104e+01
-1.804106629484931545e+01
-2.774681648233769238e+01
2.730367882246991940e+01
-3.576365277721043867e+01
-2.655878047462330471e+01
6.901514952755491095e+00
-4.820776414613523286e+01
1.249543437002824930e+01
3.557833462846843986e+01
-3.998608340680320339e+00
6.452785214330475583e+00
-1.599287396296003294e+01
-1.221583919555715170e+01
5.754835873100489607e+00
2.107776747181638655e+01
-2.153705170802475521e+01
1.499985868583523541e+01
-5.880715875035747331e+00
1.714115800444062643e+00
1.284236092344582403e+01
8.257120022835181317e+00
-7.147207459802046969e+00
1.183806563097675735e-01
1.062165585985889038e+01
1.587232814606110765e+01
-3.984595936896947421e+01
1.848630839504835421e+00
2.855635808794217922e+01
-5.121818520614419867e+01
1.684113105644573949e+01
-6.469237111282019725e+01
-5.968443322967043940e+00
-8.221149698030245645e+00
-2.906993568350230817e+00
-6.755696213311864540e+00
-1.393151433625345703e+01
-5.290808094805242945e+00
6.616365844638167459e+00
-1.479622886048151287e+01
6.673749336277552402e+00
4.859039792317972228e+01
-3.360241347778125487e+01
-1.464120896870673505e+01
2.210714426815530942e+01
1.334848749950252511e+01
2.425266491174712513e+01
1.171175939773261732e+01
1.167894573046635998e+01
-8.919361170623460566e+00
-2.718674337519112783e+01
-2.507477741886495437e+01
-1.497060413917634492e+01
2.568343026980343780e+00
-2.343688728172139690e+01
-7.756951639383302677e+00
4.037233152898053845e+00
1.317875291055042908e+01
-5.666693745920888148e+00
3.305175409453562452e+01
-3.205218980130086948e+01
-2.176889231991594897e+00
-1.687930695329574959e+00
1.523513648790559927e+01
-2.173119787140049652e+01
-1.376610886925013233e+01
1.038903217993240524e+01
2.487769900636585874e+01
4.136804370499110917e+01
1.767676886126568547e+01
2.315570829756875071e+01
-1.545326238866619306e+01
3.489505334126243952e+01
3.655470635506679855e+01
-1.420784603879667429e+00
1.891075595317425950e+01
2.085506005687699371e+01
-1.302084450852521513e+01
4.714798288072216792e+00
3.357273435291477881e+01
-1.334490221518177577e+01
-5.069346539322509670e+00
-3.330605631313252957e+01
1.315408104901632669e+01
-7.116986011607096430e+00
1.088021389547913031e+01
3.232249788377458799e+00
-2.199348316142547333e+01
2.517792738737531977e+01
2.217526246458874084e+01
-1.488044588354279085e+01
1.056092337652823687e+01
-3.377283502785445535e+01
-2.934084833829452066e+01
1.366091141240934803e+01
-3.763061852481241942e+01
-1.699850183117927926e+01
2.849233071185835797e+00
4.566000032824282329e+01
-1.407548201185667835e+01
-6.774874157206539849e+00
-9.943419711756746437e+00
6.190504882809479170e+01
7.685978815159280941e+00
-2.379754950812099423e+01
3.912123339591727245e+01
3.463906476164807913e+01
1.732906043926411144e+01
4.148765812995125657e+01
4.746096035192910989e+01
-4.123333972055686303e+00
-1.528922832500580853e+01
-1.600580596713280102e+01
1.595313973755425252e+01
2.074636962518621885e+01
-3.795718659028992192e+00
-1.276264443483941591e+01
-3.371488196455999287e+01
-1.392424713300566452e+01
-2.493348883731994192e+01
1.663394109681696875e+01
9.447405189698770300e+00
3.518306364295688127e+01
4.101688752255967074e+00
-1.299905798832776327e+01
-4.670988795567467378e+00
2.176303658353538850e+01
6.905741795646349601e+00
3.003964948793247913e+01
3.074974330596609207e+01
-6.661474291578684870e+00
-5.969232878561854250e+00
-5.540919752370496099e+01
2.791920478116652760e+01
-6.673877017482254814e-01
2.988990001316679468e+01
-1.193453330607011509e+01
-3.440624786966907322e+01
1.164994505836603622e+01
4.016680029518478534e+01
-1.442527723628680292e+01
3.643059363794668570e+01
-4.012799057275948655e+01
-1.269138205510047612e+01
-4.480653603463645140e+01
1.049206920952408950e+01
4.432942263225669421e+00
2.976288526485859620e+00
-3.426432447070226317e+01
4.993131645979821087e+01
2.985015973154389712e+01
4.874184061453377126e+00
-2.842577874389158410e+01
1.194432293705111192e+01
-1.282666845967867175e+01
-6.838529181743638219e+00
-1.320824330721876549e+01
1.008487960026468855e+01
-7.980406925831488252e+00
-1.109849424968622600e+01
1.146368129106588185e+01
1.424392112748795824e+01
-4.709612653373488911e+01
1.094573178660129997e+01
3.712764702042386489e+01
2.210163853060316796e+01
-5.737490020621592635e+00
8.310570701001225302e-01
-1.928323063854284669e+01
3.186580404278635115e+01
8.550087260971451997e+00
-2.305169049596599962e+00
-4.126426820897677317e+00
5.870541634918168938e+01
-1.752570756533884833e+00
1.336719937459793073e+01
4.100492928673571669e+01
5.278416147426623439e+01
3.413658508910157252e+01
2.225678606391866765e+01
-3.648968787201324915e+01
-2.486983840159624037e+01
1.889148976133725455e+01
3.824275901368594077e+00
1.734612772415476911e+01
8.744776291848452843e+00
3.371805216518129100e+01
-4.243251275421076940e+01
-2.672426663728037965e+01
-6.332712853962732424e+00
-4.686558120805347727e+01
1.047667651782843734e+01
2.412483219959128178e+01
3.734255483338813519e+00
-1.216129208793637417e+01
1.272221772158624731e+01
7.567979602996524591e+01
1.689361556673514997e+01
8.615008149509606028e+00
-2.570292856341467314e+01
-3.278849248206165612e+01
-8.016655116955035965e+00
1.810164627442796359e+01
-3.243749890766764565e+00
1.298992839783419129e+01
1.911391307948417762e+01
-3.121155863467339486e+01
1.425420947223773283e+01
2.419523591377799221e+01
3.084693873994672231e+01
-3.606659872787417953e+00
2.581017402806764949e+00
-5.497402980434188180e+00
-2.643338800013907530e+01
-3.793193657086726489e+01
4.341575778594161505e+01
-4.223976052613551246e+00
-3.018675401460120611e+01
2.987730257287267932e+00
-1.414815757882681169e+01
4.961771733436023624e+01
-1.277365543294934014e+01
-1.959464774109747509e+01
1.901597350716255619e+01
-8.970737991580989501e+00
2.432172479399764597e+01
7.207953542551592818e-01
5.310457428454645878e+01
2.884554140921230925e+01
2.189604298546278471e+00
-2.033685248261947720e+01
1.499890596936467091e+01
-2.943075295992314011e+01
-4.781634497737627498e+00
3.346600912222065460e+01
-1.527750869490870400e+01
-2.452694679691930446e+01
-1.325697778843957053e+01
2.733332634534070849e+01
6.904526891611482142e+00
-4.526021239496961357e+01
1.814523503420488737e+01
5.054433580358477229e+00
5.030093211063658032e+00
-2.751882128701140573e+01
1.579151409976361720e+00
1.844940334819433758e+01
2.614445762702409581e+01
3.601126512680248482e+01
1.576565027181179701e+01
2.133105993669232703e+00
-2.955314027224477513e+01
-2.556018099392579757e+01
-3.770622653581024508e+01
-7.177305152695794277e+00
1.731943668599458874e+01
-1.343811157465090389e+00
2.803659409663339375e+01
-1.785597423332870903e+01
8.976212245271142365e+00
-9.508684324669800958e+00
-1.633089477950527879e+01
3.343093405775940141e+01
3.871399750855005095e+00
3.437309844186495411e+01
2.591737647872321304e+00
1.215818896330302401e+01
-9.847006478687148956e+00
3.319258960832036109e+01
-9.097483416076102003e+00
3.550401161749050516e-01
-4.269137561449983309e+01
-5.243745272903254317e+00
3.908852368021888424e+01
3.491307234628973788e+01
1.473765268214028623e+01
-9.088413321917087728e+00
3.065312297747723846e+00
-1.147400266627523990e+01
-7.597599971661821883e+00
5.056419121109260573e+01
2.764794147073132535e+00
-1.432963509024889959e+01
-5.925213143627652101e+01
-2.596903220292175263e+01
-2.101868653811833099e+01
-3.506148981138059639e+01
-3.175589529058268567e+01
-3.783667891381210779e+01
-2.511193027878850614e+01
-1.741677345384096043e+01
-2.707881618377210486e+01
2.567742825284627983e+01
-1.139118803223476561e+01
-4.833513966845680443e+01
2.197516900965646869e+01
-1.665306547980141616e+01
-4.447130789248929261e+01
5.317406753371805905e+01
-1.425436617650599302e+01
9.399264289493771685e+00
2.194079582687038510e+01
4.920019059717617438e+00
1.462012961784469667e+01
1.786036739638561244e+00
1.097908801398421730e-01
-8.137615408150040253e+00
-4.132519052389463354e+01
6.517942066497248277e+00
-6.830809521073155111e+01
3.891711201108698504e+01
-2.335272496796150676e+01
-9.718203511656213323e+00
-1.002711472596195108e+01
8.206263115969571587e+00
-9.366591189291028741e+00
1.479760019248385561e+01
-3.031745640498789385e+01
1.963795377433638123e+01
2.367075202725103367e+01
5.723469135517561313e+00
6.288683769994975137e+00
1.185298846352573321e+01
5.000168001935492157e+00
1.514337532778924356e+01
-4.349700915604088891e+00
-3.860252794728654635e+01
5.250405446060540271e+00
-1.360627680952441665e+01
-2.975462318914793514e+00
3.037127326794626470e+01
-4.412515240112977466e+01
7.633616991658698225e-01
1.166236801133493373e+00
5.044872560135729600e+00
1.722104840442766260e+01
-6.683991786572342164e+00
4.569391833733857311e+01
2.420864662175183923e+01
-8.448228445700102895e+00
-4.141718137784721421e+00
2.084150646280932051e+00
4.233799989435527777e+01
-2.915274065164021522e+01
-5.669437840977974474e+01
1.696802580530868454e+01
-6.750875095799813153e+00
-9.202005262643851324e+00
9.101654683702122384e+00
4.183257686745238857e+01
2.443085831984316769e+01
-8.830498704968675838e+00
-2.897116214706176152e+01
-4.707376568415668316e+00
1.556042718659519508e+01
-8.433747056051203117e+00
-4.116996530376707142e+01
-3.360578240806518124e+00
-5.263246558154642685e+01
-2.803566401486358473e+01
4.533469454507641672e+01
-2.879210283598689557e+01
-3.772374064041713382e+01
-2.846651071112628983e+01
-2.042072870108052030e+01
2.001673197006482496e+01
4.661527250939309397e+01
-3.676429419929547748e+00
1.430894876872784494e+01
-1.177834238470973105e+01
-3.849812108207058969e+01
2.597816847980830701e+01
-2.612625966543930645e+01
1.444063292667550513e+01
1.769982725330201845e+01
-5.873152576816437431e+00
2.088856422964317971e+01
2.283634178847430007e+01
6.295251940744157082e+01
-6.587515226570815230e+00
-2.873775998190306780e+01
-3.488767398455178181e+01
-9.527356821102642925e+00
-1.859631705236006027e+01
5.245231122186123685e+01
-2.433401442342855603e+01
6.425638335885590635e+00
2.717980239989657321e+00
-1.223182957342403654e+01
-4.716850945974874776e+01
-3.473817197080364849e+00
5.476069447742149521e+01
9.650593383708383044e+00
4.165266284405362285e+00
-3.214005138792634853e+01
-3.198930610944319142e+01
-7.832902507292498484e+00
2.556089839461304791e+01
-1.410930547393601842e+01
5.716241402805724192e+01
-2.693552376801136461e+01
1.044731731453936163e+01
-7.606778686257200661e+00
-3.608581701917523787e+01
2.389761897793448497e+00
-2.850688574797925412e+01
-4.109765619626102762e+01
6.176805578838070687e+00
1.060166395939987183e+00
2.908255713886812543e+01
1.312317607329452329e+01
-1.868071016974820253e+01
1.193392868675078944e+01
-4.867178363226911131e+01
-2.662431461668296606e+01
4.959753224072079547e+01
4.595392210951139589e+00
-5.906779590370263122e+00
-1.656096699192829647e+01
-2.443175037590663123e+00
-5.530092280348753775e+00
4.951532948042122939e+01
2.315312132515443722e+01
-6.582362829516227976e+00
-1.941069278357758776e+00
-2.187159927266192128e+01
-8.715536248741756253e+00
-3.503660268415873702e+01
2.745006567046343804e+01
3.885382710647164117e+00
5.739994744980549513e+00
9.997327488966107012e+00
-4.449069040733068192e+00
-1.143930843973922329e+01
3.053623993426692884e+00
-6.020393051610368218e+01
-8.617128444198556281e+00
-5.717108800442247230e+00
-4.311738915016960050e+00
2.677609342674118409e+01
3.617284815120937225e+01
9.650820022546668042e+00
-5.295979093186319631e+01
3.460217446990509416e+01
-1.188573469958225814e+01
-2.082135347207778864e+01
-4.848130309725866027e+01
-1.670999261307711947e+01
3.458139798677787979e+01
1.695929428522129001e+01
5.544686344572767212e+00
1.872662827523086548e+01
-3.247966326367964029e+01
-2.588816195398280229e+01
3.134592550116232701e+01
2.162314825432925147e+01
2.670977020456757600e+01
2.764643322185591501e+00
4.676123985112639048e+00
3.033659918762992902e+01
5.366280121506048317e+01
-1.160150376127585758e+01
2.139801537081609695e+01
-1.443403732222975577e+01
-2.436261158024300499e+01
-1.926325674649162067e+01
-1.938441273423893563e+01
-8.080336563708783615e+00
-2.645169974269154523e+01
-1.088059993120106128e+01
-7.545948596108465267e+01
1.886491701863420190e+01
1.230910958721857185e+01
-2.652617961453998419e+00
-2.157076063047134085e+01
-1.026636530419747828e+01
-3.053507389148921902e+01
5.450058400376718737e+00
4.478450353265988326e+01
-1.230649025153621778e+01
-9.369999081361555682e+00
1.166603414756485790e+01
-2.839850417651581438e+01
4.701473089327055277e+01
8.151264865456802511e+00
7.782201201251439215e+00
2.747890871396830903e+01
-1.373744545103789960e+00
3.110091245747111088e+01
1.050850228153943533e+01
-2.178392984133964205e+00
4.550624978993113245e+00
-3.497599304940422371e+00
3.676216286751787266e+01
4.764415836889270395e+00
1.008172306418197195e+01
-6.448660092925507570e+00
7.811003673073173559e+00
-5.123802611373068316e+01
-1.950075854796841668e+01
-2.709761908092480098e+01
2.629831508833996168e+01
-1.775499501399670521e+01
-3.333105341868110827e+01
3.210831301455584708e+01
-6.752960011345109592e+00
2.247650005395792050e+01
-4.997326454192244682e+01
1.026908045546780990e+01
2.883305362401301863e+00
3.433777675148121489e+00
-6.484367808863709115e+00
-4.035062397669435086e+00
2.816532333049254788e+01
1.003327979426728689e+00
-2.818682219157003033e+01
-1.038994250669279040e+01
1.220417326377439338e+01
-6.377274707201320325e+01
-4.876737253531280203e+01
7.181096947624610038e-01
7.800048859450342320e+00
-2.605917195196714431e+01
-1.051863763346517544e+00
5.830030407029346406e+01
1.547827301266238464e+01
-2.983490842534428111e+01
5.186213756084356419e+00
-5.152335085395442604e+00
6.923130264831577563e+00
-1.973306267634981737e+01
1.219909633584830644e+01
1.458660580899618253e+01
-3.834616144907897706e+00
6.180763453563460530e+01
-4.377452566060711092e+00
-1.747045186500639602e+01
1.317192000413001551e+01
2.377500354692381279e+01
-1.867045374142773539e+01
-1.015688538749120795e+00
5.417576481976848868e+01
-1.564849498783871695e+00
3.253932379010768727e+01
8.075857060325517978e+00
-3.860185253206545042e+00
-1.258911762355234032e+01
2.887455698575166707e+01
-3.090769887884261635e+01
-5.681432071625636127e-01
-1.006846170596702450e+01
-2.194519119172975508e+01
8.322200900619151298e+00
1.470615437493994548e+01
2.389876100626338484e+00
-1.988733534721518481e-01
-2.202399945601052877e+01
8.963324052651884699e+00
-1.821530892471784568e+00
-1.253530687494546925e+01
-1.114166419358826943e+01
9.117180895835815591e+00
-2.032574396424081442e+00
-2.091029938631245955e+01
-6.029404461144207517e+01
5.815935640391288075e+00
1.064675015107344791e+01
-2.683703130843288420e+01
-1.322180143086688986e+01
4.573550646024152400e+01
6.218887445728242369e+00
2.180862256886177875e+01
4.788543997887217074e+00
2.203767154343582035e+01
3.168548071330576477e+00
-2.152702132751292652e+01
-6.041167989438420705e+00
3.011310486403914410e+00
1.741970713300617035e+01
4.169363281389848908e+01
2.723744262393137205e+01
1.679921967164176522e+00
9.449668072834413124e+00
3.350928004893850698e+01
1.461955967762406416e+01
-3.833085646922762635e+01
-1.526266050082071501e+01
6.147540816469756919e+00
4.721791470275007896e+00
1.364404831295286868e+01
-2.865179235443008565e+01
3.910828543455394879e+00
2.393650253436587150e+01
2.647548460123012148e+01
-2.379125737391859730e+01
2.072232663203976699e-02
-1.226338016035583678e+00
-9.401579212774493044e+00
-1.572771146546585896e+01
-8.565138041753186826e+00
-4.890921720559603614e+00
5.602939451387186409e+00
2.341338560453051798e+01
-1.710501804896722433e+01
4.478330824978439750e+01
1.813955552797017390e+01
1.483528576537440813e+01
1.958727789017491361e+01
1.498410827253469080e+01
2.014008075593250169e+01
3.028377872066836574e+01
-2.518743979032429081e+01
3.446884997190441169e+01
-6.314410040965186965e+01
1.752557895358467022e+01
-5.918508468122442423e+01
4.621682282352753646e+01
4.169031670009448476e+01
-5.216111331932154371e+00
-2.666415510453651905e+01
-2.350815550516352914e+01
-3.044845637001603222e+01
-3.507242698672808956e+01
3.132735332278932106e+01
2.328179873521820298e+01
1.323700564339856101e+01
1.565894350572068561e+01
2.477113166579542280e+01
-2.169863507537684200e+01
-9.832874009689561490e+00
3.052436833839085750e+01
-7.221466459859797737e+00
2.956775578737864407e+01
4.124314538421825205e+01
-3.205494066489453786e+00
-4.054462541469189318e+01
2.764661990965748828e+00
-1.463102600470968184e+00
-5.647100016760305152e+00
5.847926500547373507e-02
-3.609422869817916535e+01
-6.961833614251531799e+00
4.885016592829066084e+00
7.372192798271626657e+00
2.705054109241709170e+01
-2.365402333858568795e+01
3.082785142508760146e+01
-2.208078948886729620e+01
1.419671563870087994e+01
2.235364154901181877e+01
