---------------------
  #    meV     cm^-1
---------------------
  0    8.3      66.9
  1   13.2     106.4
  2   16.4     132.4
  3   26.3     212.5
  4   33.4     269.3
  5   35.3     284.5
  6   45.7     368.3
  7   52.9     426.8
  8   67.0     540.1
  9   71.9     579.9
 10  109.2     880.6
 11  137.0    1104.7
 12  143.2    1155.2
 13  148.4    1196.7
 14  160.0    1290.6
 15  182.8    1474.0
 16  188.0    1516.5
 17  193.9    1564.1
 18  197.6    1594.0
 19  314.5    2536.2
 20  382.3    3083.4
 21  383.3    3091.4
 22  399.0    3217.9
 23  400.4    3229.7
---------------------
Zero-point energy: 1.855 eV
