-3.905029656514648195e+01
-2.268400104299601594e+00
-8.056269822336901143e+00
2.710469390618823127e+01
-1.342575881805181837e+01
-1.038966052984480370e+01
-2.711745745716791589e+01
-5.667978003215682747e+01
-2.420627278969459439e+01
-2.547392920217384926e+01
-2.362838687721969677e+01
4.793767230368686683e+00
2.233777326157834864e+00
-1.178783215006077967e+00
1.952526225070116084e+00
2.982873543759154700e+01
-1.153052075824462008e+01
-8.133235154046275284e+00
1.319370372628736732e+01
-6.974773985579079749e+01
3.497151880044623340e+01
-1.496958131100075207e+01
-2.714899123542956261e+00
-6.311717753517271490e+00
-1.086479473510394200e+00
-2.413279298312772880e+00
5.409610132252967674e+01
-1.686396772532170019e+01
-4.548236067149275641e+00
-3.419598143880820373e+01
4.422489004258545719e+01
-4.910529242673419503e+00
-2.406576813825233785e+01
1.265519934479637953e+01
-2.309566122688295309e+00
1.465183360940977764e+01
-6.048650704349540774e-01
3.081630659726158683e+00
2.129306016199672058e+01
-6.157806299533953620e+01
3.429056647783701806e+01
9.137484870719831065e+00
-7.027992377401119484e+00
-1.970074763467410861e+01
7.749456454385324378e+00
-1.232354590238287528e+01
2.804353962465813765e+01
2.241027753647364307e+01
-1.443681525733239823e+01
-1.843197388774592582e+01
-1.945664282996989414e+01
-2.340542346356651748e+01
1.186941010978290478e+01
-3.052923367768647722e+01
9.349270467454857680e+00
3.898910322756481150e+01
4.493244101301048943e+01
2.094730482616519396e+01
9.377192059827109460e+00
1.951943007658292117e+01
5.731334119329187615e+01
9.718540472850008882e+00
-3.363691380141148812e+01
-6.809738732123832960e+00
-1.587983024581345148e+01
3.747769785801425257e+01
-4.442486493007224624e+01
-3.866256790110628572e+01
-1.968772261076759378e+01
-1.102784007056669680e+01
-2.524399608812106521e+01
1.768604002569253453e+01
5.863875921693306736e+00
8.811654018702967051e+00
-2.439739901279148171e+01
-2.136838237533532947e+01
-3.683988043151809677e+01
2.031647498960546727e+01
-2.113390662235863005e+01
1.906749215147613086e+01
-6.065560531269719391e+00
-1.679255610879499727e+01
-3.232937699028846623e+01
-9.579847676849510663e+00
-6.898176085516922740e+00
-7.775765389781383874e+00
2.519665164129598978e+01
4.720260798765089305e+01
-2.775145510199219601e+01
-4.842660923055743183e+01
-1.214492362876582376e+01
6.704436181296165387e+01
-3.655261006561963200e+01
2.018084844993461502e+01
-7.334037011901955339e+00
-3.762789024739123533e+01
1.556791015400519029e+01
2.202897581625484236e+01
-1.087060297997111036e+01
2.066951978288329883e+01
-1.515449969312942358e+01
-3.524452270764601280e+01
5.917454736097658952e+01
2.822703143849787466e+01
1.599263910655591303e+01
8.867439159027014739e+00
1.681930402106097233e+01
5.094975289655241113e+01
-1.662945375635937850e+01
3.759398963781016789e+00
-8.535397902267322934e+01
9.937438043285055755e+00
-4.179831382157624375e+01
8.760094232008185600e+00
1.375951356586433860e+01
-2.251866318667509859e+01
-3.195162388248544971e+01
1.387194403356147632e+00
-1.900776933918228906e+01
2.409009633547518092e+01
-3.132335389541538007e+01
-3.465028493273280219e+00
-2.270361443032790305e+01
-2.214119264489397665e+00
1.235623138802338872e+00
1.401995751170383642e+01
4.713718025118396326e-01
-3.273876775029009423e+00
4.015788558722616131e+01
5.688080864723424668e+01
3.069946657302675419e+01
4.441621161990585165e+01
-7.333958042618590412e+00
6.270845829763572965e+00
3.320859548349972101e+01
-5.910519137934926448e-01
-4.752454575043435625e+01
-2.546111487508171578e+01
-3.165467606683212409e+01
-1.732378112938684467e+01
1.787764854358340472e+01
-7.424727152988828038e+01
-1.043155215882072184e+01
2.769802115027958678e+01
-2.342677525521918369e+01
-1.949191868398600036e+01
3.722925304620156339e+01
2.784188648166116309e+01
-2.067525502914833169e+01
1.735922321411510438e+01
-1.588330836579223160e+01
2.137639584371420298e+01
2.122001398308498210e+00
8.296354621619457248e+00
-5.333586341404205200e+01
-2.961155309783105594e+01
-5.434839812904783685e+00
-1.020985715638898839e+00
-2.554605506122726410e+01
6.798941679842971553e+01
-1.091426560736408646e+01
-2.018470471509732533e+01
2.229717397506908583e+01
-2.873101027545069286e+01
-2.288244673902607929e+01
2.044150091512062772e+01
7.992446730421967516e+00
9.586799836568786759e+00
9.812403049006888978e+00
-6.916031553828702272e+00
9.970132920964942969e+00
3.648258618452812385e+01
-1.659840914530263944e+01
1.200910812267528627e+01
5.691347511950290539e+01
2.044323626944203909e+01
-4.727582424390561755e+00
-1.279027070878318284e+01
9.738504147218623075e+01
-1.333548927793273720e+01
2.344985899937540808e+01
1.619628914130950648e+01
1.844786424120687229e+01
5.535017404785969575e+01
2.997207788228041636e+01
-1.710457054763912410e+00
1.516031799421779169e+01
3.071379895286975170e+01
2.254775593749189966e+01
-3.642800935664888584e+01
5.895480326482982036e+01
-5.250199292600478174e+01
-7.716393294844131390e+00
3.445870279501448863e+01
9.343943360440928103e+00
4.682015554925669676e+00
1.774322355360538239e+01
1.397494835738245911e+01
2.153156641372623881e+01
-3.914213295060176279e+01
2.488670711894542364e+00
-1.661187503830592505e+01
-4.201184666248487076e+00
-2.765024354485944968e+00
-6.694230814484797065e+00
-3.603554728386313855e+00
5.240027813223622388e+01
-5.291358702995410113e+00
-1.628176962116194204e+01
-1.613779781155571413e+00
8.128192300560954209e+00
-3.729308253418830077e+01
-3.198304111849671472e+01
-2.267192094956911319e+01
-3.865413768982702436e+01
-1.001407126423306337e+01
-2.609495271844003383e+01
1.141471969404821607e+01
8.042267095622079864e-01
-7.822978998179820564e+00
-5.163389111523059682e+00
3.589687393540117455e+00
-9.187332533466900486e+00
4.255394874821438123e+01
-5.406006420309012128e+01
-9.475283767758096332e+00
-8.464648722181330243e+00
9.982814963778253059e+00
1.405341483853068496e+01
-2.938886014481454367e+01
-9.481673313966638261e+00
2.686294505678683819e+01
-1.258381316813351702e+01
9.917593399851455160e+00
2.132757841287312317e+01
-1.800775471293604824e+00
6.968102386727650810e+01
-8.739807076764748217e+00
-1.978687500342221028e+01
2.013224365134675509e+00
-1.534162397091819230e+01
3.411241637739709631e+01
-2.645637267171301232e+01
7.561983581316553682e+00
3.543941364712298991e+01
-7.926938643870585111e+00
7.384797388216850322e+01
7.995209522982008821e+01
-4.144438494277812879e+01
3.678534595343522540e+01
1.355661487359122930e+01
-3.475933794088203399e+01
1.038395343328716791e+01
2.618626190742730842e+01
2.681486750269476715e+01
1.462060840468097922e+00
1.055191066475890693e+01
4.644367980207778146e+01
-1.465100239677792615e+01
8.900077716176884479e+00
4.481333349523094967e+01
-2.309741858118259472e+01
-1.242617814000766430e+01
3.490931735613823861e+01
1.792103000833338911e+01
4.721219612047991632e+01
1.880720782184874906e+01
6.764259938373868408e+00
1.662760264461066129e+01
2.525286890750061275e+01
-3.338087857720793750e+01
4.254796312762834987e+00
1.539816888787474269e+01
7.237917581044257531e+00
1.475324453164671468e+01
-3.816266371321007966e+01
1.995242781914470243e+01
-2.665233576004231963e+01
-2.074321662424948443e+01
1.328549988635604251e+01
-7.277776190951001922e+00
3.604448147545465986e+01
-1.042681894387675356e+01
1.873851163096037453e+01
2.015577543083759338e+01
4.843812060933375818e+01
3.400304155277312645e+01
3.043065219084266460e+01
-2.104183478464420887e+00
-5.208815491815698806e+00
-1.992366832013857447e+01
4.976477194820429872e+01
4.953373835979380146e+01
2.433604645731318783e+01
-1.567636953334063321e+01
3.100292381675262732e+01
-3.202673238320585369e+00
1.114739370160582155e+01
4.118867387266197966e+01
-7.624133172398188663e-01
-4.968767611355161762e+00
-1.257742667352363242e+01
-3.644043605700247213e+01
5.954622842833475715e+01
3.152164115098975117e+01
-3.723198981682180175e+01
-1.026582037992218943e+01
1.642157559607899486e+01
-6.231069064777145172e+00
3.956383141351903987e+01
7.835227151767753639e+00
4.982683362721735421e+01
2.158317652901776995e+01
-1.418599919674750254e+01
1.249393888378696715e+01
-3.895908554021133341e+00
-1.713985488391477929e+01
9.807819239404352629e+00
9.364902264651675523e+00
5.850822517773886489e+01
4.920286050105428899e+01
3.460858955339247700e+01
4.162131154101723496e+01
5.398567543125651014e+00
-1.617509593227509868e+01
8.922951071391139521e+00
-2.085988874816614569e+01
-3.349365819084526663e+01
-3.476089153607046001e+01
-1.946681515135421137e+01
-6.791541151940316468e+01
-2.177880656728267184e+01
-5.411385208646652245e+01
1.463877565337652520e+01
-2.892683329725583263e+01
2.906682519199887338e+01
-6.180726930799528418e+01
-1.861148346834764311e+01
2.677892137193515509e+01
1.308210246098805385e+01
-5.545878730748071206e+01
3.534264199416134034e+01
-1.616691369040538007e+01
3.362147620226587463e+01
-1.452746481288301084e+01
-4.898805762277379472e+01
8.970769435207699871e+00
-4.067599674333615667e+01
-4.686639758541417677e+00
-1.857110454488915430e+00
2.554936320186182286e+01
7.874755301571201471e+01
-2.697194303706140772e+01
-2.183730721918691131e+01
-2.621770661605921759e+00
-7.144928419131360897e+00
-5.044263034484663422e+01
-3.483730537958902573e+01
2.989644965254385056e+01
-1.330371373613348851e+01
1.263528290470509319e+01
-3.068321209299122643e+01
-1.024958430611943072e+01
-2.591125276202939176e+01
3.221261835654065919e+01
5.980303504524613345e+00
-1.394502175122443077e+01
-1.061613865932241652e+01
7.411605679067434949e+00
-5.106891757458754455e+00
2.692659024481997676e+01
-1.610658936481655701e+01
6.220053588554605994e+00
2.216655586902928121e+01
8.581987173361085297e+00
-1.328684358227334883e+01
9.611635547404432600e+01
3.673281366097025114e+01
2.671906223324000962e+00
6.354422477202774644e+00
-3.913900914814939824e+01
2.098200131577007710e+01
-4.776847301886451191e+01
-1.818464354085952550e+01
-3.442066951846371126e+01
-1.236030092816687898e+01
3.549425765160776791e+01
-3.543671778011434981e+01
1.495655189102140525e+01
-2.394622260236133116e+00
1.299709543543670520e+00
-2.240830024883720739e+01
-2.770666593043421244e+01
-3.487740128487303082e+00
-2.236779406649175428e+01
-1.239657699404696700e+01
-2.582775499424947441e+01
-5.787429747321066742e+00
-2.170779597941697148e+01
-3.139073727666259117e+01
1.308307899259360596e+01
-8.995325526715333808e+00
1.528000678684460922e+01
5.331778398571266564e+00
-4.760091163667476621e+01
-3.281317413176511621e+01
-2.853304261807015507e+01
2.029024003905647078e+01
-1.524049265847054357e+00
-3.878454604366478975e+01
3.680908005668067773e+01
-2.449821318303311557e+01
3.571102950046520164e+01
-1.978187023699315716e+01
-3.021314892075790226e+01
1.483374922590098777e+01
-4.249929651660103502e+01
-2.154649512664565236e+01
3.874891655960249182e+01
1.180546617352098338e+01
-2.744189206016932303e+01
3.394569576455911886e+01
-1.133813893799452899e+01
-2.377591587729045841e+01
-1.903338113639770768e+01
-3.134166981793771356e+01
1.729382436537646583e+01
-5.621318482080965850e+01
-4.955088482591688148e+01
-6.340099832993814744e+00
-1.880478959947879503e+01
-3.696806232635415768e+01
4.597994211185925906e+01
8.392761853368412517e+01
-1.722084838146007257e+01
-2.235035731904162049e+00
-3.792831693859518083e+01
4.099391384756904699e+01
1.276160948963598685e+01
-1.495003750017724542e+01
-2.279608427990994812e+01
9.236559512807708927e+00
-3.632082000331500637e+01
-1.104335502376292766e+01
-5.441507932211760590e+01
2.279459310505501435e+01
6.919399061862407052e+00
-1.111810067824364978e+00
-6.467421123189751597e+00
-2.504471093684617244e+01
-6.860545585322199713e+00
8.211091117865390743e+01
-1.145216319740558220e+01
-3.006808968554463490e+01
-4.370567021799998031e+01
8.718488679230461003e+00
-2.346867967353279028e+01
6.785569290425897293e+00
1.899268477907254038e+01
4.767806096170033925e+00
1.959890185732402657e+01
9.454818216123015873e+00
3.665751153780854565e+01
1.649390380712914350e+01
-2.190485274029074958e+01
3.001564466589053382e+01
2.185619028636722305e+01
7.734569508247574277e+00
2.654484605493831850e+01
-1.776451744680267097e+01
4.617743414094451282e+01
1.472773963128545205e+01
-1.985698978310931295e+01
-3.691042919777455467e+00
-1.129739504182674636e+01
1.280212491939056463e+01
-1.460513015578136020e+01
-4.938013617775567354e+00
-8.033642664072885964e+00
5.068714604636699050e+01
3.459707156047201693e+01
-4.067705982731602887e+01
-5.074466142755994724e+00
-3.305631941608805846e+01
-9.090727103577762591e+00
-1.477302195212534031e+01
5.386367553792013041e+00
-6.540176434067728195e-01
-1.799379979194986845e+01
1.060599089217728874e+01
-5.157677439574705147e+00
-5.875927447086638722e+00
5.395064878481744586e+01
9.063525881569233889e+00
-5.167014563647292391e+01
-2.486877538730698234e+01
5.997742151964263257e+01
1.705566333285349856e+01
-5.945405506302449794e+00
6.691386149236652159e+01
-1.011787463866909320e+01
-5.722893681040005731e+00
-5.066531613653864952e+00
9.687687456266701247e+00
1.950269251259545911e+01
2.731841345187447700e+00
1.813735652053804870e+01
-8.006813944479659995e+00
-2.201191839231580616e+01
-2.607202278731521972e+01
-3.004051920230290307e+01
2.580960425271425152e+01
8.111701315099978160e+00
2.387697243280450010e+01
8.735224817397664765e+00
5.586926958485523187e+01
1.167886636891752516e+01
-5.046477591817659913e+01
-2.145752977910940729e+01
3.854033185775847414e+00
-1.822710000613133730e+01
3.953994274636420414e+01
-8.715494129063586115e+00
1.052355241138645425e+01
3.301213283010071109e+01
-4.676008947475713740e+01
9.363277032684527512e+01
1.297925588765576776e+01
1.491908295722726052e+01
2.263937594252041663e+01
4.682732794433434265e+00
-2.787592799759011086e-01
2.193822302279932046e+01
-2.317889051993813609e+01
5.194801937129697933e+01
4.593620338163934491e+01
-2.608340898904444316e+01
1.006682625497012395e+01
4.379875967576350604e+01
-1.289244471893989896e+01
1.092241259832329092e+01
2.361316067697154608e+01
2.539692441088445207e+01
-4.780675353980851128e+01
-6.440616088475167089e+00
-1.920830772184599766e+01
-1.951880839766829467e+00
-4.942810466970740890e+00
1.085840140703624002e+00
-7.847310329206948154e+00
-1.986868485941238305e+01
8.239501456899674281e+00
4.320309903295850518e+00
3.320423009075174292e+01
-2.739851993440005629e+01
2.727767647957375630e+01
2.956162792739691270e+01
-7.836572051949161732e+00
5.099853195641176740e+01
-4.259314607301956812e+01
-6.452751411956431582e+01
-5.377830266730180497e+00
-4.978941842842971255e+00
-7.484398103036937755e-01
5.001273650022483253e+01
-3.046552934710298643e+00
2.677656928986894513e+01
3.362513333040381269e+01
2.338809586090889070e+01
-7.166009739920127686e+00
3.732081792664769182e+01
-9.939889830885178412e+00
-2.218139363504667472e+01
-2.564072273021960768e+01
6.739517975505698644e+00
2.215073792299676825e+01
-8.593242398920182268e-01
2.180036051177984291e+01
3.414290780686428661e-01
3.791153898492861174e+01
1.085047979528897599e+01
5.630110048136202749e+00
-2.355551947170738458e+00
2.014389231557821347e+01
2.348560786642181597e+01
1.076609595753288318e+01
-1.119183046415798799e+00
-3.438612358267789659e+01
1.819517487038386605e+01
1.189711337401882929e+01
2.222980655645623926e+01
1.762272022467510624e+01
2.258410485403891954e+01
-5.395680794292118776e+00
1.947291699591769998e+01
-1.678081401015208485e+01
-4.513517542088720802e-01
-3.388998013841575130e+01
-1.922662361289829391e+01
2.515771162212389100e+01
-5.632541097845566469e+01
1.658182155926286327e+01
9.920749987213980603e+00
5.190155853933804053e+01
-1.185751058810244274e+01
2.081485247721646914e+01
-6.234387792703046216e+00
-3.027006140032383996e+01
-4.249046757574086541e+01
-7.294701288043953014e+00
-5.525777465186590121e+01
7.345998398706512944e+00
-1.243339587596435258e+01
1.927321391533867256e+01
1.469895336733884506e+01
-1.784040554237950005e+01
-1.827092913789334716e+01
2.558551639653980914e+01
-3.840302431394075455e+01
-7.632168111450596371e+00
-1.181435971484989977e+01
1.708307281009563994e+01
5.653716243598978508e-01
1.689794380798247175e+00
-1.179996155909756794e+01
3.423109384459502280e+01
-3.460344583373534988e+01
4.289616674695423626e+00
3.762625283332639015e+01
-2.297094630088355416e+01
1.932288969512740096e+00
-1.738319537407164717e-01
-4.069991902697502439e+01
-2.504059064181419103e+01
-3.106589855917277987e+00
1.763315427419371417e+01
2.060729445594714093e+01
3.822725398991423162e+00
-6.006921749024911605e+00
1.114629860351755042e+01
-2.657486927722376890e+01
-1.240540054500655742e+00
-3.241227912768499664e+01
-1.741443828578194086e+01
3.036012775641069084e+01
-1.782773135472444892e+01
4.237915920914917933e+01
-1.499338815670307667e+01
2.048413667219816148e+01
1.577946630459999255e+01
-3.957926711235219841e+01
-1.571685260661188011e+01
5.449277370995247338e+00
-2.606362156738717317e+01
-2.355409215158606884e+01
-5.453054950945272594e+01
-3.378646957772173209e+01
-3.189843473130818552e+01
-2.744020117028154004e+01
5.234427013799347606e-01
1.137278456441949004e+01
4.242464106494736598e+00
1.518572861644519634e+01
-3.546620897996768917e+01
9.518927544619373293e+00
1.682845913553910577e+01
-4.206550558766912218e+01
-3.883524950763808192e+01
-2.633426180596035238e+01
-1.697579511594611290e+01
1.016007102391023409e+01
-8.205079142393287839e-01
-2.632944820183276136e+01
1.872777630940976223e+01
-1.488108749206959658e+01
3.136176242701117189e+01
-5.554523216853812073e+01
3.946607980876444799e+01
-5.605076967432594870e+00
-2.504914639227401096e+01
-1.564730511203102736e+01
1.158933660310424330e+00
2.792952015308097913e+01
-4.601174315241453172e+01
-7.389114114268323874e+00
-1.262077150550890536e+01
2.793001830457156132e+01
5.213397569693917433e+01
-6.200889911187607595e+01
5.802728334960522716e+01
2.594689763983247133e+01
-4.658231044169552604e+01
-1.996444502297447343e+01
4.943055612461775183e+01
3.705463462411501041e+01
-1.299533509263727638e+01
-3.656562482400659064e+00
8.950737591346786814e+00
4.655466775408029889e+01
-3.541063473861898814e+01
7.942546699724601922e+00
-5.189510015679715593e+00
1.705099589452481723e+01
-4.529003830444103329e+01
-2.090248420160925491e+00
-1.899159933267817735e+01
2.979957683356106202e+01
2.625257477006357476e+01
-5.445734263150313836e+01
-2.980252606642203261e+01
-1.347942254882218549e+01
-2.652827744142950195e+01
-7.286572155157088559e+00
-1.270513612188224783e+01
2.805635236218580530e+01
2.623058526155978143e+01
-1.362087171391408447e+00
-2.861833354907535210e+01
-5.304164088737789484e+01
2.966599081762689138e+01
-3.064172498357493168e+01
-2.267899327664602538e+01
3.700517650244748324e+00
-2.239649511427143125e+01
-2.438806282052442498e+01
-1.786501108085278133e+01
-2.985950365867682876e+01
-1.617252276710220471e+01
-3.241236637932044573e+01
3.490387744688170102e+01
3.832449743519259044e+01
-4.108502680644392058e+00
-1.369257670398491200e+01
-2.822803269995119990e-01
2.835987216629700924e+01
-5.363254584280349491e+01
-1.241563527438546544e+01
3.070848526232623499e+01
4.419792285330592563e+01
-1.047017230381987929e+01
6.201349213894616241e+00
3.422950327261071379e+01
1.034397071633650000e+01
-6.401587386220057851e-01
-2.772866685816535437e+01
1.259385436903733080e+01
-2.164290903437506586e+01
-6.583478166659261888e+00
-1.211275968268040515e+01
-1.026710069526376401e+01
1.411751528579884507e+01
4.934085641617054563e+01
-1.487406616508707202e+00
2.123554544373305930e+00
-5.681259331564724846e+01
-1.182517153051367131e+01
-2.244786750843135792e+01
-8.343985637944228984e-02
-2.926028297969463665e+01
5.320557065396297958e+01
5.064417180131772511e+01
8.749189636792173985e+00
-1.231195823665495936e+01
1.035881239784423258e+01
1.288540963735201217e+01
-2.975941141414595847e+01
-5.235706717664811549e+00
1.181555596539146791e+01
8.308362507416717335e+00
3.438220580570825291e+01
2.524472628028621557e+01
-1.323686328384101785e+01
1.626187978720460592e+01
-6.186341877698330904e+01
-7.828307203046662721e-01
5.444100408880282771e+01
7.446788953626423790e+00
-1.290779886963832723e+00
1.908657072831701385e+01
-1.785160338494351606e+01
5.612648162671084151e+01
-1.037111117017823858e+01
5.021222988854896130e+01
2.444184976721155067e+01
-2.528329299580002498e+01
2.019560836998272180e+01
-1.908344524648390461e+01
-4.511967823970013569e+01
-4.031501729867841277e+00
-3.476986703756581676e+01
-3.282946535862805604e+01
-3.072048770471766943e+00
2.254217081212516405e+01
-6.053871220469062564e+00
-1.956387496529384862e+01
5.603461423775684125e+00
-4.322660325112269675e+01
-4.406762529330995548e+00
-5.181289476808791505e+01
3.053680731340043053e+01
-7.521908586762293680e-01
-3.118857863891395255e+01
-1.040904379981049033e+01
1.154048094298613591e+01
-2.207954630891703118e+01
-2.852044353038590430e+01
5.889482613676968015e+01
-1.512587849540477691e+01
-2.518500550994349396e+01
1.706388975848354050e+01
-1.102081324412458940e+01
3.414890401656314367e+01
-2.838250216420078686e+00
4.353471899499993469e+00
6.752835253298206908e+01
-7.806461982850720460e+00
-2.292485248027179523e+01
-2.690737866021652280e+01
-3.183572597631638246e+01
-2.139414364592681750e+01
1.696200591929607526e+01
1.694515816588591406e+01
1.394707673197000730e+01
4.597838587613568961e+01
2.053050131696295466e+00
1.306811691054619473e+01
-3.978052099223626215e+01
1.671861294709628964e+00
-1.167100550935825254e+01
-1.667646122236743622e+01
-2.139833262228762578e+00
2.109666423633188970e+01
2.390191080353940833e+01
-4.214996288710182171e-01
7.607128095753182606e+00
1.727913977676804791e+01
2.186553928343455766e+01
-1.529251799225021102e+01
-7.913305447081086186e+00
4.441386151127346693e-01
-1.446429336401939736e+01
-3.187600841553688724e+00
-2.243048697952630732e+01
4.965721752755607099e+01
4.023996360358421498e+01
-1.017599210446053348e+01
1.001223311717927800e+01
-2.886694082648258330e+00
-1.875014462030621587e+01
2.233982273023676157e+01
-5.972884369504242841e+00
2.501400201370813647e+01
-3.280307120377014485e+01
1.124589885207242901e+01
-6.219491325744343158e+00
-3.375606454500018572e+01
-1.527779340564666199e+01
1.673691301001470322e+01
-5.722314179377110577e+01
2.693622543988391271e+01
2.922956799970040720e+01
-6.241489850134492201e+00
-3.733950195503695113e+00
-1.975493125041253961e+00
1.566435701846756956e+01
-2.045962015148202795e+01
2.262800056265822946e+01
1.912719124483257360e+01
-6.167000946243422277e+01
-2.218669562044161125e+01
1.489320199120927768e+01
-5.351635531702356730e+00
2.719949684194219230e+01
-3.996686122845466116e+01
-3.323622760721491431e+00
-2.624273948187342143e+01
-8.063327144639053756e+01
4.823547040466510794e+01
-3.663006722342345256e+01
-3.836271491608209061e+01
5.584342857636627855e+00
8.133784248429381591e+01
7.275818549430397297e-01
-1.762229629496280836e+01
-1.954071026212830020e+00
-3.448979507851916537e+00
-5.376966929758839342e+01
-3.842945617798474700e+01
5.139551744543672385e+01
-6.415426732367080831e+00
-2.364716623324422073e+01
3.097036699225452594e+01
-2.249302496558308917e+01
2.315389484041139667e+01
3.338987329508303503e+01
-3.583276034479327166e+01
-1.761165252171832662e+01
-2.178774142758194898e+01
-1.122234790582163555e+01
-1.106831393885858006e+01
-6.515119701949856790e+00
8.958996762967501581e+00
-2.140785626183699719e+01
1.780469144875453935e+01
3.634363374481416287e+01
-5.684977433532111490e+00
-1.276412981573503203e+01
9.137865942154206778e+00
3.511889093266867690e+01
3.272668006827790066e+01
6.102048378100988657e+00
-3.478164486062894412e+00
-5.441570243476135715e+00
-3.186220136014196669e+01
2.413621260191308693e+01
-1.403063912655325396e+01
1.247674663108011828e+01
-8.760077878299171061e+00
1.695231220184535914e+01
1.146757512714717109e+01
-5.051759128666000720e+01
-1.670518202253617801e+01
-4.927964792631944135e+01
-2.237824618055879000e+01
3.341421217226752560e+00
-1.078095488637634958e+01
2.046404259243621482e+01
-1.880929947699985405e+01
2.296040763114689298e+00
6.730155303448100312e+00
4.440701304900278501e+01
2.251589326139861669e+01
-1.894734630063086200e+01
-7.541945716246374332e-01
7.611993382203564806e+00
2.403683010965324129e+01
2.204917632657554805e-01
3.422292233389077865e+01
1.414139269734008764e+01
5.678959987498996043e+01
1.212648735811725942e+00
4.108321987448945833e+01
-1.692380271518553059e+01
-2.363598770249814862e+01
2.775153478218612690e+00
5.866496963810050147e+00
1.682800390417131098e+01
-8.842599317177132434e+00
-8.576258445637392924e+00
1.623157551237720142e+01
-3.036727702462593470e+01
-3.454470424566244446e+01
4.966477709453764078e+01
-3.730401084110667398e+00
-2.453186657677111526e+01
-2.528095971713796075e+00
-8.458709017372370909e+00
2.661919420187892626e+01
2.074967879598753484e+01
-1.262567126427643416e+01
4.979583035334940178e-01
-1.657947412651073194e+01
-2.210523913320747624e+01
-1.678534905338653971e+01
-6.059633185885577689e+01
2.770352485151761357e-02
-4.038312525126276853e+01
-3.490028945559785711e+01
-2.337397165046940017e+01
1.199559807172170167e+01
-2.286321643312464857e+01
1.448196233351771411e+01
-3.837241510054926863e+01
6.681101179785287059e-01
-2.596424283393179167e+01
5.342294843695043483e+00
7.024695921728550729e+00
2.089377398311231104e+01
-1.313426219289866026e+01
-1.002176627081991001e+01
1.850118807200507121e+01
3.714954650630809851e+01
2.058100135088002958e+01
5.196118365225629532e+00
-4.494004961496487738e+01
-1.064375489217911763e+01
-1.978106016811744894e+01
-3.787383616749457360e+01
2.533782954183755010e+01
-2.273561461134812589e+01
-2.063946795261159650e+00
-1.755482451496500573e+01
-6.251829294820822724e+01
3.243100843063936622e+01
-1.103400670559403807e+01
2.539081722313591172e+01
-4.475485364913502906e+01
4.222645864086942424e+01
2.310409445322079591e+00
-1.804831636480846058e+01
5.381734189134192547e+00
-1.306257574017996603e+01
-4.108780444955590383e+01
9.077434823068998071e+00
2.230100650948848795e+01
1.098306613796921738e+00
-2.270359405154545129e+01
-1.023465063557500798e+01
1.100391636705074916e+01
2.000534196223208028e+01
3.950558732960252684e+01
1.483918273429929968e+01
-1.456256634262450689e+01
5.977716779595459684e+01
1.504234478029623290e+01
2.658123567581704094e+01
-1.141316860899831909e+01
1.754855163744939262e+01
1.228396805700016614e+01
-3.885025639945592957e+01
-1.292635520482653533e+01
-2.561439600292622742e+01
-2.310698317123777201e+01
-7.553995114847282366e+00
-8.704168269654473988e+00
-2.641979948881564155e+01
-6.947041331192360758e+01
-1.810392455432171488e+01
7.843667278782049834e+00
5.707169198481153671e+00
8.675499700016814586e+00
2.907624021266872205e+01
8.824775286868622004e+00
2.035462880223417415e+01
-2.611229754686125659e+01
2.864271039633035798e+01
-2.850836790636333262e+01
-4.507826509136867799e+01
1.375635539305358179e+01
-2.703325370016474949e+01
-2.462196021991270811e+01
-9.935893841594338483e+01
-7.245776065277027556e+00
5.109927173220467012e+01
2.658338928552832670e+01
-6.424682286134157039e+00
-8.644506764707045932e+00
2.361000747682251699e+01
4.169007773830486485e+01
-2.606632754466521362e+01
-6.753039117802074998e+00
-2.133065133658564605e+01
-2.200057653890343090e+01
-1.928104346082441367e+01
7.957102475529545416e+00
4.435520045731408345e+01
-4.088268233230067494e+01
-3.514766149148078966e+01
2.048473009166229986e+00
-6.694634699324438998e+00
-8.383039460525672837e+00
-5.653436500854127189e+01
3.938537609770285997e+01
1.502772022994759027e+01
5.874916598243885346e+00
3.035969345504732075e+01
-2.054302853500916015e+01
1.940972175333139660e+01
1.743158607801416338e+01
2.312209751817306369e+00
-3.825817114332156876e+00
5.555115190020089244e+00
-9.905553603196160850e+00
3.177668889154566045e+01
-2.513084633243005328e+01
2.698563020354040987e+01
6.058524132603395174e+00
9.041786743143887861e+00
1.423604223576586492e+01
-5.450362897656771111e+01
5.269331658281430464e+00
-4.199035119690219631e+01
-3.071328834410358866e+01
-3.071409108616890649e+01
-3.128025258484649385e+01
3.345633088897557172e-01
1.049958777993288095e+01
3.120941656377034690e+01
5.424561435582624824e+00
9.005004239167629265e+00
-4.401327960765650005e+01
-1.600561013901135254e+01
2.131792609468227795e+01
-1.250771713933907847e+00
-3.529998419278967958e-02
-5.558471871649544482e+00
2.197656038947221191e+01
-5.722328239455100629e+01
7.063316067296057099e+00
1.273826836516306571e+01
2.710560458396173189e+01
2.320202172998548917e+01
-3.547361956033246599e+01
7.054871889042431121e+00
3.651969851254520449e+00
2.993597375605077104e+00
3.702758071172695509e+00
-1.180941598606980847e+01
-2.212186899068564117e+01
1.184454026231514945e+01
3.767999309925676243e+01
-3.125044151947918181e+00
7.246308656536314174e+00
1.061896494743115227e+01
-1.608998719003324140e+01
-1.701880025453237977e+01
-7.478164935343933450e+01
-2.315394677906002130e+01
-3.419867695474621883e+01
-4.197018600650039843e+00
-4.228210639060529275e+01
4.704243258893228585e+01
-1.960533465024781208e+01
-3.359119750737292520e+01
-9.693282994095352478e+01
4.164517693972112511e+01
8.359770735056912372e+00
3.772175463049336486e+00
-3.925239964839985873e+01
5.519849837111507895e+00
-1.245391501185895322e+01
-2.052939708957861242e+01
7.314264591543647498e+00
2.111962506364579895e+01
4.597447921962526607e+00
-1.329960504055844694e+01
-1.512910760181966907e-01
1.718344301529924678e+00
9.848989093483680790e+00
-3.980832971136435106e+01
4.519374059548474776e+01
-2.685045504917557224e+01
-1.873010813949551334e+01
-3.064740605023229136e+01
-6.511690930029638480e+01
5.632428827425876250e+00
-3.277235451413619671e+01
-1.194463707054008239e+01
2.042723142261553448e+01
-1.619374244327758561e+01
-2.164592466132546633e+00
-7.369564381906258177e+00
-1.262148211159052380e+01
1.981047763864605571e+00
3.398163379772995540e+01
-3.151882015535980486e+01
6.230833073839343683e+01
-1.413371685941135070e+01
2.093533074210027678e+01
-8.583822973868720396e+00
7.144524984900318287e+00
-6.817253076032557146e+00
2.747442891310788582e+01
3.841858747612679537e+01
1.198547311172361418e+01
2.889864160425145201e+01
-2.228619498343813632e+01
-4.121218387475600764e+00
-1.399190496499466008e+01
4.294150207229080252e+01
3.605186283214533205e+01
2.724565840937174244e+01
-9.634520240425558768e+00
-1.742507866333471611e+01
1.557145153195030218e+01
-1.756767639934247427e+01
-7.784340738057892395e+00
-3.617331462898675909e+00
-1.849508153165412949e+01
3.110412866167291668e+01
-5.155244775353246212e+00
2.374934062414617131e+01
1.222245958669274302e+01
1.081103252275097759e+01
-2.071577744396832088e+01
1.660776549274839908e+01
-1.143262372535446048e+01
-7.369264790933101494e+00
-1.956362276812200207e+00
-3.012513627238172376e+01
4.668387997155855373e+01
-1.668189692737178831e+01
-1.979118419206884028e+00
1.393523139463660243e+01
1.201928166717007684e+01
4.638073384165845425e+01
-1.079741984912607222e+01
4.716845580243264635e+01
4.231475161238326166e+01
-5.864564724298082865e+01
3.193293040613298217e+00
-1.161834538674011696e+01
9.774030879043323239e+00
3.714077677510388753e+00
1.242037893604606325e+01
3.900852631414766591e+01
6.107070189547950889e+01
-4.701347202865559893e+01
4.734086342830187277e+01
-6.125284151112175834e+01
-5.079774457703251755e+01
-9.029312279894469384e+00
6.397590311220824333e-02
4.558533666133831730e+01
2.239147639458758476e+01
-7.563458115955540961e+00
-5.584614790992239364e+01
4.416788390143065612e+01
-2.614944319102380632e+01
1.131216158796974014e+00
-4.430998550240168754e+00
7.881553035656654060e+01
-1.586010409477535177e+01
-6.679698251888390814e+01
1.960387678238896569e+01
-1.017932343588430797e+02
7.204851291610424369e+00
-2.283516440054691543e+01
-1.150486066033856503e+01
-1.697520893822198218e+01
-3.656878259758838112e+01
2.394662755709966007e+01
-2.376112455325165485e+01
-7.355169205591664650e+00
-4.935104782684783231e+01
-2.739506833554997911e+00
-3.272616249437832181e+01
-4.666871789861835396e+01
-7.111212444266948296e+01
5.740509045485339357e+00
-2.225545155567154154e+01
3.881860614632273609e+00
-8.788336761477637538e+00
-5.083651240679000693e+01
-4.066219155521017115e+01
-3.412438738181486997e+01
-3.544170478625136411e+01
3.334404871433599737e+01
3.226530670903343889e+00
-3.116848087317232796e+01
-1.357185605533430817e+01
-1.535853336911623046e+01
2.515728177829635825e+01
-1.946868977861233674e+01
-4.804838163703216480e+00
-1.752953814795802145e+01
-2.238334987515423791e+01
-2.530279278777923935e+01
2.313243260398559187e+01
-9.723745322611080155e+00
-5.791619684877423424e+01
4.825671339775044544e+01
2.755709224773762145e+01
1.665574285370723828e+00
-4.885296505786675425e+01
-4.688881587755065539e+01
4.334666730821652436e+00
4.569787704973009568e-01
-1.981949023217646300e+01
-2.868738322626254700e+01
1.966279160805055426e+01
-3.479102054631113106e+00
1.647527768704844675e+01
3.066708488455594761e+01
1.990407089343625557e+01
1.998253780368273169e+01
1.496627787337205895e+01
-1.307510943340187737e+01
-9.311364704668648073e+00
-1.357415408102643539e+01
-2.298783310010236391e+01
-2.681142251814469546e+01
-3.989462957277196153e+01
-2.332187745265626688e+01
-6.389065960490654561e+00
-4.813485287841740501e+01
-8.926854930361798779e+00
2.282421330258221559e+01
-4.942082298712716693e+01
1.863053812842909451e+01
1.680234153505452355e+01
-4.502394547544440684e+01
-3.554744662021525414e+01
-1.076312273942909314e+01
1.101573336560318239e+01
-2.466062538567575757e+01
4.530951524370593120e+01
4.022710369812176623e+01
-4.842961942427479016e+01
2.803614845561946822e+01
2.179996307993417304e+01
5.473097828399687614e+00
1.358574569596049741e+01
-2.682868750684238535e+01
-8.188650488195122534e+00
5.189745526023159528e+00
1.205751047385396646e+01
2.653830517399573097e+01
-3.216641358276076090e+01
-3.761354313994445420e+00
9.398993780073212179e+00
3.314429990135323578e+00
-1.868402870505701685e+01
1.368234402869072142e+01
-1.603489541305575017e+01
-1.287114278961647074e+01
7.350543925430201853e-01
-3.817829313300333638e+01
1.848143910316892402e+00
-1.059950079028635628e+01
-8.691575140273243960e+00
5.281710625991536290e+00
-3.408861018813138344e+01
3.722494433190993846e+01
-1.582369797095438457e+01
-8.370534937314766921e+01
-5.357935146429940687e+01
2.323900462414498236e+01
-2.539557710695871151e+01
-1.183165343266347236e+01
-1.649459920579941752e+01
-1.151388603895115637e+01
-6.329580920306790404e+01
-3.981063340644595883e+00
-3.913447469212786700e+01
-2.161210408071775646e+01
1.336884188158325060e+01
4.941142037926334751e+01
1.767553338472573898e+00
-6.123116159723878127e-01
3.742110101970366998e+01
-3.478076779032090826e+01
2.006989665082717522e+01
4.790113685560569934e+00
-2.993611697914741399e+01
-1.599411276549801642e+01
1.400590296428754300e+01
4.055164749924031753e-01
7.619694184907825019e+00
6.511385469894861444e+00
-1.488495900057901622e+01
-2.035443143641623465e+01
-3.140333217769403973e+01
3.096956061610501365e+01
-4.054854853231030631e+01
-3.009585316538486666e+01
7.842701245129319432e+00
-5.468290744756924937e+01
1.412928740601870459e+01
4.028064426961014988e+01
-4.547446189991383392e+00
7.293745344001180797e+00
-1.808742965689469884e+01
-1.382862837506638698e+01
6.539371512936895670e+00
2.390431969801005252e+01
-2.440760208376285334e+01
1.697682052177205492e+01
-6.655627234570971495e+00
1.913598721342111730e+00
1.457545631039658929e+01
9.390443768331323326e+00
-8.056709509505864730e+00
1.490370064310297948e-01
1.207236470636956938e+01
1.795863027806024093e+01
-4.513639971923240068e+01
2.037418270489411043e+00
3.239966642549909182e+01
-5.806548679798009971e+01
1.910285086506522134e+01
-7.333078356551280308e+01
-6.763612996046740378e+00
-9.323400736275033296e+00
-3.261250261927671090e+00
-7.620305162550693012e+00
-1.581910204695952871e+01
-5.967798121493785857e+00
7.551022212589657556e+00
-1.673326223122542444e+01
7.584869279948662779e+00
5.506528614268086130e+01
-3.808749445577151960e+01
-1.661694659664891560e+01
2.501166666375860359e+01
1.508309632311789983e+01
2.745918927734387438e+01
1.322907572773081597e+01
1.328552217007039360e+01
-1.009688427103222352e+01
-3.082648812646931447e+01
-2.839744918347906832e+01
-1.695394868444483194e+01
2.919072284310345822e+00
-2.652813210596900717e+01
-8.771893559259972051e+00
4.575842434511486090e+00
1.494357109219492941e+01
-6.414263815908590516e+00
3.743679120869090582e+01
-3.632151884948316933e+01
-2.458607932070464130e+00
-1.944221223626367845e+00
1.729241160331093852e+01
-2.467109742853325827e+01
-1.561666070378507243e+01
1.182290119699284503e+01
2.823480329665862598e+01
4.686622475847156721e+01
2.006929386386059377e+01
2.625671027211731712e+01
-1.752336048099212107e+01
3.951172620159019289e+01
4.145800894625861588e+01
-1.626687752699865541e+00
2.144627791081245505e+01
2.366157258476427216e+01
-1.474610755773503001e+01
5.310632506234952643e+00
3.805242128630936804e+01
-1.512571508753433136e+01
-5.763676058610485597e+00
-3.779428203161615585e+01
1.492001944102077005e+01
-8.019585766089235790e+00
1.235028500309601895e+01
3.678839687418118842e+00
-2.495121467601063969e+01
2.855382557758980511e+01
2.513128447667443766e+01
-1.683447663782848736e+01
1.195023728281033470e+01
-3.822725795392074133e+01
-3.325522080296342153e+01
1.549906589077806984e+01
-4.267259571453814715e+01
-1.925896642023958449e+01
3.267291965849437929e+00
5.177257556742753053e+01
-1.592134927302151937e+01
-7.655483687361751777e+00
-1.126387165699296133e+01
7.018064559191739704e+01
8.772676753689061968e+00
-2.695528881226390183e+01
4.431552201859773277e+01
3.926371392015018102e+01
1.966547707136476220e+01
4.703461888650824108e+01
5.375352878289356795e+01
-4.697158542157474415e+00
-1.735045453769500057e+01
-1.816681477088502561e+01
1.804932716572392337e+01
2.347836180067690748e+01
-4.294027557328291778e+00
-1.446870651995214985e+01
-3.820988255170638581e+01
-1.581435097286527025e+01
-2.824395778276283409e+01
1.883791637320963730e+01
1.067331729151771924e+01
3.986690858938521842e+01
4.636249673893388490e+00
-1.473052091981594458e+01
-5.289751565012672074e+00
2.469121656682872867e+01
7.817099217892064189e+00
3.404325034184978449e+01
3.485970840067921017e+01
-7.560502682463152269e+00
-6.733883584401553435e+00
-6.279720759059262036e+01
3.164689200004576008e+01
-7.738315900820111892e-01
3.384477076585972100e+01
-1.352785437822050341e+01
-3.901609534848699923e+01
1.318672533786989476e+01
4.551775997948185193e+01
-1.636465460811736250e+01
4.130709180551968984e+01
-4.547878609359452184e+01
-1.438456727835524873e+01
-5.075900298974545422e+01
1.192185401090651453e+01
5.046717818747993078e+00
3.370178341285793522e+00
-3.880761515865225419e+01
5.653185372652279739e+01
3.381529088244326431e+01
5.494259933901446402e+00
-3.217137019534084175e+01
1.353873172347257992e+01
-1.455388143712599458e+01
-7.727395089413676033e+00
-1.493494521304114642e+01
1.145088065625553497e+01
-8.993919009192637759e+00
-1.257824047129966516e+01
1.299866408193673806e+01
1.614670669812315396e+01
-5.342407583180499842e+01
1.237449939100002894e+01
4.206878415531826931e+01
2.505125116790537732e+01
-6.539751778927368697e+00
9.611766966598338513e-01
-2.187956301585450092e+01
3.615550261422538370e+01
9.700059729703411904e+00
-2.616868958239820131e+00
-4.632684538666865137e+00
6.657835013224018894e+01
-1.994498021376273300e+00
1.524674422858061007e+01
4.645057465942190333e+01
5.988012663523478807e+01
3.868248839795819549e+01
2.524991311841299080e+01
-4.131446996490872436e+01
-2.817954724004516720e+01
2.142515085253621976e+01
4.288614334162218711e+00
1.965846541590283891e+01
9.892556737213141105e+00
3.821030084965735796e+01
-4.811312456477526212e+01
-3.030871440678950535e+01
-7.161221748870332249e+00
-5.312352438052511161e+01
1.185184400824635986e+01
2.734048068284990052e+01
4.249094876274170929e+00
-1.377882655108135168e+01
1.441203955905317002e+01
8.577035601898717232e+01
1.915537982611124335e+01
9.794468507538510949e+00
-2.915468987613837726e+01
-3.719643973604507892e+01
-9.096079384854867556e+00
2.049996232586937595e+01
-3.697269373025278583e+00
1.471379233296866573e+01
2.163815101166210297e+01
-3.545511965536746857e+01
1.619213392149373476e+01
2.741493038372783531e+01
3.500851492529818643e+01
-4.087798068674999286e+00
2.886338014292562093e+00
-6.213761865253118799e+00
-2.997322746934841575e+01
-4.299962463982964778e+01
4.924544091051781436e+01
-4.806478774586850022e+00
-3.426528480299435842e+01
3.347192090502645101e+00
-1.604534017548858316e+01
5.623968593878058186e+01
-1.443280264966153936e+01
-2.219267937870961305e+01
2.153455889890670960e+01
-1.017304240501545110e+01
2.759499170583626437e+01
7.706673309630218682e-01
6.021096480335057777e+01
3.264675622711989433e+01
2.447315324645394696e+00
-2.305093720830473103e+01
1.702262441761081391e+01
-3.338210758914397047e+01
-5.401934307128328783e+00
3.795092887448149099e+01
-1.731318662420494547e+01
-2.779858317561800618e+01
-1.498398246584696381e+01
3.098509433261500590e+01
7.834092169390018512e+00
-5.133072339611882740e+01
2.060628665427033468e+01
5.791094355883586786e+00
5.710586612748457469e+00
-3.116059396786249636e+01
1.818249131133256924e+00
2.091751346989303784e+01
2.968437927437969392e+01
4.077345944091396746e+01
1.789610785862218023e+01
2.444178461774896505e+00
-3.346524458088737219e+01
-2.893905235701942047e+01
-4.277600133061430654e+01
-8.115700788266508425e+00
1.964395305358675614e+01
-1.551713531840732685e+00
3.176662576578053176e+01
-2.024079717643240883e+01
1.015444301182094478e+01
-1.076316367687832098e+01
-1.850389929856795135e+01
3.788093433118014275e+01
4.368423548742413232e+00
3.894706608151932414e+01
2.974453851152304651e+00
1.380383128026491590e+01
-1.111461213482903077e+01
3.763694430637852406e+01
-1.028232280548454014e+01
3.793305062621339374e-01
-4.838752401192289199e+01
-5.949338547866261706e+00
4.430981682439281144e+01
3.963236858726321543e+01
1.665203211941455663e+01
-1.027205998555967881e+01
3.416587950047627942e+00
-1.297103996645734014e+01
-8.561908907787710632e+00
5.726535497925391383e+01
3.080300493030904363e+00
-1.624588560245956614e+01
-6.719135070284966105e+01
-2.948014085483715974e+01
-2.381456980465318907e+01
-3.978265418885820282e+01
-3.601587642246065002e+01
-4.293580261650066632e+01
-2.847209642431714371e+01
-1.972889460377672322e+01
-3.065589562614559327e+01
2.909741620387362815e+01
-1.292890311867705577e+01
-5.489887287631216850e+01
2.495844928989149025e+01
-1.889068731650512589e+01
-5.039429301551631113e+01
6.030805856854711067e+01
-1.614323288366600906e+01
1.065169503006998752e+01
2.490227045089585545e+01
5.550732752816230686e+00
1.651556196541747568e+01
1.998381090428779316e+00
1.167642098835823816e-01
-9.200518645943041918e+00
-4.684887302445196156e+01
7.399507071154260984e+00
-7.745032257794861152e+01
4.405774591598168399e+01
-2.645767340764533060e+01
-1.096129405394606238e+01
-1.131618369990667361e+01
9.327731595369073148e+00
-1.062350899746957111e+01
1.681242463219985694e+01
-3.436333849543696317e+01
2.231005023614477523e+01
2.682804182388587577e+01
6.529561369053908493e+00
7.110980881784314533e+00
1.344104587706740972e+01
5.662425726541755466e+00
1.721178767106962937e+01
-4.973063230954480218e+00
-4.370386722078401931e+01
5.966535598622158432e+00
-1.547004350114954718e+01
-3.376565895527278371e+00
3.438704478854890567e+01
-5.004863919931621297e+01
8.752040277210255681e-01
1.302552091820757596e+00
5.698288822431038625e+00
1.953637679770031355e+01
-7.588527660413326714e+00
5.176493919742705430e+01
2.747136118515835790e+01
-9.596948300642793583e+00
-4.736025371948016982e+00
2.362474029095182004e+00
4.800336350125519402e+01
-3.301508290053527617e+01
-6.427191506287704215e+01
1.921595678077338221e+01
-7.616823622433528840e+00
-1.042870652584235813e+01
1.031256592603419620e+01
4.745070005360719279e+01
2.771347000957032947e+01
-1.002135062950640076e+01
-3.282041692873133343e+01
-5.324239971314888464e+00
1.764697567867443695e+01
-9.567124580824724944e+00
-4.664077080290769572e+01
-3.798722527963505513e+00
-5.963005936374180749e+01
-3.173457337393645616e+01
5.137574943681951822e+01
-3.262029225058965665e+01
-4.279090663668165462e+01
-3.230770340428566811e+01
-2.314459115002230760e+01
2.266848495094370719e+01
5.283295071373854768e+01
-4.146249138241898891e+00
1.621719061922856042e+01
-1.332117621361416582e+01
-4.360367637063698254e+01
2.948640947839943038e+01
-2.961946011514254451e+01
1.640299740161921704e+01
2.008636764106650219e+01
-6.680368692213107806e+00
2.374547850322647946e+01
2.590365344630879463e+01
7.131603425396048124e+01
-7.497178572550296849e+00
-3.251553902430723042e+01
-3.955058915296632449e+01
-1.076283434896652835e+01
-2.109339048591857591e+01
5.951344162933202142e+01
-2.760738739540173015e+01
7.250264746924084847e+00
3.082013823844533817e+00
-1.387264834918642009e+01
-5.345034263761004922e+01
-3.948142043995005679e+00
6.207265825813958315e+01
1.091025072781914673e+01
4.731795739114375010e+00
-3.636236986532246362e+01
-3.620137897063284527e+01
-8.835975865248638428e+00
2.895386597604948520e+01
-1.600862830593175090e+01
6.478568890519335355e+01
-3.048646250260586044e+01
1.183474279474077662e+01
-8.662960122885579040e+00
-4.086018056989985325e+01
2.710262237823343412e+00
-3.231069005153051421e+01
-4.656028503770824045e+01
6.977492655637263397e+00
1.184641057852999779e+00
3.293354047429210141e+01
1.488587488462902542e+01
-2.117345229068369150e+01
1.356736554053151167e+01
-5.511844056021320881e+01
-3.017571639621780832e+01
5.624231601776467215e+01
5.219285697227256549e+00
-6.679816852531985205e+00
-1.877752646987451612e+01
-2.751347828937866780e+00
-6.227783234263995382e+00
5.612242939215286697e+01
2.624648516559620504e+01
-7.467383694029081198e+00
-2.221222638627637025e+00
-2.480452126481480235e+01
-9.914452214753282533e+00
-3.972061770933208891e+01
3.114742142940416159e+01
4.400495309765474872e+00
6.500740225339882272e+00
1.129021089258827715e+01
-5.039828782717528100e+00
-1.295932281468097358e+01
3.393296820258624891e+00
-6.820556884416691901e+01
-9.784775619195812624e+00
-6.447329983289449729e+00
-4.883854323433112654e+00
3.039393240096023874e+01
4.097505909838537264e+01
1.089896402945930731e+01
-6.001069160765838006e+01
3.921393638352253674e+01
-1.349711929917350517e+01
-2.360004525350629478e+01
-5.496337765297415956e+01
-1.898516422499304213e+01
3.913748808103827059e+01
1.924667087979776170e+01
6.360129983958245248e+00
2.123013394348092220e+01
-3.677729807138342721e+01
-2.933140243457629026e+01
3.555958659355317764e+01
2.452022839592677883e+01
3.028564389569544346e+01
3.077244198605029624e+00
5.323979010759018138e+00
3.435817788889670510e+01
6.087002179778113486e+01
-1.315748794028104385e+01
2.426585958896419015e+01
-1.627709683633185023e+01
-2.764027563958904210e+01
-2.183658003962267458e+01
-2.192780471607812842e+01
-9.137332569341765520e+00
-2.998258176175744438e+01
-1.236402124954469173e+01
-8.552159083711055132e+01
2.138124957854412855e+01
1.396181336075050439e+01
-2.979284613244558955e+00
-2.446739182883044350e+01
-1.168210107376353335e+01
-3.458153303610887974e+01
6.209496475815086569e+00
5.076935341629601339e+01
-1.389585160772395511e+01
-1.063468906239691592e+01
1.320272651731136193e+01
-3.216765585998543742e+01
5.333702039161236286e+01
9.283005375426526484e+00
8.791424934193969420e+00
3.117442980937238417e+01
-1.554579403993500364e+00
3.524773035526254716e+01
1.189501262284821337e+01
-2.504078466812444503e+00
5.171237926461230927e+00
-3.997452954623753385e+00
4.169966199948373742e+01
5.420453269674197827e+00
1.141854742347632623e+01
-7.299143927117029307e+00
8.844759475371404278e+00
-5.808405274919229555e+01
-2.216478808748496476e+01
-3.067124648082801741e+01
2.986702427279743688e+01
-2.011868512988326074e+01
-3.779445877579047419e+01
3.641443202423494085e+01
-7.684919129330452847e+00
2.549969314210449056e+01
-5.668243891787818711e+01
1.171240572875542618e+01
3.277309989065329887e+00
3.837817756249251033e+00
-7.308947836161195255e+00
-4.577124046097992505e+00
3.193113457471180183e+01
1.159323351116739786e+00
-3.191464784966902357e+01
-1.177925271398819973e+01
1.386064068574789587e+01
-7.232459685314182707e+01
-5.532296527924378182e+01
8.121756969777891300e-01
8.822811227555000357e+00
-2.952012046902578390e+01
-1.229180522359229144e+00
6.608297104658197441e+01
1.761746622550992925e+01
-3.381268460615257254e+01
5.868965023069961262e+00
-5.829700231746372197e+00
7.856542076486782378e+00
-2.234337415495213008e+01
1.379497337783116961e+01
1.652509147852094884e+01
-4.340839643263308290e+00
7.003685869526755425e+01
-4.966849239115759929e+00
-1.982583273503740884e+01
1.495820764587585927e+01
2.694354970042292052e+01
-2.120684629486817130e+01
-1.149827864352996443e+00
6.139756908072288866e+01
-1.777067499252439120e+00
3.683019576088292979e+01
9.186975732231019265e+00
-4.392912597938753549e+00
-1.422637099357064017e+01
3.274062863492358133e+01
-3.505329157127273731e+01
-6.819680735893314250e-01
-1.140768250418250318e+01
-2.491373475276195393e+01
9.416692910751244483e+00
1.663473900526167881e+01
2.723027691265940575e+00
-2.606277292815661895e-01
-2.493709553184271499e+01
1.016556224995942159e+01
-2.051981797517797190e+00
-1.419982275506723113e+01
-1.265494005453685844e+01
1.037591943425647401e+01
-2.354102493741777380e+00
-2.370046969807410164e+01
-6.835464495779507388e+01
6.536713463012844727e+00
1.211370955016117534e+01
-3.038828661902434192e+01
-1.495333123239947781e+01
5.184450484048964825e+01
7.019779595611623790e+00
2.472365365418363581e+01
5.417793022875386555e+00
2.495538160758650292e+01
3.594471825868083670e+00
-2.441137729348663754e+01
-6.789665823496846997e+00
3.424527223660959407e+00
1.971710930541547668e+01
4.731724389236205752e+01
3.085330289786338653e+01
1.905198120200338963e+00
1.068094365481010755e+01
3.797243696306423999e+01
1.656951817884385036e+01
-4.347776317224455056e+01
-1.730892193928104916e+01
7.029759753361531693e+00
5.346014526745278772e+00
1.546787624389705229e+01
-3.249558517638007515e+01
4.435234058346999575e+00
2.711267002223885925e+01
3.001557817805019113e+01
-2.695833337377234784e+01
-3.776754093962608749e-04
-1.401426688175092750e+00
-1.067546618463703112e+01
-1.782741490059974865e+01
-9.717883321526869622e+00
-5.490833918193160912e+00
6.352484314325238302e+00
2.653751916370123354e+01
-1.937929896521400508e+01
5.075895686413309704e+01
2.059637911746727923e+01
1.682596188654972025e+01
2.220499148460562822e+01
1.702110524944687242e+01
2.277381302679759756e+01
3.432397251804967198e+01
-2.857112478820031498e+01
3.907268811216292193e+01
-7.156512450228819944e+01
1.986614504077351739e+01
-6.708001844646679501e+01
5.235019424785173214e+01
4.729188481365447672e+01
-5.903823190089127593e+00
-3.023417994530893793e+01
-2.662396675575303107e+01
-3.454514766408590276e+01
-3.974098601307616718e+01
3.550255020573118259e+01
2.639359223447566194e+01
1.500142373738357549e+01
1.777851455043281703e+01
2.801565839741709851e+01
-2.458124211241647572e+01
-1.111435230204671143e+01
3.460788052877038723e+01
-8.189014857932747304e+00
3.347910673118744285e+01
4.673122179042670155e+01
-3.590439926528933512e+00
-4.595076941319314301e+01
3.113485216111143927e+00
-1.603114647178349728e+00
-6.402730835472311810e+00
7.439942670478671971e-02
-4.091268121938156810e+01
-7.908535619135207639e+00
5.553554716726800677e+00
8.339167277445937998e+00
3.064816392933512645e+01
-2.677640621127042664e+01
3.499906599362577708e+01
-2.502604733922966318e+01
1.608268050958923823e+01
2.533876051661759021e+01
