---------------------
  #    meV     cm^-1
---------------------
  0   10.4      84.3
  1   12.2      98.6
  2   15.5     125.3
  3   17.8     143.9
  4   21.5     173.7
  5   22.5     181.7
  6   23.6     190.7
  7   35.8     288.8
  8   43.2     348.4
  9   67.3     542.6
 10   72.5     584.9
 11   78.8     635.7
 12  123.6     997.1
 13  124.8    1007.0
 14  130.2    1050.3
 15  152.7    1231.4
 16  164.7    1328.1
 17  178.7    1441.3
 18  184.0    1484.3
 19  185.9    1499.6
 20  202.7    1634.5
 21  371.0    2991.9
 22  381.8    3079.1
 23  386.2    3115.2
 24  419.4    3382.8
 25  427.8    3450.8
 26  469.5    3786.8
---------------------
Zero-point energy: 2.162 eV
