-3.481141244055946515e+01
-2.034689579798907744e+00
-7.170349038706817169e+00
2.416717936573237324e+01
-1.195103682053506589e+01
-9.254561351607719644e+00
-2.413224262202800219e+01
-5.049913806049653431e+01
-2.153068369479557731e+01
-2.270886956544990198e+01
-2.110672178649306829e+01
4.249679827143729938e+00
2.005497369178172562e+00
-1.062258719839448418e+00
1.731874703811286054e+00
2.661802830057791880e+01
-1.024980664919459628e+01
-7.247921895308195417e+00
1.183038653093018411e+01
-6.215530582389531844e+01
3.118705953628365535e+01
-1.339547949457477216e+01
-2.416486937396523871e+00
-5.609116834068231583e+00
-9.934967837912722644e-01
-2.133123513189261189e+00
4.820428396064153276e+01
-1.510365072497948802e+01
-4.016087891867357484e+00
-3.052319237839050459e+01
3.943208970073862929e+01
-4.359232294552924714e+00
-2.146779301530966677e+01
1.125868635781046834e+01
-2.059347918183163983e+00
1.309886875850943966e+01
-5.479959446876705442e-01
2.717146775986407192e+00
1.903855945464824373e+01
-5.486068976187124235e+01
3.056406436962191719e+01
8.155367441491677027e+00
-6.274935966511947072e+00
-1.753583907852132384e+01
6.932686861110113341e+00
-1.096895415918180561e+01
2.502024319177508005e+01
1.996459699184595138e+01
-1.287677164371797289e+01
-1.645693783397967991e+01
-1.741433498760414977e+01
-2.086907452320496148e+01
1.060090190268738297e+01
-2.719391385813867146e+01
8.320748871914133815e+00
3.472883330880711128e+01
4.006987795391860629e+01
1.864407714894714729e+01
8.316254576674936061e+00
1.740327287004072332e+01
5.110963530909424435e+01
8.651006499244317638e+00
-2.996662126527438375e+01
-6.046515793799756011e+00
-1.413994097339011091e+01
3.341809546371445094e+01
-3.952276196965088673e+01
-3.449922022739042404e+01
-1.756714729352582083e+01
-9.804913889148508588e+00
-2.248736031063774021e+01
1.576533241326437462e+01
5.238059504176931114e+00
7.858270628701916394e+00
-2.176284593066649009e+01
-1.905232179516960400e+01
-3.286973558742142387e+01
1.812366121325067070e+01
-1.885059158180707328e+01
1.701713844675860798e+01
-5.428524172341746556e+00
-1.496697940696938645e+01
-2.879635372258728410e+01
-8.578368918870779680e+00
-6.161264461600467257e+00
-6.894098432868744908e+00
2.245146417326741783e+01
4.209358473941185252e+01
-2.472216099651575405e+01
-4.313830581415784593e+01
-1.082257678971436121e+01
5.973623569790967736e+01
-3.260257886977052522e+01
1.802620883528760487e+01
-6.545903770024210644e+00
-3.350600041705648380e+01
1.383485681845492365e+01
1.962244738337088279e+01
-9.744175594538859286e+00
1.845953007579839777e+01
-1.351554934972500632e+01
-3.141148486743298918e+01
5.278684195534390255e+01
2.518930962983466770e+01
1.423040636117224267e+01
7.917372590731559967e+00
1.504316526235902529e+01
4.540745135175760083e+01
-1.479989925411988594e+01
3.357024533862876581e+00
-7.608067859093756624e+01
8.825298651958419782e+00
-3.728147739532803939e+01
7.801478967695771871e+00
1.226259820149019220e+01
-2.007532853924396932e+01
-2.848919976229552731e+01
1.253870129125346011e+00
-1.696567348422192367e+01
2.148908445227181119e+01
-2.794657824262396417e+01
-3.116821940108422950e+00
-2.023555116326971870e+01
-1.964936773708984674e+00
1.110835386079955356e+00
1.253496750793857473e+01
4.597790846460156899e-01
-2.880957608247626922e+00
3.579816074971344619e+01
5.070595782760386783e+01
2.740203948234609044e+01
3.957728622221424075e+01
-6.485369786461411934e+00
5.615258918016593270e+00
2.955817252209936896e+01
-5.212528398288753806e-01
-4.232861815028002184e+01
-2.269001759992993428e+01
-2.823180481784338269e+01
-1.542525236194038030e+01
1.597334352274029357e+01
-6.620006613286994934e+01
-9.351680704010249201e+00
2.470455719247047455e+01
-2.087264664443333118e+01
-1.743719505165421424e+01
3.323310584855892102e+01
2.480337163786055044e+01
-1.844961307632151204e+01
1.550700048297301237e+01
-1.415934304655615961e+01
1.903654115449516127e+01
1.854045863549572459e+00
7.370167202856990230e+00
-4.753032769236312305e+01
-2.636016020930810200e+01
-4.797452426464076325e+00
-9.118205791672817639e-01
-2.273961809657413369e+01
6.065909966244362295e+01
-9.732462940752611757e+00
-1.799421502430175224e+01
1.985561530981658507e+01
-2.561736405777460135e+01
-2.042074522917768320e+01
1.823054361135046975e+01
7.155442335921009089e+00
8.529947722564827473e+00
8.786270583642931342e+00
-6.180523950675251399e+00
8.885043998132232446e+00
3.249698134225796764e+01
-1.476129554574680469e+01
1.070798983107133040e+01
5.072579849294405108e+01
1.826382466535277160e+01
-4.201289822289993481e+00
-1.143846272973298994e+01
8.681467791285858482e+01
-1.192123973403087689e+01
2.091371258990068327e+01
1.443596016958264272e+01
1.642972003413248672e+01
4.932149342621858068e+01
2.675372559793970595e+01
-1.501084701126844223e+00
1.353798849237495006e+01
2.741885057520084956e+01
2.007856117996198009e+01
-3.243787070989827725e+01
5.257022969525667122e+01
-4.676317045319245835e+01
-6.878403764676477294e+00
3.071596232743924304e+01
8.353718132222798687e+00
4.234534008161688234e+00
1.578060423799166045e+01
1.249670309016940450e+01
1.918146626405058441e+01
-3.491544658683790203e+01
2.234238233805967866e+00
-1.482692959387264864e+01
-3.749718137868157442e+00
-2.500286849006727152e+00
-6.004928278854242407e+00
-3.208170801558509311e+00
4.667729780130733275e+01
-4.712494667000953541e+00
-1.448861975266088109e+01
-1.420634425619979879e+00
7.263369445503769839e+00
-3.325716208400326934e+01
-2.852758287096037293e+01
-2.022195751938255626e+01
-3.450283938942837381e+01
-8.952634847120169326e+00
-2.329124407879167791e+01
1.014582664208131746e+01
7.106020029873221233e-01
-6.957443458733678199e+00
-4.600780329108332012e+00
3.202404004496315792e+00
-8.172626998741264970e+00
3.795907410781011038e+01
-4.819718917047319451e+01
-8.455160221571265566e+00
-7.528121333204559562e+00
8.872758969805317975e+00
1.259215731307661201e+01
-2.621843656135285983e+01
-8.507633958961832832e+00
2.392310859897125397e+01
-1.119143762296702960e+01
8.870926372860083120e+00
1.897498491694922507e+01
-1.649044131591153928e+00
6.212845006987981833e+01
-7.812171953916845268e+00
-1.763070032012296906e+01
1.777057429460427329e+00
-1.368675472841658802e+01
3.042023597337879437e+01
-2.359558332830675909e+01
6.776607608325377896e+00
3.158817162026298320e+01
-7.016154110337225802e+00
6.585716592638993916e+01
7.126626020477800694e+01
-3.694469086957258241e+01
3.283126478345832311e+01
1.210918558932078781e+01
-3.098246324360009396e+01
9.246630065046744562e+00
2.337954458669624103e+01
2.389246921166653692e+01
1.276674583101268468e+00
9.462875004107559107e+00
4.138895792824774844e+01
-1.308382535985866468e+01
7.944758687249990459e+00
3.990657543450839739e+01
-2.055565106844451861e+01
-1.106889834276510953e+01
3.113901651410257188e+01
1.596720007378863215e+01
4.211208621886083847e+01
1.675369425029413151e+01
6.035141563704797818e+00
1.481986547879398586e+01
2.250396156603336806e+01
-2.978936262680389291e+01
3.804789785113484868e+00
1.375989418997018987e+01
6.479239574108362376e+00
1.316382916979925710e+01
-3.403184590301840728e+01
1.781371106991161923e+01
-2.376766654792066902e+01
-1.851989472609053422e+01
1.188332155687763247e+01
-6.472842450255640756e+00
3.220219195349557140e+01
-9.295151520861111294e+00
1.673153111425048678e+01
1.803343751067467338e+01
4.320827798657731478e+01
3.030481726660826070e+01
2.708351806194750822e+01
-1.823972236505909450e+00
-4.679068162405627618e+00
-1.774456880556829219e+01
4.439265623309475473e+01
4.415636199887444491e+01
2.170241719568973338e+01
-1.397589895319531195e+01
2.766580719177184733e+01
-2.844993151043098578e+00
9.896418105945294030e+00
3.670960683922493217e+01
-6.475460357214615215e-01
-4.396076984813049648e+00
-1.122647786228895939e+01
-3.250767411395071349e+01
5.311715694074862881e+01
2.811951876066802924e+01
-3.320880384450240541e+01
-9.158928540077340585e+00
1.461051981603245054e+01
-5.517906511082372845e+00
3.526724996309611271e+01
6.990814364961948968e+00
4.445908478989275636e+01
1.928833644283765025e+01
-1.265435779114972092e+01
1.116103931939393590e+01
-3.476493358557775082e+00
-1.527828737342690602e+01
8.758674116900692752e+00
8.368586269679326506e+00
5.222273204818766601e+01
4.387041326152731813e+01
3.085841914860209556e+01
3.712108485813280367e+01
4.823848611354179639e+00
-1.444045837200764026e+01
7.988043806359513610e+00
-1.857444376459321234e+01
-2.985102593979333818e+01
-3.095859168941649386e+01
-1.735822640884975954e+01
-6.053890240055022787e+01
-1.944070453797024811e+01
-4.822858998678981379e+01
1.307723395900945462e+01
-2.577116059311379104e+01
2.592382393632294679e+01
-5.511696948103632820e+01
-1.663248905453755810e+01
2.386351864329475347e+01
1.168321422660324060e+01
-4.947756145101786274e+01
3.153497290636272510e+01
-1.439410422624055741e+01
2.995543806374811169e+01
-1.289274703830642466e+01
-4.364824957752529144e+01
7.961127930783362672e+00
-3.623808192263118144e+01
-4.140449538180462241e+00
-1.663912250928694547e+00
2.274444695776205094e+01
7.022678957750366635e+01
-2.404373955099313775e+01
-1.948933416642323380e+01
-2.337649314609819839e+00
-6.319933646714815723e+00
-4.500247682083062273e+01
-3.102557788003167616e+01
2.665114935128167417e+01
-1.183418475120922153e+01
1.130926629989988896e+01
-2.734435513207111512e+01
-9.157734365807073118e+00
-2.310714967789797925e+01
2.875707674350685039e+01
5.314300412575562405e+00
-1.244180575342437578e+01
-9.471512907220159150e+00
6.613006849054336556e+00
-4.518779740095936859e+00
2.398098338119578443e+01
-1.434659755090376621e+01
5.549246801804542883e+00
1.976901688571199145e+01
7.643652389291787586e+00
-1.184066929407686075e+01
8.570421068764022721e+01
3.275325791727937030e+01
2.380799441882999190e+00
5.718850722125353059e+00
-3.487176095364472417e+01
1.874387570447856888e+01
-4.260526545124616860e+01
-1.621570766386216178e+01
-3.067768563575583585e+01
-1.104484438871656948e+01
3.168270166466822957e+01
-3.158802057749150549e+01
1.333372454913337890e+01
-2.148483669399240625e+00
1.165257606081894437e+00
-1.997559576501768674e+01
-2.474075344889763528e+01
-3.139977567347841614e+00
-1.991032347512538081e+01
-1.102431192069880694e+01
-2.302717627110496323e+01
-5.167739070890885245e+00
-1.934880154387903417e+01
-2.796920652968171339e+01
1.160051652231519626e+01
-7.984728853058228992e+00
1.365986014603066678e+01
4.725130055974346988e+00
-4.244707999165569134e+01
-2.925414609008545597e+01
-2.545968607431554176e+01
1.803164170362947516e+01
-1.385314413589910032e+00
-3.452939797342787642e+01
3.284880379506892467e+01
-2.182174598059444293e+01
3.186927180958519301e+01
-1.763164377168094177e+01
-2.691414564548503563e+01
1.321074812066365212e+01
-3.787890618057532777e+01
-1.917532319284495657e+01
3.452822072783322938e+01
1.051738535531859497e+01
-2.448851693303925003e+01
3.022960485866455116e+01
-1.009791872514955458e+01
-2.118594791251734932e+01
-1.693151207180369511e+01
-2.793643763207933262e+01
1.545958378814192713e+01
-5.015318571552853655e+01
-4.415003727409072098e+01
-5.674034951252963310e+00
-1.681328678620894834e+01
-3.295434927938925540e+01
4.099404227444449589e+01
7.484869379579782844e+01
-1.532472824748559503e+01
-2.038352373934912976e+00
-3.377034553599614242e+01
3.660828398657321259e+01
1.134582527356690207e+01
-1.332302475866322311e+01
-2.033917895706233026e+01
8.238009875333290211e+00
-3.236649100494106079e+01
-9.849491573704369785e+00
-4.847575544799494196e+01
2.030345817413854093e+01
6.145309178537274875e+00
-9.709989710261197615e-01
-5.803557030089052660e+00
-2.230100379459838678e+01
-6.137807460567671569e+00
7.317863167846461181e+01
-1.026604109785466790e+01
-2.680539561206200005e+01
-3.900329046974067637e+01
7.776999742196267107e+00
-2.094075314398668652e+01
6.062257772418817581e+00
1.691018351001166309e+01
4.277733807888807860e+00
1.744829074832966143e+01
8.422862724091075393e+00
3.270972344439661583e+01
1.470996323619597490e+01
-1.954437093460586539e+01
2.679104742229314695e+01
1.948253893348669408e+01
6.894441344560647167e+00
2.365098544956302362e+01
-1.586425703685452504e+01
4.116431594583113451e+01
1.316027861751907047e+01
-1.769785350009330216e+01
-3.261144772845819162e+00
-1.008416265127735301e+01
1.143108887953081876e+01
-1.300823081520552194e+01
-4.411381711183935295e+00
-7.118908555355574208e+00
4.523553576539109145e+01
3.082499573647112356e+01
-3.621747052999809569e+01
-4.519121689832601874e+00
-2.945762953254239847e+01
-8.122482736339094345e+00
-1.315985605588988960e+01
4.775413320560176089e+00
-5.601259232834348012e-01
-1.602826957684180798e+01
9.490256372215171154e+00
-4.588189781708429393e+00
-5.204517745287361663e+00
4.813181595766388909e+01
8.061160026505646670e+00
-4.611523203775590929e+01
-2.217073071741816648e+01
5.351969799322677090e+01
1.521108188203729128e+01
-5.319922177019066112e+00
5.961466261987379767e+01
-8.992232746378476804e+00
-5.123112538408093997e+00
-4.519785215378249177e+00
8.610473431110563070e+00
1.741697552699058349e+01
2.448277418323968391e+00
1.616504245290215636e+01
-7.162418167028974381e+00
-1.963446603112606681e+01
-2.326487409338067636e+01
-2.673553727427378135e+01
2.301049814856040143e+01
7.232206044334759554e+00
2.127158331695413551e+01
7.768204118037544958e+00
4.982975117120960817e+01
1.042641071275529185e+01
-4.504072418162047597e+01
-1.913709570005897831e+01
3.413523320241324654e+00
-1.624562639296223665e+01
3.526073944421378314e+01
-7.714059094597473631e+00
9.380793324984651349e+00
2.942916504799806887e+01
-4.166981139671105439e+01
8.346955278785577548e+01
1.157717263509431405e+01
1.333603887689736212e+01
2.018295441570879234e+01
4.118331078432788672e+00
-2.491777495496023676e-01
1.954959829642530167e+01
-2.065710813548253100e+01
4.632818225360041708e+01
4.095925471744745039e+01
-2.324500747420418634e+01
8.920589332300210117e+00
3.903191929715214314e+01
-1.148383389935005994e+01
9.774416516764745211e+00
2.103218902473928864e+01
2.262511200417674218e+01
-4.258882096830865294e+01
-5.738671860019735504e+00
-1.708408082934601424e+01
-1.679197620864727014e+00
-4.406180864733588720e+00
9.636016422278999016e-01
-6.961603056169252568e+00
-1.770580969815694061e+01
7.359488334042495694e+00
3.841260067813408341e+00
2.959026483750417214e+01
-2.442627939561224082e+01
2.433893192110031123e+01
2.634264918146975276e+01
-6.934748182970878361e+00
4.544600376060706992e+01
-3.799427612553171230e+01
-5.753564575939810055e+01
-4.844876430150948821e+00
-4.421358666178605290e+00
-6.796260039222374871e-01
4.462190187193978375e+01
-2.710271536058890263e+00
2.389714089282290388e+01
2.994517234961980989e+01
2.086709491069137812e+01
-6.443750073561034242e+00
3.325636920805658292e+01
-8.876418842822218380e+00
-1.975276601730894299e+01
-2.279612746480609076e+01
6.024003549268030611e+00
1.967796815245341691e+01
-7.572011421184754454e-01
1.941688842959251815e+01
2.673530235631460528e-01
3.381353495197872405e+01
9.639529242828558608e+00
5.053866022781605238e+00
-2.106205362133948711e+00
1.795047144767251979e+01
2.095990044491497883e+01
9.593319658327402522e+00
-9.992920954249484566e-01
-3.066646929745566297e+01
1.623802756024986849e+01
1.060848187903854978e+01
1.977710934636784401e+01
1.569438463217677793e+01
2.017717767657258321e+01
-4.841413408667932572e+00
1.735471509171182447e+01
-1.499683733510607908e+01
-3.684671566348356464e-01
-3.020568442797056719e+01
-1.714910846347729034e+01
2.240317224621932723e+01
-5.020311776010713345e+01
1.477763169413972832e+01
8.832060959510897646e+00
4.628420773074344652e+01
-1.054989392334765341e+01
1.856347592880705122e+01
-5.584466068406641170e+00
-2.700726221478515399e+01
-3.787652408980176233e+01
-6.524442847745284269e+00
-4.924494036143401843e+01
6.554828488398072750e+00
-1.105309374795183075e+01
1.720348858632080891e+01
1.315718436098040911e+01
-1.589253038923098416e+01
-1.626369604963582560e+01
2.280853190791400920e+01
-3.427118715541708127e+01
-6.803515416804117422e+00
-1.054108502585756924e+01
1.522049284724161922e+01
5.139166258396130615e-01
1.524854013073792203e+00
-1.050619209111030017e+01
3.053755246416199043e+01
-3.088788588922511735e+01
3.765088689148910817e+00
3.352399709808074135e+01
-2.047669408908120658e+01
1.720684647361991892e+00
-1.640547473661513322e-01
-3.623649080524126020e+01
-2.228279509481617993e+01
-2.766548807452775094e+00
1.573299303927517201e+01
1.841932712474778100e+01
3.396700313556266337e+00
-5.390359591868730149e+00
9.912129990263025547e+00
-2.368312121287323180e+01
-1.083247336806323347e+00
-2.888391495316912483e+01
-1.557928018187553221e+01
2.706647394422404318e+01
-1.589697056913232132e+01
3.778235207813617080e+01
-1.337900803499255176e+01
1.822430454162577007e+01
1.406449970271901861e+01
-3.530326228187944082e+01
-1.398378510478696057e+01
4.908973507075529596e+00
-2.328742897652868749e+01
-2.096736738258896082e+01
-4.868938937756479390e+01
-3.008775808856896106e+01
-2.842554517888626719e+01
-2.445963338616050464e+01
4.486708323071866289e-01
1.014967706764757338e+01
3.800885671506833319e+00
1.357372980516744754e+01
-3.161364680907874458e+01
8.476754538129910088e+00
1.501363693650675657e+01
-3.749158727311361616e+01
-3.462889702815908777e+01
-2.352145606674633882e+01
-1.512688743610834763e+01
9.034317018943653466e+00
-7.326376450438942811e-01
-2.343533439393874929e+01
1.667327269508277254e+01
-1.329477359869943598e+01
2.796115567105698574e+01
-4.955239954415108627e+01
3.524192912950391587e+01
-5.045484566775868984e+00
-2.228393881313262170e+01
-1.394496908398723889e+01
1.053546305153957974e+00
2.489533476638233367e+01
-4.101325525367964531e+01
-6.594327841523920597e+00
-1.125922479488077954e+01
2.489380586818268171e+01
4.651963154797935829e+01
-5.530379114751860925e+01
5.173881644310165484e+01
2.313118344708638574e+01
-4.153002158601984917e+01
-1.776897712432968035e+01
4.407343378244240739e+01
3.307481303635398717e+01
-1.154843764125376993e+01
-3.252092845818310707e+00
7.948041432178541754e+00
4.151228318334791823e+01
-3.155464166096923151e+01
7.045476942246025942e+00
-4.647178374384495214e+00
1.517874966814497384e+01
-4.037154142856655881e+01
-1.852339371212831765e+00
-1.690463545042018012e+01
2.656501245052054117e+01
2.341856529502446449e+01
-4.857303066633454591e+01
-2.656511174034280032e+01
-1.201317860131985071e+01
-2.368440176015693766e+01
-6.480565950146569776e+00
-1.129047359935634631e+01
2.501460290859122892e+01
2.335742401236373667e+01
-1.166935455200842853e+00
-2.555125350797809602e+01
-4.733408441291132362e+01
2.647021480638483126e+01
-2.731232834754732153e+01
-2.022647591606784090e+01
3.297845531720277279e+00
-1.998371673149582506e+01
-2.174925984777738108e+01
-1.590428890515691762e+01
-2.659913352502320549e+01
-1.442105558018009148e+01
-2.887204649402609391e+01
3.109044886094058313e+01
3.411723029255072959e+01
-3.685993827772108489e+00
-1.219224516284566562e+01
-2.329595741448429180e-01
2.525353736704948915e+01
-4.776695548546587133e+01
-1.102206607152245965e+01
2.738680879315484162e+01
3.943866811499489700e+01
-9.324990038917746915e+00
5.466609602370454013e+00
3.050015750612033116e+01
9.223535439492664523e+00
-5.818761107807972621e-01
-2.473375046670622623e+01
1.122224947521175409e+01
-1.926662719164926330e+01
-5.793376062978779828e+00
-1.082893197247966555e+01
-9.150759718255528696e+00
1.263972438169440693e+01
4.398649914942768646e+01
-1.319385634670084073e+00
1.919392484628446027e+00
-5.061268535087160103e+01
-1.048596566310527578e+01
-2.000454611147142714e+01
-1.134390118008923309e-01
-2.615684240931236104e+01
4.745884751107433885e+01
4.513878477968916059e+01
7.800291816980660542e+00
-1.097531740616352636e+01
9.276506305868807090e+00
1.146523821408597144e+01
-2.654899624939753267e+01
-4.707493211109806452e+00
1.052407029809575079e+01
7.406309235906761046e+00
3.064699028908269440e+01
2.248016469174953613e+01
-1.175040417608474286e+01
1.445419992897711836e+01
-5.513064263386576158e+01
-6.567394473741856586e-01
4.853602619326431977e+01
6.640421329997622024e+00
-1.157410476951724831e+00
1.698459657100190157e+01
-1.597018247394463941e+01
5.000695738556244407e+01
-9.246526604074617239e+00
4.476332299374200829e+01
2.181106484395890277e+01
-2.252489212298814891e+01
1.800950261066014946e+01
-1.705316684045948250e+01
-4.023730564287012612e+01
-3.585315030907139544e+00
-3.099571996622827186e+01
-2.924936716049268171e+01
-2.765378357509064244e+00
2.009648749910826382e+01
-5.427772190663944230e+00
-1.743412287839493047e+01
4.991627061730838477e+00
-3.855980621378310502e+01
-3.917389555618903785e+00
-4.622986677280209733e+01
2.716030524769828958e+01
-6.508252166636196989e-01
-2.779231342447435793e+01
-9.196459927116904964e+00
1.032344657205663907e+01
-1.970384987192416304e+01
-2.542654055270625690e+01
5.252715388273587394e+01
-1.348158656484233120e+01
-2.243357165071017789e+01
1.522718999456562017e+01
-9.841217347073474286e+00
3.049847874426947669e+01
-2.524624098703100117e+00
3.914318527056181551e+00
6.026316875231890435e+01
-6.929799955648206833e+00
-2.042371206132034445e+01
-2.393928399944650209e+01
-2.837336521436742487e+01
-1.908783806506511382e+01
1.509743742282051926e+01
1.513091212318460066e+01
1.241063268325728330e+01
4.101749544711191220e+01
1.872103858028168588e+00
1.165373946191638765e+01
-3.544578520114860964e+01
1.494541675180272478e+00
-1.036638048970087311e+01
-1.488955283740489222e+01
-1.917141550286658003e+00
1.878353806208514243e+01
2.132344916619291553e+01
-3.701763659005372631e-01
6.845752252002114346e+00
1.538280634865779817e+01
1.947375854320209498e+01
-1.369388368590574601e+01
-7.069990947745225185e+00
3.848432541513346905e-01
-1.289398390183043830e+01
-2.797478488608135194e+00
-2.000704747245930548e+01
4.432621062608781415e+01
3.592770252734305814e+01
-9.122760606323708998e+00
8.924892362934883749e+00
-2.587896985466372257e+00
-1.672522402653575568e+01
1.990162383154297743e+01
-5.345607241784136932e+00
2.233971632850315814e+01
-2.925701502353392414e+01
1.006305276944132743e+01
-5.568876597988833055e+00
-3.013188632587576876e+01
-1.368548347356238537e+01
1.496405748640268740e+01
-5.099570993911039807e+01
2.403120156069127233e+01
2.605877652283678003e+01
-5.577108168526415000e+00
-3.368765378856593884e+00
-1.804658251702960570e+00
1.395684015952474510e+01
-1.830390422105256221e+01
2.017720910624147379e+01
1.702375954934683477e+01
-5.498003688104665798e+01
-1.981166808797865997e+01
1.329298268436892982e+01
-4.736238465551679155e+00
2.425790757786078444e+01
-3.560900820177323567e+01
-3.036797835453228345e+00
-2.343013273216787695e+01
-7.190994566670137544e+01
4.301798927923037752e+01
-3.260676186187123449e+01
-3.422085039117224170e+01
4.984050904020740802e+00
7.248221113692756035e+01
6.662778260428154908e-01
-1.569530689082731101e+01
-1.752176698035100344e+00
-3.062551292228945954e+00
-4.790960289445911258e+01
-3.422558455886963458e+01
4.581278404436645246e+01
-5.730455907883197142e+00
-2.109845404722554463e+01
2.760647463792781764e+01
-2.006121775238836591e+01
2.061214721151270624e+01
2.980032800899811463e+01
-3.193032715238329899e+01
-1.566319047287697686e+01
-1.942699846363689176e+01
-1.003291990190200522e+01
-9.831045167144218055e+00
-5.813922625715179038e+00
8.024206189907033604e+00
-1.909520805727203907e+01
1.586379096008437273e+01
3.239491353431174048e+01
-5.052984815205441294e+00
-1.139943510540584271e+01
8.163994314660527607e+00
3.133252063838418167e+01
2.917332666562914767e+01
5.472715214429257458e+00
-3.094827234312504061e+00
-4.856794557152653624e+00
-2.837983864400333545e+01
2.150203909193137974e+01
-1.246664048660882429e+01
1.111135355916525214e+01
-7.850716809253924566e+00
1.512073458720831809e+01
1.022111419901846574e+01
-4.499789707383575887e+01
-1.491309644814555213e+01
-4.395688979468633306e+01
-1.993885261959269428e+01
2.944670767151599478e+00
-9.624185518983210841e+00
1.827375629980703309e+01
-1.679493576545343103e+01
2.078036095057697707e+00
5.996708493905487103e+00
3.956610590065969291e+01
2.004260966877541250e+01
-1.688504648475393566e+01
-6.890336012372415553e-01
6.770630164555143438e+00
2.145679696010856929e+01
1.784159963538058946e-01
3.052499379559435511e+01
1.255632950510504742e+01
5.064456824578070382e+01
1.068305308426104716e+00
3.661428583946506876e+01
-1.512723453724191813e+01
-2.107709098684050986e+01
2.463326227333112683e+00
5.194089348783961668e+00
1.497974660171763617e+01
-7.908396668570958354e+00
-7.642128381770497469e+00
1.451530999527793853e+01
-2.707192541417205689e+01
-3.082833576641499462e+01
4.429886088138059108e+01
-3.352202405967886989e+00
-2.183538753896268503e+01
-2.247591822482817747e+00
-7.545046026245586290e+00
2.376324809514767367e+01
1.850316982889304995e+01
-1.130403114374183815e+01
4.829906874181091325e-01
-1.477140857307585975e+01
-1.971225908771782542e+01
-1.492988383795523077e+01
-5.402819810227342145e+01
3.331477294348417217e-02
-3.596652993667859732e+01
-3.113572361978718561e+01
-2.083538907088791348e+01
1.072148844113803534e+01
-2.039337245187743974e+01
1.290626490730831932e+01
-3.422871861260348680e+01
5.769059116021821865e-01
-2.314393710611873445e+01
4.814781085580548847e+00
6.278708786008600384e+00
1.863582477663231884e+01
-1.173811698322475650e+01
-8.887433654569406372e+00
1.651580240067376337e+01
3.310413478104331375e+01
1.834575080853664986e+01
4.676203284325765708e+00
-4.009895635442381945e+01
-9.512744368029188990e+00
-1.767900144008996222e+01
-3.375993639988945461e+01
2.261561103506670634e+01
-2.028786525476647284e+01
-1.842301621503438014e+00
-1.565443070122077529e+01
-5.571726745501965183e+01
2.888137453289672862e+01
-9.820792400063112382e+00
2.265217166547711258e+01
-3.989348164326409574e+01
3.766446526175559484e+01
2.055055395067626023e+00
-1.607220888310787998e+01
4.841734033755187738e+00
-1.165972366802546389e+01
-3.661414715050082691e+01
8.067817387438296350e+00
1.990967773142203612e+01
9.788386262835615526e-01
-2.023538629409586065e+01
-9.142506237582949780e+00
9.785237984517152654e+00
1.785017378642882591e+01
3.520855480499643875e+01
1.324710117774645823e+01
-1.297886347734336709e+01
5.334190651796031801e+01
1.340551419786335430e+01
2.372396653112520681e+01
-1.022913679914347540e+01
1.561066394185262141e+01
1.095349414228326168e+01
-3.464223258845936471e+01
-1.153653927662448098e+01
-2.285354658746858547e+01
-2.063052287223558778e+01
-6.753258707478721590e+00
-7.745710328763834696e+00
-2.357179841535662490e+01
-6.190596969487276624e+01
-1.613217246882337719e+01
6.974042180578180705e+00
5.072591057645865931e+00
7.765460539174469545e+00
2.593289903905915139e+01
7.818135962310140741e+00
1.815994112440881736e+01
-2.322947414143960998e+01
2.555427622844575808e+01
-2.538575952243900247e+01
-4.021722053160164023e+01
1.224952409102945694e+01
-2.413188449795882207e+01
-2.192834513626647208e+01
-8.859707349031990020e+01
-6.457498763751949866e+00
4.558782821306863298e+01
2.369338100347177090e+01
-5.742058765901504103e+00
-7.695398322947198722e+00
2.111490234480442041e+01
3.715865566796051667e+01
-2.325692617367583637e+01
-6.003174389137143407e+00
-1.901685040554238526e+01
-1.964643108928322590e+01
-1.715697255662615817e+01
7.056075320437148690e+00
3.955403233443894351e+01
-3.640931700725391806e+01
-3.132482433989682136e+01
1.837307109825559337e+00
-5.957586333860604100e+00
-7.424959858121475520e+00
-5.042661163508495292e+01
3.515246673019017010e+01
1.341398702058069148e+01
5.262538731599445185e+00
2.706688728352682460e+01
-1.833710913284308930e+01
1.729129085788954256e+01
1.552773178147680255e+01
1.995407507559320948e+00
-3.383444929875469853e+00
4.929760438670232503e+00
-8.817545727192413807e+00
2.837239028235423177e+01
-2.239383634240940069e+01
2.408889828861845217e+01
5.363682718171361330e+00
8.060082981820301029e+00
1.274112953090332212e+01
-4.860464768613411479e+01
4.729577199262905651e+00
-3.742590610106276472e+01
-2.736874071760329485e+01
-2.736841353789947107e+01
-2.791000685334748255e+01
2.983739500939464051e-01
9.368278043657952026e+00
2.785207216908293049e+01
4.835814254798201262e+00
8.031035764158893642e+00
-3.925443570929337511e+01
-1.424994802379577408e+01
1.900481868861807300e+01
-1.134991081027798998e+00
-2.860247976036589534e-02
-4.936715823666418146e+00
1.959328441488929684e+01
-5.101261852182304324e+01
6.297516711350944263e+00
1.134186305695796193e+01
2.416148269230520640e+01
2.065430366969020071e+01
-3.163174527971605698e+01
6.277053019123911781e+00
3.253628543058653122e+00
2.608574324122713506e+00
3.331943848051594159e+00
-1.051334118507995186e+01
-1.970679699065117063e+01
1.056427994879986443e+01
3.363225781588738528e+01
-2.798109991390219875e+00
6.440186298793406650e+00
9.499958191637688287e+00
-1.432655810298071231e+01
-1.519246522765655527e+01
-6.666565943065616295e+01
-2.058463011560938583e+01
-3.047846310428897709e+01
-3.731595414072671701e+00
-3.769753730189322027e+01
4.195397805804884683e+01
-1.749515386377589721e+01
-2.997530981031843567e+01
-8.644877225352274763e+01
3.709952111865931101e+01
7.449716989525853705e+00
3.429747983365302844e+00
-3.500746691438979497e+01
4.914858950194968656e+00
-1.114443143465432229e+01
-1.830394118524687386e+01
6.556903890745248376e+00
1.885556407040678550e+01
4.071412261321341930e+00
-1.185180087321253950e+01
-1.368432891328552614e-01
1.527257589042307018e+00
8.812845315651259170e+00
-3.545846766787711601e+01
4.030427980462732052e+01
-2.395492291180656963e+01
-1.670923393452058292e+01
-2.731852888403329871e+01
-5.806841961961661269e+01
5.021167448438596637e+00
-2.926531793514817537e+01
-1.063533416824330402e+01
1.823183537903821616e+01
-1.443082434326095154e+01
-1.926819732701176235e+00
-6.552266300247651998e+00
-1.120598569132459943e+01
1.782052307421128745e+00
3.028366153319863940e+01
-2.806754946974128728e+01
5.552217388429207290e+01
-1.263652421727078945e+01
1.866588086726545725e+01
-7.665336412383567222e+00
6.356721929393557957e+00
-6.103009112117177892e+00
2.449646374918103220e+01
3.421273307106203276e+01
1.068534037479690824e+01
2.567435634736214212e+01
-1.987612917907458154e+01
-3.702760261790380980e+00
-1.243910376451128741e+01
3.833382512026159361e+01
3.216717076575690726e+01
2.431566522588735779e+01
-8.524158100383203873e+00
-1.552613809991160565e+01
1.390025584949023596e+01
-1.570500618404632576e+01
-6.947500652326766613e+00
-3.219686776001452699e+00
-1.645443294221907138e+01
2.772589320942651625e+01
-4.605212252893338132e+00
2.119074543446307501e+01
1.092974877664050126e+01
9.638463168124118852e+00
-1.846677732837763131e+01
1.479262875050703485e+01
-1.023392404111586984e+01
-6.575604167336791761e+00
-1.739076248537230640e+00
-2.684818755366353571e+01
4.163508861204974210e+01
-1.484641112183595979e+01
-1.801348362896078470e+00
1.240374045421658877e+01
1.073281858677535183e+01
4.136575634876636798e+01
-9.554439048020697101e+00
4.204688941978690764e+01
3.770016612110524079e+01
-5.224689268692270616e+01
2.843343505700502760e+00
-1.038554524869951479e+01
8.758151633114977130e+00
3.334128626075980151e+00
1.108163902782240484e+01
3.477593030317723333e+01
5.447855947717611258e+01
-4.190037350863974552e+01
4.221285289857826228e+01
-5.461227663760448081e+01
-4.531805873416607255e+01
-8.042992951644293953e+00
1.578782312546422872e-02
4.060174210532287020e+01
1.998455413281789106e+01
-6.746497809070149287e+00
-4.974779085553208802e+01
3.936944333231394921e+01
-2.327348556727378082e+01
9.584317002988882450e-01
-3.990654162267105676e+00
7.021009753789985552e+01
-1.412596376999772474e+01
-5.956742553552959407e+01
1.744757864485245591e+01
-9.073857663921401695e+01
6.410544989314473696e+00
-2.034981429806308029e+01
-1.027681613299634833e+01
-1.514485146604444310e+01
-3.263023598075400855e+01
2.136900731197381731e+01
-2.121658616034143208e+01
-6.534305599207186788e+00
-4.400125599602654347e+01
-2.435295222214278965e+00
-2.915060484679857211e+01
-4.166331779698714399e+01
-6.337434657762941015e+01
5.120458242036164620e+00
-1.986994329111138313e+01
3.492856137373109959e+00
-7.886157542462910897e+00
-4.533454683285185638e+01
-3.625527247895651328e+01
-3.042089839694989450e+01
-3.164206269854639686e+01
2.973123784619208720e+01
2.837238532523116419e+00
-2.781221786976422550e+01
-1.213525655119337898e+01
-1.370953775524121454e+01
2.245776155631313742e+01
-1.732606165335926462e+01
-4.281877373085329452e+00
-1.567144034982757717e+01
-1.993540348869987611e+01
-2.257728738489969089e+01
2.060957470519278445e+01
-8.702594236138935457e+00
-5.168086257546877960e+01
4.301511314851202883e+01
2.458096996979774218e+01
1.494600394558943890e+00
-4.359612801205770438e+01
-4.177007887411247111e+01
3.807717135467612479e+00
3.945242893904037373e-01
-1.761302208881386377e+01
-2.553050987045149611e+01
1.751106390942794633e+01
-3.080910754425502773e+00
1.467729121163341688e+01
2.738507191000906005e+01
1.772081047856144664e+01
1.782881699225444549e+01
1.333986599358887482e+01
-1.164453390815526745e+01
-8.320351529910311683e+00
-1.214194894612847619e+01
-2.050771295467154687e+01
-2.386829852682711817e+01
-3.555283178609268191e+01
-2.080207635017340806e+01
-5.718356852543109881e+00
-4.293747721815611840e+01
-7.962126157400746251e+00
2.039214881585991890e+01
-4.405829943094369128e+01
1.664246931669468665e+01
1.500887094419502432e+01
-4.020069150325008422e+01
-3.168059175037791420e+01
-9.592971515924404002e+00
9.821928325800016069e+00
-2.203175085102935782e+01
4.040702134329268347e+01
3.586123960779335107e+01
-4.320234672781901963e+01
2.500460919716044828e+01
1.945561314473377479e+01
4.897368345848349236e+00
1.214713232266413456e+01
-2.393005862792534799e+01
-7.289657382301214739e+00
4.623201099919867829e+00
1.075558785458262889e+01
2.365464426797549180e+01
-2.864510885628651593e+01
-3.336871525997537447e+00
8.388144524602765273e+00
3.040317529298988575e+00
-1.662394472391399347e+01
1.221204225599208115e+01
-1.429541416683608190e+01
-1.148038985216213348e+01
6.656406602421043317e-01
-3.405252381075237622e+01
1.669642305582463848e+00
-9.452780882685772212e+00
-7.733702397329693667e+00
4.689067687033912080e+00
-3.039602802960988015e+01
3.320304911558284289e+01
-1.410662313489203257e+01
-7.460563095761276031e+01
-4.777251036499467318e+01
2.071563463760617196e+01
-2.265705824611970343e+01
-1.050671577838170379e+01
-1.467291976674301424e+01
-1.027933060139547194e+01
-5.639695685550657345e+01
-3.555054027140158723e+00
-3.490362388720541276e+01
-1.930800287954411942e+01
1.188739023641414860e+01
4.407257674898360733e+01
1.585908341427696655e+00
-5.813831228877148760e-01
3.334784316497750467e+01
-3.104830253738020929e+01
1.790841120938539888e+01
4.276657732840192239e+00
-2.670316112600130509e+01
-1.427196035380129047e+01
1.245822115072235192e+01
3.704773990898573288e-01
6.812243565483477425e+00
5.795576232373989001e+00
-1.324949458700785954e+01
-1.822426301543725913e+01
-2.805785988130554642e+01
2.759230240987571392e+01
-3.613965385643628991e+01
-2.684539928167620815e+01
6.961398835964416776e+00
-4.871150344802788368e+01
1.262408195610419170e+01
3.594515671176861815e+01
-4.040776013515220200e+00
6.528849018096721579e+00
-1.616367598732188071e+01
-1.234569302377656186e+01
5.819977439880346992e+00
2.129233319877254615e+01
-2.176566311602892512e+01
1.516832436722256716e+01
-5.959888993701639492e+00
1.717200260058291406e+00
1.297985850344053915e+01
8.343260430199023858e+00
-7.218601509647555758e+00
1.130770816863559958e-01
1.072696330292075118e+01
1.604625469610550681e+01
-4.026986827525581703e+01
1.881700716703221588e+00
2.886696019369216160e+01
-5.176784902031363345e+01
1.702861697067140767e+01
-6.538154544457401585e+01
-6.026105650025309401e+00
-8.307889462518474488e+00
-2.958028818323896303e+00
-6.824914165636471353e+00
-1.408301989556565559e+01
-5.330289954854492862e+00
6.702377466542039031e+00
-1.494631148435886914e+01
6.750955667763292922e+00
4.911239616341299552e+01
-3.396848152423967804e+01
-1.479700665263862902e+01
2.234473771228866212e+01
1.348842049933278986e+01
2.450830783312642325e+01
1.182168349550748587e+01
1.181254137226365231e+01
-9.024296215105380270e+00
-2.747851037363477644e+01
-2.532566331166282225e+01
-1.511717470483948489e+01
2.574476979177518388e+00
-2.368414169970208150e+01
-7.841144735499149476e+00
4.077596922246854660e+00
1.331622097827460038e+01
-5.722913951460864013e+00
3.339554578763977588e+01
-3.238151503362271910e+01
-2.203187267588077702e+00
-1.714018878752840536e+00
1.540002636036965100e+01
-2.197659535420232402e+01
-1.392071577455587317e+01
1.050727905395558359e+01
2.516067753632174231e+01
4.179246180054171589e+01
1.786263673352101478e+01
2.340556240110277031e+01
-1.561974426953891637e+01
3.527230180252701075e+01
3.692936294713996404e+01
-1.442732179740801257e+00
1.912591136657457014e+01
2.107906308745197066e+01
-1.316542916328808133e+01
4.752270082394545625e+00
3.394609352091271148e+01
-1.349500141050231150e+01
-5.120974967090319296e+00
-3.365940301998566753e+01
1.329846946888429216e+01
-7.185168927060487931e+00
1.099083686951490790e+01
3.269942591486397987e+00
-2.223112094974608510e+01
2.544738359595132238e+01
2.240871275835647225e+01
-1.504579742297781308e+01
1.066079589977029229e+01
-3.412658919322387874e+01
-2.966350026862723865e+01
1.380335262975705746e+01
-3.803386483317072475e+01
-1.717483844567572859e+01
2.871096288975991229e+00
4.614624739330366765e+01
-1.422976771425885545e+01
-6.844482416806584979e+00
-1.004021340632155557e+01
6.257981721184447110e+01
7.763493893018953429e+00
-2.405676789454484776e+01
3.953421591939502377e+01
3.500331099592990824e+01
1.750164125350195832e+01
4.192866302235546527e+01
4.795534260790132919e+01
-4.163330801035240114e+00
-1.546369467582465518e+01
-1.617034947147868706e+01
1.611659931006576585e+01
2.098563792805026651e+01
-3.830632244814182741e+00
-1.288288789816334656e+01
-3.406607194673274819e+01
-1.407420717538465738e+01
-2.520399089898847933e+01
1.682285050985623798e+01
9.545939232949933739e+00
3.554136021720739791e+01
4.158838503697580791e+00
-1.315187503697814009e+01
-4.728449085992453504e+00
2.199549571727625619e+01
6.986428962138404586e+00
3.037051100549248872e+01
3.108384330566656217e+01
-6.728734346878667338e+00
-6.017061630891781476e+00
-5.598776673906610313e+01
2.822362915333648914e+01
-6.882894836864466015e-01
3.021664488515435210e+01
-1.206443931926730073e+01
-3.475506598158426641e+01
1.176354586245160405e+01
4.058065307167196778e+01
-1.456224788404406212e+01
3.681738582105390378e+01
-4.054435816503831802e+01
-1.283956769245699547e+01
-4.530240800437621829e+01
1.060747539996876299e+01
4.496525681763557714e+00
2.997000630204553318e+00
-3.462767934730118213e+01
5.047635926546115570e+01
3.016173776286586872e+01
4.924464788234331536e+00
-2.872360083848573709e+01
1.206129652230936244e+01
-1.296509471630318444e+01
-6.905636900943193268e+00
-1.335094141426975511e+01
1.019605815543476979e+01
-8.061688705980827763e+00
-1.120764347267308381e+01
1.157897145826069618e+01
1.439371655570303687e+01
-4.760624322003536690e+01
1.107240650479761257e+01
3.752586764689243637e+01
2.235108857869940380e+01
-5.811116658899340592e+00
8.323650602948688970e-01
-1.948633363864891521e+01
3.219893602689103318e+01
8.630118468198475057e+00
-2.331729525217383525e+00
-4.173881432997802676e+00
5.934050791413645243e+01
-1.756965361305930173e+00
1.350713852939702520e+01
4.144171749981202879e+01
5.333661741714790594e+01
3.449417242965731134e+01
2.249416851895585978e+01
-3.686737980763408018e+01
-2.512686295991295538e+01
1.909704823549957098e+01
3.854982396562689928e+00
1.754102343953249488e+01
8.834099298042701776e+00
3.407508594615146080e+01
-4.288483772875957101e+01
-2.701728362605749112e+01
-6.378189993483658782e+00
-4.737680532608001727e+01
1.059547491266779673e+01
2.436949102887528795e+01
3.785316298390966949e+00
-1.228811606611117213e+01
1.284799597669859850e+01
7.649268611305637933e+01
1.705593588789622572e+01
8.704499198139444616e+00
-2.598522155158485702e+01
-3.315213229150668894e+01
-8.102205491181244668e+00
1.827296206893680619e+01
-3.272955742441013172e+00
1.312134526550869396e+01
1.932473546934664910e+01
-3.155637350061979873e+01
1.439742684917496263e+01
2.446239965374854819e+01
3.117612992045400233e+01
-3.655462421469934498e+00
2.601558362972355098e+00
-5.548432977370651997e+00
-2.670974516270655386e+01
-3.834610230157812794e+01
4.388491181838733723e+01
-4.272327889703390724e+00
-3.051003437225712389e+01
3.026493893535032953e+00
-1.429014525424236837e+01
5.013281901589397194e+01
-1.291071084013026393e+01
-1.980886371017902547e+01
1.921543685932238077e+01
-9.057498812507986941e+00
2.457838406493505090e+01
7.240378129359044124e-01
5.366907737686167934e+01
2.915486550450016523e+01
2.216214833301577869e+00
-2.055356729400664051e+01
1.514260206590881808e+01
-2.974857973459945271e+01
-4.839475976863582218e+00
3.382592415278718079e+01
-1.544112193641663566e+01
-2.479472211000214088e+01
-1.340073021466216119e+01
2.763357947856849250e+01
6.975559443646112356e+00
-4.573572480895978742e+01
1.832508083432334445e+01
5.108478889768747422e+00
5.082039637090190354e+00
-2.781837679413291653e+01
1.594110237110726302e+00
1.864528465698504078e+01
2.641473858309129241e+01
3.639181842507485243e+01
1.593219641040712631e+01
2.164016370964333191e+00
-2.986444362224079896e+01
-2.583125524573492271e+01
-3.811091920985663251e+01
-7.253096319056112407e+00
1.750319861211406192e+01
-1.344707143591492127e+00
2.834656032511225021e+01
-1.804521546681871769e+01
9.093271563346149833e+00
-9.599866976672601027e+00
-1.649253443783339890e+01
3.376736736628993185e+01
3.908086534210923446e+00
3.473690755416464526e+01
2.599766485657426074e+00
1.229550027071938345e+01
-9.954877414075383513e+00
3.354256762672798686e+01
-9.174198859980691623e+00
3.541830547643760596e-01
-4.314663680276422042e+01
-5.299848095187002173e+00
3.949446214225113749e+01
3.528816709253084127e+01
1.489728105673876257e+01
-9.183692673616022262e+00
3.101778007083510147e+00
-1.159449646358373798e+01
-7.667805918862669046e+00
5.109587028598814840e+01
2.795116491785165636e+00
-1.447873461224159541e+01
-5.988752603849069800e+01
-2.625646838766218139e+01
-2.123507826165719337e+01
-3.543255563242627204e+01
-3.209580509549172689e+01
-3.824063872658180685e+01
-2.537688083693484487e+01
-1.761675636035408843e+01
-2.736662991412138979e+01
2.595344238104285139e+01
-1.152041305777692060e+01
-4.885289125776694164e+01
2.219862007711356000e+01
-1.683570757294640430e+01
-4.494483687032965236e+01
5.374336327017243775e+01
-1.440719883245672506e+01
9.500016321420702070e+00
2.215789678465205270e+01
4.963659482380705867e+00
1.478295609275713218e+01
1.787918288592095450e+00
1.115273757995058901e-01
-8.217728350290215644e+00
-4.174919179679423564e+01
6.572156683390552701e+00
-6.903587343786892916e+01
3.932649370696739766e+01
-2.360936639031771733e+01
-9.826279389533823405e+00
-1.014702730413387144e+01
8.284577912243960895e+00
-9.471274002100130929e+00
1.495819716109413378e+01
-3.065075641157564235e+01
1.983920177083683711e+01
2.390615505560739962e+01
5.798156757416322193e+00
6.347283579373339535e+00
1.197251096194301567e+01
5.052106451316660696e+00
1.531289327722117832e+01
-4.379538056722424244e+00
-3.900656207784963669e+01
5.300630930685883868e+00
-1.375429290543283400e+01
-2.993439730722684544e+00
3.068101021910055692e+01
-4.458824340641208295e+01
7.688289699633230612e-01
1.173524242479516033e+00
5.100532071586769689e+00
1.740861569747912085e+01
-6.767837482191605858e+00
4.619936908059372627e+01
2.446222847937676192e+01
-8.535540280605751207e+00
-4.197450877216908793e+00
2.099969572979830446e+00
4.279107633790772525e+01
-2.946787370719425780e+01
-5.729000051017658279e+01
1.713650965110545599e+01
-6.812202958352528981e+00
-9.285714810056120427e+00
9.207233154166786449e+00
4.227828388961106043e+01
2.469074127472183022e+01
-8.926267587512910495e+00
-2.928733418494550733e+01
-4.762515904684825330e+00
1.572852524683965036e+01
-8.519820037153436942e+00
-4.160607370151183204e+01
-3.393751704780086698e+00
-5.319599346187358435e+01
-2.833719952639265216e+01
4.582143115561024160e+01
-2.909196140809355313e+01
-3.811805105600080879e+01
-2.876145992415894170e+01
-2.064202768233286633e+01
2.020837854376699738e+01
4.709361666505264310e+01
-3.716311823973796891e+00
1.447749380782843787e+01
-1.188866584475314880e+01
-3.891315158538527186e+01
2.626110642484133706e+01
-2.639733848445763442e+01
1.459537995050123982e+01
1.788153241975852126e+01
-5.921969233597195625e+00
2.111075537501685062e+01
2.307575475547889710e+01
6.362021369459955622e+01
-6.653107029911268455e+00
-2.905156536900148012e+01
-3.526603136271592120e+01
-9.628734953385048811e+00
-1.877262555012977785e+01
5.301791445694613003e+01
-2.459556169207746734e+01
6.492988496910005125e+00
2.749491642971008787e+00
-1.236646795161313150e+01
-4.765343690183681247e+01
-3.512493253933882897e+00
5.533706472769182483e+01
9.746378705132769937e+00
4.204378411439051888e+00
-3.247792699339237288e+01
-3.233715763530210552e+01
-7.918381520463846357e+00
2.584712210274466315e+01
-1.424630359457623285e+01
5.777293845783654547e+01
-2.720710350585014226e+01
1.054818725769983701e+01
-7.705279910419790212e+00
-3.647617440826309121e+01
2.422850458317157063e+00
-2.882662689426274483e+01
-4.153253388118861267e+01
6.232128570564839265e+00
1.085076014794111643e+00
2.938307298469536022e+01
1.325662888831056563e+01
-1.888330617869772610e+01
1.206433698643968455e+01
-4.917600317931978537e+01
-2.691902880994427960e+01
5.013265796032819566e+01
4.644519489989839656e+00
-5.973956947823694463e+00
-1.672990351533698572e+01
-2.463138520451252589e+00
-5.587212602950103246e+00
5.002160388892048104e+01
2.339016721848906855e+01
-6.651278583896441887e+00
-1.970960365216001264e+00
-2.209725488496056300e+01
-8.804741380990492416e+00
-3.541551880600400182e+01
2.772920254144086272e+01
3.926135254567356014e+00
5.813126629489545394e+00
1.009496769794507998e+01
-4.501273125138400388e+00
-1.156103920368651394e+01
3.079369105459866418e+00
-6.084981688364376851e+01
-8.707217999053511903e+00
-5.776335761942618774e+00
-4.361431844226316912e+00
2.708469367605557920e+01
3.655457117544791146e+01
9.757594351171007929e+00
-5.351765135021100406e+01
3.498535993776636133e+01
-1.201546608794157578e+01
-2.104961786484946629e+01
-4.899706821434160275e+01
-1.687952849900645447e+01
3.494170527012328620e+01
1.712939221613555674e+01
5.586168221124125921e+00
1.892114487019571811e+01
-3.282473102157797484e+01
-2.616386890145557231e+01
3.168588218947400037e+01
2.185737596295840035e+01
2.700573157677510494e+01
2.789647420668103450e+00
4.726109174668181367e+00
3.066201673120954752e+01
5.423273379544406225e+01
-1.173364858403017763e+01
2.162773778090740961e+01
-1.457190659742821026e+01
-2.460595659860549489e+01
-1.946801038061417444e+01
-1.957848525703994369e+01
-8.167701827361270261e+00
-2.674066790259564641e+01
-1.100461320459839953e+01
-7.626284183554713536e+01
1.906027988847358756e+01
1.244454880642632943e+01
-2.677703237782445456e+00
-2.180305020995052701e+01
-1.037286901270618955e+01
-3.087577506143762207e+01
5.495123260293468093e+00
4.525871745411419056e+01
-1.243371212597810427e+01
-9.468033414877197629e+00
1.180077194383841288e+01
-2.869004192114822160e+01
4.751487269456222862e+01
8.235002202920014724e+00
7.864564967470130341e+00
2.778042436605892362e+01
-1.384674363218607596e+00
3.144528209149370923e+01
1.061858265446186067e+01
-2.204088634776354638e+00
4.615304000138905849e+00
-3.517861336757732715e+00
3.716672740893852733e+01
4.802850479712049037e+00
1.018248977927888177e+01
-6.503185381028544043e+00
7.879654505739381420e+00
-5.177784702835793951e+01
-1.970432647724317121e+01
-2.738811864495829695e+01
2.658680150555983346e+01
-1.794678909318773208e+01
-3.368411575300683580e+01
3.245116083478160363e+01
-6.816048391537705697e+00
2.272517456782293266e+01
-5.050004900016381271e+01
1.038052192048526123e+01
2.915695721944175034e+00
3.478686019100621252e+00
-6.560193532599896571e+00
-4.076393655120284620e+00
2.844463355272270633e+01
1.001259524783279176e+00
-2.848648620338948945e+01
-1.049555143341613928e+01
1.232955079612194993e+01
-6.444614115049107284e+01
-4.929790125086463348e+01
7.323743278943766200e-01
7.877233482125710395e+00
-2.633177505823518061e+01
-1.051633676460511424e+00
5.892623540617734079e+01
1.565448117303287745e+01
-3.015830732773025602e+01
5.242879049790545309e+00
-5.207979062891666899e+00
6.981229357761357335e+00
-1.994015123497095487e+01
1.232506994050045535e+01
1.474694663233037772e+01
-3.886046310901662082e+00
6.247654742465505251e+01
-4.428566399182543023e+00
-1.765028046837647935e+01
1.330403508992731076e+01
2.401810533450861840e+01
-1.886088350051946350e+01
-1.024452433636934501e+00
5.474249596261468298e+01
-1.568615895667733184e+00
3.287601168623157832e+01
8.151070025433909905e+00
-3.910361425227982579e+00
-1.272608085844342440e+01
2.918775178576892415e+01
-3.123423175439984334e+01
-5.692488919134746084e-01
-1.016548432537229019e+01
-2.217874028230681915e+01
8.406087665017153654e+00
1.485482675259709495e+01
2.414629521983584937e+00
-2.052583626563091457e-01
-2.226549232388157407e+01
9.069334744651868618e+00
-1.829391349993443328e+00
-1.267544661342574841e+01
-1.125977503616067565e+01
9.212598627638300286e+00
-2.043160667866004587e+00
-2.112888113494767595e+01
-6.091130306789398219e+01
5.878658972978143993e+00
1.075459346552298712e+01
-2.711487475739042452e+01
-1.336767796806651631e+01
4.621592177375697474e+01
6.275488520116510927e+00
2.204686224419060636e+01
4.839497001270373744e+00
2.226575429776752912e+01
3.187446317758741543e+00
-2.176479890913185500e+01
-6.091413964708706885e+00
3.047070502499110489e+00
1.759966150145123720e+01
4.213811956428719441e+01
2.752689747265534947e+01
1.682278844917817651e+00
9.540769394741033693e+00
3.386380553568359630e+01
1.478010560390501382e+01
-3.875300835119631415e+01
-1.541109666188108918e+01
6.211542436876840156e+00
4.778175845248398446e+00
1.380261147743556904e+01
-2.895363325974247459e+01
3.962414074209299031e+00
2.417560040785500064e+01
2.676438121734407360e+01
-2.404943918663013847e+01
6.387805891648667966e-03
-1.242944997869557255e+00
-9.495689173145848372e+00
-1.590967765197134298e+01
-8.660052716528866767e+00
-4.935616517952809090e+00
5.645711047638940272e+00
2.365582028816753279e+01
-1.729272195284828229e+01
4.525907338086733489e+01
1.833627066154710405e+01
1.498493036650765475e+01
1.979219543014498583e+01
1.514502782364626299e+01
2.034684322655153466e+01
3.060663142965371719e+01
-2.544777690219472532e+01
3.483869638649206735e+01
-6.381167272191905226e+01
1.771052706317791703e+01
-5.982195412933265288e+01
4.670783920993488891e+01
4.212517013756179551e+01
-5.279642102922935010e+00
-2.693721599979198800e+01
-2.376015214911211615e+01
-3.076794416062708137e+01
-3.545236697875998289e+01
3.165079537090258555e+01
2.354177610012695254e+01
1.337581594885672587e+01
1.583556515517057051e+01
2.502898975344820087e+01
-2.192796703691010407e+01
-9.942450436655406065e+00
3.085666193047428152e+01
-7.296323332751185831e+00
2.988600306905527759e+01
4.169462072102672323e+01
-3.242652781239645066e+00
-4.097545021906961438e+01
2.785468239323677153e+00
-1.472121885808427066e+00
-5.709282483163065081e+00
5.896835185180293593e-02
-3.648187107568998044e+01
-7.046312377632546031e+00
4.933011777660624375e+00
7.435386745644194662e+00
2.734853609137530839e+01
-2.391178703537062233e+01
3.115378098710436916e+01
-2.232214492768737557e+01
1.434590603164133427e+01
2.259664648699475009e+01
