-3.415305036673481709e+01
-2.012615089775408705e+00
-7.029586705758362086e+00
2.371004344981825795e+01
-1.173355271760414098e+01
-9.068721707203820870e+00
-2.366909655909745425e+01
-4.952412421843725099e+01
-2.112767208914502248e+01
-2.226379152376239290e+01
-2.073414553259678428e+01
4.218925156094567086e+00
1.976063091351505818e+00
-1.059293481487699751e+00
1.690641426365175448e+00
2.611816112834173964e+01
-1.002482373522752823e+01
-7.086242593238750942e+00
1.160076275924933498e+01
-6.098628232790878911e+01
3.060048625130177413e+01
-1.315333856319989536e+01
-2.353956398635402181e+00
-5.502497328155001810e+00
-9.790283978683760324e-01
-2.067529232437706810e+00
4.727007789477340793e+01
-1.487591195499972230e+01
-3.921807067463248586e+00
-2.994119476873449059e+01
3.864801317174635642e+01
-4.258905673063452468e+00
-2.103262514813070538e+01
1.104937660126197585e+01
-2.029810963060469930e+00
1.285023950901089052e+01
-5.308066639710773416e-01
2.690033618914043245e+00
1.868902638543310246e+01
-5.378560338964501852e+01
2.997016792462767398e+01
8.022517224706490424e+00
-6.188877897822266050e+00
-1.720503423913580576e+01
6.799607096329793876e+00
-1.080659924774570868e+01
2.451752753404156238e+01
1.959576596542547122e+01
-1.262099202581367763e+01
-1.614284162846047366e+01
-1.708523749639044809e+01
-2.048439019464566258e+01
1.040467034496178655e+01
-2.665192875898384273e+01
8.166923660116594874e+00
3.410055844255604995e+01
3.932702246557542480e+01
1.830427475562356676e+01
8.131850091093269839e+00
1.708063896556751615e+01
5.014222853884427877e+01
8.443699501057608359e+00
-2.938641240265057064e+01
-5.923829598689735576e+00
-1.385395967819005136e+01
3.275610640898861448e+01
-3.873925455190632761e+01
-3.385493789640912610e+01
-1.724500962308825081e+01
-9.671166699973866798e+00
-2.204378960656646314e+01
1.547388048788960191e+01
5.106223665512686694e+00
7.717695048539951586e+00
-2.135402463360556524e+01
-1.867900309388227242e+01
-3.226227034096118018e+01
1.774801604347311468e+01
-1.850886379472014198e+01
1.670030922027929421e+01
-5.350696378579280044e+00
-1.464852401206823629e+01
-2.823225887151762947e+01
-8.411165619471688615e+00
-6.014772343272113631e+00
-6.742029223796961901e+00
2.202418401188266728e+01
4.132549347458942179e+01
-2.428082217140078924e+01
-4.229974220422580800e+01
-1.061956240603218760e+01
5.857846243546975984e+01
-3.200155798912281568e+01
1.767968718078938650e+01
-6.435431561995017091e+00
-3.285966571812728887e+01
1.356049569814670974e+01
1.926080031313676955e+01
-9.573296295582792936e+00
1.812171303725489224e+01
-1.323925387232623052e+01
-3.083154957732605794e+01
5.178504189915446432e+01
2.469719239912689090e+01
1.395239522590239289e+01
7.789591234953633148e+00
1.481285876837415572e+01
4.454544247931792711e+01
-1.452224085130361075e+01
3.314736168272467864e+00
-7.460563166283637315e+01
8.618058114199470765e+00
-3.656417410075206931e+01
7.664931817660061597e+00
1.203529186361915038e+01
-1.971062711081719954e+01
-2.793362923233323158e+01
1.215864776298644756e+00
-1.665065069395487285e+01
2.106331679832058512e+01
-2.744402885567753714e+01
-3.056714334396986033e+00
-1.984685186447001115e+01
-1.931054329203419684e+00
1.096478027089645479e+00
1.232349099861161790e+01
4.532526388268820483e-01
-2.822346625909858631e+00
3.513058223154312287e+01
4.974408491533388599e+01
2.688204661494917502e+01
3.881164651247902952e+01
-6.353940729723440484e+00
5.517538630391385368e+00
2.900376342161376897e+01
-5.009197121211599324e-01
-4.153884091385239685e+01
-2.226126291214645647e+01
-2.771532371466739164e+01
-1.512522716403481127e+01
1.568337438464530464e+01
-6.494487239353964014e+01
-9.190315926580325367e+00
2.424393319632644506e+01
-2.046190510406466956e+01
-1.708883190004877406e+01
3.264500535260617653e+01
2.431905287046328112e+01
-1.811674569924318234e+01
1.523181688298038239e+01
-1.388560445026915602e+01
1.864793609796616281e+01
1.785290458945524961e+00
7.228335545369333204e+00
-4.665013327656799902e+01
-2.586433714614506130e+01
-4.702904080018015520e+00
-8.907709417355693660e-01
-2.231503570291175720e+01
5.951315451042478344e+01
-9.552914302234000843e+00
-1.767301730045598163e+01
1.942783053062350973e+01
-2.511926503876490813e+01
-2.003703358477527274e+01
1.791798701628022172e+01
7.033085427755693786e+00
8.416114138490797814e+00
8.638570520953152254e+00
-6.052472343334471816e+00
8.738896600037804774e+00
3.187691126196427405e+01
-1.445549142547801580e+01
1.050667504723617185e+01
4.977892709606105370e+01
1.791544091621797463e+01
-4.137208066227458403e+00
-1.123954450142479544e+01
8.519478869105638807e+01
-1.168079791858579597e+01
2.052241354635694393e+01
1.415704902428942091e+01
1.610017642979590846e+01
4.834951715817845752e+01
2.623928080815420572e+01
-1.456603453479765165e+00
1.328759115557829773e+01
2.688634723489479939e+01
1.967771707806090831e+01
-3.181272862030277793e+01
5.158237825215263683e+01
-4.586098395780855697e+01
-6.723811548465263854e+00
3.011784117752293355e+01
8.236603331237819958e+00
4.171723252992308062e+00
1.546056025754721475e+01
1.228799170884192904e+01
1.882239745395148134e+01
-3.425130925485274247e+01
2.198091077459423559e+00
-1.455851780718944610e+01
-3.674433654132684524e+00
-2.489706478136042733e+00
-5.879669761344834100e+00
-3.146904699489198265e+00
4.579563961403314920e+01
-4.652658889783012341e+00
-1.418821964238441069e+01
-1.408271255333428229e+00
7.116280048875509578e+00
-3.261293959385909602e+01
-2.802181188138544599e+01
-1.985629493536752932e+01
-3.383497930400491782e+01
-8.762557086193766054e+00
-2.283751428114026538e+01
9.951815469685627136e+00
7.158644157722733325e-01
-6.820543070790080264e+00
-4.504149946773111424e+00
3.132744518357554853e+00
-7.970732360894942303e+00
3.727620555003598213e+01
-4.729330324807443731e+01
-8.313347333124347927e+00
-7.368474891237610791e+00
8.705187288283838143e+00
1.238410523011089026e+01
-2.571392677147173345e+01
-8.326862793268503538e+00
2.345812165633322266e+01
-1.095812252732648773e+01
8.715689943079553359e+00
1.860572268028407450e+01
-1.627353559242379788e+00
6.092036394854164882e+01
-7.634741663939962564e+00
-1.726675843753326944e+01
1.748767485222458617e+00
-1.340731674926240657e+01
2.986067472168240045e+01
-2.314280639521830096e+01
6.645216216655796870e+00
3.099883662298861964e+01
-6.876126007925620343e+00
6.460925231392553769e+01
6.992137366456142900e+01
-3.622128538712092904e+01
3.221737396816901366e+01
1.189609977448640166e+01
-3.041202487715914060e+01
9.032948920987081465e+00
2.295115077959101768e+01
2.344500150995267518e+01
1.251307366737876237e+00
9.282354785380221074e+00
4.062949509315592422e+01
-1.283301964884638835e+01
7.825237383259739943e+00
3.917590516470573903e+01
-2.018572955145140924e+01
-1.087246595967526730e+01
3.054659409122814395e+01
1.566115535126722591e+01
4.129480967571038263e+01
1.645525215413152864e+01
5.910680675663627426e+00
1.454640483809595253e+01
2.207530790624721817e+01
-2.927072306761202469e+01
3.743026576613203815e+00
1.353758869926818065e+01
6.367787214294082787e+00
1.291617096129776598e+01
-3.338813598905484525e+01
1.745553479225264937e+01
-2.331634773065400168e+01
-1.817168411873498002e+01
1.168370592075838488e+01
-6.350285944369346680e+00
3.158258446913319517e+01
-9.081097439216677003e+00
1.642049135832965590e+01
1.769524633875278141e+01
4.236699435430269034e+01
2.974199090342289509e+01
2.656383203922656122e+01
-1.750523239056576585e+00
-4.590870197547189946e+00
-1.741429108283949745e+01
4.355861335460363648e+01
4.330673761405381583e+01
2.129816575428137071e+01
-1.370975200819668771e+01
2.713635587314124109e+01
-2.778884770267353588e+00
9.687780990487077304e+00
3.602227127936686202e+01
-6.309820164148476351e-01
-4.296114279297086114e+00
-1.096544493351706251e+01
-3.190788427478753420e+01
5.209424159385994813e+01
2.760746540643407343e+01
-3.255925502380622305e+01
-8.966975448131279336e+00
1.434804957068636355e+01
-5.397485056300496353e+00
3.461130479946872640e+01
6.823685653670594320e+00
4.362295214349364869e+01
1.897671901413631090e+01
-1.238098892531297679e+01
1.093191912813075817e+01
-3.406137550992212937e+00
-1.498634974426892086e+01
8.574317974216938865e+00
8.163353094954004519e+00
5.126654890617956539e+01
4.306420378341951505e+01
3.026872369461986523e+01
3.639193434016988249e+01
4.739747790610095990e+00
-1.415026675526439703e+01
7.838780790987186720e+00
-1.821458107129233284e+01
-2.930449137939930182e+01
-3.035799973334388824e+01
-1.702953845114461728e+01
-5.940264350865737697e+01
-1.907471475325674248e+01
-4.733031292389301825e+01
1.286304701389489047e+01
-2.528688242515269735e+01
2.543864031408563164e+01
-5.411030512229358891e+01
-1.630371577517460935e+01
2.338388743479472964e+01
1.145461399438774208e+01
-4.855494846909437001e+01
3.094378252366942661e+01
-1.410672876508601803e+01
2.939465527211846307e+01
-1.260990917983957615e+01
-4.283206846757460085e+01
7.803996627526856855e+00
-3.556866217769874083e+01
-4.055945125095774983e+00
-1.662678184745999488e+00
2.230285529568087100e+01
6.890445498263704849e+01
-2.357102411512349249e+01
-1.908759201690754992e+01
-2.289402679626618919e+00
-6.218413965193974491e+00
-4.414839381622707037e+01
-3.042096602189295140e+01
2.611385567507335281e+01
-1.159783555557771706e+01
1.110981078202371464e+01
-2.683686795551449222e+01
-8.999750374403930664e+00
-2.265926610843560240e+01
2.822161011693125943e+01
5.165958255336818183e+00
-1.219698104375680714e+01
-9.319751907342833874e+00
6.504879366668831153e+00
-4.435508715720004602e+00
2.355684780216657259e+01
-1.407609548240696995e+01
5.465048383657858722e+00
1.941823589393588634e+01
7.493275031893631422e+00
-1.162730960722663553e+01
8.406943951651658153e+01
3.216355979070286963e+01
2.308925429215470615e+00
5.621583720992305189e+00
-3.423728472026741088e+01
1.840231508621792500e+01
-4.181628628697284000e+01
-1.589131525989745342e+01
-3.008425365560248110e+01
-1.084591144675400187e+01
3.106479636254510979e+01
-3.098783060590621119e+01
1.310670218610044202e+01
-2.110152395628944078e+00
1.138726549223974871e+00
-1.961254755712295150e+01
-2.427987805676093558e+01
-3.104578454732290993e+00
-1.951086570263260711e+01
-1.078064501228246286e+01
-2.261709720398569345e+01
-5.080608589136740960e+00
-1.899996557618453608e+01
-2.744199420386087240e+01
1.136305866925340524e+01
-7.827151426017806557e+00
1.342058106773097848e+01
4.617165705468533332e+00
-4.165621701279776801e+01
-2.868900434397892951e+01
-2.497311779857194836e+01
1.767193553916149540e+01
-1.343710040230220670e+00
-3.387303791414282728e+01
3.223856047520666834e+01
-2.138576497475030180e+01
3.128506826293741483e+01
-1.730941722654679182e+01
-2.641374851447278616e+01
1.293736793868220047e+01
-3.713926694533394368e+01
-1.881782678745139492e+01
3.386548390999342928e+01
1.031131433436024736e+01
-2.406489286191703059e+01
2.967670747742661064e+01
-9.911782321871783097e+00
-2.080529992589464428e+01
-1.661705969298969876e+01
-2.740261030686377808e+01
1.518529746518064627e+01
-4.919852126809792026e+01
-4.331733362024206713e+01
-5.573497556312986490e+00
-1.648845812097988528e+01
-3.233254609039627070e+01
4.022205235252368993e+01
7.342314735000005044e+01
-1.503201007888583263e+01
-2.002826710058030812e+00
-3.311593874613969035e+01
3.590837621467164809e+01
1.113386382022773091e+01
-1.311792135346956911e+01
-1.992581577662203074e+01
8.074155602851533331e+00
-3.173326397164072432e+01
-9.695263349483980164e+00
-4.754400425367856542e+01
1.995342485108244546e+01
5.994526827625605847e+00
-9.477470876576035153e-01
-5.707305408564820937e+00
-2.191254206365306345e+01
-6.018644488287321792e+00
7.178861750086163340e+01
-1.006958845932172153e+01
-2.631133679168647177e+01
-3.827849487400581552e+01
7.636416462160099172e+00
-2.055347294162115190e+01
5.977644858195176880e+00
1.659180741977942120e+01
4.206230064035878513e+00
1.710264295439635163e+01
8.261270451405607673e+00
3.207534856195962902e+01
1.439905077798920274e+01
-1.918024541787516313e+01
2.628548041415223224e+01
1.910798787217643735e+01
6.762463267502582198e+00
2.321693502258226260e+01
-1.558266839233553469e+01
4.041404453995320978e+01
1.292554018601726540e+01
-1.736562849756243310e+01
-3.194240844270463953e+00
-9.898501304088483721e+00
1.121656956925639292e+01
-1.272891817544598325e+01
-4.341195349775773593e+00
-6.997816996421988733e+00
4.437390422844453042e+01
3.023933567617956442e+01
-3.550856274138148194e+01
-4.460343518175932331e+00
-2.890027754168397678e+01
-7.967432855903950895e+00
-1.290990757997961680e+01
4.696925148584455201e+00
-5.320707666605777320e-01
-1.575151941139191081e+01
9.341029289621047837e+00
-4.520799899535390409e+00
-5.105699439809583851e+00
4.721420305378543958e+01
7.885702584449646224e+00
-4.523917205962050048e+01
-2.172973445307690099e+01
5.251368971935585250e+01
1.494363040266131293e+01
-5.224852083937832958e+00
5.847316881771752151e+01
-8.806915870014449865e+00
-5.019704713781862893e+00
-4.422629978562667930e+00
8.459977241453032093e+00
1.709664443508686560e+01
2.404273270897043346e+00
1.586664652209634596e+01
-7.010215393809687612e+00
-1.927004640263312751e+01
-2.284682347654156587e+01
-2.622967818635601134e+01
2.255760158145804439e+01
7.076057245763138326e+00
2.087523920540264299e+01
7.612457224923417698e+00
4.888910499108627050e+01
1.024014463150632537e+01
-4.421657740179909979e+01
-1.878551230107363779e+01
3.335037457508455816e+00
-1.595524041088866340e+01
3.460246073776798426e+01
-7.572612151184898721e+00
9.206761456831451085e+00
2.887371424148471988e+01
-4.086661601281502953e+01
8.190512906000455473e+01
1.135804698771345045e+01
1.307165622843217534e+01
1.979226511048995008e+01
4.049701668797212051e+00
-2.224884108768208080e-01
1.919983589534047042e+01
-2.028532563378689701e+01
4.545690999119059938e+01
4.018759973864263202e+01
-2.283651735072176336e+01
8.739431729501802693e+00
3.829080074202545347e+01
-1.125243853052727161e+01
9.585341597728358920e+00
2.063556993367953396e+01
2.217420564375072445e+01
-4.179260969922151503e+01
-5.628234408419814372e+00
-1.676130975904982279e+01
-1.639272990033333599e+00
-4.333854525376462874e+00
9.432761505909184052e-01
-6.797756846845572909e+00
-1.738985404684228797e+01
7.217339661131902062e+00
3.749435480163839429e+00
2.902244270935228698e+01
-2.397679848108009537e+01
2.389181218432980813e+01
2.584654676239568971e+01
-6.808342676666370608e+00
4.460035484231261194e+01
-3.727548495894322400e+01
-5.644474426470533501e+01
-4.772908117417758334e+00
-4.347097828321466295e+00
-6.996978056756120168e-01
4.379666105793908315e+01
-2.660337257933463206e+00
2.344011253884889356e+01
2.939490811634485112e+01
2.045977678388334198e+01
-6.376348762603811338e+00
3.261188160455952811e+01
-8.695726119798820264e+00
-1.938046041539814723e+01
-2.235671578970212181e+01
5.942973977951147901e+00
1.929829729986269626e+01
-7.203551575088340542e-01
1.904371779414304910e+01
2.741143766030234019e-01
3.317061667711269024e+01
9.450400950441647296e+00
4.961977178342664274e+00
-2.066499012285419212e+00
1.761960917310042163e+01
2.053167664037522400e+01
9.403957404574356360e+00
-9.734460583512571930e-01
-3.010001742788094603e+01
1.592887965049780519e+01
1.040024322151057845e+01
1.940678901871677908e+01
1.536999154987702809e+01
1.978896677349624156e+01
-4.752109900754476257e+00
1.704279294468281591e+01
-1.468946206690429790e+01
-3.539089221680455921e-01
-2.963272934234058198e+01
-1.679502014177137426e+01
2.197716117288965165e+01
-4.925176422369348472e+01
1.448677737074666538e+01
8.680793503419351964e+00
4.538783996548255573e+01
-1.032170029875877049e+01
1.822970472307629919e+01
-5.440419368110212872e+00
-2.649125107500596954e+01
-3.713665524712274646e+01
-6.401698138624070111e+00
-4.829378586899901649e+01
6.415202190243405767e+00
-1.082812990568006128e+01
1.686105361391886959e+01
1.291706517130535303e+01
-1.561252616630596890e+01
-1.596763085606181676e+01
2.236476610555436295e+01
-3.366952099541429533e+01
-6.670968476875259512e+00
-1.035146583025215250e+01
1.498332918408283376e+01
5.329749392054736745e-01
1.477284492915956093e+00
-1.032085280237986069e+01
2.996434607347180190e+01
-3.033225850445620608e+01
3.669038963622142546e+00
3.290495444328459484e+01
-2.012060198263735344e+01
1.697554886530213025e+00
-1.257997769867529314e-01
-3.552439098372803272e+01
-2.183282878196166621e+01
-2.709258349196293381e+00
1.544233939543369871e+01
1.806930691981250447e+01
3.322624788348775837e+00
-5.307469019010511602e+00
9.723968343834997086e+00
-2.323497955114021352e+01
-1.081794991864853728e+00
-2.833628101669685861e+01
-1.527539408984405611e+01
2.654728567709599929e+01
-1.558974453665990723e+01
3.707694634889567453e+01
-1.314496628635498610e+01
1.785940645069011623e+01
1.379415640177946045e+01
-3.464396176128440175e+01
-1.369375004682997599e+01
4.816875485570250248e+00
-2.287345969326663919e+01
-2.056417045179803438e+01
-4.777583089861616372e+01
-2.949809502085926738e+01
-2.788338896444477655e+01
-2.399790710523296866e+01
4.375023388103329580e-01
9.944508120745766178e+00
3.725064352536193724e+00
1.332426457731571645e+01
-3.101446300460369798e+01
8.340203521617411297e+00
1.475091414998682637e+01
-3.677586038055158468e+01
-3.397653692113757984e+01
-2.310340798566045351e+01
-1.485439709202081815e+01
8.845183154383818191e+00
-7.231154403732489300e-01
-2.299352407203531357e+01
1.633542636891274924e+01
-1.307400176748622300e+01
2.741201231431304564e+01
-4.862394134893935416e+01
3.458220098043378243e+01
-4.960799949026444722e+00
-2.185539511110324895e+01
-1.367236234180183629e+01
1.036607951274824302e+00
2.442886895829466098e+01
-4.025244498369507085e+01
-6.461371391089642202e+00
-1.106516801990034793e+01
2.441537746083591287e+01
4.565373517933190328e+01
-5.426117003522182358e+01
5.075699119825173966e+01
2.268143038074009610e+01
-4.073191689101781066e+01
-1.741506520781707934e+01
4.326437503430976506e+01
3.244662697446977973e+01
-1.134077359934752849e+01
-3.184069276936696724e+00
7.815014108142811722e+00
4.074253481068623728e+01
-3.096599771822427982e+01
6.899910390368916069e+00
-4.578130483876847734e+00
1.486430512087190436e+01
-3.961588658003250885e+01
-1.807227066499272894e+00
-1.657840083518470209e+01
2.606683610139586449e+01
2.298940095528435279e+01
-4.765331380143055640e+01
-2.605263027612824089e+01
-1.177917756485209111e+01
-2.326327368365266324e+01
-6.345509036682130954e+00
-1.107159160192205150e+01
2.454225424144115664e+01
2.292046302054387752e+01
-1.127053872812211921e+00
-2.510430483409712110e+01
-4.643242641521692349e+01
2.597874435883602473e+01
-2.679596536913098959e+01
-1.986978687829784462e+01
3.227055159700647380e+00
-1.961176356241836061e+01
-2.132584799217738691e+01
-1.560408955957699817e+01
-2.611111958651508758e+01
-1.415250607392190929e+01
-2.835230206671623421e+01
3.049540321655296538e+01
3.347140234890002120e+01
-3.620943835858099646e+00
-1.194919179274813814e+01
-2.396163274170248769e-01
2.480151186893942850e+01
-4.686185489374929602e+01
-1.080222879291738991e+01
2.683918256966666149e+01
3.871330528967087048e+01
-9.157354700043470075e+00
5.359427425369176490e+00
2.995325718116527014e+01
9.049034336008531909e+00
-5.474810733494450687e-01
-2.429521723771074448e+01
1.101194456369131558e+01
-1.890295621756155242e+01
-5.663951378622613220e+00
-1.062896377988079166e+01
-8.969794982068975742e+00
1.239790196575992809e+01
4.313902770602706482e+01
-1.273367769579820674e+00
1.872371213942756185e+00
-4.966278591505900408e+01
-1.029892555348328642e+01
-1.961609577632125934e+01
-1.228255220873677445e-01
-2.569724147139916681e+01
4.658379694259809867e+01
4.425447239525800569e+01
7.621088696315887034e+00
-1.077617067304544207e+01
9.100145758002000207e+00
1.121453502682741998e+01
-2.606303813306168848e+01
-4.621075355578852850e+00
1.036623497353480161e+01
7.253999726423387528e+00
3.008311373937820576e+01
2.203724944928708851e+01
-1.154220835262731271e+01
1.417712570870125433e+01
-5.410117405290488080e+01
-6.299281762461106382e-01
4.760998918561702453e+01
6.484861349692749855e+00
-1.153201079439554633e+00
1.668090155958117293e+01
-1.568258496219491427e+01
4.903773671673441470e+01
-9.082520167400076616e+00
4.389839590337953723e+01
2.141411382351850534e+01
-2.208504680887614313e+01
1.767686474028367627e+01
-1.673998297398838986e+01
-3.950135212921179573e+01
-3.515005939323486928e+00
-3.040155824074823698e+01
-2.869608196219502361e+01
-2.723286477013274975e+00
1.973381292180863511e+01
-5.328039815130068746e+00
-1.708312854174158701e+01
4.908105567522824231e+00
-3.783387441669998452e+01
-3.860036598920679296e+00
-4.532300234421626328e+01
2.660364230261137664e+01
-6.296853128668828958e-01
-2.727632242396292384e+01
-8.990987766537585912e+00
1.011738000546833405e+01
-1.934263921789717244e+01
-2.495491480444525223e+01
5.158304246579041319e+01
-1.321095706479377441e+01
-2.198930578951581083e+01
1.492082222197417707e+01
-9.663233188497400761e+00
2.993555068382064377e+01
-2.523979374999782976e+00
3.844618748796776231e+00
5.915013653633735657e+01
-6.779358282850864725e+00
-2.004585868557899175e+01
-2.351744309761511431e+01
-2.780773667946368732e+01
-1.871341570358146100e+01
1.480229017105324374e+01
1.486073648013160664e+01
1.214577379986148742e+01
4.023715138069491104e+01
1.846130616806789249e+00
1.144374361384728900e+01
-3.478086889874326459e+01
1.478505337536176967e+00
-1.013402023208880109e+01
-1.459154300679870175e+01
-1.910213602145688583e+00
1.842841561730472222e+01
2.091776660081490036e+01
-3.614565754256613417e-01
6.737641806749195439e+00
1.506565960700681828e+01
1.907693630483534264e+01
-1.345564884353214552e+01
-6.960302887369209657e+00
3.748050018582347320e-01
-1.263769294666087717e+01
-2.731565018734556816e+00
-1.967549494751540351e+01
4.352174615567294325e+01
3.525213713466877152e+01
-8.938269761887795539e+00
8.779196314319193561e+00
-2.534579696337308619e+00
-1.644679869157631913e+01
1.953982050658060388e+01
-5.248782072735707516e+00
2.195236623633041972e+01
-2.871464444159971663e+01
9.867352367194769158e+00
-5.465397664341253403e+00
-2.955652612592575679e+01
-1.342563154790173030e+01
1.468257020411707714e+01
-5.002188323572464412e+01
2.360785251522980843e+01
2.555389129779467794e+01
-5.486932192883751114e+00
-3.291158958001346946e+00
-1.770944234863918609e+00
1.369280694554100819e+01
-1.793616304370056014e+01
1.980952528457859074e+01
1.670758750050268304e+01
-5.391269988314854800e+01
-1.943268452125062140e+01
1.304260884493447392e+01
-4.633716477582254356e+00
2.380960886847413605e+01
-3.496272646993935496e+01
-2.981504776053725436e+00
-2.298249332223597818e+01
-7.057039026310727081e+01
4.219880273965854656e+01
-3.198222605962058651e+01
-3.356125670023852336e+01
4.890625623014528855e+00
7.113815783776490775e+01
6.335878422235623475e-01
-1.541764153656541225e+01
-1.732343068340526315e+00
-3.025969682720806020e+00
-4.697678970035631352e+01
-3.360663915825846004e+01
4.494443329832174783e+01
-5.618799757898216285e+00
-2.068519080358611717e+01
2.705758225186662003e+01
-1.969932134270842283e+01
2.022847673562347381e+01
2.923856597950525327e+01
-3.132200373797196846e+01
-1.538023333381596558e+01
-1.907745775200282878e+01
-9.873007335552784980e+00
-9.626332854892190483e+00
-5.698250166614286627e+00
7.855436669614562106e+00
-1.872908525158642590e+01
1.555902064321907119e+01
3.176348910025211225e+01
-4.928466541437128257e+00
-1.120126647832807976e+01
8.018486729778430799e+00
3.074320873159220469e+01
2.863311000728367617e+01
5.410435093099664527e+00
-3.034132187401780811e+00
-4.779421587002474325e+00
-2.783470155409121105e+01
2.108880044961099998e+01
-1.221263833526662523e+01
1.089945756900249307e+01
-7.679391057331201864e+00
1.482798444208768274e+01
1.003378084210992682e+01
-4.415837674338473562e+01
-1.461691772167063164e+01
-4.312074185147481842e+01
-1.956340468623267270e+01
2.884246357067382860e+00
-9.439383037295669965e+00
1.793441513576331658e+01
-1.648796809883745595e+01
2.046382662113821027e+00
5.898811232482046307e+00
3.879594228563678371e+01
1.965014299132636211e+01
-1.660129897778297092e+01
-6.758717349863587742e-01
6.634429088503082994e+00
2.103951653759211737e+01
1.756390737538993108e-01
2.995092484693623192e+01
1.227804007845245593e+01
4.970691067322275103e+01
1.024800022113197429e+00
3.590364491601931718e+01
-1.485682727929962255e+01
-2.066218453627050877e+01
2.400261762056999260e+00
5.122605246065859319e+00
1.469544565756797283e+01
-7.765610240500166128e+00
-7.498991041218033615e+00
1.424662714859357138e+01
-2.656292030332213017e+01
-3.025303261519052000e+01
4.349280865142611674e+01
-3.276955832731175633e+00
-2.140920745991546426e+01
-2.207187525322474642e+00
-7.414204525334810114e+00
2.335920200071993236e+01
1.813540637358332219e+01
-1.107933838020608164e+01
4.714467070508874258e-01
-1.447697574995234504e+01
-1.935658595712470742e+01
-1.465007813220972821e+01
-5.302733516492712340e+01
4.700260669623901322e-02
-3.525789070044183404e+01
-3.054438909007946990e+01
-2.041563113265800666e+01
1.052239953256463423e+01
-1.997859596957655981e+01
1.267760818188636307e+01
-3.359286029328229972e+01
5.727881932947980204e-01
-2.270823232099423095e+01
4.738721966362078319e+00
6.175330658118113547e+00
1.828638504893189065e+01
-1.151120719017222882e+01
-8.700013479557185292e+00
1.621403497914333158e+01
3.245012444255588946e+01
1.800918538268439306e+01
4.583543359219333979e+00
-3.933385434561229488e+01
-9.357113436857417810e+00
-1.736391366210295928e+01
-3.309842611227617226e+01
2.216457019767557313e+01
-1.991563061035270721e+01
-1.784061697537353552e+00
-1.537131787194203980e+01
-5.466181721756021261e+01
2.831745922160845907e+01
-9.646369775438699889e+00
2.222507151307053164e+01
-3.912521492523400468e+01
3.696725099516319801e+01
2.012622661669638546e+00
-1.576026356240487303e+01
4.770031871829928605e+00
-1.141922421030565715e+01
-3.589169095986636648e+01
7.893360666153597549e+00
1.956428240561496068e+01
9.595592772548116045e-01
-1.985663744235182548e+01
-8.987026553539379847e+00
9.592009333676600136e+00
1.750836147804653820e+01
3.453590656643290657e+01
1.298671107504623023e+01
-1.273661317506176260e+01
5.236013547640661869e+01
1.313696282672802695e+01
2.326752047291910230e+01
-1.004747191816989016e+01
1.531842051046383801e+01
1.075624001421275011e+01
-3.397103954907956336e+01
-1.131579957425323357e+01
-2.243836277458145645e+01
-2.025311589131116818e+01
-6.633892933522446356e+00
-7.617463767701622146e+00
-2.314361748526499696e+01
-6.071285871154947245e+01
-1.583098407815706921e+01
6.819801362060616157e+00
5.008583647983357423e+00
7.626219244075571169e+00
2.545222881895463729e+01
7.673416719937353747e+00
1.782375321396395407e+01
-2.277807513120704641e+01
2.507807456632116327e+01
-2.493131262396184411e+01
-3.945930140283780929e+01
1.206303329464435592e+01
-2.370168353073998446e+01
-2.150245127163331915e+01
-8.690696438936737422e+01
-6.342519610144158548e+00
4.472157054278181931e+01
2.322314724976526179e+01
-5.621427146335690850e+00
-7.596254357609268482e+00
2.073626785917446114e+01
3.647798582139851931e+01
-2.281012389042867738e+01
-5.890345996157691388e+00
-1.867324509893754225e+01
-1.927335951953352833e+01
-1.681187581219317195e+01
6.927691952483758797e+00
3.879318296749266892e+01
-3.571743213220730695e+01
-3.074961119873441362e+01
1.804772918407962834e+00
-5.851458809183242238e+00
-7.247835888329323240e+00
-4.946031346881568425e+01
3.452431630850951194e+01
1.315923413806024200e+01
5.192492067292523217e+00
2.652578602654712370e+01
-1.799894372548017785e+01
1.694985570971729061e+01
1.522924439702518384e+01
1.957535149704341393e+00
-3.320508657056706170e+00
4.815732680905385976e+00
-8.660108742412642613e+00
2.786562484264561590e+01
-2.195058003010561265e+01
2.363451274298270732e+01
5.263087404290530458e+00
7.919853812944040783e+00
1.250378924599613129e+01
-4.772205870284598461e+01
4.656257962701374709e+00
-3.673153096036151055e+01
-2.684416606936589744e+01
-2.685808919737358735e+01
-2.739795146219603339e+01
2.734096187131171973e-01
9.203171876072914870e+00
2.733307309089367720e+01
4.736749701890857978e+00
7.883645279208590040e+00
-3.850508474435952166e+01
-1.397979358421873997e+01
1.863758817002715773e+01
-1.145401115906196310e+00
-2.070911893011384564e-02
-4.832690415664671946e+00
1.921856168517143715e+01
-5.004237829710868368e+01
6.170786047836827493e+00
1.108968968626189167e+01
2.370571742841466545e+01
2.026784775180847475e+01
-3.103142810762412296e+01
6.146280318482439498e+00
3.197853461107598605e+00
2.558939200504426026e+00
3.290948107162336100e+00
-1.028803908401965828e+01
-1.932320874893760276e+01
1.038116525208144481e+01
3.298022981353210525e+01
-2.724415210700215084e+00
6.316128341374081856e+00
9.339146364400875200e+00
-1.403274693475448487e+01
-1.490201260413022055e+01
-6.540562636844484246e+01
-2.017965225135255025e+01
-2.991706275866144438e+01
-3.638312672263481318e+00
-3.700341194221914520e+01
4.114608006095019732e+01
-1.715183727642101985e+01
-2.941069819570850541e+01
-8.477464525845607568e+01
3.638446147080026094e+01
7.307116018259080192e+00
3.391353868981397568e+00
-3.435109375218971195e+01
4.827797371757355904e+00
-1.096945978239675412e+01
-1.796417957224559103e+01
6.470085225391292383e+00
1.850674971395955026e+01
3.996010727439895049e+00
-1.165890142917481853e+01
-1.368699039710463694e-01
1.509166276165387899e+00
8.647827124517391439e+00
-3.477182312125415109e+01
3.955460873975829372e+01
-2.351680227622002661e+01
-1.641451721338673764e+01
-2.683492854894484481e+01
-5.698601194640372114e+01
4.941152894791102312e+00
-2.870450113500618272e+01
-1.041568762581738383e+01
1.787354054329830433e+01
-1.417247336138936475e+01
-1.875081717198497699e+00
-6.444124415838430764e+00
-1.096001544510346548e+01
1.765248383165943125e+00
2.972733316267452608e+01
-2.750849262980889876e+01
5.450095021891979741e+01
-1.238907976492072294e+01
1.829259833522442591e+01
-7.543713722403801114e+00
6.227827174638790098e+00
-5.977130751486186000e+00
2.399982057691761383e+01
3.355419335018454774e+01
1.047887069826132489e+01
2.515247566949513214e+01
-1.950378719336019628e+01
-3.649166713611304402e+00
-1.219100656337201372e+01
3.763568665625021481e+01
3.156364509889436931e+01
2.386937639689978141e+01
-8.368474149123358075e+00
-1.523436141723087189e+01
1.362564589953387184e+01
-1.541572360698332034e+01
-6.796666188333517766e+00
-3.142918960917882032e+00
-1.613963536819292699e+01
2.718589349696830482e+01
-4.507906966619394495e+00
2.080327501239112564e+01
1.074694520147417265e+01
9.453022407336248989e+00
-1.811368049315441908e+01
1.448056954090074555e+01
-1.006193517770012136e+01
-6.470467734598287279e+00
-1.715734854798938613e+00
-2.631380641455427849e+01
4.081290176017040494e+01
-1.455333996073630942e+01
-1.777587938704868975e+00
1.218993678101059430e+01
1.052787775111920610e+01
4.057526220771099190e+01
-9.359679861896637476e+00
4.124778570920595655e+01
3.698284365042160005e+01
-5.123805424090681981e+01
2.772708287239993297e+00
-1.018309051935861476e+01
8.616139997970961417e+00
3.263161414905241031e+00
1.088837614738355342e+01
3.411575761526384554e+01
5.348056554672887586e+01
-4.108460070304863621e+01
4.140006326339721454e+01
-5.361164240953706894e+01
-4.446269775105315603e+01
-7.908897819868258239e+00
1.337157335927940949e-02
3.982527877008448058e+01
1.958365289101374174e+01
-6.570638231684057473e+00
-4.881919003595497486e+01
3.864815190615536977e+01
-2.280995029717934131e+01
9.607785948025480138e-01
-3.924233898771163354e+00
6.886702442277729119e+01
-1.385141525075076174e+01
-5.845516153185894836e+01
1.712457494147582793e+01
-8.904060054841401950e+01
6.276810139791351162e+00
-1.995467543861641957e+01
-1.009315597242397899e+01
-1.486416851470136180e+01
-3.200910753813411702e+01
2.096059572156759998e+01
-2.082989310738397393e+01
-6.443337273952465694e+00
-4.317163964061292347e+01
-2.387341409663946479e+00
-2.862558377505779816e+01
-4.085913511633918915e+01
-6.214809515780478932e+01
5.002281553939440073e+00
-1.950473590618034336e+01
3.461013969745863506e+00
-7.744356383030094548e+00
-4.447248936330942115e+01
-3.559205852097511524e+01
-2.984148949561034669e+01
-3.105506070462095636e+01
2.916043483768595479e+01
2.751331798539581541e+00
-2.730266841802747990e+01
-1.189979408722120979e+01
-1.344256507793910771e+01
2.204933839245262206e+01
-1.699532662219548484e+01
-4.177430299319809137e+00
-1.537958998862751514e+01
-1.953685572805956383e+01
-2.216936178619003783e+01
2.019899898525677884e+01
-8.553614924978887757e+00
-5.073449332862361416e+01
4.219181766207168494e+01
2.408558050649004301e+01
1.444623533428909923e+00
-4.277940540616191356e+01
-4.098480317121948246e+01
3.717368507551782386e+00
3.700423640593726304e-01
-1.726756344074692606e+01
-2.504349110758773378e+01
1.714627916630627169e+01
-3.015418758933918753e+00
1.439024478009540076e+01
2.687466153410713332e+01
1.736245074291653623e+01
1.750730138319123341e+01
1.309281162327547321e+01
-1.141991929353321211e+01
-8.165561542810252149e+00
-1.192869668791785998e+01
-2.011574090534026027e+01
-2.339135725027102808e+01
-3.488247719127406299e+01
-2.040512700821297898e+01
-5.617484045556636829e+00
-4.210359917744813174e+01
-7.835736546337500386e+00
2.002900659439512765e+01
-4.325658952145982994e+01
1.631189363191508335e+01
1.472874202755082251e+01
-3.946256836118959654e+01
-3.108798058496014960e+01
-9.411729213552803230e+00
9.641057323885306118e+00
-2.159653541281824118e+01
3.962654517599378323e+01
3.517591419511424533e+01
-4.237897925119665388e+01
2.449480889329362299e+01
1.908334440416595612e+01
4.787289167219057617e+00
1.191514970793116390e+01
-2.348060902889375257e+01
-7.127268460869032651e+00
4.561983547892850765e+00
1.056161997673829944e+01
2.319308567462954329e+01
-2.808336442370907804e+01
-3.269179810412254028e+00
8.203481211870993661e+00
3.000624901641344877e+00
-1.631369722077357665e+01
1.198575295680225139e+01
-1.401871188222186504e+01
-1.128089983146250574e+01
6.405221666905163147e-01
-3.340086405551130611e+01
1.650553704717054870e+00
-9.257152682828404977e+00
-7.597948674980045780e+00
4.616639648021021003e+00
-2.982369874050050385e+01
3.260589185523986089e+01
-1.384644555690567813e+01
-7.322698172974938302e+01
-4.685591780305468035e+01
2.032416331268198917e+01
-2.226569916415695616e+01
-1.031557686458580747e+01
-1.439181563089611160e+01
-1.009274182192473290e+01
-5.532600694209472181e+01
-3.483979000000203996e+00
-3.424029819636734828e+01
-1.896346987537822315e+01
1.165738674889431081e+01
4.326327801133729167e+01
1.566104944429902446e+00
-5.740097088220181831e-01
3.273437154933276361e+01
-3.048356343997328111e+01
1.755998156783753927e+01
4.194893862216162006e+00
-2.622558408759653048e+01
-1.402552643752102313e+01
1.223188496064483388e+01
3.593974201448730810e-01
6.668416807163524140e+00
5.667164916604789937e+00
-1.300235019787905344e+01
-1.791290498466128156e+01
-2.752607559618110145e+01
2.707646552459667078e+01
-3.545360955183758023e+01
-2.632698875263335481e+01
6.832958686410464111e+00
-4.779648610433605427e+01
1.239813433664056674e+01
3.531210141128462965e+01
-3.952369161122021524e+00
6.399008839462254628e+00
-1.586056456981162910e+01
-1.212098458379472277e+01
5.708438716051034589e+00
2.090113653176010899e+01
-2.136314238042535152e+01
1.488463110331683481e+01
-5.823464593507083009e+00
1.721651550135703701e+00
1.272357572809944770e+01
8.172372537107591484e+00
-7.102708778823831892e+00
1.229404824714208644e-01
1.054250882680690893e+01
1.574060860725401767e+01
-3.952225945957057718e+01
1.842020799516035368e+00
2.830863371713006416e+01
-5.078434150065970698e+01
1.669036924642466602e+01
-6.414424171950192033e+01
-5.927185827606738400e+00
-8.148954383789373423e+00
-2.875293463468381105e+00
-6.711286537530185115e+00
-1.379981323583825770e+01
-5.261559496320785456e+00
6.551427669169299861e+00
-1.468662210709782201e+01
6.613161952564439616e+00
4.817449660437392822e+01
-3.332329214038955456e+01
-1.451098489722178897e+01
2.192980367569015243e+01
1.324976444521105634e+01
2.406029352793991904e+01
1.163746689480000640e+01
1.156233416629225985e+01
-8.852063391023392569e+00
-2.695925068128325108e+01
-2.486639953811126702e+01
-1.485339431748086270e+01
2.547036867898114565e+00
-2.325439196622915006e+01
-7.704239143705763126e+00
4.008351226780121124e+00
1.307118587054634418e+01
-5.628105449923737069e+00
3.277845098533391877e+01
-3.178204876473901663e+01
-2.152044168465835128e+00
-1.654513543433617784e+00
1.509801939632777845e+01
-2.152430282386647775e+01
-1.364296800390397379e+01
1.029120229155379462e+01
2.464186911188338058e+01
4.103305666534755858e+01
1.751247362330158808e+01
2.295426211099146485e+01
-1.532698476516496200e+01
3.460050984691025633e+01
3.625406828140043558e+01
-1.398846432317156996e+00
1.875530224307661342e+01
2.067569750717464672e+01
-1.293035873720093321e+01
4.682484908886294761e+00
3.328246554526879208e+01
-1.322876772180941884e+01
-5.014349493960139625e+00
-3.299930611037284933e+01
1.304329579538526218e+01
-7.068018573675345806e+00
1.078035566920956967e+01
3.204453039581167673e+00
-2.180371270597283129e+01
2.494823077134910250e+01
2.199148246961323139e+01
-1.476215416096292188e+01
1.049054758581547020e+01
-3.350414860911416781e+01
-2.908335450408033651e+01
1.354840951438660568e+01
-3.731000691074596887e+01
-1.685433453095012268e+01
2.828589492160745067e+00
4.525821771451664688e+01
-1.397480765409144965e+01
-6.718962540720639254e+00
-9.868035224056967536e+00
6.136612728578354847e+01
7.595991077518696954e+00
-2.361056712663962287e+01
3.879404424017525344e+01
3.434549939513132699e+01
1.717549064114484736e+01
4.112536218524391529e+01
4.708586330312077450e+01
-4.083124484835714441e+00
-1.515357618107569238e+01
-1.585372229706916869e+01
1.583411435232744680e+01
2.058368656613001235e+01
-3.767881389613378929e+00
-1.265767960630350331e+01
-3.343683560364762286e+01
-1.380652710982721487e+01
-2.472510471762007001e+01
1.649870507368699180e+01
9.374325610443804635e+00
3.490258953195643699e+01
4.061580006570068235e+00
-1.287576480619236463e+01
-4.636746877558669766e+00
2.157017156101574074e+01
6.841369133500791122e+00
2.977275059870248697e+01
3.048153900331459454e+01
-6.604447006699302847e+00
-5.937024663900189125e+00
-5.495265917814401746e+01
2.768474343995585230e+01
-6.484529489518422452e-01
2.963235057771997560e+01
-1.182278920579489068e+01
-3.411023987771091015e+01
1.156448016373505894e+01
3.983658489462544594e+01
-1.430421156152348061e+01
3.611970684108268870e+01
-3.979261971853556190e+01
-1.257816495453033667e+01
-4.442617442320164400e+01
1.039727999716619422e+01
4.382763214731255630e+00
2.958529669293284314e+00
-3.397918843584494653e+01
4.952283402231216769e+01
2.960366972689541853e+01
4.841260639106053532e+00
-2.820882800496308107e+01
1.184125797128538693e+01
-1.271518198687670065e+01
-6.784938359769341787e+00
-1.311306388432973336e+01
9.992022185546744595e+00
-7.925290537641444644e+00
-1.100736451396595328e+01
1.136567254412955208e+01
1.412696639261505993e+01
-4.668290768755764475e+01
1.085892739354514447e+01
3.682114417965075859e+01
2.190819339371756769e+01
-5.671818409951236539e+00
8.172266538307795258e-01
-1.911000334770682230e+01
3.158874189418969536e+01
8.484560642686489018e+00
-2.276543184822088506e+00
-4.104319993182002690e+00
5.820055765024946481e+01
-1.744260738849789050e+00
1.322969285732332878e+01
4.066810107961059373e+01
5.232324734683858480e+01
3.386019381319368904e+01
2.205248551978914406e+01
-3.621077715299870192e+01
-2.465643258188180198e+01
1.873926201033256689e+01
3.816366876463121116e+00
1.719830455453703166e+01
8.681446382193101385e+00
3.342301746784130501e+01
-4.206077225803711883e+01
-2.649511151680101761e+01
-6.285799338555108307e+00
-4.647272749649740575e+01
1.040150666840546023e+01
2.393241422373144189e+01
3.696603764265773862e+00
-1.205719144505314944e+01
1.261139478388437851e+01
7.504565029213586058e+01
1.675552340265647899e+01
8.537930464500334438e+00
-2.547632652154672428e+01
-3.250139603321861159e+01
-7.934898775244931812e+00
1.796436465851971320e+01
-3.215155770648436828e+00
1.288393061150603103e+01
1.895682558074292956e+01
-3.091475797859399677e+01
1.412885341459082156e+01
2.399314638869208238e+01
3.057679305582223606e+01
-3.566051009770035307e+00
2.580447310735962674e+00
-5.461002850253862562e+00
-2.621748627930824682e+01
-3.758511239558910688e+01
4.305160508368592787e+01
-4.184608463619895247e+00
-2.992129211983190373e+01
2.972051391105736684e+00
-1.401854172300290458e+01
4.920581474486135676e+01
-1.268239812677171585e+01
-1.942369551907140135e+01
1.884739647981405142e+01
-8.904520363078020750e+00
2.411392568263113390e+01
7.243499304109946024e-01
5.265270571168878178e+01
2.862303788723275488e+01
2.174797627467075500e+00
-2.016972436789083645e+01
1.487114798747421673e+01
-2.917686249370407836e+01
-4.752990161230002286e+00
3.316944542548472441e+01
-1.515449636903289843e+01
-2.432735980884783089e+01
-1.316351832052427540e+01
2.709255352970603781e+01
6.853174050874720535e+00
-4.486181966550496725e+01
1.797854674769997985e+01
4.994265040714026327e+00
4.980774950522615541e+00
-2.729177154379124204e+01
1.548684832267099409e+00
1.829439781760360972e+01
2.590972294332269144e+01
3.572527089127480338e+01
1.561819789883965548e+01
2.110510101107308856e+00
-2.930840993761404434e+01
-2.535238358932980418e+01
-3.737872864638802639e+01
-7.134395012559480165e+00
1.715772546548404875e+01
-1.317562871147629266e+00
2.779184051908049469e+01
-1.770463163392020078e+01
8.901322475566274761e+00
-9.421397996823984045e+00
-1.620501052688926791e+01
3.316319769430003817e+01
3.845685370660902436e+00
3.409141155807162704e+01
2.557135310084447610e+00
1.204615165422552536e+01
-9.784024233491351197e+00
3.291808497479749462e+01
-9.038556959369046240e+00
3.618884214305406744e-01
-4.232643777543734132e+01
-5.196176581766806635e+00
3.875937619608023965e+01
3.458774577306772358e+01
1.464002144263471195e+01
-9.035091916551110103e+00
3.058425471002763629e+00
-1.138365162388518570e+01
-7.553780816447243751e+00
5.015527734876025079e+01
2.748870844541329461e+00
-1.421542651647882849e+01
-5.874148705443909790e+01
-2.573342640377329360e+01
-2.084486749625300206e+01
-3.476397799252765708e+01
-3.147573231450274989e+01
-3.749591746652703250e+01
-2.490122138794586704e+01
-1.726121937470406920e+01
-2.687244236054144153e+01
2.545922750483504515e+01
-1.128125691785089657e+01
-4.788163278366852182e+01
2.176306604833388292e+01
-1.650191270116800268e+01
-4.411538864877397259e+01
5.270415559786879101e+01
-1.414383954471589533e+01
9.314141712159056397e+00
2.173865055817987013e+01
4.884135291073789631e+00
1.451197867737622005e+01
1.777263057428314141e+00
1.070837059362723664e-01
-8.076884167303482798e+00
-4.098590568354958918e+01
6.457116878780993829e+00
-6.772728585008866276e+01
3.860598483819453008e+01
-2.315792779671119206e+01
-9.647241733697939026e+00
-9.954138418400873434e+00
8.125269296816004072e+00
-9.273469641272669151e+00
1.465053851714861111e+01
-3.005893284211708760e+01
1.945601866195008256e+01
2.347819304675606134e+01
5.655112429357657788e+00
6.244573419880396159e+00
1.175482489697918709e+01
4.967730593196790778e+00
1.498545470772739918e+01
-4.315275709857004927e+00
-3.829427008736467997e+01
5.204424492858237272e+00
-1.346877735885720995e+01
-2.967974526869284091e+00
3.012507423179221178e+01
-4.373681180298096649e+01
7.577338782773210824e-01
1.164160546118466755e+00
5.000235662553677685e+00
1.707652771037457740e+01
-6.620217195626072026e+00
4.530316065341742160e+01
2.401241395589755712e+01
-8.370738446970669600e+00
-4.088628624341396289e+00
2.061701465621496254e+00
4.196671722980232744e+01
-2.891381959395835111e+01
-5.621026530944283195e+01
1.682996169390546015e+01
-6.712473860971570616e+00
-9.127255822601497925e+00
9.023994132546647506e+00
4.146815227102536028e+01
2.422550195713469634e+01
-8.753945066087823079e+00
-2.872373910711809231e+01
-4.658081718257491843e+00
1.542219028768354860e+01
-8.359956974341173463e+00
-4.082274648515829085e+01
-3.331373729746189838e+00
-5.219799823798503269e+01
-2.781317646957649004e+01
4.494754603814756422e+01
-2.856121893799783606e+01
-3.740115302005273179e+01
-2.820880858035951633e+01
-2.024582631254861553e+01
1.985777548819501703e+01
4.622556273231541724e+01
-3.645499908532826794e+00
1.418014047603855943e+01
-1.169887213810106630e+01
-3.818931154749398615e+01
2.572468305966303603e+01
-2.590631135353146419e+01
1.429731257735460304e+01
1.755318685418355784e+01
-5.809484999988114851e+00
2.069550982876282319e+01
2.264580100698007215e+01
6.242963047036832336e+01
-6.521109025095881861e+00
-2.850198254640498874e+01
-3.458515046252381353e+01
-9.467830514835874567e+00
-1.843379106899022091e+01
5.198356851505033660e+01
-2.410827490568192388e+01
6.387484377856383233e+00
2.693481015185199112e+00
-1.213099745313382982e+01
-4.678320960042765364e+01
-3.434707371317642810e+00
5.429739601907215274e+01
9.574178605628176797e+00
4.126398638709929401e+00
-3.189603108770960205e+01
-3.174460474898171469e+01
-7.778674028905243176e+00
2.534806317965933431e+01
-1.398787720101873333e+01
5.668447695409875564e+01
-2.672755348174018764e+01
1.037546993091866909e+01
-7.516946750733552562e+00
-3.578942615431995478e+01
2.363239809003516712e+00
-2.824164989660187075e+01
-4.075447888818189313e+01
6.145207317610129394e+00
1.057414729513311613e+00
2.886104465744493552e+01
1.301106541791216387e+01
-1.851961815412012768e+01
1.181270321897227404e+01
-4.828386065277892669e+01
-2.639473365454682607e+01
4.915544569419682830e+01
4.567264124562647964e+00
-5.858227721233902230e+00
-1.643017055664216741e+01
-2.447247771366392044e+00
-5.495892462504457399e+00
4.909725134184699868e+01
2.295649790459256323e+01
-6.532978272771686079e+00
-1.906531185996300337e+00
-2.167839490336575636e+01
-8.637350688437152257e+00
-3.474128530851407959e+01
2.721206741014016117e+01
3.857089858516602021e+00
5.688004879043489836e+00
9.929423390594635634e+00
-4.408040831618318833e+00
-1.134381465760291441e+01
3.056109993776197520e+00
-5.971082439145079945e+01
-8.545348387985512773e+00
-5.680035262414207864e+00
-4.279281369586961148e+00
2.653064337485130864e+01
3.587858151162264164e+01
9.576716537368724858e+00
-5.252280989676604861e+01
3.430086692017891892e+01
-1.176597171276665676e+01
-2.065114254793340365e+01
-4.807333122103835876e+01
-1.654910837991806716e+01
3.431369661775704571e+01
1.680796402385192323e+01
5.464655462341028169e+00
1.857305162395286402e+01
-3.222699263509767320e+01
-2.567364100503181135e+01
3.105964755216254503e+01
2.142662361147870342e+01
2.647926043138676278e+01
2.758511861445441582e+00
4.626691050076630063e+00
3.008451052409526483e+01
5.319600850427767114e+01
-1.148929814927590343e+01
2.122286734556161036e+01
-1.434816582463196255e+01
-2.415882540634797948e+01
-1.910591267058995868e+01
-1.924435872247241264e+01
-8.024793397193064948e+00
-2.622410250087639838e+01
-1.077763223188841835e+01
-7.483606771426840965e+01
1.870362273956169474e+01
1.218515976121813083e+01
-2.644877104092103082e+00
-2.140055288155400604e+01
-1.017605283803752059e+01
-3.028223828634287429e+01
5.399882757926405930e+00
4.440920738030513348e+01
-1.221771934403176374e+01
-9.284484813875380382e+00
1.158167840941740678e+01
-2.816530869521660918e+01
4.659113095013226769e+01
8.071892189221323122e+00
7.732084043246288729e+00
2.723721415994145900e+01
-1.359294444432634918e+00
3.083019021131917725e+01
1.043294532382257955e+01
-2.146005535316476198e+00
4.497110130177020437e+00
-3.464571758004836965e+00
3.642105969637452745e+01
4.720707336145181898e+00
9.998501045042559099e+00
-6.402137533342681763e+00
7.761476433087821647e+00
-5.080374841715672574e+01
-1.932993769541383244e+01
-2.687791546063920123e+01
2.604937695672299469e+01
-1.759419986088033738e+01
-3.304606237089279830e+01
3.184173097563029842e+01
-6.684196564637659321e+00
2.226730328983376239e+01
-4.954605499373968769e+01
1.016250935401878408e+01
2.857703173584383194e+00
3.415063189832665103e+00
-6.435423940576754376e+00
-4.003435058757304432e+00
2.793340716363486109e+01
9.873340658047879970e-01
-2.796452243242836744e+01
-1.028943444450752054e+01
1.209400218611674660e+01
-6.321071950516670768e+01
-4.833786124193659361e+01
7.024948107850264023e-01
7.739430318052328062e+00
-2.583948827184513419e+01
-1.045282966794331969e+00
5.779699182453703088e+01
1.532703370644674123e+01
-2.957435897995463847e+01
5.150101844892589043e+00
-5.109192873724921924e+00
6.863045977730621416e+00
-1.957679045958371944e+01
1.210070668361079882e+01
1.447215160097539410e+01
-3.807373007488536132e+00
6.129646611981310400e+01
-4.329254066563123615e+00
-1.732072540822537121e+01
1.305424983824769924e+01
2.355883473668291117e+01
-1.850186665312074297e+01
-1.017518945256224328e+00
5.371733468995890348e+01
-1.549400523179429001e+00
3.229749755097594743e+01
7.999119289611201111e+00
-3.824030372172003922e+00
-1.250404068755835851e+01
2.863874551570553706e+01
-3.063863280857417237e+01
-5.481491169379211215e-01
-9.979167754741723684e+00
-2.174834892152563981e+01
8.265698679263095983e+00
1.459998436406878852e+01
2.375281359010301685e+00
-1.871034326931635405e-01
-2.184665170460951344e+01
8.882289084891255015e+00
-1.805268973464208671e+00
-1.243307588105618322e+01
-1.104330086832913338e+01
9.020545575698434959e+00
-2.011838096916505947e+00
-2.073525537349905790e+01
-5.979762545687594866e+01
5.798246899123995490e+00
1.054921626097232945e+01
-2.664405521632914997e+01
-1.311595901671273623e+01
4.535690079369382488e+01
6.178051664479156102e+00
2.162699975959441190e+01
4.760100973688508930e+00
2.187619329394414081e+01
3.154015109111725224e+00
-2.134035051108628522e+01
-6.014647190277813138e+00
2.979140495181866299e+00
1.728663694922113336e+01
4.132981468736795705e+01
2.700814400004597360e+01
1.676459632796792221e+00
9.394091575448697995e+00
3.322414361577692432e+01
1.450085135873786513e+01
-3.797967878818991494e+01
-1.512834179745337337e+01
6.069549193469640613e+00
4.686148360180908412e+00
1.352932152354404138e+01
-2.839766311829785650e+01
3.887771095703271840e+00
2.375831887839241574e+01
2.624338750728457370e+01
-2.359582813554115432e+01
2.988090302125101516e-02
-1.212720530714733513e+00
-9.311831279735088174e+00
-1.559307117441811386e+01
-8.495560598678650877e+00
-4.864974761642251622e+00
5.559326284387822170e+00
2.321798096216107865e+01
-1.696795802581506507e+01
4.439895547752877292e+01
1.798744090400273876e+01
1.472406930540290659e+01
1.941014323424620613e+01
1.484543340789572952e+01
1.998709438457092702e+01
3.002615287418718992e+01
-2.496695239241877573e+01
3.417425635608006473e+01
-6.261212151514861546e+01
1.737677827839387845e+01
-5.869316406751511295e+01
4.584492654212544949e+01
4.133367525270908516e+01
-5.175430849993489346e+00
-2.643760175589719097e+01
-2.330709091324746396e+01
-3.017149661427441742e+01
-3.476472253914013777e+01
3.108066408516694423e+01
2.308583179969119215e+01
1.313029312284268713e+01
1.550441588651972324e+01
2.459066924734995041e+01
-2.151331352140357467e+01
-9.761825009972795897e+00
3.026128567870041763e+01
-7.164222364382411001e+00
2.933069043579697421e+01
4.089571634374171083e+01
-3.189199327539741446e+00
-4.020266443512019805e+01
2.752004898018356016e+00
-1.473376737591980401e+00
-5.603024654630303303e+00
5.408721932374760399e-02
-3.578665679089249352e+01
-6.897695771528674413e+00
4.824245292565652932e+00
7.320906674581607376e+00
2.682132420096451142e+01
-2.346843251035974731e+01
3.054443128563292476e+01
-2.189106919713776733e+01
1.407912293969448569e+01
2.216395897222561473e+01
