-3.539120239925205169e+01
-2.052377686729656148e+00
-7.290426621366556503e+00
2.456057901325271331e+01
-1.216174821432691999e+01
-9.403514495622346203e+00
-2.458614812361048507e+01
-5.137473040776330890e+01
-2.190297516455319737e+01
-2.306749345749949498e+01
-2.140976277666356964e+01
4.332963410992510589e+00
2.025438719574793822e+00
-1.093466402791634096e+00
1.769569205730746830e+00
2.704128606840060911e+01
-1.043911194979209256e+01
-7.349604495896358003e+00
1.197720934798138614e+01
-6.319770515288229973e+01
3.168706127689766561e+01
-1.356096982686290175e+01
-2.471478374273617717e+00
-5.712584423845740389e+00
-9.652979977385029997e-01
-2.189818938214301625e+00
4.902681188045792737e+01
-1.530908157092196120e+01
-4.115032598875416170e+00
-3.100464352999121331e+01
4.005908116922614681e+01
-4.418470524090338358e+00
-2.181455458907464617e+01
1.144654372166789358e+01
-2.094282622256883997e+00
1.330261730800640407e+01
-5.475395852187432411e-01
2.767278327545156458e+00
1.932338037624025162e+01
-5.578921040474065762e+01
3.108415331524125236e+01
8.283973635174206152e+00
-6.396368814062469710e+00
-1.782937119781842483e+01
7.037503330512208777e+00
-1.116205577914828950e+01
2.543269873137330706e+01
2.029628402507290730e+01
-1.306555733716646728e+01
-1.671556457926095618e+01
-1.764232987645453932e+01
-2.122253544796512159e+01
1.077805974587822391e+01
-2.766647018573274863e+01
8.480154514063087845e+00
3.531510623172498242e+01
4.073252883083381448e+01
1.897001749281047012e+01
8.498380682398718022e+00
1.770437459215656872e+01
5.195646629336977185e+01
8.795309694022819258e+00
-3.047896268081678528e+01
-6.150386803499770849e+00
-1.439401271726183040e+01
3.396062843913776419e+01
-4.022917607286461816e+01
-3.502237506113823429e+01
-1.785771271783069380e+01
-1.000685765521620851e+01
-2.285948659209853417e+01
1.603199774834438074e+01
5.328498387356319199e+00
7.996147177395471317e+00
-2.211139851411726909e+01
-1.937038152144927494e+01
-3.340118909303031103e+01
1.840016005919352438e+01
-1.915287918285073943e+01
1.729575190824169795e+01
-5.503551700152328863e+00
-1.521451584905716459e+01
-2.927856939845563033e+01
-8.684792651408770325e+00
-6.261755726646583753e+00
-7.039443940965810498e+00
2.283306674907937506e+01
4.278664106664223254e+01
-2.515119956383345112e+01
-4.387457987435446682e+01
-1.099777092088851305e+01
6.074231454319570389e+01
-3.311961662846194088e+01
1.829135829337269570e+01
-6.651118232401984187e+00
-3.407894960125184980e+01
1.410664060246342899e+01
1.994682426620525462e+01
-9.850532263267325561e+00
1.870930034304734590e+01
-1.372039415579240540e+01
-3.195738865909385140e+01
5.366404893908531903e+01
2.557601700268833156e+01
1.446693921065437394e+01
8.027066219172894534e+00
1.525338182070203175e+01
4.616284402946257615e+01
-1.507271934644214539e+01
3.400136941232204890e+00
-7.733733929012532826e+01
9.006937168697447760e+00
-3.787298882686683044e+01
7.932050478092776302e+00
1.247095156099612723e+01
-2.041030535084860276e+01
-2.894815106687744333e+01
1.243737630023645124e+00
-1.722517842712312586e+01
2.185927983026033417e+01
-2.837249363855186601e+01
-3.165812951810096365e+00
-2.057806155839797668e+01
-1.997801590369675750e+00
1.131568927743757058e+00
1.272342687247220283e+01
4.376117012652116500e-01
-2.957085155943445898e+00
3.640544881940252253e+01
5.154586722431545809e+01
2.783018916471482385e+01
4.021542963052876019e+01
-6.635792360886959784e+00
5.670315515738963086e+00
3.007922367299028110e+01
-5.083935179332712551e-01
-4.305988643708633390e+01
-2.308105050668554270e+01
-2.868672131936173741e+01
-1.569665150507833573e+01
1.619853404617845172e+01
-6.728930417789183593e+01
-9.460069588577681543e+00
2.511106068780881628e+01
-2.123493600025875594e+01
-1.766671434659247097e+01
3.375631627427020476e+01
2.524511304190377814e+01
-1.873530442846394806e+01
1.577510734897717271e+01
-1.439096639353687124e+01
1.937468848686087597e+01
1.921687222152229424e+00
7.495526871603573227e+00
-4.832510450316410555e+01
-2.682172478977442154e+01
-4.914851757616020222e+00
-9.434665782602440487e-01
-2.315544352706609743e+01
6.163036062705850782e+01
-9.871743132840322232e+00
-1.826777814764378149e+01
2.020811920416559815e+01
-2.603381489509572333e+01
-2.074337370996674679e+01
1.851340879184846244e+01
7.240560461799915970e+00
8.669103054372726547e+00
8.909982546350050825e+00
-6.261709374712381759e+00
9.013233345390005979e+00
3.305440060723975648e+01
-1.502069605505749905e+01
1.089353692731407364e+01
5.156500405100923246e+01
1.852903985133893627e+01
-4.278713306411475514e+00
-1.159942857453172849e+01
8.825227502861088169e+01
-1.211080599276505154e+01
2.125589422904158710e+01
1.469994962914879011e+01
1.669866800051779876e+01
5.015624009848232845e+01
2.715191293954188723e+01
-1.544360848214815007e+00
1.374275597415402217e+01
2.784405791886786119e+01
2.042475193417917012e+01
-3.302351958022336476e+01
5.342809259613619588e+01
-4.758157082954674877e+01
-6.975893739314045661e+00
3.121972745937000582e+01
8.480692689629815817e+00
4.243369984708238007e+00
1.606088262249420495e+01
1.265148089036637202e+01
1.951000452675577890e+01
-3.546620226538550469e+01
2.258032679230950635e+00
-1.504822412985436131e+01
-3.795512828476411471e+00
-2.508432088828840278e+00
-6.091466084408788006e+00
-3.267018091527489787e+00
4.747620280555707950e+01
-4.783932299007446431e+00
-1.474772735718690342e+01
-1.450938315564798131e+00
7.368713875239777167e+00
-3.380735305185426398e+01
-2.899917382253289588e+01
-2.053519759945118039e+01
-3.504026771379528782e+01
-9.082070234292636712e+00
-2.365048588347877256e+01
1.034275930406292332e+01
7.300247748552521898e-01
-7.092630680457062908e+00
-4.682136865207795040e+00
3.250351432595053325e+00
-8.314621626098940510e+00
3.855939665699271757e+01
-4.900935992397756991e+01
-8.578160481641532442e+00
-7.662130085092229592e+00
9.031730120343553381e+00
1.274965481790910360e+01
-2.663777521477959453e+01
-8.597930643335956802e+00
2.433806784574714399e+01
-1.138315744521919726e+01
8.985958488148554579e+00
1.930889357074826762e+01
-1.637775890494651776e+00
6.314780716309417130e+01
-7.903226176716998452e+00
-1.793483732536299158e+01
1.807382133156949067e+00
-1.391795740460045749e+01
3.091231297980067438e+01
-2.400286163208913592e+01
6.867677789327274240e+00
3.208720407848750256e+01
-7.177467141468923728e+00
6.691694958497976131e+01
7.245475114954541596e+01
-3.757168381980841332e+01
3.334304798629278821e+01
1.229721183422415720e+01
-3.150379679205677519e+01
9.407600969066976404e+00
2.376329824037307503e+01
2.431597343320410687e+01
1.321668251957774487e+00
9.584858774548081328e+00
4.209268901477213376e+01
-1.327628050369078494e+01
8.044796222906480665e+00
4.058634099248274651e+01
-2.091184600919865488e+01
-1.127664266762425882e+01
3.165560705061053426e+01
1.623839736768657360e+01
4.278720307909304665e+01
1.705786638598260652e+01
6.149604545537840750e+00
1.506000516598194849e+01
2.288600596510613627e+01
-3.026498388126819350e+01
3.864159490937908004e+00
1.398381963637939052e+01
6.561198904617185690e+00
1.337227629669888529e+01
-3.459991354839072386e+01
1.807479625961889269e+01
-2.414256909856402444e+01
-1.880366417772368948e+01
1.205079512602772240e+01
-6.575927566849784967e+00
3.268930445607807656e+01
-9.436327833252846631e+00
1.699210955058086370e+01
1.827031291378330025e+01
4.389715461892978254e+01
3.080491974918106024e+01
2.757631219352658292e+01
-1.885808735090449773e+00
-4.737506321140386945e+00
-1.805075716163128163e+01
4.511807648771960544e+01
4.489010786844949052e+01
2.206252504710933238e+01
-1.421949413891387337e+01
2.810377486112446377e+01
-2.880694594307499301e+00
1.008676073380730287e+01
3.733518807774419201e+01
-6.974775358392690805e-01
-4.494052222123826823e+00
-1.139023961632949522e+01
-3.304855269493262426e+01
5.397153490408393850e+01
2.858003558237908237e+01
-3.376244468278571986e+01
-9.323976927719712648e+00
1.487199734404113727e+01
-5.650781044838637968e+00
3.585528046265775970e+01
7.105128904034927473e+00
4.515724861882290497e+01
1.957603737297928603e+01
-1.284846030039165043e+01
1.131494753440415479e+01
-3.537173338636193876e+00
-1.551070505178145709e+01
8.898428089189337697e+00
8.488095233489048042e+00
5.303948838054256498e+01
4.457803415916768586e+01
3.136362757871168583e+01
3.770881323994285594e+01
4.900381926655754228e+00
-1.466651918294894585e+01
8.081738666697333429e+00
-1.889779849092938591e+01
-3.036549319856310092e+01
-3.149874454791586231e+01
-1.766074948622588181e+01
-6.154239498486333559e+01
-1.975463797952053824e+01
-4.904402350953921541e+01
1.326728638496053492e+01
-2.621225107599164517e+01
2.636163084033498194e+01
-5.601582245275354666e+01
-1.686750378550148355e+01
2.423705556176182085e+01
1.186113333420527738e+01
-5.027853158315308235e+01
3.201583650760767341e+01
-1.465529928404836824e+01
3.047349780206608472e+01
-1.315889651778027769e+01
-4.438970588905488057e+01
8.132490178260212588e+00
-3.686346423248744486e+01
-4.217574059115207774e+00
-1.682023678974438496e+00
2.314887445753268480e+01
7.136133311655135003e+01
-2.443632316636458768e+01
-1.980184484652482979e+01
-2.385099353731277461e+00
-6.454011342110305804e+00
-4.571828097100674881e+01
-3.155902084070700653e+01
2.709699121474000094e+01
-1.202438461751683008e+01
1.146368790597770726e+01
-2.779586915830518024e+01
-9.298200972617053139e+00
-2.348390955399787572e+01
2.918558126950555476e+01
5.403256069113808735e+00
-1.263888944114813739e+01
-9.625937438279208891e+00
6.733823913560023300e+00
-4.631171184815713104e+00
2.438655946061766144e+01
-1.459001626572336363e+01
5.649707780880191876e+00
2.008449723966344891e+01
7.762919920678314156e+00
-1.205603567852799074e+01
8.709984489785540518e+01
3.330009862654786446e+01
2.439482952081959866e+00
5.753097671505486232e+00
-3.546229638021111441e+01
1.903206170449846013e+01
-4.329319627926082603e+01
-1.649271564050479810e+01
-3.119917929983375871e+01
-1.119705210690074182e+01
3.218026688710705230e+01
-3.212158022294488546e+01
1.356944626620623495e+01
-2.171448840311086315e+00
1.175882458457735424e+00
-2.028337123065014680e+01
-2.511170322542832878e+01
-3.171997653619825996e+00
-2.024696930274019735e+01
-1.122877964475000567e+01
-2.339204971212888040e+01
-5.238289793922046300e+00
-1.965710673982383128e+01
-2.844057364480919148e+01
1.184776014116818033e+01
-8.129016756270203814e+00
1.386675128113725464e+01
4.828050862084801054e+00
-4.314289141305557962e+01
-2.973842907694131554e+01
-2.588152117724983725e+01
1.837636114154008737e+01
-1.404445133842472160e+00
-3.513335927235566203e+01
3.337129125428432275e+01
-2.219986610593577581e+01
3.237062404418159645e+01
-1.792761912188232998e+01
-2.738386843736375909e+01
1.342268289068067588e+01
-3.852284231878442711e+01
-1.950580934843435443e+01
3.510541971225964630e+01
1.069469054423831267e+01
-2.488563679816348895e+01
3.077045924166165491e+01
-1.028220898015297280e+01
-2.155131513105311569e+01
-1.724107244013458740e+01
-2.840056507873293867e+01
1.569103317627200767e+01
-5.094890832536597713e+01
-4.488604552234940570e+01
-5.755537069973513553e+00
-1.705734292574598499e+01
-3.351072885442698635e+01
4.166488886847093909e+01
7.607414862506661279e+01
-1.557297335140496841e+01
-2.034487304372078142e+00
-3.436308109980222980e+01
3.716508322115521423e+01
1.156609211773434254e+01
-1.355892154119908355e+01
-2.065926692333110282e+01
8.366071437751294582e+00
-3.291625030534193996e+01
-9.997057505138855049e+00
-4.930377150648376983e+01
2.065428554252878257e+01
6.262302325881080378e+00
-1.014604441115693589e+00
-5.871028624538666918e+00
-2.270279105764109318e+01
-6.228799842776112428e+00
7.442311247107552674e+01
-1.038662823062810503e+01
-2.725978060374845313e+01
-3.962132344993844413e+01
7.915634749835049888e+00
-2.127539569073828218e+01
6.161919004460813198e+00
1.721802195421059878e+01
4.321377677559439690e+00
1.776705832665632556e+01
8.579589653329819043e+00
3.321993581869566015e+01
1.494530014094414128e+01
-1.985781091978536494e+01
2.723931558120165164e+01
1.980239072518543253e+01
7.016039190799475023e+00
2.403430014993401187e+01
-1.611167040547302065e+01
4.183148472687057051e+01
1.336825238149621242e+01
-1.800989246026581725e+01
-3.339919117337842636e+00
-1.023919017509612672e+01
1.158525061294884040e+01
-1.324509147001926124e+01
-4.492222448389682654e+00
-7.280337737615980132e+00
4.594185280393713811e+01
3.136602766361374961e+01
-3.684840182130081843e+01
-4.597378138764582900e+00
-2.994733825283344686e+01
-8.233491117403502813e+00
-1.338412333508844654e+01
4.883051845607326413e+00
-5.909024808823737374e-01
-1.630398497096702215e+01
9.631671250452143340e+00
-4.680968995419682699e+00
-5.314398189818945184e+00
4.890061115826802052e+01
8.201624013974985417e+00
-4.684041681071840202e+01
-2.252093338027287928e+01
5.436964800252235364e+01
1.545233813488607666e+01
-5.387837015506818261e+00
6.063664392746137821e+01
-9.155940615335964594e+00
-5.181391609553514854e+00
-4.603635029726092398e+00
8.785847541093971813e+00
1.769062367934182589e+01
2.473452853025577269e+00
1.643409131849321625e+01
-7.249066702487368730e+00
-1.996599068536056620e+01
-2.362178838345950993e+01
-2.722011974029607018e+01
2.337915690845630934e+01
7.362699949674336608e+00
2.163590331968411107e+01
7.913901617234046171e+00
5.064367679976413683e+01
1.058972660529519771e+01
-4.572176887313361249e+01
-1.944665718293575907e+01
3.471864145520676459e+00
-1.651148501081081577e+01
3.583245149388463346e+01
-7.905545596683168696e+00
9.537011294752716140e+00
2.992090777499579701e+01
-4.238166329772042218e+01
8.484636816371539680e+01
1.176343150660359527e+01
1.351920294274134449e+01
2.052389189002745695e+01
4.219221444782476738e+00
-2.585167108834980354e-01
1.987128902492170823e+01
-2.100708162161234327e+01
4.709075932260924446e+01
4.164371786181303037e+01
-2.362764566672355215e+01
9.123569982254252864e+00
3.970117929430358572e+01
-1.167659168203775266e+01
9.910611305065657461e+00
2.137501349584213983e+01
2.301272991825223357e+01
-4.330707236560530760e+01
-5.825939997168632090e+00
-1.738026042212253230e+01
-1.766552969522678040e+00
-4.488865412112833297e+00
1.005038242583680130e+00
-7.096152622767391449e+00
-1.801159508357045524e+01
7.493269381885838243e+00
3.908557893841333453e+00
3.008905890292706076e+01
-2.484058292437219961e+01
2.473504279648943793e+01
2.680341756317253044e+01
-7.070236247345178526e+00
4.618370583348645653e+01
-3.859880308297448437e+01
-5.847588426269508943e+01
-4.885917224208212062e+00
-4.518039005328034818e+00
-6.821615948551880138e-01
4.532638198723979883e+01
-2.751249640254108897e+00
2.428054773289110813e+01
3.048847987197717657e+01
2.119239757665462776e+01
-6.490859167290011555e+00
3.380869845647009697e+01
-9.026134879902215857e+00
-2.011115689619941804e+01
-2.320542679791734031e+01
6.114759856630996637e+00
2.005380926373354100e+01
-7.674465842136584115e-01
1.973596252277883423e+01
3.102953730245872066e-01
3.434442175462491775e+01
9.821905783288542580e+00
5.107132578466909933e+00
-2.117498396066253008e+00
1.824822101001728214e+01
2.129748034200883922e+01
9.742496279899910405e+00
-1.018341058797304299e+00
-3.115606649124936212e+01
1.650067681441437628e+01
1.078457337477496480e+01
2.011966789269788336e+01
1.597543163252709064e+01
2.047411971496671157e+01
-4.905830890683475332e+00
1.765547265202602034e+01
-1.521365579578252891e+01
-4.047711571467402791e-01
-3.070030263683275962e+01
-1.742713969236078242e+01
2.279456100594163814e+01
-5.103554831454935936e+01
1.502839640033400315e+01
8.967594013332131908e+00
4.704435575552105320e+01
-1.071962548713663921e+01
1.886797602026983256e+01
-5.656114078468249318e+00
-2.744124613171144844e+01
-3.848424218993523027e+01
-6.637783925864688683e+00
-5.008796073589467568e+01
6.644721188368464482e+00
-1.125090499036394753e+01
1.747550496300931400e+01
1.333116330017401197e+01
-1.617294148395009756e+01
-1.655886487547945762e+01
2.320185758569321166e+01
-3.480121929624826294e+01
-6.919844392426540480e+00
-1.070175189533199500e+01
1.547669093225497861e+01
5.343880040667841058e-01
1.535375677859391885e+00
-1.068408297062102719e+01
3.101867796433182889e+01
-3.139177023793439503e+01
3.874427297451461527e+00
3.409260116868466639e+01
-2.081644552511308177e+01
1.747905920902752541e+00
-1.509071238617707422e-01
-3.687650203192396248e+01
-2.266352369334771311e+01
-2.810720717646599809e+00
1.599308485628495191e+01
1.868765658874826840e+01
3.463257859980586773e+00
-5.459958666950001316e+00
1.009895451156609170e+01
-2.407961635922833921e+01
-1.126161228724868124e+00
-2.936586341766829378e+01
-1.578302914190780371e+01
2.752065950781525316e+01
-1.615351092875576455e+01
3.842052745033109318e+01
-1.359878186723534554e+01
1.855280683108247786e+01
1.430813610336603858e+01
-3.587202749376273658e+01
-1.423451051916333654e+01
4.939690719357912485e+00
-2.363106033203231959e+01
-2.135431734240672341e+01
-4.943995292049385171e+01
-3.061448769281352611e+01
-2.891033458337383877e+01
-2.487249686256916448e+01
4.763229534925699227e-01
1.033650072385628960e+01
3.869774017726214765e+00
1.379088940157503806e+01
-3.214499265935175742e+01
8.626499509516065700e+00
1.525080264307092648e+01
-3.812157801369319543e+01
-3.516923756807594259e+01
-2.386701789865139745e+01
-1.539981795935765518e+01
9.204489614008593890e+00
-7.613673309803061784e-01
-2.384337927284246206e+01
1.694886902848531918e+01
-1.349045249290436743e+01
2.842386538062302748e+01
-5.033572095736826668e+01
3.579101149184390351e+01
-5.107642052000326061e+00
-2.270304061760231917e+01
-1.419221367143682500e+01
1.043105732760295723e+00
2.532095193323261029e+01
-4.168436931793159772e+01
-6.694755058551294269e+00
-1.143390325964464438e+01
2.529246159009045414e+01
4.724087003234242843e+01
-5.620368698128987717e+01
5.258166349428535113e+01
2.350127050722784361e+01
-4.222051430396125227e+01
-1.806898847855207180e+01
4.479799601486053007e+01
3.358483010806440916e+01
-1.177934005362396874e+01
-3.319367070170841316e+00
8.118171397370716136e+00
4.221322277325144512e+01
-3.210286794759874596e+01
7.180230527230406778e+00
-4.712591547614060516e+00
1.543461912487566678e+01
-4.103218379490391499e+01
-1.875111016718513213e+00
-1.719555564613273901e+01
2.700414974094246645e+01
2.378200616894893926e+01
-4.935874382619306289e+01
-2.700409885165244361e+01
-1.220397195473987040e+01
-2.406300436886792937e+01
-6.601439546210272624e+00
-1.149482629871204153e+01
2.543344391971564278e+01
2.376553141006260716e+01
-1.222608040848854216e+00
-2.593878610542093810e+01
-4.808174379202969817e+01
2.688698330255863311e+01
-2.775964410556435524e+01
-2.055929014067086769e+01
3.359880784413611821e+00
-2.030658991175495487e+01
-2.209722595278867630e+01
-1.619831681665633027e+01
-2.708139935490751782e+01
-1.465061015838404757e+01
-2.937024921772972164e+01
3.163179305185146717e+01
3.471406194592337613e+01
-3.736774828826526118e+00
-1.240042868944760812e+01
-2.320394348118952621e-01
2.569605998713302597e+01
-4.859035831393143212e+01
-1.125701191540105128e+01
2.782859604801160458e+01
4.006626152539004693e+01
-9.462877231704311498e+00
5.609092295838081554e+00
3.101499791547774976e+01
9.372867893781261728e+00
-5.649560241837150443e-01
-2.512334068246121888e+01
1.139231882546840779e+01
-1.960288138925298540e+01
-5.945533842475555275e+00
-1.098633367361807700e+01
-9.294677947454090372e+00
1.281756724837441652e+01
4.471987499223607898e+01
-1.370486448700305004e+00
1.935283734802752065e+00
-5.148132724233460067e+01
-1.071026668759020595e+01
-2.034253991709249476e+01
-9.160457384598430508e-02
-2.653753955249715091e+01
4.824936203498526766e+01
4.590605867188980937e+01
7.950961958865889301e+00
-1.117472290717296346e+01
9.397080656007034349e+00
1.166874959460950834e+01
-2.696590894308342001e+01
-4.751814435384460467e+00
1.071023216636183406e+01
7.523994828014423319e+00
3.114816987781412649e+01
2.287061779382992199e+01
-1.198006465019881261e+01
1.470731894052354960e+01
-5.606838072100041614e+01
-7.060559374906389962e-01
4.934609679862811049e+01
6.764952175680946311e+00
-1.175451353707273938e+00
1.727748080735179315e+01
-1.618256382070083177e+01
5.084542161419037143e+01
-9.408392083735975575e+00
4.549331873642424284e+01
2.215521524680112719e+01
-2.291416796482548079e+01
1.830238261920058562e+01
-1.729793445967776222e+01
-4.089184944045410930e+01
-3.646405848429367325e+00
-3.151383943972873425e+01
-2.974035215171545588e+01
-2.785385680399869557e+00
2.044077871788857692e+01
-5.502057227718722743e+00
-1.772249953137782086e+01
5.069820943993789797e+00
-3.916620196914203689e+01
-3.975603744630616276e+00
-4.697163320143454257e+01
2.766511331220686998e+01
-6.891906720156555366e-01
-2.826185135361879475e+01
-9.402978239708687624e+00
1.046581947588654771e+01
-2.002005375231342299e+01
-2.583675221440115877e+01
5.337408909613994012e+01
-1.372300723709076919e+01
-2.280461921523408364e+01
1.547839027380543087e+01
-1.000872649784144386e+01
3.097343472465349734e+01
-2.568959751963632243e+00
3.936680017194206016e+00
6.122429965151917486e+01
-7.049507629786091911e+00
-2.077501269691123298e+01
-2.440122151702257725e+01
-2.885269911412086685e+01
-1.939224559954266169e+01
1.537799195730065094e+01
1.537781051761515982e+01
1.265456727344999877e+01
4.166011282408555871e+01
1.874286274518169648e+00
1.184804311298941570e+01
-3.603114642825032377e+01
1.511788048226151204e+00
-1.055776516097790818e+01
-1.510866617264673550e+01
-1.963321931461393888e+00
1.911462999497800297e+01
2.166179864592658078e+01
-3.893242520421420494e-01
6.909778854432147455e+00
1.564755628959112599e+01
1.980125712927566894e+01
-1.386637192215579262e+01
-7.156957599130521430e+00
3.959457520294620281e-01
-1.310861917414507616e+01
-2.871950618399978339e+00
-2.035809041624455062e+01
4.501361628891623923e+01
3.647020571260907218e+01
-9.238078932760231510e+00
9.074326951047851253e+00
-2.629092478087816431e+00
-1.701529635523928619e+01
2.024989245726020215e+01
-5.412919831757676548e+00
2.267250754456375716e+01
-2.971611186376930647e+01
1.019163159770295124e+01
-5.625596702502548396e+00
-3.058821580231415282e+01
-1.384558105619873913e+01
1.516625444128912648e+01
-5.187801275807532875e+01
2.440829744368710408e+01
2.648234482288285108e+01
-5.669530807033146047e+00
-3.399538308054744107e+00
-1.794261112206157804e+00
1.420670052316978627e+01
-1.856428077541082189e+01
2.049534267560144940e+01
1.733473872419236272e+01
-5.586289681386040229e+01
-2.012413336253726470e+01
1.350238219099430736e+01
-4.850549694902014153e+00
2.467294650304089032e+01
-3.620996607824991997e+01
-3.036470665714659845e+00
-2.378949011817218917e+01
-7.309557132298102999e+01
4.371665101811002785e+01
-3.318303973757906533e+01
-3.479400014509349859e+01
5.058247608247796734e+00
7.370389416030552354e+01
6.730384570497989216e-01
-1.598426718591173312e+01
-1.771598945366747557e+00
-3.117482597392267962e+00
-4.872146019331799494e+01
-3.480358842451974510e+01
4.658463415113433825e+01
-5.831004403935850178e+00
-2.142628759679359973e+01
2.805707232828444830e+01
-2.038832834906864377e+01
2.097300004898102088e+01
3.025587814354349092e+01
-3.246342253283634705e+01
-1.596550079099620234e+01
-1.973896260537179614e+01
-1.018013813102990639e+01
-1.002891631931283456e+01
-5.925340030314657724e+00
8.138874201455394086e+00
-1.941341715593488004e+01
1.612793573735675068e+01
3.292855604728023877e+01
-5.130437914022373036e+00
-1.157086143244472964e+01
8.290544612032789473e+00
3.182909383419683991e+01
2.966689090768683457e+01
5.549684508530361882e+00
-3.172198855668256101e+00
-4.951143980615697160e+00
-2.887337558942952853e+01
2.187162851221498272e+01
-1.270916174128173282e+01
1.131328811376062049e+01
-7.945878323075930894e+00
1.535129282837843334e+01
1.039453223937410087e+01
-4.577914824280969697e+01
-1.514379460788018150e+01
-4.467142997002255811e+01
-2.030559963103013388e+01
3.020871062418933661e+00
-9.777748626338450322e+00
1.856382207435001419e+01
-1.704478200131131871e+01
2.087187945346776985e+00
6.087548972186027640e+00
4.023200595815552560e+01
2.038877657633960894e+01
-1.718048828095623648e+01
-6.953092167938450530e-01
6.915159169900505276e+00
2.178576469786747438e+01
2.089083322910028073e-01
3.103259972691296298e+01
1.280385304155229420e+01
5.146580747635817943e+01
1.102245496889779020e+00
3.721843967851921775e+01
-1.534806509354683612e+01
-2.143335650727335207e+01
2.509760032119345396e+00
5.317536156121263957e+00
1.523186397744655096e+01
-8.051904310285806332e+00
-7.769545006527806663e+00
1.472701358621968026e+01
-2.753036445913465968e+01
-3.132405896497942877e+01
4.500883776688692706e+01
-3.378980346392211231e+00
-2.221038841161931288e+01
-2.296967119324619944e+00
-7.659597909589706433e+00
2.414483258219610207e+01
1.881475762066884272e+01
-1.145171235605761240e+01
4.660196491993957579e-01
-1.502682039572276551e+01
-2.003778376925578186e+01
-1.520149850842676642e+01
-5.491593050412676291e+01
3.433025430599911942e-02
-3.658009335002888918e+01
-3.164008757052041432e+01
-2.117153971377331345e+01
1.088871415944191767e+01
-2.072254255858800320e+01
1.312850439970544159e+01
-3.478515789231951771e+01
5.994706688691167074e-01
-2.353249015613478434e+01
4.852494840450631841e+00
6.380070028471628518e+00
1.894763862948502720e+01
-1.191584973658743252e+01
-9.080228929499867263e+00
1.678009347367305182e+01
3.366542811695887849e+01
1.865003546322370198e+01
4.728548989922046530e+00
-4.074410759400519311e+01
-9.648020380298220289e+00
-1.792358236645321767e+01
-3.432748747427359604e+01
2.296441676859922154e+01
-2.060281413065041534e+01
-1.880706538473077671e+00
-1.591870685541793762e+01
-5.663971576067027058e+01
2.939407192326402196e+01
-9.988976459616480952e+00
2.300512491882619770e+01
-4.056421843286639728e+01
3.827422573568969710e+01
2.091319521211858046e+00
-1.634430535259743067e+01
4.887561148804195454e+00
-1.183646969214652245e+01
-3.721938234842539828e+01
8.228582588754434823e+00
2.023237706877463893e+01
9.936080618594473890e-01
-2.057618398028506590e+01
-9.282537594385871671e+00
9.975125579444522828e+00
1.814988534072421089e+01
3.579713115449334282e+01
1.343736475478169723e+01
-1.320512023078111952e+01
5.420725356798398309e+01
1.362355011725707499e+01
2.411609497810601255e+01
-1.035172375787038845e+01
1.589644394994259358e+01
1.113584827840284674e+01
-3.520930832665021626e+01
-1.172033570611745290e+01
-2.321830035853903951e+01
-2.096028232978827077e+01
-6.856261596884678511e+00
-7.860249007035349678e+00
-2.396099957882086073e+01
-6.294692815781415618e+01
-1.639566234181265969e+01
7.106056809150459230e+00
5.166838022283798182e+00
7.887899686927156040e+00
2.633901500483736413e+01
7.975791749256206487e+00
1.844371678471651421e+01
-2.366514725294860000e+01
2.595209086769403939e+01
-2.581052190278325043e+01
-4.083689757130775888e+01
1.246427234214451119e+01
-2.450986995241302679e+01
-2.230727570941398596e+01
-9.005331981529755581e+01
-6.557898254220425827e+00
4.632269633188298030e+01
2.407586327262602310e+01
-5.815090539578136486e+00
-7.826678602789144179e+00
2.143980120837460390e+01
3.776660776103051376e+01
-2.362657897572641730e+01
-6.132359347066540067e+00
-1.932813143148027279e+01
-1.993836768823325656e+01
-1.746579521654844314e+01
7.194548422317730285e+00
4.018902298964277975e+01
-3.704279496650045189e+01
-3.185535375956561666e+01
1.867896832552190745e+00
-6.061851071114944034e+00
-7.600287856301935818e+00
-5.122954105039531214e+01
3.570772387065744624e+01
1.360540177938747775e+01
5.323187562339974477e+00
2.752069480485742758e+01
-1.861926025295921860e+01
1.759747788396222745e+01
1.579787174205912947e+01
2.072855425461995083e+00
-3.466138253802526492e+00
5.017573313382268196e+00
-8.973810364095140102e+00
2.881006277863372134e+01
-2.276988389245735789e+01
2.447278069563711256e+01
5.480770540260721191e+00
8.200494735405982283e+00
1.290163356158620900e+01
-4.937692173273839558e+01
4.779580021947367641e+00
-3.804671632200850695e+01
-2.782985411762931705e+01
-2.782872690614902922e+01
-2.836167937444511722e+01
2.982358789424210954e-01
9.518853596798578565e+00
2.829342290692376594e+01
4.912953612359494571e+00
8.158953838085391652e+00
-3.988018074892738696e+01
-1.450675926235042112e+01
1.932198544104588223e+01
-1.148191323636758909e+00
-4.112879184611983874e-02
-5.045746382429626919e+00
1.991122135247921676e+01
-5.185151292995624317e+01
6.412720244277291926e+00
1.153327507647415473e+01
2.455410563067761132e+01
2.101648649453326811e+01
-3.214674527471555621e+01
6.405987706824078032e+00
3.317189430070797584e+00
2.704433608829901914e+00
3.371704954583293556e+00
-1.070575242438661689e+01
-2.007366491990957513e+01
1.073696347685405783e+01
3.414700000606654839e+01
-2.815628538028136063e+00
6.577585552719881434e+00
9.626368656483037967e+00
-1.459106572392123269e+01
-1.544026654401909582e+01
-6.779127293963108514e+01
-2.096494661287410111e+01
-3.100897355003779410e+01
-3.801976022089746721e+00
-3.832876411162976638e+01
4.263672017452222462e+01
-1.778382311267358773e+01
-3.044386211415834964e+01
-8.785000506357971517e+01
3.773819853181743156e+01
7.573288948001390963e+00
3.454545781273154148e+00
-3.556222129138814125e+01
4.998262878557170552e+00
-1.128663500041291456e+01
-1.859326129008235995e+01
6.628426071989917290e+00
1.914704559474549228e+01
4.151160246788691666e+00
-1.205803051521633051e+01
-1.208687863767181625e-01
1.561477881907080700e+00
8.910197237487125221e+00
-3.608079030657525266e+01
4.096054948158034392e+01
-2.433112112044216246e+01
-1.697170140507575198e+01
-2.779573785831189525e+01
-5.903488357364674499e+01
5.098419645532295874e+00
-2.972891138527270982e+01
-1.081244075713987485e+01
1.851212943939179922e+01
-1.468542361557013010e+01
-1.998217076422861282e+00
-6.677259437171443324e+00
-1.140748692966030831e+01
1.809441210859283444e+00
3.078611158025860561e+01
-2.855228113091805398e+01
5.648409393601571082e+01
-1.283726643675939272e+01
1.897251431015757817e+01
-7.811533779250581233e+00
6.475831861705991344e+00
-6.183225690770427718e+00
2.489757664680365679e+01
3.480683632106095615e+01
1.086247800768603611e+01
2.615469694933905487e+01
-2.017929771734074507e+01
-3.743666168954575824e+00
-1.267347523693217681e+01
3.891252819537066898e+01
3.267362200606299893e+01
2.468498581100965339e+01
-8.716871130888250718e+00
-1.578396071525980915e+01
1.411664309113509574e+01
-1.593201684442223609e+01
-7.052889682617774270e+00
-3.282031250505681896e+00
-1.676346927663898612e+01
2.818673467296045487e+01
-4.688885025112568883e+00
2.152252810253420989e+01
1.109396089124243012e+01
9.795260814966894714e+00
-1.877220563611336956e+01
1.504003609440060529e+01
-1.036024831707698013e+01
-6.664900100280476636e+00
-1.764792425576246160e+00
-2.729495524781293625e+01
4.230731931895809339e+01
-1.511697769225822441e+01
-1.787465927802884380e+00
1.262768030160695787e+01
1.089484950094407623e+01
4.204281169999302392e+01
-9.786201329876462296e+00
4.274081234457197809e+01
3.834847365847193146e+01
-5.313497201860377572e+01
2.886528644338852700e+00
-1.053139393535875001e+01
8.864704996816982430e+00
3.355956895138049845e+00
1.127667223530124829e+01
3.535761060555758206e+01
5.536474294755944214e+01
-4.259721646886794133e+01
4.289459864108948750e+01
-5.552037273214558866e+01
-4.606202555328161452e+01
-8.188545063671000435e+00
5.016795017326103334e-02
4.132767157422827609e+01
2.027751433355723520e+01
-6.839709187264588763e+00
-5.057050004581475378e+01
4.001277247974117302e+01
-2.368220258183566784e+01
1.018804056653550560e+00
-4.026969991144838446e+00
7.142444190676377502e+01
-1.436662941187432807e+01
-6.053076640403020292e+01
1.776367140360576968e+01
-9.225838175057663193e+01
6.530945392820854067e+00
-2.070130178641892371e+01
-1.042608022462107442e+01
-1.538684464498612670e+01
-3.315821416104296304e+01
2.169800705966433441e+01
-2.154060224504668497e+01
-6.661967111975343414e+00
-4.472116225524806055e+01
-2.480976544981984944e+00
-2.965191155049090810e+01
-4.230820125111983998e+01
-6.440756295386319152e+01
5.194780137351045823e+00
-2.018424460231462092e+01
3.541633466930761642e+00
-7.982686857827218319e+00
-4.607079327557562465e+01
-3.684665791966191506e+01
-3.092255473971994206e+01
-3.213795739383874661e+01
3.021315466243665071e+01
2.907451494779365930e+00
-2.825508670725508864e+01
-1.230922227906921762e+01
-1.394008297803330265e+01
2.281115709671773217e+01
-1.763365715306048997e+01
-4.341069046347687532e+00
-1.590284159920764750e+01
-2.029222251169584013e+01
-2.293644464700513197e+01
2.096366096057870720e+01
-8.802962445300522631e+00
-5.248893073836728718e+01
4.373063518121225002e+01
2.497317068501514825e+01
1.503299223946839902e+00
-4.428592784372921187e+01
-4.247680498775491742e+01
3.912229041136299657e+00
4.058172126849228789e-01
-1.796031909002351767e+01
-2.597849137357909655e+01
1.780605021436952029e+01
-3.142662788108225413e+00
1.493393214249658740e+01
2.778877113432776014e+01
1.803971398050458674e+01
1.809903556091315124e+01
1.355024052689769931e+01
-1.185505836487797637e+01
-8.454829335857937167e+00
-1.230831057404640916e+01
-2.084077562330060118e+01
-2.428662589396344629e+01
-3.614053997989719846e+01
-2.113102259513988912e+01
-5.799302482346575971e+00
-4.360917150869249781e+01
-8.117232132996207383e+00
2.069889582432737640e+01
-4.481620456230018590e+01
1.691540226494936405e+01
1.525149583068449033e+01
-4.082005258341166609e+01
-3.219907510079940494e+01
-9.757256149672159040e+00
9.964301781256992285e+00
-2.236763739897958203e+01
4.107715367483216085e+01
3.646801881794522160e+01
-4.389351559306550143e+01
2.539737389989915073e+01
1.976421958827035041e+01
4.972472908762568977e+00
1.230880661086747807e+01
-2.431562180855543431e+01
-7.432193812264415556e+00
4.710358426766333650e+00
1.092970206650088016e+01
2.404179612883355333e+01
-2.915538423931342749e+01
-3.419386512924518229e+00
8.514107442479058818e+00
3.052821803437211656e+00
-1.695030695636815921e+01
1.240644511016856910e+01
-1.452738316777627858e+01
-1.165487191232261921e+01
6.561395824796250054e-01
-3.460268273213888790e+01
1.682413627238716458e+00
-9.571595816204307994e+00
-7.881410034173029544e+00
4.801311364376658730e+00
-3.088476018861933881e+01
3.374051245738337457e+01
-1.432621255172054475e+01
-7.586697893754464417e+01
-4.856920768816451073e+01
2.105261645013490579e+01
-2.302883620623052252e+01
-1.072472544705073005e+01
-1.493702325531329222e+01
-1.043532507612441407e+01
-5.736865655191610358e+01
-3.586137197566984014e+00
-3.546042179103983472e+01
-1.959829920928450520e+01
1.209738113810615801e+01
4.478559279423964767e+01
1.602930853755381690e+00
-5.543724844691837461e-01
3.391202787987619161e+01
-3.154159058046585073e+01
1.817141103387141499e+01
4.332746490395635419e+00
-2.714212092232622808e+01
-1.452505408941507881e+01
1.267603182583252419e+01
3.710106935895538527e-01
6.922890937122289756e+00
5.903525689138447774e+00
-1.348822924132849721e+01
-1.846159295031327474e+01
-2.846413592906401391e+01
2.806167500010926119e+01
-3.675244961857252690e+01
-2.728039101646942299e+01
7.104582594570757692e+00
-4.953630474016037510e+01
1.281379043343741841e+01
3.650858700049309391e+01
-4.138508436930870005e+00
6.643503986212493828e+00
-1.641543325683562671e+01
-1.253554856857471123e+01
5.937499844723618025e+00
2.165272371908402604e+01
-2.211186632091011717e+01
1.538022223648329145e+01
-6.044958474997343956e+00
1.757808907716821523e+00
1.318604091762976793e+01
8.489651096329836832e+00
-7.324076910900188864e+00
1.400849150845999702e-01
1.092029867770423834e+01
1.627975800115669358e+01
-4.090303859011383736e+01
1.842833458475183761e+00
2.936349266952138493e+01
-5.260402063510605331e+01
1.731549801208192463e+01
-6.644846026625330637e+01
-6.133746718939539377e+00
-8.442788997519002692e+00
-2.949209318836324201e+00
-6.921689596499874142e+00
-1.434555691997408644e+01
-5.420992181731037363e+00
6.833950090735115168e+00
-1.516331829057148539e+01
6.866886643705200299e+00
4.991526081592252240e+01
-3.451117163861351855e+01
-1.505428036872953612e+01
2.268757585313184677e+01
1.367342929449351630e+01
2.490062819413736861e+01
1.200018033880724033e+01
1.201405936518780493e+01
-9.150667542762420226e+00
-2.794856259081609551e+01
-2.574010292562093127e+01
-1.539097855696915929e+01
2.650464222055404662e+00
-2.404122623397319103e+01
-7.945978349533035612e+00
4.142219609620838128e+00
1.354976629565703661e+01
-5.806267777196119084e+00
3.393856730039719594e+01
-3.294133113964528548e+01
-2.222774826277571947e+00
-1.773447445249027865e+00
1.567543680751406043e+01
-2.235388985206321877e+01
-1.415842007705350625e+01
1.068210589192789861e+01
2.558433730246359517e+01
4.248088808634980751e+01
1.816676960712288746e+01
2.379866188433143748e+01
-1.587525469858457683e+01
3.581079376343632248e+01
3.755682909999188723e+01
-1.455971964213460978e+00
1.942257530338201832e+01
2.144199993399992366e+01
-1.336349374792916933e+01
4.834422485011970139e+00
3.450045892291200289e+01
-1.369927107295518454e+01
-5.198646464213425133e+00
-3.424869955088324502e+01
1.350814142669676698e+01
-7.287694139251613024e+00
1.120376812525179844e+01
3.326470463865234706e+00
-2.260772795465031848e+01
2.587510452426462848e+01
2.277410019928962015e+01
-1.527857375168288456e+01
1.081898219827692742e+01
-3.464945276333025959e+01
-3.015507160282455601e+01
1.405354507016329535e+01
-3.867696465028632247e+01
-1.746906984903213811e+01
2.931911398521720002e+00
4.692556495926036320e+01
-1.443901001520364957e+01
-6.942970746441403662e+00
-1.022194522630240954e+01
6.360291746156160286e+01
7.941938051405387000e+00
-2.443657079293045342e+01
4.017136730117920251e+01
3.557534447459563154e+01
1.782328402584116134e+01
4.262844584348954413e+01
4.873062270087230274e+01
-4.238074431798743547e+00
-1.572040009836301522e+01
-1.644131379219510336e+01
1.636488025014233472e+01
2.129211158578405616e+01
-3.895063535441181557e+00
-1.311060044855079809e+01
-3.461525444067325452e+01
-1.430861293398803014e+01
-2.560816785312312049e+01
1.708990523162671593e+01
9.681854255709993140e+00
3.612735392795320877e+01
4.222608108857343723e+00
-1.334630272378660720e+01
-4.802842915542886004e+00
2.237348262543068245e+01
7.076915962702742036e+00
3.087803455410588072e+01
3.158316080696744166e+01
-6.838723623312375821e+00
-6.099550325490703528e+00
-5.691840545674784835e+01
2.867835671256744234e+01
-6.804920091335588950e-01
3.068748718164310674e+01
-1.227886872928240081e+01
-3.536487295976772316e+01
1.194170939067394599e+01
4.126876743601481223e+01
-1.482340722258379628e+01
3.742492369580548939e+01
-4.120820434409361610e+01
-1.304895672461042011e+01
-4.602584033984697953e+01
1.079266633239032558e+01
4.565608623425703172e+00
3.067640585084063787e+00
-3.517842074812193687e+01
5.125729218479261817e+01
3.065268467231180693e+01
4.971354906683359332e+00
-2.917959056613989333e+01
1.224795044447108694e+01
-1.317248195900481278e+01
-7.013776731618122540e+00
-1.355030180673998075e+01
1.037151919500993102e+01
-8.171519630448557336e+00
-1.139361749352622155e+01
1.177523424890654269e+01
1.463136086767512722e+01
-4.842613417324190550e+01
1.121896732976824751e+01
3.812594831617073510e+01
2.270897686278141236e+01
-5.925741824207811703e+00
8.546768594207989622e-01
-1.982298642728468963e+01
3.276178258198899584e+01
8.764096609214959699e+00
-2.355035002770193842e+00
-4.206646988942338794e+00
6.034247177424464326e+01
-1.813845728878931141e+00
1.378244226452341081e+01
4.211269448596762288e+01
5.425205997587325157e+01
3.505236063505384436e+01
2.286702089871283761e+01
-3.744800479462190879e+01
-2.554721878195266527e+01
1.942602249296940897e+01
3.905222258472008434e+00
1.782530074651458563e+01
8.946297757773066905e+00
3.463466363312713270e+01
-4.361042624233674303e+01
-2.746541954310839628e+01
-6.490833589482519983e+00
-4.816228335860965615e+01
1.075521364458597873e+01
2.478150685708335743e+01
3.816077878902603970e+00
-1.247934927868396926e+01
1.304228101740238799e+01
7.771618654848987262e+01
1.737434493920068235e+01
8.875631286747079685e+00
-2.642534453192362776e+01
-3.369570163011127306e+01
-8.232913695598270465e+00
1.856953195356243214e+01
-3.351465261081557401e+00
1.334784229911335274e+01
1.961792630362128875e+01
-3.211545962080180061e+01
1.467677950735190961e+01
2.481617794213104844e+01
3.171635069150192976e+01
-3.716295250628945723e+00
2.635380429717031348e+00
-5.632060197662170253e+00
-2.715771576360225481e+01
-3.899157982080510010e+01
4.462432461873059708e+01
-4.356866917206104972e+00
-3.103564301836270545e+01
3.052927991502940586e+00
-1.455513904543122550e+01
5.095045857652803534e+01
-1.308527036841832114e+01
-2.011973202330571553e+01
1.952092483357529318e+01
-9.214945548837647493e+00
2.501769582036092743e+01
7.223711904682659224e-01
5.454958407593846914e+01
2.959580511451617824e+01
2.253378581521658930e+00
-2.089903805215475074e+01
1.542389459886840086e+01
-3.025178643918364685e+01
-4.889924455971240036e+00
3.440195060067070187e+01
-1.568837584201077107e+01
-2.519395533322213510e+01
-1.358738407119656699e+01
2.807667843122499107e+01
7.096796849806622731e+00
-4.650864235985766015e+01
1.867011450637620840e+01
5.223975030095459715e+00
5.182799389894540809e+00
-2.824270427519587656e+01
1.655276760300381511e+00
1.896273295996927288e+01
2.688435334130005572e+01
3.696278700535835782e+01
1.623083000240129792e+01
2.218186850269731281e+00
-3.034333919932765866e+01
-2.621718271712697401e+01
-3.874502823174711352e+01
-7.377288667726077165e+00
1.780333376539363144e+01
-1.393724578634596867e+00
2.878615539783550048e+01
-1.835386898944773293e+01
9.212979290576583935e+00
-9.775781241655337794e+00
-1.675777532599377651e+01
3.432637657225100725e+01
3.962243039526526900e+00
3.530532253864225822e+01
2.684812423520611446e+00
1.249903448335522071e+01
-1.006537671314379168e+01
3.409930970270931994e+01
-9.328241064491962220e+00
3.458967563992967342e-01
-4.384463809165566772e+01
-5.384398872457580865e+00
4.014730830401850881e+01
3.590215272259521839e+01
1.509938454169182620e+01
-9.308775226189723639e+00
3.108304426219731909e+00
-1.177059371370279450e+01
-7.791023985408003227e+00
5.190562758751185157e+01
2.808884591403170816e+00
-1.473991880177862868e+01
-6.088600871525022029e+01
-2.669163903293267026e+01
-2.157825989592878102e+01
-3.603441786496699706e+01
-3.265037920476370914e+01
-3.889572475223388892e+01
-2.579818057245735474e+01
-1.786846156303204225e+01
-2.778919530748059685e+01
2.636829314473768804e+01
-1.169572442008262669e+01
-4.970438596768639172e+01
2.260864382466729694e+01
-1.714076031805560518e+01
-4.566984219512646348e+01
5.465130582667752890e+01
-1.464085432240651130e+01
9.646073371894090087e+00
2.254606829947115898e+01
5.062861228524837998e+00
1.497642338972985954e+01
1.809199036057847820e+00
1.094662400730097573e-01
-8.345021884870050144e+00
-4.245594265603696726e+01
6.694176275674919907e+00
-7.016805165606143646e+01
3.995602421738649923e+01
-2.397936876030465214e+01
-9.945968818750799301e+00
-1.027222364921868802e+01
8.465166690087393420e+00
-9.619639450200992314e+00
1.522567430144624723e+01
-3.114805377186748103e+01
2.020462488184381300e+01
2.432118864229481403e+01
5.901613914024920859e+00
6.449567157663892658e+00
1.218241939415008801e+01
5.128132222622980407e+00
1.558877239936543901e+01
-4.488779287400063822e+00
-3.963696712397504029e+01
5.414898741821843942e+00
-1.403627803982348610e+01
-3.053823977348770313e+00
3.117400624118420183e+01
-4.534926625362606245e+01
7.995593384047481322e-01
1.181440306762738146e+00
5.164774374229693876e+00
1.770024918464253005e+01
-6.886069813039654264e+00
4.692753562922831634e+01
2.487069421600718044e+01
-8.680051350840848556e+00
-4.283401815075933428e+00
2.142377110604257950e+00
4.350483326648651428e+01
-2.991270908137749984e+01
-5.823036438721192098e+01
1.742215445780138339e+01
-6.890295051849179231e+00
-9.453728512488240199e+00
9.369141381147159109e+00
4.300463178316391577e+01
2.509936441921826145e+01
-9.084836044742644390e+00
-2.975892097293484539e+01
-4.839349435017290091e+00
1.599143969558921263e+01
-8.675441042211787135e+00
-4.226403174956772091e+01
-3.449920276806437869e+00
-5.406204640474776113e+01
-2.876808648113001254e+01
4.658338664688005792e+01
-2.957230539056351404e+01
-3.878267439094926772e+01
-2.927458460034174692e+01
-2.097883297664313318e+01
2.054891912131697040e+01
4.788223021868591900e+01
-3.767110557041405627e+00
1.470487626137105508e+01
-1.207213133502081348e+01
-3.952228282041053120e+01
2.673444844050641933e+01
-2.684940043644121488e+01
1.485604701706986930e+01
1.817836475195036883e+01
-6.054935366527558926e+00
2.151090279879238665e+01
2.345588109461471049e+01
6.467612049415055253e+01
-6.782912031125704289e+00
-2.950116986625045001e+01
-3.585272918327029856e+01
-9.767607132940426595e+00
-1.912761998013194642e+01
5.390638941196277756e+01
-2.501757038844129966e+01
6.572896054913055508e+00
2.784790814856620500e+00
-1.255628106822793200e+01
-4.845096305065510478e+01
-3.579680838229165829e+00
5.625478321619425515e+01
9.911306067926183516e+00
4.283910249481778010e+00
-3.297803290342109506e+01
-3.280467761038812569e+01
-8.039606266575113125e+00
2.623914133828145623e+01
-1.451526557961602748e+01
5.870362889002154816e+01
-2.764373953987939103e+01
1.072979798694514386e+01
-7.825648595887173542e+00
-3.701903606766018129e+01
2.475020170292879129e+00
-2.929362136132851901e+01
-4.219196942432466813e+01
6.334420427331110659e+00
1.081776727035006047e+00
2.984808939435195896e+01
1.349541162550099216e+01
-1.919576715342270390e+01
1.229760969053290864e+01
-4.997190409533443045e+01
-2.734015619791171048e+01
5.097675505827820075e+01
4.704426383320033267e+00
-6.038585326021461697e+00
-1.699510062641812169e+01
-2.495359198952485258e+00
-5.656133829355951548e+00
5.087417763491740175e+01
2.378413126717141779e+01
-6.748775524528639380e+00
-1.996626418791947799e+00
-2.246583040158851574e+01
-8.962813254816808239e+00
-3.598097501956837618e+01
2.822801458881408720e+01
3.998898574666597483e+00
5.885975081781964491e+00
1.023832414116851908e+01
-4.594362049234234746e+00
-1.175441323598416332e+01
3.097194330451410238e+00
-6.183639881512303305e+01
-8.842107105959485125e+00
-5.860545663188389653e+00
-4.420024671239559666e+00
2.752838036933680144e+01
3.714359237401147595e+01
9.887607764743961525e+00
-5.438160442920602122e+01
3.554456904369482118e+01
-1.223656516346287049e+01
-2.138998457712963841e+01
-4.981137986212275592e+01
-1.718252433138890467e+01
3.549209192483402120e+01
1.745786047279790409e+01
5.769693404902000111e+00
1.924736581993803952e+01
-3.333237729042778597e+01
-2.659234065551783033e+01
3.224279540935140176e+01
2.222811821287584166e+01
2.743734035100456481e+01
2.807762548776565836e+00
4.828862300588809831e+00
3.114203817162109544e+01
5.515697889458550662e+01
-1.191525407095755895e+01
2.200744630075053010e+01
-1.479287328363881215e+01
-2.504283518454484181e+01
-1.979700253628493556e+01
-1.988954848523013652e+01
-8.279443752035717807e+00
-2.715709833267041518e+01
-1.119392485616961608e+01
-7.749438367861280597e+01
1.936737524208027139e+01
1.266292182974288494e+01
-2.700603964742370522e+00
-2.217126398545929078e+01
-1.056793777493842867e+01
-3.135378925922918825e+01
5.605253980604402386e+00
4.600298529961651184e+01
-1.259007921534612251e+01
-9.637259631580548103e+00
1.196112693119357573e+01
-2.916199920523136058e+01
4.832534935942699406e+01
8.398086781877317719e+00
7.936334398245890043e+00
2.825533670611588377e+01
-1.428481487385397486e+00
3.195852083493645068e+01
1.079094386749618195e+01
-2.246111366541256871e+00
4.695602661471568240e+00
-3.626554240279375563e+00
3.778610024068933626e+01
4.901136091216955037e+00
1.037075700178613147e+01
-6.613726289530717395e+00
8.008837957939945795e+00
-5.263375360836880645e+01
-2.008305885965853577e+01
-2.781095853710780830e+01
2.705916175730322948e+01
-1.825090152622692585e+01
-3.423016268207112489e+01
3.300564271469892219e+01
-6.954518254599094007e+00
2.310661847293121696e+01
-5.136552454752927588e+01
1.059125741742989923e+01
2.956054373174907823e+00
3.491528982456202357e+00
-6.637928980435020776e+00
-4.140034549675988274e+00
2.893050009782529841e+01
1.043291145443504320e+00
-2.892659303935269577e+01
-1.068206270857568541e+01
1.253727705171655771e+01
-6.553288068789312604e+01
-5.012233530133531190e+01
7.374562999529814533e-01
8.001071720299655965e+00
-2.677424638233410548e+01
-1.090719053192145793e+00
5.987813697576962113e+01
1.595135414432871812e+01
-3.064146254635045352e+01
5.320622073469166935e+00
-5.281840325054886875e+00
7.116721252762090444e+00
-2.025249668580866569e+01
1.251753948723920118e+01
1.496689534747736161e+01
-3.945459927545869050e+00
6.348141406613099491e+01
-4.492090945767742483e+00
-1.796493156919120793e+01
1.357039749038159471e+01
2.441058771465884547e+01
-1.921299783719001653e+01
-1.033895320496107217e+00
5.565221362733856836e+01
-1.595121122437717531e+00
3.336592277349632241e+01
8.315192768637587051e+00
-3.977600587365195395e+00
-1.287950886336994927e+01
2.965849365522606718e+01
-3.177505041310742939e+01
-6.058423866383009226e-01
-1.034252850879960306e+01
-2.256979248392327264e+01
8.518116855904393603e+00
1.508938335533860808e+01
2.442769285847191441e+00
-2.359679971342529825e-01
-2.260680250902646549e+01
9.200493178465137589e+00
-1.856381567189799853e+00
-1.287108561845247579e+01
-1.145511853558170401e+01
9.394454163397966795e+00
-2.114145388313488638e+00
-2.148493328451215234e+01
-6.193177736312628667e+01
5.926375278645565459e+00
1.095678566347390870e+01
-2.755487215400522416e+01
-1.356805575890393811e+01
4.698054845822316850e+01
6.373674963214071454e+00
2.242947250637786283e+01
4.915446890702469318e+00
2.263363610785899027e+01
3.246483536831249239e+00
-2.213147754514106680e+01
-6.177326758259198414e+00
3.092818364898789696e+00
1.787921085866761928e+01
4.286212582487382861e+01
2.796014257549606441e+01
1.722863069665464764e+00
9.678452035060161052e+00
3.442164124610918918e+01
1.502060394636934504e+01
-3.939914134364968845e+01
-1.567526950933893204e+01
6.356672556632815940e+00
4.850753399039291480e+00
1.401574348640368584e+01
-2.943932537639253155e+01
4.004328180198811538e+00
2.457355661422967330e+01
2.719225746610214856e+01
-2.443078507709316227e+01
1.751369641669953126e-02
-1.267263894951611292e+00
-9.682859772097629047e+00
-1.613734430308953449e+01
-8.787885575952259387e+00
-4.998789501030003635e+00
5.745730451379586157e+00
2.404433846986884049e+01
-1.755819382976316945e+01
4.599889360404364425e+01
1.865483982629223192e+01
1.525154288488565157e+01
2.013490945962815104e+01
1.540374691039305688e+01
2.065224186220713420e+01
3.111308042523783968e+01
-2.589574145667201321e+01
3.541055958096985989e+01
-6.486178418025960468e+01
1.800879077947729812e+01
-6.079000175977412823e+01
4.743764389307204965e+01
4.286538195403190343e+01
-5.345924269949989593e+00
-2.739094263846732247e+01
-2.413582151477189086e+01
-3.128115889164266150e+01
-3.602972192097018933e+01
3.216788643510960810e+01
2.392908814600139067e+01
1.359479759460427317e+01
1.609297649798094199e+01
2.540012633341910941e+01
-2.228363487123959885e+01
-1.007087857756198446e+01
3.135962136540230460e+01
-7.426100810369021588e+00
3.034504460795174197e+01
4.236834984410198501e+01
-3.271848878265187111e+00
-4.164799130478616007e+01
2.842115636148605518e+00
-1.458059320464492714e+00
-5.808237323302250843e+00
6.634430929662471499e-02
-3.708197845591070063e+01
-7.148344552525045970e+00
5.047387691209241467e+00
7.559302488355285732e+00
2.778669283440363813e+01
-2.427814870473704900e+01
3.168611443639974823e+01
-2.268168506673204377e+01
1.459188352830102531e+01
2.298191591812987866e+01
