-3.493879804098359898e+01
-2.032220143676823909e+00
-7.196942844225539204e+00
2.425189860618278459e+01
-1.199583773051749347e+01
-9.284848265615011087e+00
-2.423661548969812429e+01
-5.069407698337499824e+01
-2.160178171736498598e+01
-2.277241068782774391e+01
-2.116288963584779026e+01
4.267600116907537711e+00
2.008702399130356753e+00
-1.073062895765502844e+00
1.740229155876022560e+00
2.670721632496940856e+01
-1.029365683534182097e+01
-7.261078922221599896e+00
1.186121220401616938e+01
-6.237439812439754405e+01
3.128818948894593177e+01
-1.341973581035301777e+01
-2.430242546704247886e+00
-5.630064929662808026e+00
-9.768151473724060452e-01
-2.140302796395744167e+00
4.837814554243496445e+01
-1.514015289156147048e+01
-4.037236993071587676e+00
-3.062088208707791637e+01
3.955278657313510848e+01
-4.362381135015269251e+00
-2.154306008290620866e+01
1.129240396837295179e+01
-2.063746985950558610e+00
1.314856741685633779e+01
-5.432726785749935061e-01
2.719687882502327625e+00
1.910720148982764499e+01
-5.505699234806280629e+01
3.067641843267452373e+01
8.178741353795857094e+00
-6.299930655113371358e+00
-1.759387059282745014e+01
6.951804084944313900e+00
-1.101220186134821688e+01
2.511563621629522913e+01
2.003263079308618444e+01
-1.290950333085044122e+01
-1.650511822243134930e+01
-1.745927995849831404e+01
-2.094434059532506609e+01
1.064968807546192409e+01
-2.729868456011251965e+01
8.356409329337452618e+00
3.485234915037935366e+01
4.021405061701108252e+01
1.871110546428199939e+01
8.355254733525612210e+00
1.747318873871819278e+01
5.128589618281750973e+01
8.675689123054382890e+00
-3.007783257442368097e+01
-6.071145900806413920e+00
-1.420322317823229241e+01
3.353456725734926636e+01
-3.967387919420872322e+01
-3.460722704971317398e+01
-1.763715470519238693e+01
-9.855780350067732343e+00
-2.255736129554395575e+01
1.581769923923239674e+01
5.259630240996330031e+00
7.885645356972759146e+00
-2.183802848297799670e+01
-1.911869014626734042e+01
-3.298038784134357826e+01
1.817921359537763237e+01
-1.891617945753201013e+01
1.708305150512714476e+01
-5.443685247520262394e+00
-1.502024789393817628e+01
-2.888866341075210897e+01
-8.596195993228008092e+00
-6.188518686917518608e+00
-6.924451369612938834e+00
2.253358895716781518e+01
4.224807254522403355e+01
-2.480995288657665654e+01
-4.329699171687656190e+01
-1.085784384635609001e+01
5.994921904431583926e+01
-3.271427588554966093e+01
1.807557248567047736e+01
-6.566152731546992527e+00
-3.362379779488161091e+01
1.389359302962402865e+01
1.967819760520737304e+01
-9.763425797914507598e+00
1.850481515500842988e+01
-1.355791801270015640e+01
-3.153409330022157064e+01
5.297569225901150958e+01
2.526528106497789850e+01
1.427418049362489683e+01
7.932974588966033025e+00
1.507875085244425861e+01
4.556530884820756455e+01
-1.485916733075918827e+01
3.363170611138798449e+00
-7.634279482098111203e+01
8.866179949768365987e+00
-3.740302082396468109e+01
7.829005871096626379e+00
1.230605755945765623e+01
-2.014828867051591033e+01
-2.858224489169748495e+01
1.247689213916601148e+00
-1.702207389853055020e+01
2.157278761162297087e+01
-2.802775345975457100e+01
-3.125533297203560323e+00
-2.030758077222535007e+01
-1.969259367983511311e+00
1.121071956798203928e+00
1.257982724748683268e+01
4.478574614951185140e-01
-2.897191007093283588e+00
3.593263985185492970e+01
5.088347615915543543e+01
2.749113472159773153e+01
3.970005398360028437e+01
-6.520461421502545818e+00
5.620975770295018492e+00
2.966732209410429277e+01
-5.046963133575133043e-01
-4.248796582363618768e+01
-2.278617740585100293e+01
-2.832343083946044260e+01
-1.548624492139969533e+01
1.601627630259795865e+01
-6.642667693975550947e+01
-9.363161505428223563e+00
2.478850314398572152e+01
-2.095133796325097819e+01
-1.747538259740065314e+01
3.333935110845033023e+01
2.489372225982307896e+01
-1.850148493197085031e+01
1.556965318197217130e+01
-1.421382792427793618e+01
1.911466272996496230e+01
1.868868452264706548e+00
7.391251138253451813e+00
-4.769103626222562298e+01
-2.645398747882729396e+01
-4.831430045918637006e+00
-9.250134903397748687e-01
-2.283256813053651513e+01
6.086221141359453668e+01
-9.754587596323176513e+00
-1.804893308325056012e+01
1.993405536779374643e+01
-2.570027177605873447e+01
-2.049310296992729263e+01
1.828601973148710158e+01
7.175752079657911509e+00
8.557165773821679977e+00
8.810120376411134657e+00
-6.199581968433165002e+00
8.902767594962028852e+00
3.261167622527261756e+01
-1.482095625303352904e+01
1.074607233029598774e+01
5.090210507370336046e+01
1.831717603408786488e+01
-4.211060490808449686e+00
-1.147118064966080908e+01
8.711247610945648034e+01
-1.196561251923606051e+01
2.098854291689357865e+01
1.449989922053467239e+01
1.647877268130262962e+01
4.950198718409075127e+01
2.683459295089267016e+01
-1.515371335150000220e+00
1.358215115694190445e+01
2.751319190917917012e+01
2.015878893356727986e+01
-3.256838082801834844e+01
5.274485789199707142e+01
-4.694405039446603212e+01
-6.895004229694492892e+00
3.081953085005936543e+01
8.384840296546489213e+00
4.225138979163148178e+00
1.584174753226143650e+01
1.251770044447653163e+01
1.924927028970185461e+01
-3.502817398131531945e+01
2.232284954160832058e+00
-1.487037039821154849e+01
-3.752080281004637641e+00
-2.493961333265815483e+00
-6.026466433363175668e+00
-3.220090042761086124e+00
4.684862976967727377e+01
-4.718018945166136291e+00
-1.454752331812490240e+01
-1.426386048336528489e+00
7.289493727787288435e+00
-3.337440850011520865e+01
-2.863487242019704127e+01
-2.028144294521682411e+01
-3.461397382343668028e+01
-8.981902725030391110e+00
-2.336491849429110346e+01
1.018346813627364611e+01
7.176982817865606989e-01
-6.989197078013688724e+00
-4.617787992916177586e+00
3.211626452891351846e+00
-8.195588178004513225e+00
3.807997623998785741e+01
-4.837063335579568957e+01
-8.478752191031034613e+00
-7.555163336312389788e+00
8.905030088125215570e+00
1.262428273424276881e+01
-2.630688209419099621e+01
-8.515651041866703963e+00
2.401948182554737343e+01
-1.123830717258794820e+01
8.894624183211249147e+00
1.904570119136317885e+01
-1.640479543486435432e+00
6.234279788855053539e+01
-7.820411450870267345e+00
-1.769962953854633270e+01
1.779821115903473583e+00
-1.374356639370506628e+01
3.052004065889119033e+01
-2.368934853093099235e+01
6.796936254270804056e+00
3.167857945785897300e+01
-7.054500528603938392e+00
6.608130176349311569e+01
7.151478184123811843e+01
-3.708124239622884488e+01
3.293621196104632531e+01
1.215371198042174683e+01
-3.109325286816729772e+01
9.279769713691699451e+00
2.346499521767384522e+01
2.398980200053838985e+01
1.284988970325954938e+00
9.490533453067939718e+00
4.154327871610126977e+01
-1.312327284948415240e+01
7.960195694018512569e+00
4.003854256193301353e+01
-2.062774330352030461e+01
-1.112283597735442697e+01
3.125440291781217184e+01
1.603150664094918909e+01
4.224902195932003224e+01
1.682320705860215071e+01
6.067014319209675932e+00
1.486967265637036917e+01
2.259034199344634430e+01
-2.989185403075438785e+01
3.822031472976817668e+00
1.380902448147591599e+01
6.496626026017850108e+00
1.320892126529568600e+01
-3.415303545681412345e+01
1.786485284427789111e+01
-2.384546346643747938e+01
-1.858066003161594182e+01
1.192016233626165445e+01
-6.491410642949333010e+00
3.230641602030419790e+01
-9.315729020017272433e+00
1.678503400059821615e+01
1.807244279585063396e+01
4.335198107202958084e+01
3.040575726275936574e+01
2.719614424583554779e+01
-1.834296941327920649e+00
-4.692212080806456242e+00
-1.781002301491804474e+01
4.454670515139775944e+01
4.431363833642456029e+01
2.177953479177041629e+01
-1.403150261458442571e+01
2.775272886649725024e+01
-2.845809656402650489e+00
9.934250508582010752e+00
3.684650433598585550e+01
-6.622791201998410315e-01
-4.425530153886057860e+00
-1.126056243475545671e+01
-3.263106341686213341e+01
5.329911556449104637e+01
2.821973828748758706e+01
-3.333559062600668454e+01
-9.198632055976602828e+00
1.465939243847781270e+01
-5.546721438568724238e+00
3.539298512632052507e+01
7.021687901452253300e+00
4.460012388790772775e+01
1.934066359696866044e+01
-1.268815331110215539e+01
1.118664529139546460e+01
-3.489442980592855292e+00
-1.531745856602128697e+01
8.781541262656787694e+00
8.390733641003009780e+00
5.238803111428052262e+01
4.401296574687603425e+01
3.097106101845976411e+01
3.723981374309403236e+01
4.839970266878907523e+00
-1.448639154691392150e+01
8.004960914980728148e+00
-1.864194565813124171e+01
-2.996705921165021635e+01
-3.107298596184733697e+01
-1.742029724443341365e+01
-6.074610107023858063e+01
-1.950840009698045208e+01
-4.839945990877427562e+01
1.311300981866395077e+01
-2.586179559881732359e+01
2.602073511546254281e+01
-5.530737668081679459e+01
-1.668344931044723012e+01
2.393480742721831689e+01
1.171637514370598865e+01
-4.964539177958643279e+01
3.162220581120010365e+01
-1.446178773091432390e+01
3.006207171338420636e+01
-1.295053175351009145e+01
-4.380342028970653701e+01
7.998020730997367878e+00
-3.636824729567950953e+01
-4.148246396466902297e+00
-1.666114948712468902e+00
2.282703438527545359e+01
7.046457095783000568e+01
-2.412410323942808077e+01
-1.955610107715983759e+01
-2.351521269720990404e+00
-6.344234667186896104e+00
-4.514875392847494595e+01
-3.114219274468496224e+01
2.674620488535859408e+01
-1.187329406924828845e+01
1.134650557656050296e+01
-2.743711117785073839e+01
-9.184147550094536427e+00
-2.318386826003722945e+01
2.884045132567433711e+01
5.333679416628399395e+00
-1.248740283065279755e+01
-9.505275856705594606e+00
6.634660173679463924e+00
-4.537063114651402884e+00
2.405937470951761270e+01
-1.439699635642153908e+01
5.580451005206953141e+00
1.983621109371388513e+01
7.662062608970302335e+00
-1.189147650391646494e+01
8.599494337331418592e+01
3.287244138473447208e+01
2.401710434515599957e+00
5.712989235848567660e+00
-3.499671160621778654e+01
1.880097310747598272e+01
-4.275112043125119499e+01
-1.628412924608736034e+01
-3.079318395882822301e+01
-1.107670533630479781e+01
3.179613982507305536e+01
-3.169927588636414839e+01
1.338780240103520214e+01
-2.159104317336357326e+00
1.163851652837479378e+00
-2.003465888353244395e+01
-2.481117952800715898e+01
-3.150955406506454892e+00
-1.997247743652027907e+01
-1.107336283095759200e+01
-2.310427635577934780e+01
-5.176299483974950988e+00
-1.941217024563489701e+01
-2.806555799598908152e+01
1.165222432630152127e+01
-8.014283403803318606e+00
1.369527717090150531e+01
4.749917069587979768e+00
-4.259152622440539915e+01
-2.934993365437110668e+01
-2.556100095560560703e+01
1.810413238685111992e+01
-1.394239147822062819e+00
-3.465421855629205083e+01
3.295522135113262863e+01
-2.191082333597671550e+01
3.197888988612926653e+01
-1.769855830810335817e+01
-2.700697810044212588e+01
1.325260997500674875e+01
-3.801769911846189132e+01
-1.924291394788346565e+01
3.464497153574686195e+01
1.056394777979318178e+01
-2.457263159269746211e+01
3.034531884973264226e+01
-1.013540090630596069e+01
-2.126210246533111103e+01
-1.699405712563014959e+01
-2.803932989573388568e+01
1.550639262628048698e+01
-5.031703521231523268e+01
-4.430165136988907193e+01
-5.689847859711733236e+00
-1.686066792548683679e+01
-3.307447109514991723e+01
4.113714502373778714e+01
7.510725455363048297e+01
-1.537185109696102359e+01
-2.037031698783437150e+00
-3.389568070518389220e+01
3.671988849807428323e+01
1.139786334107958510e+01
-1.337031280957631907e+01
-2.040803811246610167e+01
8.262598025025923221e+00
-3.248444658281837860e+01
-9.874858065607497792e+00
-4.864712475007175385e+01
2.037670391002632186e+01
6.172441978280232888e+00
-9.854169713645433148e-01
-5.822589255104162476e+00
-2.239296954876317614e+01
-6.159769497642145097e+00
7.345102684935051229e+01
-1.028110340902367170e+01
-2.690765327741857504e+01
-3.912712925257669383e+01
7.806879601126865964e+00
-2.101293186900871746e+01
6.081121947746041201e+00
1.697837582028746084e+01
4.284987633371414972e+00
1.752867106525363283e+01
8.462105633257493764e+00
3.281653653071680310e+01
1.475512460141445104e+01
-1.961493861046925247e+01
2.689577924929542974e+01
1.955103542227632829e+01
6.917719792644575705e+00
2.372871798638934138e+01
-1.592213654178605253e+01
4.130044502338833468e+01
1.320382983606845428e+01
-1.776255647531311865e+01
-3.282097021996913000e+00
-1.011881376284259204e+01
1.145588889427716595e+01
-1.305551483366574672e+01
-4.435514136261573981e+00
-7.152815072386204065e+00
4.537855025400278919e+01
3.093906724579528600e+01
-3.634521283347204701e+01
-4.539376982370555424e+00
-2.955316670680312541e+01
-8.134678247564551157e+00
-1.320822856085893449e+01
4.801938148394583550e+00
-5.678672112988643050e-01
-1.608791926617374202e+01
9.514101024666402395e+00
-4.605117294578782605e+00
-5.224774984749345208e+00
4.828982802167828936e+01
8.094068189550732484e+00
-4.627275965745460695e+01
-2.224805499950753074e+01
5.369953190637022544e+01
1.525705585507029127e+01
-5.331619643308670220e+00
5.984064668011724564e+01
-9.024536939762555221e+00
-5.131815992295173601e+00
-4.543512657380915698e+00
8.649028463453475979e+00
1.747779424017693373e+01
2.449482740712696227e+00
1.622281182086226181e+01
-7.175407788244612561e+00
-1.971582874862191659e+01
-2.334070610407615476e+01
-2.683774772638008699e+01
2.308611272758594168e+01
7.258779682086057505e+00
2.135087316347197373e+01
7.803703754299817774e+00
4.999979194850578779e+01
1.046195071283496247e+01
-4.517980376673017417e+01
-1.919914012049463992e+01
3.421634324420836037e+00
-1.629771127262385733e+01
3.538079670221534911e+01
-7.758679742498657106e+00
9.409823435310883610e+00
2.953712151944409925e+01
-4.182964751165218331e+01
8.375490545608386128e+01
1.161601839054354457e+01
1.337585493440593609e+01
2.025950398945602160e+01
4.142618432579467935e+00
-2.490091505863745169e-01
1.960801581793344894e+01
-2.073096013288966333e+01
4.649280195793198800e+01
4.110849643362016081e+01
-2.332693226781654516e+01
8.970757225832699078e+00
3.917516635964932448e+01
-1.152616225236478442e+01
9.806388944333036761e+00
2.109445894309003222e+01
2.270715797708811579e+01
-4.274270516875873227e+01
-5.751573023952801123e+00
-1.714337824883052264e+01
-1.705331519785346472e+00
-4.425232725551808244e+00
9.870052691328510264e-01
-6.991817289903963228e+00
-1.777355731075192580e+01
7.395451274274137177e+00
3.854964221256864221e+00
2.969910127522516419e+01
-2.451639286704669018e+01
2.443348254144029852e+01
2.644180370944629033e+01
-6.956459047992240130e+00
4.559187735226642246e+01
-3.812005815071384518e+01
-5.773068542549106752e+01
-4.850538290061694013e+00
-4.437836507208601233e+00
-6.737386696204907821e-01
4.476903950376966179e+01
-2.715269545218802705e+00
2.397755777080257644e+01
3.006706919395786315e+01
2.093634803000128386e+01
-6.441447644095660507e+00
3.336657252299954735e+01
-8.906818212899707987e+00
-1.983400480322569592e+01
-2.288015607662103434e+01
6.043405383857233915e+00
1.975580759522665630e+01
-7.608017855447002376e-01
1.947984390991257442e+01
2.812476296429906597e-01
3.391593200907070127e+01
9.673850766128239798e+00
5.062053821956517652e+00
-2.103947363682493688e+00
1.800856341955908846e+01
2.103463133559479559e+01
9.621887949377480709e+00
-1.003667658289316478e+00
-3.077082287952038087e+01
1.629416455330664348e+01
1.064694803204127993e+01
1.984725052181417482e+01
1.575777612100259262e+01
2.023896409696493492e+01
-4.848586306092428799e+00
1.742944331774469902e+01
-1.505099929023344885e+01
-3.803133367019881916e-01
-3.030442645000991320e+01
-1.721206893673115701e+01
2.248996811150957598e+01
-5.037712798410785808e+01
1.482444905689169445e+01
8.861895845501976510e+00
4.645215816713499635e+01
-1.057393575504090677e+01
1.863078052882471525e+01
-5.600921961120434389e+00
-2.709840221571097629e+01
-3.799857435721713728e+01
-6.553517474792897701e+00
-4.943058723275488830e+01
6.568173270440695433e+00
-1.110554033472120139e+01
1.726642634058367776e+01
1.319519809047744729e+01
-1.595440104351081345e+01
-1.633649746741014042e+01
2.288979840925343368e+01
-3.437764027128038435e+01
-6.832246134580572061e+00
-1.057228939327080752e+01
1.527258516052888737e+01
5.278139478241428151e-01
1.526313484734899362e+00
-1.053737344615581151e+01
3.063539849694606687e+01
-3.100229955277433191e+01
3.795028070981402379e+00
3.364710077553738188e+01
-2.055017795729365560e+01
1.730358320129070648e+00
-1.583767381223424309e-01
-3.637305902187401330e+01
-2.236052560829517688e+01
-2.768584815294161672e+00
1.578875654031791953e+01
1.847448025651110015e+01
3.412697588194703258e+00
-5.400969787105964315e+00
9.943911177633651732e+00
-2.375625891919466426e+01
-1.097252038570104560e+00
-2.899080620223261917e+01
-1.561980632623982501e+01
2.716922913098002823e+01
-1.595526557056203387e+01
3.792244239420460872e+01
-1.342562808062663748e+01
1.829502468974520468e+01
1.411424543659720143e+01
-3.541976650812648586e+01
-1.403488001855933476e+01
4.914717332503428793e+00
-2.335960585669872103e+01
-2.105075244960869441e+01
-4.884664055509642822e+01
-3.020230281037666487e+01
-2.852569834273248262e+01
-2.454560513557566992e+01
4.516039662504596208e-01
1.019466921822325389e+01
3.828462319306055406e+00
1.361933354232286320e+01
-3.172710655470569918e+01
8.507713092592496196e+00
1.507500166570002875e+01
-3.762463001678225538e+01
-3.474148838009153906e+01
-2.358858013279035504e+01
-1.519474600128872055e+01
9.068260605265095364e+00
-7.374017200353364387e-01
-2.351684313038749252e+01
1.673087626334447009e+01
-1.333242232744578359e+01
2.806200728425633883e+01
-4.971306232045230900e+01
3.535856042115860021e+01
-5.060684762918441493e+00
-2.238228124467094204e+01
-1.399157582222056107e+01
1.049416894467334771e+00
2.498953828750570594e+01
-4.115150942442141968e+01
-6.612021131451768952e+00
-1.129202298908908375e+01
2.497297911765252820e+01
4.666754491575117925e+01
-5.549905808350683856e+01
5.191063104222831726e+01
2.319947533133951367e+01
-4.167362609085527936e+01
-1.783289973934667216e+01
4.422331233885235235e+01
3.317585255657922971e+01
-1.160345285854685926e+01
-3.267349180917364038e+00
7.989281414487457766e+00
4.166129476056109127e+01
-3.167640537267328682e+01
7.076468962676003116e+00
-4.658098954774331446e+00
1.523120161102548309e+01
-4.051032737157406416e+01
-1.857031219529645227e+00
-1.696037025761142303e+01
2.665772755738015576e+01
2.348915071047464664e+01
-4.874615084016193123e+01
-2.666076180420624553e+01
-1.205125775323108428e+01
-2.376249809821558046e+01
-6.507528905738880098e+00
-1.132747799573887448e+01
2.509752406929868584e+01
2.344117564100747586e+01
-1.175772784492778555e+00
-2.562543745710227938e+01
-4.749678841398360873e+01
2.656175347238610129e+01
-2.740143469045398206e+01
-2.030250980026980301e+01
3.312716629001535296e+00
-2.005477988522201827e+01
-2.182450903288869881e+01
-1.597338950498379262e+01
-2.671021444998842753e+01
-1.446532900562000279e+01
-2.896941264485538170e+01
3.120105242368473597e+01
3.424102842371028999e+01
-3.702469512902041515e+00
-1.223730159250567340e+01
-2.321083530254099969e-01
2.534675052219051850e+01
-4.793989660211990156e+01
-1.107682913123929325e+01
2.747666773392484174e+01
3.957990234692266540e+01
-9.344311230045008188e+00
5.499815827619841002e+00
3.060675932267369603e+01
9.254085041092309893e+00
-5.704032479092404628e-01
-2.481137883999872429e+01
1.125772664883504603e+01
-1.933908006005148650e+01
-5.821756211842512130e+00
-1.086059834701586624e+01
-9.178233234352575209e+00
1.267780304734927199e+01
4.414344106243736832e+01
-1.339652711559068621e+00
1.917805433633546386e+00
-5.079877312245496057e+01
-1.053768248748986025e+01
-2.007318879486149399e+01
-1.159567413242257317e-01
-2.623127534845866649e+01
4.762704708906571227e+01
4.530610716121191217e+01
7.833783683748130500e+00
-1.102535366308308085e+01
9.303423050963573360e+00
1.150732419037507270e+01
-2.663468166424170391e+01
-4.721205780821037479e+00
1.057058859328401468e+01
7.429617014999166713e+00
3.075018177849490542e+01
2.256125306463044922e+01
-1.180100248916471628e+01
1.450278490492426897e+01
-5.532984128856398343e+01
-6.654016331593624045e-01
4.870768529664738367e+01
6.675208956366077473e+00
-1.164920408166040033e+00
1.704628581254874575e+01
-1.600698780384072251e+01
5.018411901334499703e+01
-9.286007762358281070e+00
4.491435227513983364e+01
2.187953163537510193e+01
-2.261873684628676529e+01
1.807250245956997503e+01
-1.709653750806035077e+01
-4.037058891996150578e+01
-3.603383818241667313e+00
-3.110125568230723303e+01
-2.935623858266495745e+01
-2.760123240327246208e+00
2.017455413646365514e+01
-5.447729070660898287e+00
-1.748993717015576976e+01
5.007515150257319192e+00
-3.867989955030833471e+01
-3.924624221329562346e+00
-4.639180901176109728e+01
2.726924251346501649e+01
-6.577066320560049917e-01
-2.789374368166281215e+01
-9.245390328404653246e+00
1.035275878854582743e+01
-1.977600299165581532e+01
-2.551098012739065268e+01
5.270760660345212045e+01
-1.353774564913200606e+01
-2.250036885159670419e+01
1.528888841488122807e+01
-9.886111897858491204e+00
3.060125055649768200e+01
-2.536055676479747945e+00
3.905911482852133076e+00
6.046308529614549343e+01
-6.951584218130392401e+00
-2.050096906900296290e+01
-2.404776504376570756e+01
-2.846926539126860689e+01
-1.915695731939700863e+01
1.515782657585532434e+01
1.518816125095759162e+01
1.246809848601957782e+01
4.115090256412190683e+01
1.870396631021066014e+00
1.170093760578392050e+01
-3.555910947965479352e+01
1.498885775381637586e+00
-1.040726833235467552e+01
-1.493884200643333315e+01
-1.934460988049352181e+00
1.885294874634479356e+01
2.139465396257656948e+01
-3.782016727783030774e-01
6.854517850513161648e+00
1.544077360671068355e+01
1.953861500870640100e+01
-1.372366020858325442e+01
-7.081229560297003900e+00
3.856971022208171007e-01
-1.294245564139686167e+01
-2.810613871865513147e+00
-2.008426209274892926e+01
4.446949338529793749e+01
3.603959906861649642e+01
-9.153830973476885902e+00
8.963544546903449373e+00
-2.599069587043690177e+00
-1.678957001791124526e+01
1.997993512034431518e+01
-5.358806693145027111e+00
2.240529121154258974e+01
-2.934562711580183958e+01
1.008920598547518921e+01
-5.579060444941944752e+00
-3.022268842249820864e+01
-1.371556540491201304e+01
1.500211973724870518e+01
-5.119205137207518419e+01
2.410680548794744027e+01
2.615000524146523730e+01
-5.592792209219252797e+00
-3.375449893698757364e+00
-1.803044998808957189e+00
1.400810682112489758e+01
-1.835585445634905000e+01
2.024072226455316681e+01
1.709136154007788377e+01
-5.515344695657091734e+01
-1.987585743112765613e+01
1.333577798790938829e+01
-4.765648781805822409e+00
2.435528895949737205e+01
-3.573870801378120632e+01
-3.042516558815975714e+00
-2.350008242016626525e+01
-7.215855739893039811e+01
4.316379434336109000e+01
-3.273209672520755475e+01
-3.434768957589039928e+01
4.998894087554845100e+00
7.274281375260973448e+01
6.729551446326382802e-01
-1.576451827784643456e+01
-1.754779446560746692e+00
-3.066303436838367702e+00
-4.807710962080331285e+01
-3.434054083188051010e+01
4.598100103656676652e+01
-5.756066087251667795e+00
-2.116347039274833719e+01
2.769891041089988448e+01
-2.012108666894223319e+01
2.068534585500231060e+01
2.989137326389932525e+01
-3.203479968104804243e+01
-1.572924750138923855e+01
-1.949030268315365788e+01
-1.006116372640036616e+01
-9.875064753304762633e+00
-5.850586174162287989e+00
8.051869705761646401e+00
-1.916397702534013092e+01
1.592284951754071187e+01
3.250643944591780610e+01
-5.065901280183442879e+00
-1.143963398170637902e+01
8.190019726967847191e+00
3.143355143590903822e+01
2.928041966730299350e+01
5.489777397375007695e+00
-3.117620056418957120e+00
-4.878514248778074602e+00
-2.848918786070768050e+01
2.158799715326097157e+01
-1.252062253897618405e+01
1.116312198911259657e+01
-7.866217140470553204e+00
1.516513977504018840e+01
1.025618845683843006e+01
-4.516237956070224868e+01
-1.495676189556695590e+01
-4.410503816528506604e+01
-2.001739765416090222e+01
2.957347535507217628e+00
-9.661503425080468332e+00
1.833655295464576795e+01
-1.684706602005115883e+01
2.082377475894702457e+00
6.012568860833596318e+00
3.970306713983887903e+01
2.012272086656440706e+01
-1.694758827867843465e+01
-6.923834033253086773e-01
6.806988323953419240e+00
2.152753488397847903e+01
1.820259459544502079e-01
3.063286787518836718e+01
1.261621339929293484e+01
5.080865097053623458e+01
1.074820421988178509e+00
3.673981131441753689e+01
-1.516735454207190514e+01
-2.114955772039208881e+01
2.467460243558150523e+00
5.225938392746968475e+00
1.502494334303807477e+01
-7.951971660399124175e+00
-7.664091166685047085e+00
1.455201364396616626e+01
-2.716970270110684282e+01
-3.093792030952954519e+01
4.444564661218004176e+01
-3.358159248291372023e+00
-2.191241977182459522e+01
-2.257502908330366154e+00
-7.563545754164749724e+00
2.384505668002168477e+01
1.857016892149982823e+01
-1.133801449560411356e+01
4.821966340035857002e-01
-1.482621922763863154e+01
-1.978076717615806501e+01
-1.497956900623239562e+01
-5.421002860031919113e+01
4.345231796901316557e-02
-3.609900008996824283e+01
-3.124293374554064684e+01
-2.090391424227192374e+01
1.075612519915114262e+01
-2.046259926290414910e+01
1.295461975170199764e+01
-3.435100706847201479e+01
5.837344310912442324e-01
-2.322216798469472465e+01
4.821281143086238785e+00
6.291810153345274159e+00
1.871132212071631784e+01
-1.177581665331007343e+01
-8.936147696655893924e+00
1.657642141423015758e+01
3.322659134027396988e+01
1.841080296741674260e+01
4.680387597345429640e+00
-4.023670945981592695e+01
-9.540076931298742124e+00
-1.772303027269117592e+01
-3.387941380999905050e+01
2.269059428092037933e+01
-2.035410919780844097e+01
-1.857858387462044902e+00
-1.571226934175746237e+01
-5.591103276278488465e+01
2.899600510426547828e+01
-9.859396342560899029e+00
2.272512631129859528e+01
-4.003681587437684186e+01
3.779119340481935296e+01
2.069370284876157484e+00
-1.612804099773013533e+01
4.851830362267776309e+00
-1.168885847335729977e+01
-3.674054858040452132e+01
8.106221797505909876e+00
1.998732694491768314e+01
9.748429040380983679e-01
-2.030751185588042063e+01
-9.174188414228467536e+00
9.835176997559045731e+00
1.791707584689220312e+01
3.533045983197273188e+01
1.328479222980519125e+01
-1.302370952208679000e+01
5.353121611893568854e+01
1.344444716312112575e+01
2.381540740043137561e+01
-1.025259884581470260e+01
1.567306020345466777e+01
1.100190661538198356e+01
-3.476513802388134877e+01
-1.157422236935811100e+01
-2.293010657117623197e+01
-2.070817417220777656e+01
-6.779047861429091881e+00
-7.761375840059997699e+00
-2.366400948732859888e+01
-6.212773776613434507e+01
-1.619143405973796490e+01
6.999129971133356776e+00
5.088024351610727081e+00
7.796105419550158899e+00
2.600195158533085760e+01
7.843541465080527075e+00
1.821967711727774031e+01
-2.332312431819069332e+01
2.563376895792094956e+01
-2.546730661792233263e+01
-4.033652191320447855e+01
1.229164455686282054e+01
-2.420904136649357952e+01
-2.200882063961755364e+01
-8.890274181800651832e+01
-6.478079304442047714e+00
4.574419575584295217e+01
2.377548248467095249e+01
-5.758573569215343468e+00
-7.716536176040733608e+00
2.119214369670521592e+01
3.728391060464934981e+01
-2.333399670411293414e+01
-6.029909560993701234e+00
-1.908708795330289831e+01
-1.970016053424973279e+01
-1.722562506791895487e+01
7.080755886277721345e+00
3.967825465080392178e+01
-3.654560566393342924e+01
-3.143511103277290886e+01
1.846401525473851279e+00
-5.983588675320220318e+00
-7.468955315238702042e+00
-5.059048113812059455e+01
3.527139741528826278e+01
1.344547318921206625e+01
5.275399009563699337e+00
2.716454557205067033e+01
-1.839800714032764972e+01
1.735789933547144059e+01
1.558670374727270769e+01
2.010684815293330985e+00
-3.403177687540765106e+00
4.954335652701264081e+00
-8.852498616988167868e+00
2.846356429551273948e+01
-2.246789501711810999e+01
2.417282017774755332e+01
5.391781192352681273e+00
8.095908998853047933e+00
1.276753681158794507e+01
-4.876445235915329590e+01
4.741610134559209655e+00
-3.756174322616280392e+01
-2.746649163452918785e+01
-2.746113755520664768e+01
-2.800517420756972342e+01
2.981524931963122071e-01
9.404924332211635374e+00
2.794140352541485584e+01
4.849457818295864087e+00
8.061699261467573763e+00
-3.938304202557918643e+01
-1.430262635020628181e+01
1.907442882978627097e+01
-1.135958098025078300e+00
-3.610496387099715321e-02
-4.964793370854749810e+00
1.965603511752351551e+01
-5.118697315409460202e+01
6.318907374877564820e+00
1.138153363263995743e+01
2.423960060222194457e+01
2.072996058177449896e+01
-3.173651710534890924e+01
6.316050751525864371e+00
3.269150083059869871e+00
2.635182400108845968e+00
3.339753580030190960e+00
-1.056095953733239412e+01
-1.979324185835464789e+01
1.059823343663335038e+01
3.373608592779527271e+01
-2.797248698422208690e+00
6.473093788316134578e+00
9.522837437313910414e+00
-1.439291969723024067e+01
-1.525349360759889805e+01
-6.690809758744164526e+01
-2.067099036067257600e+01
-3.060105169469414932e+01
-3.745993147974843396e+00
-3.783235432245351149e+01
4.209543940745547275e+01
-1.755810066507842748e+01
-3.007630097952235815e+01
-8.674325921865329292e+01
3.723865046113616017e+01
7.480003295344175740e+00
3.438921100752466486e+00
-3.512662908639265424e+01
4.932517303738336523e+00
-1.117000204612877212e+01
-1.836566978266132821e+01
6.560703927287296011e+00
1.891658011544046758e+01
4.087274349696627951e+00
-1.189706222107076883e+01
-1.259262969670089660e-01
1.535264347247590422e+00
8.820046819537139982e+00
-3.559756870190173572e+01
4.044699089778497125e+01
-2.402843367875205161e+01
-1.676250418454198154e+01
-2.742386382263134692e+01
-5.828380633364237440e+01
5.028682965322040843e+00
-2.937183293650858218e+01
-1.067174940932095240e+01
1.828649167391932906e+01
-1.448666389676282051e+01
-1.951535757381861913e+00
-6.582397209525879589e+00
-1.125233074893998264e+01
1.782861121634937263e+00
3.038815733854362122e+01
-2.817078945237516052e+01
5.573013179442796172e+01
-1.268507393649093729e+01
1.872872365254019655e+01
-7.697884817786096789e+00
6.379624439899579613e+00
-6.114835867739913056e+00
2.458425500742117720e+01
3.433670598084935932e+01
1.072415866805996387e+01
2.577558977201370283e+01
-1.993179784192005854e+01
-3.713551101800394605e+00
-1.248703989731711772e+01
3.844701037556714596e+01
3.226946687126837787e+01
2.438733833530841366e+01
-8.570258232869832682e+00
-1.557744152324022480e+01
1.394551949346712405e+01
-1.575505535289359216e+01
-6.974233083863907723e+00
-3.231699761394743575e+00
-1.653059929437573317e+01
2.781992001321144414e+01
-4.626690446955315394e+00
2.125321108720990537e+01
1.096639184197603534e+01
9.668016267221389626e+00
-1.852980927628001240e+01
1.483874665436937335e+01
-1.024915589958058604e+01
-6.589935034145639747e+00
-1.741938962850923645e+00
-2.694240552218917628e+01
4.177924096877330840e+01
-1.490140137424267941e+01
-1.796758719486120981e+00
1.245597440880924722e+01
1.077251636412304947e+01
4.151542291018451891e+01
-9.611659416328649286e+00
4.219056961608755785e+01
3.783669980598052973e+01
-5.243603330709464672e+01
2.854523207967631038e+00
-1.040980747714465338e+01
8.776074646778596389e+00
3.339828684555897098e+00
1.112313201688567688e+01
3.489470194999559993e+01
5.467102685280925556e+01
-4.204563651448350470e+01
4.235363885044819199e+01
-5.480452740938498835e+01
-4.548476593285484171e+01
-8.074542709526312478e+00
2.692352132672226617e-02
4.076744754133363813e+01
2.004067818318236505e+01
-6.769065934589860944e+00
-4.991610440962111284e+01
3.950161804980399438e+01
-2.336606153669168862e+01
9.770342818833910314e-01
-3.998199178950045507e+00
7.047411777925930210e+01
-1.417186893690606553e+01
-5.976622879637807273e+01
1.751402911809350371e+01
-9.105659889096104109e+01
6.441042471997363350e+00
-2.042535126776216714e+01
-1.030919766201035870e+01
-1.518927492273732582e+01
-3.273945330370020201e+01
2.143165212525715901e+01
-2.128159581135898293e+01
-6.563686994434533517e+00
-4.414865048922629853e+01
-2.444544590361459768e+00
-2.926022546742685648e+01
-4.179725263965724480e+01
-6.358402038842439197e+01
5.138209763018522835e+00
-1.993860074181259279e+01
3.509515030898910481e+00
-7.904215080416861383e+00
-4.549376381187488505e+01
-3.638096303717912861e+01
-3.053307275985196156e+01
-3.174954192561534683e+01
2.983337724855815054e+01
2.856926480027951243e+00
-2.790119468395253932e+01
-1.217452702814421173e+01
-1.375924115042492701e+01
2.253356963857233808e+01
-1.738585142291402974e+01
-4.290873359457101799e+00
-1.572753802005709645e+01
-2.001251839895176943e+01
-2.265542270248384682e+01
2.068929510881267220e+01
-8.716029495659341819e+00
-5.184773842307214409e+01
4.316010923538183874e+01
2.466500383005769237e+01
1.492938310887097941e+00
-4.374704332758130931e+01
-4.191809060899561246e+01
3.833166631818073711e+00
3.982982096937632832e-01
-1.769854193691719502e+01
-2.562133480321806189e+01
1.757347824110911461e+01
-3.094279176064929970e+00
1.473814173162696761e+01
2.746402811161669888e+01
1.779109983063712264e+01
1.787463123981227398e+01
1.338405144724710816e+01
-1.168918861574692869e+01
-8.349435315933547486e+00
-1.217281255405578833e+01
-2.057999575401458969e+01
-2.395947580066854243e+01
-3.567285202375092013e+01
-2.086705178039863995e+01
-5.732565102781663313e+00
-4.307007968389154939e+01
-7.997373936711881015e+00
2.046008702784123656e+01
-4.422916229407172750e+01
1.670985057718026212e+01
1.506376581827257155e+01
-4.032240719869201939e+01
-3.178743951726937667e+01
-9.635877831340906141e+00
9.843513074154628839e+00
-2.209838468713167003e+01
4.055375472602752041e+01
3.599073535578025940e+01
-4.334783071143027655e+01
2.507856587730793763e+01
1.951603460777994314e+01
4.915519908922021841e+00
1.217072217719010041e+01
-2.401123601011326514e+01
-7.325151084377608868e+00
4.641994224461768681e+00
1.079379461012813124e+01
2.373384444618249489e+01
-2.875336080552646578e+01
-3.368534807103060302e+00
8.415611563004631535e+00
3.045469149281984755e+00
-1.669733465215423251e+01
1.225097250536207127e+01
-1.434057285907508117e+01
-1.151687009663550043e+01
6.585401080397446094e-01
-3.416984963254193985e+01
1.661237992355090398e+00
-9.464915142901418221e+00
-7.764374454087914046e+00
4.727238186097025618e+00
-3.049382073247420522e+01
3.331688559613149891e+01
-1.415230747330002714e+01
-7.487219992196048679e+01
-4.793810678300850725e+01
2.078376127136581886e+01
-2.273548435149828606e+01
-1.055397548811714614e+01
-1.472261686488020160e+01
-1.031952917208445797e+01
-5.660783710428975724e+01
-3.552728439869611066e+00
-3.501765469617771487e+01
-1.937211129178905367e+01
1.192209727681998288e+01
4.422396190863605625e+01
1.594603593338675296e+00
-5.690392870743039566e-01
3.346722166088670747e+01
-3.116356919945638992e+01
1.795861351169093467e+01
4.279793302741168759e+00
-2.680207280277556947e+01
-1.433194590851391581e+01
1.250306848716166996e+01
3.758658840792179490e-01
6.844578523319377439e+00
5.815361556396013043e+00
-1.330108625862038707e+01
-1.827414245209433830e+01
-2.813985635458499246e+01
2.769942630437844855e+01
-3.627307967524827603e+01
-2.694525867758397908e+01
6.991850808933264716e+00
-4.888199182762819817e+01
1.266971527739642056e+01
3.605448891157590197e+01
-4.070886585620733911e+00
6.559274799984933679e+00
-1.622216717445650147e+01
-1.238401031095966687e+01
5.843558204523105815e+00
2.137040427552480182e+01
-2.183476511043669177e+01
1.520442739633359963e+01
-5.980600263207747957e+00
1.736435680519917923e+00
1.302353405137165510e+01
8.366867423612688981e+00
-7.240282429875485093e+00
1.157084058552584338e-01
1.075625286721839302e+01
1.609887732945452399e+01
-4.039899461866595232e+01
1.860185719425999196e+00
2.896922762952328156e+01
-5.193377179751576023e+01
1.709450095452955765e+01
-6.560034233297629669e+01
-6.050307247606257377e+00
-8.336335188589316658e+00
-2.951456584882066636e+00
-6.845934544378621922e+00
-1.413747405696744863e+01
-5.352762264974842310e+00
6.723415943744981860e+00
-1.499928119456813747e+01
6.776612599706240303e+00
4.928495805602318569e+01
-3.407660497210784456e+01
-1.484897328444503728e+01
2.241384244030294326e+01
1.351663775795863387e+01
2.459018848838404381e+01
1.186141663919478262e+01
1.184667197971641883e+01
-9.046188512877961330e+00
-2.757258471789248233e+01
-2.541127344256852894e+01
-1.518400229582954353e+01
2.595673994324855016e+00
-2.375423086609367829e+01
-7.857933106527468681e+00
4.087562082012027531e+00
1.336571883424909402e+01
-5.736379707473467704e+00
3.351105344800056685e+01
-3.251358640059396521e+01
-2.205671074842427970e+00
-1.731668907684673187e+00
1.546285137217218164e+01
-2.205964231737597459e+01
-1.397017656024891608e+01
1.053871697473251956e+01
2.524615949168790507e+01
4.194172591324233679e+01
1.792445347672833122e+01
2.349487085038494172e+01
-1.566957767029461479e+01
3.538321161480212140e+01
3.706347540206022018e+01
-1.438086386329132438e+00
1.917624682804671465e+01
2.115255228084177475e+01
-1.319829144535385979e+01
4.775831749066185239e+00
3.406200472144490732e+01
-1.353238941832208297e+01
-5.132364816121025797e+00
-3.378851924788197891e+01
1.333649764655029912e+01
-7.206260142582166850e+00
1.104130323385263068e+01
3.272428514542397693e+00
-2.231194355894557191e+01
2.553989748567599349e+01
2.248028247794687218e+01
-1.509482037019719769e+01
1.069073740397234218e+01
-3.423365142371017100e+01
-2.976580109141700348e+01
1.385422000529382558e+01
-3.816970045347902385e+01
-1.723815881402681072e+01
2.880035217578438278e+00
4.631598419612192430e+01
-1.426769296678037335e+01
-6.864658842784052695e+00
-1.008216412987812305e+01
6.279673122367856308e+01
7.809962746818548851e+00
-2.413577524260109897e+01
3.967329047025197042e+01
3.512513686551086778e+01
1.757100496269501377e+01
4.208270729443637492e+01
4.811982600699754897e+01
-4.173439483537428885e+00
-1.551586181505287243e+01
-1.622402833046641035e+01
1.616718574463665448e+01
2.104584224077504473e+01
-3.845060705887405561e+00
-1.293318450007379283e+01
-3.417693730340855041e+01
-1.411876336687529943e+01
-2.528631121142029770e+01
1.687852691061578980e+01
9.574596647496036894e+00
3.566429807587797995e+01
4.183317665117897377e+00
-1.319612555891455941e+01
-4.743010315202170091e+00
2.207748784535314002e+01
7.004049567450181257e+00
3.048585058222323596e+01
3.118692216295283970e+01
-6.743948298159921251e+00
-6.032149791848773646e+00
-5.619185854227339405e+01
2.831742276059032548e+01
-6.882787724974832599e-01
3.032498059397588008e+01
-1.211876401349726251e+01
-3.489071104298634651e+01
1.179716362568302657e+01
4.072299170744700803e+01
-1.461467791610858313e+01
3.694177711475458636e+01
-4.068154915247015424e+01
-1.288855412252065946e+01
-4.545762356599459508e+01
1.063854392567580476e+01
4.506873895018145504e+00
3.016442994288212276e+00
-3.473851885486641322e+01
5.063808654576439494e+01
3.026105185345176096e+01
4.928577874472182430e+00
-2.882447371558760096e+01
1.210306183182814266e+01
-1.300101474531975043e+01
-6.931171085242624486e+00
-1.339368784036520310e+01
1.023211818625100733e+01
-8.087505336496860764e+00
-1.124587183209823138e+01
1.162606706066839024e+01
1.444347100673643070e+01
-4.778621169308433991e+01
1.109946911238239409e+01
3.765024371019782734e+01
2.242933734264190093e+01
-5.839996020414547573e+00
8.342864772007985152e-01
-1.956278402395741978e+01
3.231653726148090300e+01
8.650710259459572171e+00
-2.334947941984694353e+00
-4.174606084017966623e+00
5.954924760609665668e+01
-1.775903642643584135e+00
1.356408709662252932e+01
4.158253535960395197e+01
5.353322267532194445e+01
3.460409675876400115e+01
2.257112544640753526e+01
-3.698668888481486761e+01
-2.521559364460733832e+01
1.916363960372439124e+01
3.865512653916340469e+00
1.760012405091151777e+01
8.853429150581320073e+00
3.420113269238350995e+01
-4.304343010833504479e+01
-2.711269024181331133e+01
-6.402493943175528557e+00
-4.754155013093519955e+01
1.062870751103326938e+01
2.446488181853155197e+01
3.780771890132427870e+00
-1.232905530645354020e+01
1.288799378668474560e+01
7.673946019997299572e+01
1.712247132663947013e+01
8.745232010234303743e+00
-2.607407880831590319e+01
-3.326309119342801068e+01
-8.136176674241944795e+00
1.833514249202153223e+01
-3.290779559357019934e+00
1.317848523788666881e+01
1.938846247232743281e+01
-3.167765666545713543e+01
1.446081969721137739e+01
2.451844013580051751e+01
3.128443150116942206e+01
-3.670011316052551820e+00
2.605018369377489762e+00
-5.556915574500791877e+00
-2.679411956294799779e+01
-3.848812893453288098e+01
4.403199646852593219e+01
-4.294493715588387772e+00
-3.062198502841910397e+01
3.032761228563217060e+00
-1.435033566893843471e+01
5.029830353640960539e+01
-1.294454673824947122e+01
-1.988009099643727495e+01
1.928833525684746064e+01
-9.093279265663440469e+00
2.466935493863707052e+01
7.318856543794822755e-01
5.384700170886517867e+01
2.924826045668535102e+01
2.232120042974710117e+00
-2.062918576313464314e+01
1.520816501509543173e+01
-2.985753580787100248e+01
-4.842794846669903563e+00
3.395070665460326609e+01
-1.549246758963928983e+01
-2.486818602879699824e+01
-1.343615210205493327e+01
2.772596549221378837e+01
6.992715273664131814e+00
-4.589630961899385397e+01
1.840478750478456504e+01
5.134600759934301095e+00
5.109287624036866760e+00
-2.790098247064793213e+01
1.618272236274435727e+00
1.871017205163136055e+01
2.651056942210112766e+01
3.651479934635194269e+01
1.600387604698238420e+01
2.175434325482783038e+00
-2.996568478326324225e+01
-2.590798150226549978e+01
-3.823542618164260887e+01
-7.281834017447522456e+00
1.757378080889921534e+01
-1.355995754831454292e+00
2.843972396009036174e+01
-1.811020226580080816e+01
9.113755060901439720e+00
-9.649374826276769568e+00
-1.654981087489099423e+01
3.388223916335999775e+01
3.913017864715868654e+00
3.485990362981192447e+01
2.624212503717558320e+00
1.233643657805081872e+01
-9.970908765147925124e+00
3.365618324229554048e+01
-9.210108470378060019e+00
3.522915639408381594e-01
-4.329587751006846474e+01
-5.312948393577983097e+00
3.962535684959107130e+01
3.541921776646898934e+01
1.493634570655770943e+01
-9.205359669544094459e+00
3.102149059532308684e+00
-1.163341007467354871e+01
-7.698134291317785483e+00
5.126130149947664449e+01
2.800724792410733244e+00
-1.453933372329950657e+01
-6.009355944902466007e+01
-2.634112494333199095e+01
-2.130765594498947735e+01
-3.555507557425960385e+01
-3.221758224899875245e+01
-3.838233884280029429e+01
-2.546968816337589914e+01
-1.766359337723923773e+01
-2.744754568473106815e+01
2.603689506091120265e+01
-1.155125223687321068e+01
-4.902584861939442362e+01
2.229475589329544505e+01
-1.690265414293922674e+01
-4.508764913279004816e+01
5.393923002229524855e+01
-1.445850614735532247e+01
9.525546696882713604e+00
2.223929618858190338e+01
4.990795497354270083e+00
1.482163043360236543e+01
1.787167483837251325e+00
1.127145844051575807e-01
-8.242707141219185019e+00
-4.190049326303704902e+01
6.603003283696679659e+00
-6.926438839709561535e+01
3.945988734535318088e+01
-2.368747735721382242e+01
-9.853470976111537993e+00
-1.016893586058677101e+01
8.337989393132417604e+00
-9.503259937702324578e+00
1.501776474625822289e+01
-3.076002446696516301e+01
1.991620497477055096e+01
2.399774535510330864e+01
5.818938673542689344e+00
6.367240935503275523e+00
1.201657869038088222e+01
5.073094343621676217e+00
1.537403729444949363e+01
-4.398390016975156414e+00
-3.914855900354177720e+01
5.323869330697334590e+00
-1.382709582445099272e+01
-3.004544253680506927e+00
3.079282669456938493e+01
-4.474800772347671796e+01
7.807255879996830572e-01
1.176309825817071442e+00
5.115697703794097606e+00
1.746611152060705763e+01
-6.789457400654480779e+00
4.634751055011798826e+01
2.452996229278195983e+01
-8.563955193540820687e+00
-4.212211840157749521e+00
2.114978644092786908e+00
4.294016225279932542e+01
-2.955067271610187163e+01
-5.748346170521841714e+01
1.719215995859681811e+01
-6.831614289358185488e+00
-9.324538955313812494e+00
9.238902453186128128e+00
4.242768259143284126e+01
2.477522625698426850e+01
-8.956095302629449861e+00
-2.939019942916220884e+01
-4.787085251927564400e+00
1.578453123479321718e+01
-8.557748714168440074e+00
-4.174507632326731255e+01
-3.416240213153855620e+00
-5.337828196794301050e+01
-2.842686058562395601e+01
4.598997791581962247e+01
-2.919048178357347467e+01
-3.826494894371347755e+01
-2.887404678798658608e+01
-2.071589866318343809e+01
2.027818281707945403e+01
4.726060862571861065e+01
-3.735530106912733572e+00
1.452465453687203478e+01
-1.192471509410887620e+01
-3.903614855282288687e+01
2.637054195394500411e+01
-2.649893355016325813e+01
1.464917501873443939e+01
1.793762439835552414e+01
-5.964194470029440254e+00
2.118989950251585697e+01
2.315090048395647671e+01
6.384939204408925661e+01
-6.674457566260116437e+00
-2.915376238642977569e+01
-3.538937410928508598e+01
-9.657329565314576314e+00
-1.886331017556753409e+01
5.320508955470467072e+01
-2.469199286915710445e+01
6.503486059411864417e+00
2.750306263235216875e+00
-1.240222678365596209e+01
-4.782669265557268545e+01
-3.528987252941504948e+00
5.552966031946800740e+01
9.788001004928574389e+00
4.222522694644965213e+00
-3.258115976838668360e+01
-3.242271242086712846e+01
-7.946195755722513354e+00
2.592688105061557735e+01
-1.430640151775901359e+01
5.796222637405588785e+01
-2.730030735703826394e+01
1.058217260277422156e+01
-7.731860091847352123e+00
-3.658808081831421077e+01
2.436737483464526122e+00
-2.893544436409615628e+01
-4.166879667129580866e+01
6.252585083132203181e+00
1.080130338065984574e+00
2.947113296050699205e+01
1.331205524483411295e+01
-1.895488743244172980e+01
1.211613095867727452e+01
-4.934624183202065240e+01
-2.700392350205009961e+01
5.031551032268286860e+01
4.647787976336033466e+00
-5.978765123458174457e+00
-1.677685633188110614e+01
-2.461598473625031147e+00
-5.599207707656830735e+00
5.021193579464269874e+01
2.347812575999573426e+01
-6.662244541103575557e+00
-1.970461180253437306e+00
-2.217197167584112094e+01
-8.833256733669799132e+00
-3.552871419744278114e+01
2.784091143292165782e+01
3.935471891503382835e+00
5.821385074301360874e+00
1.012646174646900477e+01
-4.523239653287660644e+00
-1.160180147889097135e+01
3.086693250594936266e+00
-6.105373060588307510e+01
-8.737443444915015789e+00
-5.792790773703956120e+00
-4.371662856258751617e+00
2.717700843498820973e+01
3.668092509941431700e+01
9.780612550515400017e+00
-5.369574015773897457e+01
3.510128910625394383e+01
-1.206676889616403514e+01
-2.111743689801224377e+01
-4.916848529210798091e+01
-1.694172356995697726e+01
3.505632420045252928e+01
1.720712272671011078e+01
5.639007192371906285e+00
1.899087319337760960e+01
-3.292100914571241788e+01
-2.625786780590874514e+01
3.181154753642377386e+01
2.193736959481178417e+01
2.709542911508552265e+01
2.803709802883844304e+00
4.756040606715828289e+00
3.075568223125287659e+01
5.443395337599307027e+01
-1.176656839262732035e+01
2.171296396353926639e+01
-1.462213295225336651e+01
-2.469896705607733622e+01
-1.954246726987258853e+01
-1.964192992651601344e+01
-8.187568867876564127e+00
-2.682978404001028139e+01
-1.104169434027085117e+01
-7.651392162910953232e+01
1.912406942914469710e+01
1.250029907216291392e+01
-2.680327668343977621e+00
-2.187756805396116988e+01
-1.041240730453617402e+01
-3.097930746456165707e+01
5.517027589837169899e+00
4.541337633091406190e+01
-1.245506708367940973e+01
-9.510898128428564746e+00
1.183563342680190544e+01
-2.879097214489748069e+01
4.769093653208946648e+01
8.271406863769030338e+00
7.867173516090929297e+00
2.788017374993114572e+01
-1.404098447141478800e+00
3.155324864067102908e+01
1.065479200481506439e+01
-2.211967653942394918e+00
4.635812888385373753e+00
-3.551710308500844349e+00
3.729705553180434663e+01
4.827361394717911480e+00
1.022510015511616643e+01
-6.524342122744371864e+00
7.899613198754821042e+00
-5.195926079214586935e+01
-1.978356580020999900e+01
-2.747555582478935321e+01
2.669067550015614643e+01
-1.801622805664112548e+01
-3.379447060943573433e+01
3.257226265031823687e+01
-6.846692426299213707e+00
2.280913534927282171e+01
-5.067938933991797512e+01
1.042780135990136436e+01
2.922600350327826391e+00
3.482496964547465268e+00
-6.578328744442671905e+00
-4.094410971176671410e+00
2.854353973086435303e+01
1.009373784537757501e+00
-2.858244375156868955e+01
-1.054294284660772973e+01
1.237288073528216614e+01
-6.468305393061544351e+01
-4.947096551770317774e+01
7.313960995678030486e-01
7.909718437112857714e+00
-2.643030439448433100e+01
-1.056401658817492262e+00
5.912199146141688288e+01
1.571743901187977599e+01
-3.025913762241322047e+01
5.255226624342071773e+00
-5.223941295021788278e+00
7.015130901079096759e+00
-2.000894732223852657e+01
1.236971824342258230e+01
1.478886922687502192e+01
-3.895790850605862943e+00
6.268480473554836863e+01
-4.435900493437983982e+00
-1.771412323359840002e+01
1.336995969499395187e+01
2.410470791767932042e+01
-1.893134584021734668e+01
-1.024177534443204252e+00
5.493569295354450333e+01
-1.569725091266434447e+00
3.296923650492254865e+01
8.191795527531610333e+00
-3.920876226438082313e+00
-1.274437654621380034e+01
2.927737645598404015e+01
-3.135207119096431683e+01
-5.810149647429057040e-01
-1.020516376649297285e+01
-2.225984303493358851e+01
8.427512618560397684e+00
1.490247567347932645e+01
2.416166373308556103e+00
-2.164941326428788670e-01
-2.233946542625932352e+01
9.093434975555325650e+00
-1.832474627394034883e+00
-1.270914997965796545e+01
-1.130043314639664231e+01
9.247147692819737586e+00
-2.060838718337379305e+00
-2.120492355289465536e+01
-6.112881804355546933e+01
5.881879188201381226e+00
1.079437624294671139e+01
-2.719876405545224429e+01
-1.340865297846340809e+01
4.637963669836805991e+01
6.300466361404630788e+00
2.213708422484882021e+01
4.857272204541416727e+00
2.233642171602416227e+01
3.197031186828894533e+00
-2.184471867230416819e+01
-6.112564836884175179e+00
3.059416404424837310e+00
1.765821039987281438e+01
4.228723840323164040e+01
2.761407400824074898e+01
1.692231249109113378e+00
9.566656518873600135e+00
3.398202939885656804e+01
1.483069992613422983e+01
-3.888764084235103269e+01
-1.546865271705581790e+01
6.245706330023523378e+00
4.791454670755655343e+00
1.385080557999996387e+01
-2.905534278187528230e+01
3.964117859494315610e+00
2.425765020782216652e+01
2.685851819616487290e+01
-2.412760904704691711e+01
1.525316850481317488e-02
-1.254246923330100572e+00
-9.539574779163046969e+00
-1.595253357093630342e+01
-8.685914071645811418e+00
-4.954324793658827275e+00
5.672147898082755546e+00
2.373959983804137153e+01
-1.734753218042450840e+01
4.541630251874227042e+01
1.840571163101071761e+01
1.504084284556392959e+01
1.987075392477393265e+01
1.519985474622777843e+01
2.041336659230971762e+01
3.071137674886000468e+01
-2.554391687306907244e+01
3.495696005076880652e+01
-6.403624617898262272e+01
1.776978458918265602e+01
-6.001693435298989243e+01
4.685147764589970620e+01
4.228609148996669376e+01
-5.290668618625403496e+00
-2.702919618868548923e+01
-2.383970930757419637e+01
-3.088023372322041382e+01
-3.558001487237407900e+01
3.175713885409624027e+01
2.362092890003185630e+01
1.341853078638027341e+01
1.588605180448240617e+01
2.510739534376966731e+01
-2.200319944468384392e+01
-9.962747397123564497e+00
3.096283682160364492e+01
-7.324307039032703415e+00
2.997581245439493358e+01
4.184015969084153141e+01
-3.245740490799459366e+00
-4.111949083550706519e+01
2.800471154351953373e+00
-1.460870801556374943e+00
-5.727610634802658751e+00
6.133074350873357616e-02
-3.660130589740884943e+01
-7.054970381322647199e+00
4.967812403885819350e+00
7.468757601308112726e+00
2.744390753576934117e+01
-2.398683489260675117e+01
3.125856828467357218e+01
-2.239768209233955076e+01
1.440458585293504257e+01
2.267540406129923269e+01
