---------------------
  #    meV     cm^-1
---------------------
  0    7.6      61.0
  1   12.5     100.7
  2   24.8     200.3
  3   29.4     237.0
  4   32.2     259.8
  5   37.2     300.0
  6   50.3     405.7
  7   65.7     530.1
  8   86.5     697.6
  9  102.6     827.5
 10  119.6     964.5
 11  132.7    1070.3
 12  140.2    1130.5
 13  148.5    1197.6
 14  167.8    1353.1
 15  177.5    1431.6
 16  180.5    1455.5
 17  181.5    1463.8
 18  185.5    1496.2
 19  358.7    2893.1
 20  373.0    3008.2
 21  379.4    3060.1
 22  409.0    3298.8
 23  417.4    3366.8
---------------------
Zero-point energy: 1.910 eV
