-3.540882643619271164e+01
-2.039571136411197472e+00
-7.304811807741387497e+00
2.456105849740221458e+01
-1.217282635421848624e+01
-9.410635417004641567e+00
-2.461369745042094337e+01
-5.142151928235199421e+01
-2.194484690040587793e+01
-2.306896131841756414e+01
-2.137401356937721175e+01
4.318374370872637869e+00
2.028374461554875552e+00
-1.092813018730225849e+00
1.777078220722486890e+00
2.705132918420144961e+01
-1.046531852174966559e+01
-7.366280574628490285e+00
1.194728731505500718e+01
-6.324030594705527619e+01
3.166854838761098279e+01
-1.354423439121075035e+01
-2.477991817584884515e+00
-5.724409526180153307e+00
-9.456983799009321956e-01
-2.219721750188327292e+00
4.906968324054398067e+01
-1.527258423722069836e+01
-4.145664573240026129e+00
-3.099318377327399787e+01
4.007582355819181430e+01
-4.436970542607795664e+00
-2.181616767073751362e+01
1.146418598642558351e+01
-2.091775136982676031e+00
1.327731122208106740e+01
-5.523388129082036357e-01
2.779448156681752380e+00
1.929985119082950007e+01
-5.584267572704402482e+01
3.112053723501063018e+01
8.284296789693627261e+00
-6.390049297903601655e+00
-1.785133791002536086e+01
7.039160565536178638e+00
-1.115834704744810324e+01
2.543494967578590149e+01
2.030326894056480569e+01
-1.307539528759821224e+01
-1.670290298241724258e+01
-1.760771524285257783e+01
-2.124132741188185491e+01
1.077820689983265368e+01
-2.769811252056462081e+01
8.492923981466503847e+00
3.533847939665486138e+01
4.072398679233958774e+01
1.898441807729867037e+01
8.536799580158771050e+00
1.772357387893134728e+01
5.197476964223233153e+01
8.802775552958792105e+00
-3.050003061569292839e+01
-6.171079563211890218e+00
-1.440768184870944424e+01
3.397961882128907973e+01
-4.029446963968024420e+01
-3.501411530412013917e+01
-1.785064385024557509e+01
-1.000381099315200117e+01
-2.288830841896910329e+01
1.603675974261599890e+01
5.323783454300155427e+00
7.986230470164201733e+00
-2.211549473167785962e+01
-1.938066350164174878e+01
-3.339602671495459418e+01
1.840868234851865282e+01
-1.914068064854582474e+01
1.728986924515037060e+01
-5.491625230556357984e+00
-1.522840393415859239e+01
-2.930680422519415629e+01
-8.670729328430525129e+00
-6.251513791252477859e+00
-7.061711481137407986e+00
2.285273301622518716e+01
4.277825423883578537e+01
-2.516057881406383601e+01
-4.391493932638796593e+01
-1.100429115656928047e+01
6.078029826702808691e+01
-3.312174191448339400e+01
1.827845097138455799e+01
-6.652121080503889061e+00
-3.412251819547562093e+01
1.414133226857880743e+01
1.997319275870836464e+01
-9.823022701330955897e+00
1.869512468375319258e+01
-1.371605722276331107e+01
-3.196952844303424968e+01
5.366917566515775206e+01
2.555973014635321761e+01
1.449476367807886845e+01
8.014251591117556472e+00
1.521891738693780383e+01
4.619935558534504594e+01
-1.510178622084142575e+01
3.398724826500853169e+00
-7.738005868435442380e+01
9.052015013727924497e+00
-3.789099206567986755e+01
7.941344269316857662e+00
1.248309344065995674e+01
-2.041186493257697521e+01
-2.896233983428365377e+01
1.218395683464166268e+00
-1.721356428294350849e+01
2.185661691368045467e+01
-2.836317413733515025e+01
-3.136056752114200208e+00
-2.059366769983004275e+01
-1.996762951282960330e+00
1.126455217518298468e+00
1.271645531800436402e+01
4.107321598357884795e-01
-2.977258395742296671e+00
3.641956164324008682e+01
5.156103949174334389e+01
2.782600032798280409e+01
4.025194819368856258e+01
-6.655815507362440542e+00
5.655706847807238091e+00
3.011549549638613144e+01
-5.072839478440300809e-01
-4.309131041075983148e+01
-2.310154041529849778e+01
-2.869111880173764462e+01
-1.570781164096250393e+01
1.619382177302458103e+01
-6.730726957331330595e+01
-9.430166777659877653e+00
2.511148801108556938e+01
-2.126447665658531605e+01
-1.763183943870495796e+01
3.374908021850455953e+01
2.525882534120137279e+01
-1.873501047879776138e+01
1.575448891223106784e+01
-1.439639205284397860e+01
1.939596964859528327e+01
1.950570042273511717e+00
7.517289707475924843e+00
-4.836064609433665851e+01
-2.684071643427483167e+01
-4.947417753892977998e+00
-9.399816656323753961e-01
-2.319080875464254632e+01
6.162080038964836604e+01
-9.876123467836237069e+00
-1.827465199232130999e+01
2.024428811173220311e+01
-2.605646736617817538e+01
-2.074707839449514779e+01
1.849209618141372857e+01
7.225447479338093615e+00
8.674186403609098761e+00
8.882076239438305265e+00
-6.252699558497482712e+00
9.018633010914015813e+00
3.308323797105840924e+01
-1.504786554107414531e+01
1.089219045376242434e+01
5.158930994499814915e+01
1.851207313121504683e+01
-4.288144660146429032e+00
-1.158058675603105314e+01
8.828695843340528882e+01
-1.210445040814835238e+01
2.125507006679629285e+01
1.471213558834099899e+01
1.670850537188257334e+01
5.018436506963149668e+01
2.714930295781192626e+01
-1.563186721078764663e+00
1.372716752988350208e+01
2.783185521069049173e+01
2.044633015780871688e+01
-3.306050063273579553e+01
5.342812889063151260e+01
-4.762912015414826783e+01
-6.982259071402829420e+00
3.123649652551738143e+01
8.453917939467796572e+00
4.192690989763548259e+00
1.610218784405789449e+01
1.264077915839283150e+01
1.953054748106558236e+01
-3.546529547081667033e+01
2.245655874109615979e+00
-1.505008716924851342e+01
-3.781263234190888056e+00
-2.470632657826058676e+00
-6.080115995137864715e+00
-3.261888513354648467e+00
4.752649192480870965e+01
-4.779239292546066054e+00
-1.476556220392210150e+01
-1.460087164663114834e+00
7.367631860811968636e+00
-3.380978619631459026e+01
-2.897996238509153955e+01
-2.053293596205507754e+01
-3.503366924826821105e+01
-9.076120829457689609e+00
-2.365652086538123200e+01
1.036601014914118934e+01
7.259095563678457097e-01
-7.111663338442184568e+00
-4.694627031649005744e+00
3.254681020070847808e+00
-8.350712372735841882e+00
3.855492734025490620e+01
-4.903489214391555606e+01
-8.566042087161914509e+00
-7.679095368499414320e+00
9.038143674365983316e+00
1.271603255062601079e+01
-2.662882454334999238e+01
-8.581080277554519853e+00
2.436377122119348826e+01
-1.140981899334202865e+01
8.977786211329487287e+00
1.933507340966458798e+01
-1.613863136981478874e+00
6.317239737687566503e+01
-7.899535063208190877e+00
-1.796523869072962043e+01
1.813834502659972259e+00
-1.392782683168357494e+01
3.091708441699000787e+01
-2.399812173058399623e+01
6.860125136042370286e+00
3.210282367553560334e+01
-7.219465681587820427e+00
6.692262383404590764e+01
7.249177485404271692e+01
-3.759511170983785178e+01
3.334088288256998567e+01
1.228408034771467783e+01
-3.151188975797202829e+01
9.428827287702461035e+00
2.377195936134478416e+01
2.433429973678681790e+01
1.328361942567710230e+00
9.560066232271879016e+00
4.211339308507382384e+01
-1.326358663220435119e+01
8.023849232738314186e+00
4.061919360072960217e+01
-2.092723992763752960e+01
-1.128017324776190833e+01
3.166453553962259093e+01
1.625629129155200303e+01
4.280264277456274158e+01
1.705110144567524344e+01
6.160519258794721509e+00
1.507722865797495615e+01
2.289098719177904684e+01
-3.024657646307817060e+01
3.860038051254775837e+00
1.395005202375804920e+01
6.545742032394173293e+00
1.336166883184013443e+01
-3.461431151881228629e+01
1.806574088831752078e+01
-2.413820589137725392e+01
-1.881156640080236997e+01
1.203258553999802416e+01
-6.590062393261135298e+00
3.267257648780395130e+01
-9.457161180141952173e+00
1.698536921125796084e+01
1.824944684689035057e+01
4.391308852618273306e+01
3.081429972744848556e+01
2.760867806377176237e+01
-1.929455786807693585e+00
-4.707960340442099323e+00
-1.807841566125972577e+01
4.511579213829986656e+01
4.491167952336633107e+01
2.206358193448625826e+01
-1.422184923541801993e+01
2.811209073481904852e+01
-2.914637281763674537e+00
1.011875700750221085e+01
3.735375315230444926e+01
-7.207788668263361842e-01
-4.522549516781595003e+00
-1.139350809403248377e+01
-3.305013066036107716e+01
5.397299351742043427e+01
2.856688386941891622e+01
-3.377234955284622231e+01
-9.316693140834530595e+00
1.488428650917083829e+01
-5.682458074626978828e+00
3.585346598377793015e+01
7.126909650421595188e+00
4.514372722997012488e+01
1.954563520816906674e+01
-1.285306681021290842e+01
1.131240573492409851e+01
-3.542776719916787442e+00
-1.550832802867677174e+01
8.881195549888246887e+00
8.492562333726084489e+00
5.302701509392666424e+01
4.458314058739628649e+01
3.136992341604886292e+01
3.771988775547197292e+01
4.893372278720590884e+00
-1.466949891443039178e+01
8.059069998483323616e+00
-1.892981130895018183e+01
-3.037573673354122405e+01
-3.154361330246797479e+01
-1.768289515475959206e+01
-6.156282281134195955e+01
-1.974002470588834512e+01
-4.906876600007278455e+01
1.324208929166162463e+01
-2.623925905573075568e+01
2.636161932524430540e+01
-5.601008961034966660e+01
-1.684705530211894597e+01
2.426680892201039796e+01
1.185126908885217745e+01
-5.027101787800533117e+01
3.201401259080432737e+01
-1.469303742674196656e+01
3.049421015033637161e+01
-1.320562989630940365e+01
-4.441112471569852005e+01
8.156590523898998413e+00
-3.689031799572182990e+01
-4.239339656662792777e+00
-1.669325023845408928e+00
2.318096542935079185e+01
7.137221821266717825e+01
-2.444431789280920952e+01
-1.981401369246528077e+01
-2.383303501308205341e+00
-6.475143159381360647e+00
-4.572763576458281420e+01
-3.159785959092786811e+01
2.713006610553618714e+01
-1.203989202458899399e+01
1.143626657617775777e+01
-2.780564472160762080e+01
-9.281102084586933643e+00
-2.349774714160881217e+01
2.917811445710690066e+01
5.411492962378304128e+00
-1.263803550745353732e+01
-9.621090996079914248e+00
6.722939846414121234e+00
-4.654352299750200928e+00
2.440300028328681492e+01
-1.459625711180029839e+01
5.643948266271706871e+00
2.007395952878641765e+01
7.757494206040803419e+00
-1.205342257062474687e+01
8.712258544888794631e+01
3.330730409624916888e+01
2.448240010659866073e+00
5.723111550454689223e+00
-3.548876565659216453e+01
1.903094034321370032e+01
-4.328441561644464741e+01
-1.649744145034361509e+01
-3.120285387334294569e+01
-1.118809319230740584e+01
3.218507524420135724e+01
-3.213221710263925956e+01
1.357118945467556159e+01
-2.160868374381152535e+00
1.176967947909204781e+00
-2.029636812230958753e+01
-2.510626896147749676e+01
-3.154409807400327281e+00
-2.027811227468598076e+01
-1.125980906132886616e+01
-2.339809091109188444e+01
-5.241362220119857085e+00
-1.965628130301082876e+01
-2.846483352290556468e+01
1.189203202209537125e+01
-8.162095939385551446e+00
1.384371416484299289e+01
4.847928681722173394e+00
-4.315302032430639656e+01
-2.975773876061617074e+01
-2.589146525237367769e+01
1.842567832982786058e+01
-1.388038269497315014e+00
-3.517113593925665782e+01
3.337703649598596201e+01
-2.222241101493258952e+01
3.236091318508766790e+01
-1.793190023748287487e+01
-2.739182013054093545e+01
1.343232443501312900e+01
-3.854193819504025953e+01
-1.952700746160542167e+01
3.513941073555358230e+01
1.070289288321691856e+01
-2.486854630282107337e+01
3.078706722807698526e+01
-1.030676214286279446e+01
-2.154777695934910753e+01
-1.726556448240822306e+01
-2.840873206850153565e+01
1.569193071545551277e+01
-5.095793721500174911e+01
-4.491915427695337826e+01
-5.749624810930640706e+00
-1.704699138585814921e+01
-3.353307240752053531e+01
4.166990689885642496e+01
7.608589875650787349e+01
-1.559551513535603817e+01
-2.008228141701948744e+00
-3.440043720799010885e+01
3.713977888942332584e+01
1.159172089508032855e+01
-1.357370965496573945e+01
-2.067357639489159737e+01
8.356558774248959764e+00
-3.294673790529382984e+01
-9.994931626374324196e+00
-4.935995405112163326e+01
2.067613911315766018e+01
6.295927747151040421e+00
-1.030940626148378669e+00
-5.846217072336628462e+00
-2.271825443033185365e+01
-6.207597499329295943e+00
7.445379396708028708e+01
-1.036247855613385127e+01
-2.726773095425559745e+01
-3.962013169064493923e+01
7.919277807623501531e+00
-2.126162800104016526e+01
6.151677395537490156e+00
1.722938952428032167e+01
4.316385532109023870e+00
1.779481385702967344e+01
8.586516769278475181e+00
3.322323522865838186e+01
1.495974376928607796e+01
-1.985619191364349945e+01
2.722574763306212731e+01
1.981794646811198390e+01
7.027824370299796897e+00
2.405128757148511909e+01
-1.608978477747371016e+01
4.184582670344045141e+01
1.335107242893194979e+01
-1.801504356605306612e+01
-3.356329058586236869e+00
-1.023433004721775319e+01
1.157602810366978474e+01
-1.327065307814142159e+01
-4.478082734065267800e+00
-7.298737347316091473e+00
4.592988308596528668e+01
3.138437276139987375e+01
-3.690051094410188881e+01
-4.594648432972064711e+00
-2.997169913157378573e+01
-8.214292987652981992e+00
-1.340817008773136365e+01
4.888660934448580520e+00
-6.054327810863764370e-01
-1.630833174379071693e+01
9.600933650455289126e+00
-4.689661555739078835e+00
-5.344043106385640840e+00
4.890130816479930331e+01
8.216426924308052548e+00
-4.683239255326253669e+01
-2.253017213316434209e+01
5.436880089032223395e+01
1.545282578747531943e+01
-5.382250326025086906e+00
6.068527408173785886e+01
-9.183815550332667499e+00
-5.167273569210379947e+00
-4.595964701011439502e+00
8.801634585088663698e+00
1.767982032768559719e+01
2.474940648879723426e+00
1.645567488649473376e+01
-7.249017091744917707e+00
-1.997198977932228559e+01
-2.361433261594714139e+01
-2.726154069862747065e+01
2.338217191088057234e+01
7.375038867748081373e+00
2.165762837234531801e+01
7.920839949890819298e+00
5.064667962377208710e+01
1.058557834156402322e+01
-4.570335609503462138e+01
-1.944503414254779727e+01
3.492308103073497705e+00
-1.652021878740842453e+01
3.583008075223995093e+01
-7.949978845217515300e+00
9.537829444042941418e+00
2.992262902468226571e+01
-4.240339790376486917e+01
8.487989917656742023e+01
1.176264851407037781e+01
1.351043654347165557e+01
2.053211297259522894e+01
4.256588545603165130e+00
-2.660841638399347175e-01
1.987420478017384085e+01
-2.101639223700067305e+01
4.708343665736138917e+01
4.165150384062545186e+01
-2.363121602040715175e+01
9.168812969126520329e+00
3.973278549632283330e+01
-1.168199452402247118e+01
9.886034157921329779e+00
2.138789717594391959e+01
2.303577664952459259e+01
-4.333782562426986829e+01
-5.836105431498708640e+00
-1.740471644971184162e+01
-1.798792776604017263e+00
-4.507126825821480054e+00
1.011860445084835192e+00
-7.126922691485589212e+00
-1.802695294788316005e+01
7.494087769213891193e+00
3.921095675395292801e+00
3.011359537039297862e+01
-2.484395602659388658e+01
2.473726202196047552e+01
2.682249240568025073e+01
-7.100211015852295304e+00
4.619831010049666986e+01
-3.860508460503137940e+01
-5.848322760971870338e+01
-4.860571166980074409e+00
-4.522112753156932285e+00
-6.533632345765454374e-01
4.531645858520757031e+01
-2.776036086387733803e+00
2.428686244756758583e+01
3.050844856397722538e+01
2.118588886992961307e+01
-6.443277754963617099e+00
3.382442095026033257e+01
-9.033219965084583691e+00
-2.013127905516250848e+01
-2.324912134645526862e+01
6.112140226763486339e+00
2.009827143535315486e+01
-7.688070417465553419e-01
1.974779647583989117e+01
3.389425514366450898e-01
3.435029403113513524e+01
9.845321986654468560e+00
5.091245775972950582e+00
-2.124110795198191681e+00
1.826277262833937698e+01
2.129889488155033916e+01
9.758599238426512557e+00
-1.019647487345849868e+00
-3.115701160120499225e+01
1.650062290700637391e+01
1.077989898286367065e+01
2.015334181435417094e+01
1.599512889515726499e+01
2.046818275672218590e+01
-4.900817258662868880e+00
1.765791257949402393e+01
-1.520817063799677271e+01
-4.273222808416790031e-01
-3.070866849722537495e+01
-1.742919098073309669e+01
2.281444179377432846e+01
-5.107045696984393146e+01
1.505460268110007860e+01
8.960950382821010862e+00
4.705659863202907900e+01
-1.074109889537318452e+01
1.888001627822006867e+01
-5.648919699875591505e+00
-2.743356540682549394e+01
-3.851048721361490834e+01
-6.635433574587445094e+00
-5.012542694900837148e+01
6.657689471423168470e+00
-1.128282097098741943e+01
1.747767469133752627e+01
1.329949268408961416e+01
-1.617936177448888202e+01
-1.657998121409218584e+01
2.322568292532648826e+01
-3.477990593743771797e+01
-6.917227085231900219e+00
-1.069924321033581549e+01
1.546205772050331007e+01
5.228836229997853025e-01
1.525043318656571500e+00
-1.069156690433089807e+01
3.101806442592743451e+01
-3.137052544281812061e+01
3.903051625157104354e+00
3.411051490211281134e+01
-2.081483512986041262e+01
1.745741905956379014e+00
-1.662980139529963708e-01
-3.692406662868772571e+01
-2.269534798608503934e+01
-2.823430707272382989e+00
1.598573362193437220e+01
1.865616039655660074e+01
3.481887638615404512e+00
-5.429721361278268432e+00
1.010396788723375039e+01
-2.409538411305061345e+01
-1.126326902974341237e+00
-2.937802403981751809e+01
-1.576618757986497599e+01
2.754066970506187317e+01
-1.616176837958337842e+01
3.843459722628873010e+01
-1.360202360666093568e+01
1.858484286852026912e+01
1.432087551372421785e+01
-3.589295426572574854e+01
-1.425362123661933822e+01
4.901199283474639401e+00
-2.359796139027962170e+01
-2.137826870153132575e+01
-4.940376857567866864e+01
-3.064363440092881774e+01
-2.893484013671817934e+01
-2.488678540335712341e+01
4.864410214714922631e-01
1.033954210167516408e+01
3.872413825704697388e+00
1.376809948181221799e+01
-3.215363163904413568e+01
8.627343351256286041e+00
1.524855919500710399e+01
-3.814571747193851081e+01
-3.518215861513243681e+01
-2.384536044226109652e+01
-1.539444337026360188e+01
9.229542652436606431e+00
-7.605462378973584237e-01
-2.386357836297513302e+01
1.696952363544659192e+01
-1.347517635167268679e+01
2.844007588458114810e+01
-5.032087461712211507e+01
3.578258869128174524e+01
-5.080395394128178310e+00
-2.273491625432922802e+01
-1.420230392463935232e+01
1.035625190898535664e+00
2.532669189451446101e+01
-4.170212558765180688e+01
-6.681903037412013191e+00
-1.143466516958038426e+01
2.530204950956601806e+01
4.723588503756029411e+01
-5.621125563346760146e+01
5.259466793719741418e+01
2.351467840548646393e+01
-4.223028137593567521e+01
-1.807898149970570500e+01
4.479879109637027312e+01
3.358984511539125606e+01
-1.180293132454022498e+01
-3.335547026311132868e+00
8.126071981836027192e+00
4.221983185897065027e+01
-3.212814722825459768e+01
7.200623242158357584e+00
-4.702945167895876466e+00
1.545897529137454285e+01
-4.104624247428679951e+01
-1.864082603987860409e+00
-1.721657203711064810e+01
2.700964750538901171e+01
2.379134033949206639e+01
-4.936384230038464693e+01
-2.702417644539343655e+01
-1.220572807679889138e+01
-2.404513793355420148e+01
-6.607697271859734656e+00
-1.152402001255332209e+01
2.543703987244251152e+01
2.378731980986879080e+01
-1.248822106682752064e+00
-2.590919252746917323e+01
-4.807863399505731650e+01
2.686696889450564640e+01
-2.777818066172483213e+01
-2.055702241201385050e+01
3.368077344915263893e+00
-2.029699051857264180e+01
-2.209895220300418828e+01
-1.621228138191578694e+01
-2.710296375359081367e+01
-1.465331038797999597e+01
-2.938466309764068285e+01
3.166956999348784763e+01
3.475903871210097407e+01
-3.722749021415552306e+00
-1.242752850284836086e+01
-2.325645132518729952e-01
2.573297592710287063e+01
-4.863798204649785362e+01
-1.128294667654438399e+01
2.783517440018516709e+01
4.005986922561720576e+01
-9.472983945383816717e+00
5.646030158411690536e+00
3.101477236126919479e+01
9.385506694180307363e+00
-5.618457739968221176e-01
-2.513023527262816970e+01
1.140915476235687720e+01
-1.962748376675233430e+01
-6.001868519378604105e+00
-1.095899788447235323e+01
-9.298541218980290068e+00
1.279275980939189594e+01
4.474485414783762849e+01
-1.392937806584171767e+00
1.936706758214867818e+00
-5.151385711083979402e+01
-1.074995926158067050e+01
-2.035194231268059184e+01
-7.643019147531049384e-02
-2.649227834625786215e+01
4.824721071297904018e+01
4.592640949919280047e+01
7.967784442717189108e+00
-1.117865004986907707e+01
9.367863773233764846e+00
1.169408209271013277e+01
-2.696245846896081844e+01
-4.731325622889585247e+00
1.071091227938632073e+01
7.539934288622745839e+00
3.115413165742033641e+01
2.289846174832928227e+01
-1.200347110183673749e+01
1.474185059349100868e+01
-5.610872485775703211e+01
-7.283445955900447188e-01
4.936645186745440128e+01
6.772226411214575137e+00
-1.167146328926605747e+00
1.728922570102841405e+01
-1.615785664010501321e+01
5.089151671875671923e+01
-9.404374905920491301e+00
4.551863547173613256e+01
2.214762031770438000e+01
-2.292812820840288168e+01
1.830743445714135476e+01
-1.729500699516806606e+01
-4.090942794990650100e+01
-3.650424336585786023e+00
-3.153045790391512071e+01
-2.975954522627495180e+01
-2.778702165381474742e+00
2.044931340962330069e+01
-5.479032229326705306e+00
-1.773843094110651464e+01
5.074416348624168904e+00
-3.917078159727361708e+01
-3.974846682632950490e+00
-4.697787401045536626e+01
2.771995552205973468e+01
-6.999463335675102371e-01
-2.827085592942253811e+01
-9.457418948035851258e+00
1.046535758787206305e+01
-2.000568266820099694e+01
-2.583743629337186576e+01
5.337317686357381774e+01
-1.373221452357299199e+01
-2.282783591956820146e+01
1.547221852347752247e+01
-9.999319279760982226e+00
3.095084940847084454e+01
-2.567088288273055241e+00
3.924675552463838812e+00
6.120890941380122285e+01
-7.070107330116400135e+00
-2.078456187388036369e+01
-2.444099324835599418e+01
-2.887419603577012595e+01
-1.937943242118262788e+01
1.539569920672533954e+01
1.536433562477833448e+01
1.267785321892037587e+01
4.164643597652707285e+01
1.845562756016278172e+00
1.185011263435683304e+01
-3.605895260215771714e+01
1.504649647741246099e+00
-1.059688825194555761e+01
-1.509586940002236588e+01
-1.954549417328053096e+00
1.912862984734647398e+01
2.165848443704629744e+01
-3.976686997095235654e-01
6.862214646913173510e+00
1.566384481408179141e+01
1.981902195122658838e+01
-1.383145084684426251e+01
-7.135583967909269631e+00
3.978021930475250656e-01
-1.310645537299564012e+01
-2.901792999823385344e+00
-2.035375490098141427e+01
4.499906453250531513e+01
3.645183913579995760e+01
-9.220906491825644480e+00
9.078200351703856086e+00
-2.627342461464623469e+00
-1.701215022739603455e+01
2.025830118429917448e+01
-5.403357965937971130e+00
2.265608646603692478e+01
-2.972913968221952175e+01
1.017759471803654492e+01
-5.606018981858142070e+00
-3.057731975944687974e+01
-1.381781336368919710e+01
1.515006285649950257e+01
-5.192563686916705024e+01
2.441406455638588113e+01
2.648832193061062412e+01
-5.670239081848071905e+00
-3.385329697976231955e+00
-1.768698714418405871e+00
1.421329836366487598e+01
-1.854552272211219588e+01
2.050499346683430701e+01
1.735506334756908586e+01
-5.590072935284075584e+01
-2.011680424347207463e+01
1.350402456388509620e+01
-4.868450405314746376e+00
2.466908431871483742e+01
-3.622582657426815445e+01
-2.993877891542354064e+00
-2.378737436031223496e+01
-7.311225132371153279e+01
4.372078259463067695e+01
-3.321901434000659492e+01
-3.480419457211877443e+01
5.073425792996566486e+00
7.374778751470226723e+01
6.581939477358105250e-01
-1.599375117142079716e+01
-1.765270254721997389e+00
-3.108245398995492792e+00
-4.875038230080306079e+01
-3.483942308240465735e+01
4.661191115897449322e+01
-5.831528552092265727e+00
-2.142961230223497182e+01
2.807855624139460815e+01
-2.039876611648026739e+01
2.100640306015429815e+01
3.025842645834014633e+01
-3.249190997568987882e+01
-1.599394538022610845e+01
-1.975053301504348724e+01
-1.015519263580756615e+01
-1.005853035002106566e+01
-5.915949495311224382e+00
8.124490630984382733e+00
-1.941618212117971609e+01
1.614524468239126520e+01
3.296109034220539513e+01
-5.136622938396993021e+00
-1.155386476090936299e+01
8.276009761706660584e+00
3.182350459612942473e+01
2.967991766392853492e+01
5.524792219340667998e+00
-3.173384085228462936e+00
-4.953655413045567002e+00
-2.888704228118935191e+01
2.188018988028584033e+01
-1.273252171754342044e+01
1.131205454896087303e+01
-7.932231479976394439e+00
1.534875460444459350e+01
1.039999897352667801e+01
-4.581732000572398533e+01
-1.515326593913852093e+01
-4.468283518848321023e+01
-2.031921726819092555e+01
3.034401977944760631e+00
-9.774807300461645809e+00
1.856503584560803688e+01
-1.703955878679340685e+01
2.083433468323448778e+00
6.093995400100652660e+00
4.026728223879541702e+01
2.042487905143774185e+01
-1.717600396372226612e+01
-6.893639556561055315e-01
6.938955736263721974e+00
2.177669816411456338e+01
2.330818937797687340e-01
3.104744254976742468e+01
1.282764802812457816e+01
5.145703829859598954e+01
1.117310634369218292e+00
3.724840652138787789e+01
-1.533312842670289911e+01
-2.145076943947923809e+01
2.530686403966910802e+00
5.331955701817548743e+00
1.524014067926242433e+01
-8.048413411974024712e+00
-7.779187971982182148e+00
1.471442471915685246e+01
-2.755510926635463420e+01
-3.131316420267302192e+01
4.499746475866393780e+01
-3.368013418134637504e+00
-2.224077524157276997e+01
-2.304740128368074181e+00
-7.641609871794344144e+00
2.412523470089313093e+01
1.881795788452521379e+01
-1.144207243118773931e+01
4.503864457084318929e-01
-1.505316404141517239e+01
-2.004497582184040994e+01
-1.522841915933673818e+01
-5.491877137213666060e+01
2.150354171581625451e-02
-3.662019081613833293e+01
-3.163869373824358888e+01
-2.119074901857766235e+01
1.086496879128526416e+01
-2.072929104750267015e+01
1.311743519872266006e+01
-3.478629021989800663e+01
6.040235162056433182e-01
-2.353376271445491241e+01
4.828316206269704480e+00
6.381795644441538684e+00
1.895374562361496373e+01
-1.191329531968190736e+01
-9.117805859350823994e+00
1.677920542285382055e+01
3.368838061739113243e+01
1.865487711257878800e+01
4.698780565506922358e+00
-4.074890975626819767e+01
-9.630521534158447139e+00
-1.791438830569001084e+01
-3.434698781764063824e+01
2.296461608340536031e+01
-2.059604257764300428e+01
-1.878916095224354876e+00
-1.593133217876066965e+01
-5.666331825449429971e+01
2.942296195565550931e+01
-9.984726396558016859e+00
2.300973353593440152e+01
-4.058413550663163960e+01
3.828726022580329413e+01
2.089411948425976107e+00
-1.636473819191288470e+01
4.855886211232785854e+00
-1.183339671802806947e+01
-3.726046291589264570e+01
8.252147071267273759e+00
2.021636470056627388e+01
1.002008265625363492e+00
-2.059231851413852610e+01
-9.280440396026705230e+00
9.986810905813626960e+00
1.814126012322213910e+01
3.581755543126707408e+01
1.342853863193636244e+01
-1.321034508113223183e+01
5.418715435678240766e+01
1.363370328103579610e+01
2.411554046577982291e+01
-1.033466885850640438e+01
1.592629945257309032e+01
1.111823814204880989e+01
-3.523121372326266965e+01
-1.171708544493300508e+01
-2.321952850978275507e+01
-2.094147674341590459e+01
-6.852171203551051804e+00
-7.856862110913368724e+00
-2.395022207644782952e+01
-6.298900292590863614e+01
-1.640388543546012201e+01
7.118439521399523073e+00
5.164306706458432927e+00
7.879033653889948141e+00
2.633703924028930032e+01
7.996286252062475342e+00
1.845313179372371337e+01
-2.370573514381493396e+01
2.595778849993928361e+01
-2.583121729409646150e+01
-4.082976316779780745e+01
1.246522051135508491e+01
-2.449267286234243102e+01
-2.232084526777096301e+01
-9.008178252422862897e+01
-6.569090209774266498e+00
4.631973551939535128e+01
2.409432436056076909e+01
-5.806040201568350767e+00
-7.830790842415581210e+00
2.142157477078367833e+01
3.777305239134173576e+01
-2.364647028005846607e+01
-6.149670526898773915e+00
-1.931714629988658771e+01
-1.993167699093180545e+01
-1.749265704259798326e+01
7.222132934608346488e+00
4.020562536241749285e+01
-3.707825417301521043e+01
-3.188188522410331416e+01
1.866978228209205781e+00
-6.042180798455831336e+00
-7.641768855689530682e+00
-5.123064869842926328e+01
3.569161471069438107e+01
1.360035674872693789e+01
5.290294132305376706e+00
2.753042698496160767e+01
-1.861647788542729742e+01
1.760873646889483268e+01
1.581726740191336944e+01
2.114324655654428398e+00
-3.483990162057896356e+00
5.035833968527766658e+00
-8.968667738290815095e+00
2.878048250333156943e+01
-2.277774807678284219e+01
2.446049116433869131e+01
5.499794859926936397e+00
8.202321494183877348e+00
1.288793190522773102e+01
-4.938231238728431549e+01
4.753266386886025430e+00
-3.807137488808461967e+01
-2.784775735524670637e+01
-2.785071907165973926e+01
-2.835297939702431336e+01
3.062051882400851355e-01
9.508464221239904646e+00
2.829064530390829191e+01
4.919647996268999179e+00
8.160216934717851700e+00
-3.988571222363674451e+01
-1.452175625449815755e+01
1.935082088258462818e+01
-1.120792048082257963e+00
-3.657646585057250377e-02
-5.073472347305482799e+00
1.990387833952544838e+01
-5.186788377699920716e+01
6.418800429740233682e+00
1.154982675876414078e+01
2.455621714433718950e+01
2.102887202826101287e+01
-3.215237573685337225e+01
6.421043200162557696e+00
3.324558678078759044e+00
2.730897346255858338e+00
3.348939836186445973e+00
-1.073092200449781330e+01
-2.007768902069932437e+01
1.074449363219640929e+01
3.413883282152266929e+01
-2.818932623277873972e+00
6.598191225045013653e+00
9.614819436188469126e+00
-1.460354997403020150e+01
-1.543190238458862495e+01
-6.782108743738794487e+01
-2.100935680983489817e+01
-3.101783349741842244e+01
-3.819815354661102447e+00
-3.834870710509954961e+01
4.265739120760858327e+01
-1.778792303755000148e+01
-3.043317257066794923e+01
-8.787249684773530589e+01
3.777866574132281130e+01
7.567088537269142989e+00
3.405123250749952035e+00
-3.557328535366750089e+01
5.009746087334860931e+00
-1.127334649692579660e+01
-1.860214703606255782e+01
6.596564329856148490e+00
1.915667055816842890e+01
4.163872488361462842e+00
-1.206304623962319056e+01
-1.183793565506903178e-01
1.578448582026254599e+00
8.903526916075406916e+00
-3.612163131873025179e+01
4.096224123224651237e+01
-2.432974666080683335e+01
-1.698351948070989081e+01
-2.780144285891094569e+01
-5.905135469129859871e+01
5.104447203347433515e+00
-2.971943731974857883e+01
-1.083978542628595676e+01
1.851996794073590991e+01
-1.469178881682782389e+01
-2.009828246125834994e+00
-6.680164576721040248e+00
-1.143705697479401806e+01
1.800034437998768055e+00
3.079939756862071931e+01
-2.858714950866855986e+01
5.651405277251541293e+01
-1.283900219586973890e+01
1.900085210472315111e+01
-7.801568810890330496e+00
6.485680726051953116e+00
-6.166208689758349237e+00
2.491776313496353623e+01
3.482872778064554353e+01
1.086662193598282045e+01
2.620849633134325529e+01
-2.019062662604656566e+01
-3.727096713876349554e+00
-1.269670475147268007e+01
3.890477622720885620e+01
3.267331783223022512e+01
2.467614170704734988e+01
-8.771870774345302380e+00
-1.579123602954393846e+01
1.411136146429090843e+01
-1.591808442733632489e+01
-7.038251974661420718e+00
-3.294440893829957417e+00
-1.677076529208596867e+01
2.821000359234709265e+01
-4.684287530820526513e+00
2.151581293410166751e+01
1.107214093822961232e+01
9.815368202244599161e+00
-1.877637949775938608e+01
1.505388089302113030e+01
-1.034014209764544034e+01
-6.658478682340415844e+00
-1.768722671606184349e+00
-2.732199373162677603e+01
4.231714202486932663e+01
-1.513953861613235219e+01
-1.763353800124946247e+00
1.262769442748072635e+01
1.090028872084712930e+01
4.205801946110740630e+01
-9.835071314631051109e+00
4.275888043077179645e+01
3.837879006825518502e+01
-5.317559502434403385e+01
2.889103284159759255e+00
-1.051233112470913511e+01
8.836167777342325280e+00
3.333591573887844106e+00
1.127185077427361648e+01
3.536641961290204250e+01
5.535104105884370540e+01
-4.262712125019146470e+01
4.290102245590310304e+01
-5.553392378438969956e+01
-4.606281979197511589e+01
-8.193600004842195972e+00
7.622329900627278221e-02
4.136351997040408435e+01
2.028197821324795314e+01
-6.839800651873133575e+00
-5.060846019139611940e+01
4.002500783441205101e+01
-2.372568229247553973e+01
1.047611347350766664e+00
-4.019087881701366882e+00
7.148311718197376763e+01
-1.438446539964957083e+01
-6.054481405265988769e+01
1.779283289925905365e+01
-9.229638233624189070e+01
6.553855497039918987e+00
-2.070990228143591594e+01
-1.042256043468869464e+01
-1.539505133893452182e+01
-3.316076999853424923e+01
2.169546962650524335e+01
-2.152521888166587161e+01
-6.655715203607883268e+00
-4.474574488603576583e+01
-2.490131791576629894e+00
-2.966049571815365482e+01
-4.228822953237448701e+01
-6.446148408352399883e+01
5.210559756748949667e+00
-2.016673965176264005e+01
3.513649107789831305e+00
-7.966093377194226832e+00
-4.608541362774559502e+01
-3.685099488368698673e+01
-3.094277663088399777e+01
-3.211943424804275082e+01
3.021913076968233014e+01
2.936364452505927147e+00
-2.824429862977899575e+01
-1.229965547428020045e+01
-1.394017823609331685e+01
2.280790611763533349e+01
-1.765104522905001261e+01
-4.357009522203810548e+00
-1.588200586125873315e+01
-2.031440738437288474e+01
-2.292921841177998488e+01
2.097636302717774015e+01
-8.775857816693076074e+00
-5.246571704737141317e+01
4.376266427901981615e+01
2.498400144703188630e+01
1.498536440110513013e+00
-4.428468199207406997e+01
-4.249560510726416851e+01
3.958156907957743442e+00
4.226133869341310856e-01
-1.800789220573255989e+01
-2.601132345041617100e+01
1.783981310175431645e+01
-3.152227797498539985e+00
1.495047975708291688e+01
2.776097628276386331e+01
1.805889378512193844e+01
1.810019880791598723e+01
1.355127065750120252e+01
-1.187190718187312655e+01
-8.455394609297997022e+00
-1.229072529292528060e+01
-2.083326007363535837e+01
-2.430157392500166225e+01
-3.617020741920863713e+01
-2.113233321188616998e+01
-5.782366307138786965e+00
-4.362413440538330178e+01
-8.117081188402892167e+00
2.067670301388656284e+01
-4.482676685094617142e+01
1.691087354036532986e+01
1.524061877043700974e+01
-4.078584823840748186e+01
-3.220724429779309617e+01
-9.747875615875429389e+00
9.967824235834001456e+00
-2.235456980679651906e+01
4.109543539520515765e+01
3.647738758026125083e+01
-4.389723542000581347e+01
2.540913989105507653e+01
1.975993685069923345e+01
4.990663439847708105e+00
1.229480134684364145e+01
-2.431839804017168660e+01
-7.442256509864549230e+00
4.714892856080666661e+00
1.092712573328722669e+01
2.405289734945195335e+01
-2.919168606835869895e+01
-3.425560903040775429e+00
8.514502777856762350e+00
3.004767464363538920e+00
-1.698152685683907492e+01
1.241985296652350002e+01
-1.453678872617324203e+01
-1.165276934285988375e+01
6.486841789041193351e-01
-3.460723291629135190e+01
1.674506260633421562e+00
-9.580490547690487801e+00
-7.881061069555016729e+00
4.802875052797787703e+00
-3.088896391627997673e+01
3.373607004001871701e+01
-1.433990955880607032e+01
-7.589399425360721807e+01
-4.860436630544180048e+01
2.106390774917325359e+01
-2.301237095842409985e+01
-1.074802015042411085e+01
-1.497284047326280643e+01
-1.043240970299585513e+01
-5.741091601434644076e+01
-3.587266400249575327e+00
-3.544898436836086830e+01
-1.958391510564854343e+01
1.211038162195526979e+01
4.477635345830506708e+01
1.594131902602676121e+00
-5.393776102608995870e-01
3.392561098362628513e+01
-3.152875348432154112e+01
1.817583681781137273e+01
4.321347891995515056e+00
-2.713739199238818856e+01
-1.451883422422073977e+01
1.269258273910980961e+01
3.550172901357413480e-01
6.927369005340910491e+00
5.902105701438003393e+00
-1.350074530808271334e+01
-1.842266757499271534e+01
-2.842722130114316315e+01
2.807062590916291356e+01
-3.676589063326130713e+01
-2.728841675299524638e+01
7.131061975943850939e+00
-4.957104692671116197e+01
1.280592369296485344e+01
3.648877003656002671e+01
-4.153522897634211120e+00
6.622146985732925373e+00
-1.639036925744602513e+01
-1.251954342929531094e+01
5.948870368017651344e+00
2.166992459973919338e+01
-2.211390899395899723e+01
1.537415842503106944e+01
-6.041325422315452442e+00
1.736822544371193544e+00
1.320888602993144900e+01
8.518605274022689855e+00
-7.315362452558133555e+00
1.558122464322480027e-01
1.095079179378137724e+01
1.627055234459098187e+01
-4.089741737302109925e+01
1.817699102817300627e+00
2.938701351354473701e+01
-5.262309997706518061e+01
1.732433946802653679e+01
-6.647583414541222169e+01
-6.128433189060833897e+00
-8.451825204214074461e+00
-2.926699351498541546e+00
-6.915582798383582031e+00
-1.436094895535177329e+01
-5.422640149699248013e+00
6.848806052034575487e+00
-1.514857840030849445e+01
6.869858536410333727e+00
4.991952148152654445e+01
-3.453422539812635250e+01
-1.506827912861049867e+01
2.265931698742775779e+01
1.366572004945403762e+01
2.489611854484208209e+01
1.198585613991950538e+01
1.204092992114041749e+01
-9.137929864800895530e+00
-2.796413458817826836e+01
-2.574954386233997639e+01
-1.537967974366765134e+01
2.657638575780197243e+00
-2.401672651118587964e+01
-7.938172391085199564e+00
4.155973347166849408e+00
1.356349482490452374e+01
-5.805408953248850423e+00
3.395644802337868384e+01
-3.294388023315036662e+01
-2.230297176784944213e+00
-1.789791313515841864e+00
1.567872610449921211e+01
-2.238085201754877573e+01
-1.416233634287672771e+01
1.070532448518122592e+01
2.561303216374220426e+01
4.248993212804810327e+01
1.819372525900968185e+01
2.379560736383714925e+01
-1.589308387409305112e+01
3.580595697544987388e+01
3.758200632373080907e+01
-1.446728293338480853e+00
1.942933760211880667e+01
2.146275887686579154e+01
-1.334850287134848656e+01
4.813244299302681384e+00
3.449832517231737938e+01
-1.370560237997929676e+01
-5.199079997539683973e+00
-3.428876916232119498e+01
1.350628471106233519e+01
-7.274003724056640863e+00
1.122381482937956321e+01
3.340775147528830757e+00
-2.262602017095068874e+01
2.589598934293530874e+01
2.277763317435542945e+01
-1.525511400986880517e+01
1.079955687691077770e+01
-3.463759861303560683e+01
-3.017072641714297632e+01
1.407259316822745632e+01
-3.870203212676214832e+01
-1.747837383473659401e+01
2.955988568103521175e+00
4.694965528064894045e+01
-1.442245583104545403e+01
-6.945945538158611043e+00
-1.022151815360140859e+01
6.362831404974861016e+01
7.971855270662501880e+00
-2.442719863850355466e+01
4.017485509451279313e+01
3.558157503678575040e+01
1.784998866681885943e+01
4.263543022298145502e+01
4.872683353131555606e+01
-4.260488448632457903e+00
-1.572436132783181506e+01
-1.645850743320465881e+01
1.635483585100969606e+01
2.126571199876065066e+01
-3.890116649518716940e+00
-1.312769454553250625e+01
-3.462426366304389092e+01
-1.432603046463646024e+01
-2.561019436964710394e+01
1.707570634734433668e+01
9.673649299947385316e+00
3.613401637513254627e+01
4.206584200317507793e+00
-1.335014967110828366e+01
-4.805493991028374268e+00
2.239774775090350545e+01
7.074445858125841369e+00
3.087236946841630925e+01
3.159266355733291221e+01
-6.852327154902297934e+00
-6.087438163908331035e+00
-5.693242957713664509e+01
2.868449595298622512e+01
-6.811222929368341283e-01
3.068425496753997095e+01
-1.229029745851580913e+01
-3.539439706822393816e+01
1.193163064999682277e+01
4.129325731518878229e+01
-1.484323416605188584e+01
3.743958710280452351e+01
-4.122023449954625107e+01
-1.304541661150773280e+01
-4.601189338136748574e+01
1.081990234645192572e+01
4.589962882068277850e+00
3.063521100661631635e+00
-3.517446891165155876e+01
5.121939671897996504e+01
3.066205687768717780e+01
4.964631838578554834e+00
-2.914765154771404809e+01
1.224315459502872727e+01
-1.319272890962712097e+01
-6.998821403050897061e+00
-1.351963960742546078e+01
1.037728545296338467e+01
-8.145918279794500449e+00
-1.139523226305277603e+01
1.176608619643434395e+01
1.464067220789566193e+01
-4.845450673170097389e+01
1.120500878895956021e+01
3.812690342728264170e+01
2.270802382292089305e+01
-5.941660138054105644e+00
8.768376404762179277e-01
-1.983561149486678232e+01
3.279708163841036139e+01
8.772810506795934771e+00
-2.348003824872279210e+00
-4.180599256207869985e+00
6.037078265588519344e+01
-1.809872301625290447e+00
1.383036728196469767e+01
4.211178027905795318e+01
5.430705221501614233e+01
3.504990889965029055e+01
2.288489386364270217e+01
-3.743107566528679797e+01
-2.556139005455045776e+01
1.943096969283240583e+01
3.889153165294544579e+00
1.783056456144504409e+01
8.935954683755326755e+00
3.464289264993990969e+01
-4.364329094741456316e+01
-2.747539063104630941e+01
-6.492807259750549065e+00
-4.816722656175332418e+01
1.073883458955637593e+01
2.477854126907259058e+01
3.830712984226408935e+00
-1.248088430693354667e+01
1.304656575083234316e+01
7.771944067459662620e+01
1.739501198801968940e+01
8.888144323807921410e+00
-2.644710355299434923e+01
-3.370838676227594988e+01
-8.249964026950685536e+00
1.857564459875646889e+01
-3.374154090416936924e+00
1.334489941442021177e+01
1.960450791675106075e+01
-3.214994618086780065e+01
1.471177774500205260e+01
2.483171172035258678e+01
3.174096179474605606e+01
-3.709910175132108634e+00
2.618531747996541981e+00
-5.625508356093234852e+00
-2.716540068688934184e+01
-3.902800222016892917e+01
4.465036394823090404e+01
-4.362731118817748666e+00
-3.106709242053921116e+01
3.028282633402611168e+00
-1.456891613594361701e+01
5.096628084165064365e+01
-1.305069558103730287e+01
-2.011998157395655085e+01
1.951818736735560833e+01
-9.221096749052236419e+00
2.503180253016208212e+01
7.155450280635875515e-01
5.457590850997880239e+01
2.957456885996448648e+01
2.231200924241544925e+00
-2.089838613606491435e+01
1.544524279421020196e+01
-3.026989536603824149e+01
-4.879277827929030309e+00
3.441362258712450739e+01
-1.569106071349835929e+01
-2.518497478131584444e+01
-1.356875997758649532e+01
2.807491290517606330e+01
7.104983011891874867e+00
-4.655189330039621609e+01
1.870411909740204237e+01
5.264148832195871819e+00
5.191299842063955339e+00
-2.822115950169444432e+01
1.651557357587961405e+00
1.897571052198665598e+01
2.692959234863174345e+01
3.695873975025655511e+01
1.624120892550571327e+01
2.223606267826994554e+00
-3.033259599249518601e+01
-2.620956496863917096e+01
-3.877580957852384813e+01
-7.367118294213128138e+00
1.781431661575825842e+01
-1.413271147157040275e+00
2.879022249750494211e+01
-1.837620932116675476e+01
9.197715442093226557e+00
-9.778126202914407372e+00
-1.675745388255887391e+01
3.433106698759125663e+01
3.958644773673682948e+00
3.531702727404081088e+01
2.721994719239262395e+00
1.251165984517738750e+01
-1.002150747566366817e+01
3.410771155654595077e+01
-9.322663208708320326e+00
3.289816968017325038e-01
-4.385370547633351634e+01
-5.385276868979815390e+00
4.016321641309156121e+01
3.595179142071347655e+01
1.507076867991784042e+01
-9.287979866961137532e+00
3.068943812093337442e+00
-1.175366826847837842e+01
-7.764814953528713204e+00
5.190426685718699673e+01
2.780829290036933799e+00
-1.475236924723168386e+01
-6.093165183932867990e+01
-2.672938574610017781e+01
-2.157945510500337605e+01
-3.607353129924700852e+01
-3.268230426849422088e+01
-3.891700250759271285e+01
-2.581064446605496698e+01
-1.786824836089840574e+01
-2.776388625729666160e+01
2.637257997699351364e+01
-1.170338139083878559e+01
-4.978819924862597190e+01
2.266101187582873422e+01
-1.715341271498843412e+01
-4.566691255433680396e+01
5.467208147107970717e+01
-1.463513127874546171e+01
9.659119826148895527e+00
2.258412556534176474e+01
5.055597566760667405e+00
1.493365697961792193e+01
1.812583797078858083e+00
1.119441836058783224e-01
-8.342955031911351682e+00
-4.247466283733959358e+01
6.716834680902380228e+00
-7.020125620601783112e+01
3.993832756524960814e+01
-2.398064424491815316e+01
-9.923756161329322367e+00
-1.023405201138712073e+01
8.476711025757015960e+00
-9.639342480554560666e+00
1.525648497310733376e+01
-3.115096884264573873e+01
2.023055027670625350e+01
2.432792191169822615e+01
5.931935692323747844e+00
6.445768905113311575e+00
1.219597484226683548e+01
5.111506371872110321e+00
1.561378122184575545e+01
-4.511491864310073652e+00
-3.961689152724369478e+01
5.434215851390916896e+00
-1.404883286939721643e+01
-3.051964020927357524e+00
3.116765143243003422e+01
-4.538792429400778872e+01
8.022038919102669752e-01
1.167382559868997305e+00
5.157192470634669235e+00
1.770708269094919274e+01
-6.889305036442472385e+00
4.693005577740683520e+01
2.489712558636696826e+01
-8.691251439476154417e+00
-4.291823609304515230e+00
2.139627906302933980e+00
4.353028030336281518e+01
-2.990517677529777529e+01
-5.824834221168970316e+01
1.743203082168992069e+01
-6.883318729425269566e+00
-9.460233089674133566e+00
9.369568919611168667e+00
4.304884434765466494e+01
2.511371054449210760e+01
-9.087134925248506079e+00
-2.976089197174385959e+01
-4.834689265827151416e+00
1.600651657581848752e+01
-8.676081775582218825e+00
-4.225075748546635168e+01
-3.444522544606670067e+00
-5.406078443469006345e+01
-2.874502521876013361e+01
4.659172144727882880e+01
-2.956743637689727677e+01
-3.880824760013632613e+01
-2.931045584719707620e+01
-2.097263425512124968e+01
2.055862181350659057e+01
4.790522692344879374e+01
-3.739977646759399477e+00
1.471036098317611618e+01
-1.205902209407938130e+01
-3.951406801483289399e+01
2.677480299188997392e+01
-2.687282661577120280e+01
1.489339231279262776e+01
1.819182678960726207e+01
-6.077430977415986035e+00
2.156232702388612665e+01
2.346660063619705738e+01
6.467774091279076742e+01
-6.800859469007662028e+00
-2.947335777343705843e+01
-3.586441925907706718e+01
-9.744273105057139617e+00
-1.913447348459137487e+01
5.394711972943753153e+01
-2.503723936853310761e+01
6.555866881273088254e+00
2.788898575177540806e+00
-1.255340619368565314e+01
-4.846475123794095907e+01
-3.587981395495063452e+00
5.627758023808063115e+01
9.904461414737482983e+00
4.301997119373027090e+00
-3.294853649520487693e+01
-3.276940756152998802e+01
-8.018931564872236351e+00
2.623725799911943568e+01
-1.454536555659501573e+01
5.871613860565062737e+01
-2.762795022822095348e+01
1.073432076909524824e+01
-7.847623583509687251e+00
-3.700781613853189356e+01
2.487705606227137878e+00
-2.929020249759821581e+01
-4.219094461257759576e+01
6.327367438921783105e+00
1.073134511156226267e+00
2.984588985180457144e+01
1.350431890349847919e+01
-1.920011218384080465e+01
1.233950987539776634e+01
-4.996932465057663819e+01
-2.733935426001715996e+01
5.101018106702301935e+01
4.711345963247197233e+00
-6.046116914908566287e+00
-1.700769141154665931e+01
-2.487829755289510558e+00
-5.629312085582114378e+00
5.089984827421355362e+01
2.379767570651167574e+01
-6.750760286949059719e+00
-2.016294940988075268e+00
-2.248433849054460865e+01
-8.983973858533602197e+00
-3.598663898164744523e+01
2.825369276324287071e+01
3.995178427790477826e+00
5.878919485368214737e+00
1.021755494957312749e+01
-4.587595889675789351e+00
-1.174606652796762951e+01
3.049175846136789048e+00
-6.181907688841205584e+01
-8.858750140516377769e+00
-5.851527063757430369e+00
-4.410547256027598451e+00
2.755226834441053541e+01
3.714142195281365844e+01
9.863206548715936606e+00
-5.439291365437851766e+01
3.555235764385207631e+01
-1.226413931066687724e+01
-2.139173513105771463e+01
-4.983555485408948016e+01
-1.723212118776481816e+01
3.546408696375771541e+01
1.748100864656629483e+01
5.827053265746911848e+00
1.925193621810726086e+01
-3.331094980809552908e+01
-2.658495554213401135e+01
3.226060090552545034e+01
2.224664696140875719e+01
2.745070286543202087e+01
2.772785866418985279e+00
4.847108636406659343e+00
3.113791974835311294e+01
5.519713786786081755e+01
-1.193989131830736028e+01
2.201802480762535197e+01
-1.475056592796892119e+01
-2.506473498040492132e+01
-1.980032750706635625e+01
-1.988770579159717045e+01
-8.250503528490582994e+00
-2.715768710646244699e+01
-1.120206626386371340e+01
-7.752579743282952052e+01
1.937174660917725078e+01
1.267496941992089177e+01
-2.685596856576360381e+00
-2.218705190811112971e+01
-1.058360287084104812e+01
-3.133739845704553773e+01
5.633834016093430819e+00
4.602205389904898425e+01
-1.256969700275323021e+01
-9.651271173447923957e+00
1.195528998787017372e+01
-2.916963891709707468e+01
4.837194051551006169e+01
8.413569726208010024e+00
7.915937495056311946e+00
2.827524576387335742e+01
-1.433409570361874330e+00
3.195923955698276586e+01
1.078480291365067956e+01
-2.258124792868443365e+00
4.693116682006490237e+00
-3.637982400686581741e+00
3.782625262398943278e+01
4.916174405714230033e+00
1.037743201651244362e+01
-6.632018722577527114e+00
8.006869246171191890e+00
-5.264273101338159222e+01
-2.012549968654036547e+01
-2.780284800684194124e+01
2.709816838431095221e+01
-1.826857591353120824e+01
-3.424938788438748816e+01
3.302112367119940473e+01
-6.971521913393971204e+00
2.312518633118651223e+01
-5.140713781757546030e+01
1.062695167813239472e+01
2.960791149815491963e+00
3.453873947281465462e+00
-6.613006791585405608e+00
-4.143455611889976353e+00
2.894179317263440154e+01
1.060262515876956968e+00
-2.890188213798393235e+01
-1.069584140096064573e+01
1.256611762237456276e+01
-6.557820171166690670e+01
-5.015787027131392506e+01
7.391128194224734216e-01
7.990838587216870792e+00
-2.677521154587177676e+01
-1.096976602087750052e+00
5.990287532097164558e+01
1.598929283182945937e+01
-3.065201143846542209e+01
5.319123538435690079e+00
-5.276410273508382431e+00
7.131159223405646230e+00
-2.024329760455384530e+01
1.251779110276668661e+01
1.495372653080016789e+01
-3.939789132755208811e+00
6.347197659896744426e+01
-4.503815999178200968e+00
-1.799348289852571270e+01
1.358113441083662565e+01
2.442869777701264411e+01
-1.925273121865174630e+01
-1.028573385308092725e+00
5.568260092374812587e+01
-1.590199019437591232e+00
3.335494701165700349e+01
8.331878128833920982e+00
-3.987578781446799780e+00
-1.286532397392772964e+01
2.967657594009095590e+01
-3.179305656876939423e+01
-6.275974463905242828e-01
-1.034723872336508066e+01
-2.258901965449172167e+01
8.501951299471569357e+00
1.508285078510100519e+01
2.455837784420111802e+00
-2.533176515568129616e-01
-2.259170372640707569e+01
9.205450905536110895e+00
-1.877192041228909147e+00
-1.287647870909135861e+01
-1.146358982748371602e+01
9.430363900054601345e+00
-2.142578253090562157e+00
-2.149556853028065007e+01
-6.195782970075362073e+01
5.891664245621569762e+00
1.099184235285744649e+01
-2.752913641876605766e+01
-1.355121455314230161e+01
4.699597156208008641e+01
6.361437367661267217e+00
2.243861508412840067e+01
4.892777399437576946e+00
2.263041816513359095e+01
3.253258524514677674e+00
-2.215217943316599758e+01
-6.148939267222345961e+00
3.092900709943506854e+00
1.787646929307430810e+01
4.290320686968408381e+01
2.795314295321657028e+01
1.723617773675613307e+00
9.669548827889855147e+00
3.443980285231906180e+01
1.501028775440270735e+01
-3.943673896321180905e+01
-1.568478677369333241e+01
6.397851164571193294e+00
4.837890391079326946e+00
1.401317295238611393e+01
-2.946310588280115894e+01
3.983431156664281048e+00
2.456910525671118251e+01
2.719591332757856605e+01
-2.443205316925138959e+01
1.699546303888155308e-02
-1.278244006506582764e+00
-9.708582526409770708e+00
-1.614048435927541902e+01
-8.793765203784346340e+00
-4.969297545110421765e+00
5.746630443099206786e+00
2.405364226827371965e+01
-1.754653736721316193e+01
4.601647786376349814e+01
1.866276078859544896e+01
1.525953322167063675e+01
2.015525118003398219e+01
1.543703673168763757e+01
2.063851100457728549e+01
3.112769320497331194e+01
-2.592048363306402337e+01
3.540838601403060437e+01
-6.488649123163104093e+01
1.802157316973469747e+01
-6.079210298727437589e+01
4.743128621017723390e+01
4.290220272668108237e+01
-5.329240716474259898e+00
-2.740763026777688083e+01
-2.413027703487284725e+01
-3.131362628663580949e+01
-3.604291331656472153e+01
3.216989864229918794e+01
2.393270651680650474e+01
1.359993281056898695e+01
1.612162618676552484e+01
2.536443080638366609e+01
-2.228247726716011812e+01
-1.005610587418536284e+01
3.137457831467458647e+01
-7.433012439600048538e+00
3.033865022067295314e+01
4.236104736950761662e+01
-3.263707950050115159e+00
-4.164905659816531625e+01
2.840476885966836562e+00
-1.429381552391028265e+00
-5.808786636376737533e+00
5.912972060613697067e-02
-3.708764470336154773e+01
-7.163221717730237970e+00
5.065521613708583004e+00
7.552138950062129652e+00
2.778488009693103322e+01
-2.426543865875790118e+01
3.172914835722798443e+01
-2.270125495267473070e+01
1.460034239804332401e+01
2.298351239460900075e+01
