-4.886425375353053990e-01
5.877608565229230919e-03
-9.563265534829079595e-02
3.276258581892584898e-01
-1.699070159595625906e-01
-1.207553470263702522e-01
-3.477327420918827627e-01
-7.255172406736269952e-01
-2.704327164515480941e-01
-3.021041004012334774e-01
-2.452450445786926725e-01
1.856651624722666094e-02
1.013572916853000550e-02
-9.237466947129568950e-04
2.299922780359864305e-02
3.589519363899045246e-01
-1.659519589045318488e-01
-9.103601057286381248e-02
1.854726086718523348e-01
-8.436305319602629416e-01
3.992945351993721914e-01
-1.633137810067024631e-01
-4.860763152733679759e-02
-7.678652100155158866e-02
1.208237838980830148e-02
-3.893150809927559131e-02
6.925840214898222325e-01
-1.446516897394640733e-01
-5.412679559459476764e-02
-4.087003714612844618e-01
5.548484869073044834e-01
-4.944240547178568868e-02
-3.163019884851516750e-01
1.297193324886876109e-01
-2.143596455696661351e-02
1.974506000193505528e-01
-1.092520811403474568e-02
1.088455206088601024e-02
2.817220334758701039e-01
-7.724923795047458075e-01
4.372118163293010618e-01
8.108217849888621487e-02
-7.516807644812439904e-02
-2.128970591792291867e-01
1.015566870213295836e-01
-1.129232797399968291e-01
3.757280016345241336e-01
2.701728495984379030e-01
-1.750588317774042224e-01
-2.266236897660931504e-01
-2.368016977820621705e-01
-2.927161612073050923e-01
1.853732905203613335e-01
-3.911100203930457653e-01
1.098765195072548551e-01
4.528983848471699325e-01
5.373576802584848489e-01
2.529439661287005148e-01
1.340040336971464185e-01
2.396846093359674690e-01
7.135935958255412714e-01
1.436154664525215452e-01
-4.240790762980889417e-01
-9.492091864820739744e-02
-2.318476847085086945e-01
4.731443551848213414e-01
-5.706107545854798291e-01
-4.740797060194958945e-01
-2.576344819442824008e-01
-1.205176147247897234e-01
-2.982075687350467241e-01
2.193333703824400516e-01
1.180965626242396205e-01
9.876660520799029896e-02
-3.125828573995038662e-01
-2.620887441414949670e-01
-4.299617179569843461e-01
2.629254762475765617e-01
-2.468875488967201548e-01
2.560913695077000618e-01
-6.822526400098834209e-02
-2.375604390871814964e-01
-3.840840227207550361e-01
-1.100566996476892712e-01
-1.182822463627388743e-01
-9.999758955822779516e-02
3.170225648667017726e-01
5.724985650522207425e-01
-3.147894309519670419e-01
-5.918808330888989389e-01
-1.462329896232422710e-01
8.380977608728104045e-01
-4.425446360763184428e-01
2.449783897654800313e-01
-5.776548680296400562e-02
-4.725894287912026925e-01
2.163864508784256735e-01
2.401562851652054853e-01
-1.103881343416039940e-01
2.348646143646697659e-01
-2.116047306518487048e-01
-4.285363134488271442e-01
7.500367699968371049e-01
3.293331704447242103e-01
1.799530525669994496e-01
6.838772946971594102e-02
1.311190531763586353e-01
6.254892121691923990e-01
-2.199288990802766575e-01
2.485677677877629055e-02
-1.071784320739537666e+00
1.584696910094569589e-01
-5.187043577328114274e-01
9.566635707933190957e-02
1.575412395471196270e-01
-2.595380010675691906e-01
-3.985293623003158814e-01
2.437059397531537996e-02
-2.402408405983509354e-01
3.144935003714457444e-01
-3.360654729779489758e-01
-5.637810647857666169e-02
-2.923881896524876955e-01
-1.840595697228497585e-03
2.290160390709172766e-02
1.574067329456534381e-01
6.311391416459422032e-03
-5.309528942641739135e-02
4.958702690425953463e-01
6.965087720748723843e-01
3.781733754811271719e-01
5.234295903274155393e-01
-1.111590081832069532e-01
4.323841050238774741e-02
3.869013284813513920e-01
1.949898698416929754e-02
-5.782050389907653631e-01
-3.408257248156225661e-01
-3.811431472472697202e-01
-2.281059814073873593e-01
2.072753533594324793e-01
-9.096260386872700998e-01
-9.578796625378349638e-02
3.250787459540263047e-01
-3.231771487836394563e-01
-2.471445828293683533e-01
4.153413747552092694e-01
3.731077304587593346e-01
-2.287367589336494200e-01
2.280801273828356734e-01
-2.075921156236528731e-01
2.946903539983389830e-01
5.847180394229889444e-02
9.860893212934795926e-02
-6.379209767092226535e-01
-3.619692827394581647e-01
-8.633559697750126105e-02
-4.995310754190124269e-02
-3.069955270210522613e-01
8.483532028502844824e-01
-9.377983847896764757e-02
-2.316640959554023826e-01
3.075791039988233777e-01
-3.422493461236080226e-01
-2.876373442498914024e-01
2.302576698711522596e-01
8.427468671522042598e-02
7.323852490061089071e-02
1.067693534545491874e-01
-9.012745505115216105e-02
8.941789586705217729e-02
4.478764339560539764e-01
-2.169376816153589793e-01
1.509763573095184164e-01
6.894164280580861170e-01
2.407078845144456913e-01
-1.843079031134209345e-02
-1.386481775604444522e-01
1.155548401060433550e+00
-1.885890612578022818e-01
3.069636332082552599e-01
2.240051052790170694e-01
2.241922202097239580e-01
7.151060801197002270e-01
3.547485113723070072e-01
-2.384807311183317902e-02
1.725353262958306821e-01
3.977697726666615807e-01
2.724154710378092759e-01
-4.591810817931989419e-01
7.247678182993455565e-01
-6.821708324333444207e-01
-9.617220211569177390e-02
4.254179946570005866e-01
9.705867635561377105e-02
2.199670950305243622e-02
2.240419146138133977e-01
1.385265887730104950e-01
2.393950826385702335e-01
-4.668215393834067584e-01
2.343134482219921821e-02
-1.834792960918996130e-01
-2.199300485365418556e-02
-2.922182497755443364e-05
-1.002300956033401746e-01
-4.524718914537917414e-02
6.561378021604742372e-01
-2.920258810615816714e-02
-2.262199446233403854e-01
-1.882219782788263629e-02
1.097602208397557844e-01
-4.684931219494000709e-01
-3.891976822492710930e-01
-2.506501769539015712e-01
-4.750551293558586963e-01
-1.317048278955790241e-01
-3.175532891278269321e-01
1.244217054257017452e-01
-3.727915394231562374e-03
-1.000393659737235375e-01
-6.558223017008157907e-02
5.268032284575685509e-02
-1.529727048907283393e-01
4.942524917247771432e-01
-6.627572309997744604e-01
-8.176535699640233301e-02
-1.160580394617391486e-01
1.313286317524049451e-01
1.537533290883702497e-01
-3.772080700990452229e-01
-9.982917594411189199e-02
3.516617788791371879e-01
-1.855455133204260698e-01
1.026502014731254242e-01
2.758580067882610010e-01
3.960569953122217157e-03
8.712717745152813720e-01
-9.362625103904598234e-02
-2.883468500460413253e-01
-1.013708685866099302e-02
-2.304805293102853980e-01
3.741539411940228987e-01
-3.697011917434540607e-01
1.224743641742005451e-01
3.640441831843714837e-01
-1.074962691355372257e-01
8.972606461118921573e-01
9.537192438338837341e-01
-5.616315435033483183e-01
4.416812887676999644e-01
1.658799162308293162e-01
-4.141213726745571755e-01
1.639306579095839433e-01
3.244117074616159613e-01
3.390164380652489484e-01
3.051644664774588733e-02
1.688470964390251794e-01
5.644673294601654234e-01
-1.809613153145692710e-01
7.399524831639442413e-02
4.927673549579463241e-01
-2.618386364924369936e-01
-1.691848180291255499e-01
4.527835459464110146e-01
2.423055665213376120e-01
5.824509573809351082e-01
2.503690317782614194e-01
1.069971323910912098e-01
1.781759165719356552e-01
3.329307016322229362e-01
-3.844157328106660998e-01
4.393871169727869841e-02
1.824618727321893341e-01
5.498740480686903354e-02
1.885959318344183622e-01
-4.859356971207601239e-01
2.579813470835379263e-01
-3.224749031656126697e-01
-2.520094224115200787e-01
1.487848918579586233e-01
-8.988594156920570732e-02
4.531360207401622375e-01
-1.382872186047072738e-01
2.075556589419327302e-01
2.284435592090812150e-01
6.022523764311826788e-01
4.104783547512723674e-01
4.030174710129972304e-01
-4.959670233207780221e-02
-6.714311535181716195e-02
-2.432758189913184488e-01
6.185281967611002685e-01
6.267227134011696954e-01
2.805606226603656328e-01
-2.018817929889238361e-01
3.762534467763569701e-01
-3.364882124553991716e-02
1.512091699669749767e-01
5.230856856883168149e-01
-3.055814831063297099e-02
-9.128518511418670656e-02
-2.005759172477450392e-01
-4.622124102994957795e-01
7.385638759974963996e-01
3.744023685832518211e-01
-4.897728460590889399e-01
-1.411945054303067604e-01
1.721701119929235357e-01
-9.941919449789837770e-02
4.741658165876200259e-01
1.324494323907758897e-01
5.999655743461538293e-01
2.052897402903066104e-01
-1.690148599788723338e-01
1.332877940808807615e-01
-5.377725265213983974e-02
-1.846989852312397318e-01
1.291643270851305925e-01
1.485033501659183131e-01
6.894654994687756666e-01
5.682481310792966145e-01
4.479600720775716027e-01
5.414716317317296301e-01
7.570623506444706940e-02
-2.191334677305389889e-01
9.710951247391719221e-02
-2.606353649413874485e-01
-4.118873024077237543e-01
-4.239955947112195034e-01
-2.412445874707915827e-01
-8.407633274641641563e-01
-2.761468601345269391e-01
-6.451981133525199752e-01
1.396716645566362658e-01
-3.550844631046575217e-01
3.781882740491853134e-01
-7.267161665798469450e-01
-2.331376270769560666e-01
3.231361419016525183e-01
1.553192564745442539e-01
-6.656740653136914432e-01
4.026217884366438682e-01
-2.236829687977586190e-01
4.127302679999595436e-01
-2.105540269137102793e-01
-5.666697531318809489e-01
1.268590485247049759e-01
-4.677094037856424080e-01
-4.630901022449718241e-02
-1.142481019320945590e-02
3.150984148938773544e-01
9.576976808688675291e-01
-3.377817760952801507e-01
-2.850916521959288019e-01
-6.752233604201096639e-02
-6.198126140178450427e-02
-6.024817382103890839e-01
-4.568866402372213642e-01
4.046608623402729865e-01
-1.499633921861285302e-01
1.504893048294544400e-01
-3.643251402650014015e-01
-9.968239815190615971e-02
-3.317482306140819848e-01
3.677253652101284409e-01
1.052156906665047131e-01
-1.939924147641871599e-01
-1.142062415987652457e-01
8.800206874285043668e-02
-5.442189267570851641e-02
2.792306197699474524e-01
-2.077842143157306865e-01
7.632198425249203666e-02
2.589617206204402056e-01
9.549515013655174300e-02
-1.749122752508918133e-01
1.188942410255156013e+00
4.478516195165345160e-01
5.986118976607601727e-02
5.124507558418400777e-02
-4.631311720702986356e-01
2.480367992004226529e-01
-5.629058384563054851e-01
-2.542585261282610531e-01
-4.587582100717955136e-01
-1.449607263690682046e-01
4.627188873859626739e-01
-4.408873948769684858e-01
1.758950004313267756e-01
-4.320574663045739783e-02
9.633780302440664300e-03
-2.530537865307334044e-01
-3.241081885127741202e-01
-6.719770196130125939e-02
-2.682407612293112864e-01
-1.675228563759196820e-01
-2.854322668593658463e-01
-4.018990214071838096e-02
-2.370743479561046030e-01
-3.663394993242607978e-01
1.781161261585825217e-01
-9.924715208313239501e-02
1.713465178145365808e-01
8.453740523000297102e-02
-5.691759232886735020e-01
-3.970331093971145586e-01
-3.829274938353808277e-01
2.471630683130880968e-01
-3.692050488226206184e-02
-4.660000187345079148e-01
4.404223005176471917e-01
-3.338572832828774484e-01
4.216269857812093846e-01
-2.337551978766586880e-01
-3.613704680993214957e-01
1.927587502560910160e-01
-5.383853365318771456e-01
-2.508997007906073051e-01
4.917610724410610423e-01
1.805896171790792870e-01
-3.038363722530257327e-01
4.311051274019502833e-01
-1.254801290579301565e-01
-2.647735029697200204e-01
-2.283388193487585482e-01
-4.100015411570234747e-01
2.022314013084042239e-01
-6.962154839030123554e-01
-6.010032656286603547e-01
-4.765444367356286293e-02
-2.267101506894189100e-01
-4.756388727659375815e-01
5.655799899131164210e-01
1.046362749323837216e+00
-1.864244739402352025e-01
-1.642400769841900754e-02
-4.879710232723996066e-01
4.982372171174151987e-01
1.589711813546854646e-01
-1.418310549690895428e-01
-3.007085816821932767e-01
9.296778088809709573e-02
-4.528199944075080863e-01
-8.340849188803645120e-02
-6.659856440990943316e-01
2.311666867663930702e-01
1.253961657413649178e-01
-2.008994151395970817e-02
-8.637843018955226881e-02
-2.965220285865948213e-01
-1.066623287270069831e-01
1.045835381465746394e+00
-1.181788953905562600e-01
-3.701541058706849796e-01
-5.200962926011138965e-01
1.084182831713382811e-01
-2.814753921966279271e-01
5.068669837381112320e-02
2.371867473895538092e-01
5.584760034866587119e-02
2.846426551097910318e-01
1.429329811530117844e-01
4.658337488681656424e-01
2.079366215509463878e-01
-2.700247673615226995e-01
3.732882919654822995e-01
2.797790313085048997e-01
9.747501699820815269e-02
3.156429621380256734e-01
-2.104544806012200175e-01
5.442166854356056405e-01
1.769213518660406326e-01
-2.459414290547795034e-01
-7.011687567062183102e-02
-1.291593328339555313e-01
1.335456088262603203e-01
-1.909624508175757907e-01
-7.117834952071033783e-02
-8.553740470272774843e-02
6.044774626948852259e-01
4.384069243736579136e-01
-5.071471455725027333e-01
-5.434248958088072623e-02
-3.999042845572118310e-01
-9.298206266335906633e-02
-1.928342555470243802e-01
6.229837438365137814e-02
-1.874787869841001986e-02
-2.141904001787084955e-01
9.758109562032335482e-02
-5.705047440518073998e-02
-7.581340857142021550e-02
6.527539668444826138e-01
1.212436759934251151e-01
-6.411066216077874191e-01
-3.344920633353059003e-01
7.290432825476109713e-01
1.721971393105290460e-01
-6.903886527130520534e-02
8.386499182776999683e-01
-1.294441716791414621e-01
-6.549411032095475704e-02
-1.029007347264943029e-01
1.169667389084745324e-01
2.425320024014551157e-01
3.799020893229632101e-02
2.268811963331849313e-01
-9.918497198272580029e-02
-2.925374226032289027e-01
-2.948030300311469398e-01
-3.723827711828500142e-01
3.433838848830346180e-01
1.203803044938684952e-01
2.950585097391947298e-01
1.333177408741987868e-01
6.812552212636977522e-01
1.276633594629805746e-01
-5.861579071306621813e-01
-2.574976721061286167e-01
3.995495292531747733e-02
-2.163209795789280410e-01
4.790430187777141580e-01
-9.394257598069977178e-02
1.041246276181396202e-01
4.067432595981199661e-01
-5.992797295858323103e-01
1.130450567684506247e+00
1.646813948285056339e-01
1.945738301372461621e-01
2.938361318828304203e-01
3.925830083859560560e-02
-2.727322704442869394e-02
2.410569313461663477e-01
-2.769793756348102320e-01
6.404288787097811575e-01
5.744535812311339917e-01
-2.865840791449927316e-01
1.532528840488271982e-01
5.330529147599181172e-01
-1.661054980900458222e-01
1.536283667194191516e-01
2.645851314103086493e-01
3.303235747092712060e-01
-5.662296928842573962e-01
-6.170932990670596752e-02
-2.049549762948743581e-01
-5.144303039173259151e-02
-7.767821005905015119e-02
4.250412194172037417e-02
-1.307641435779465233e-01
-2.245648921414842292e-01
1.212024784839629277e-01
6.321342064189416909e-02
4.150855804933687443e-01
-3.355270191861874363e-01
3.300472552522966119e-01
3.973629022390481325e-01
-7.115514634447173137e-02
5.610160844703115934e-01
-5.117280819694201011e-01
-7.813675905736565674e-01
-3.978660161358968383e-02
-3.365714159410337913e-02
4.174177799511014086e-02
5.896268611685422378e-01
-2.810316066865065077e-02
3.274708356771260931e-01
4.270425060330942379e-01
3.054009831540716036e-01
-2.100346725536006431e-02
4.659588082288967925e-01
-1.320149668478451943e-01
-2.772824036562591132e-01
-3.217742092290429845e-01
5.261720673228831302e-02
2.802306853890694782e-01
-3.525061656649919328e-02
2.686003879791845073e-01
1.512672484628918568e-02
4.318184277688390527e-01
1.202120581237755559e-01
5.965265123742591324e-02
-4.126092066793285440e-02
2.247703880092385420e-01
3.062027368263771088e-01
1.307258461906100067e-01
-1.837783468636655648e-02
-4.077989239167180702e-01
2.091733649526144045e-01
1.471333475300058424e-01
2.699573447520746683e-01
2.263034749923580335e-01
2.737537708531768699e-01
-4.944481984239934569e-02
2.443314156712759200e-01
-2.576620627492909321e-01
-2.365268979259482762e-02
-4.160318408559842140e-01
-2.564333044051849697e-01
3.228306890653487304e-01
-6.958703136351185314e-01
1.989933360920455030e-01
1.185223557118444404e-01
6.804875604752305129e-01
-1.393895514687499837e-01
2.601403730280967830e-01
-1.140761495107112111e-01
-3.676429507892208792e-01
-5.298997084140752989e-01
-1.053978190362806489e-01
-7.140364800168880199e-01
9.947591414007384003e-02
-1.800282730204773585e-01
2.517719942624417895e-01
2.000052936212988186e-01
-2.062213356509583484e-01
-2.385949761899173183e-01
3.341833565960719565e-01
-4.222029958556348106e-01
-1.083725652197808920e-01
-1.183471250993894941e-01
1.712414995032280340e-01
-2.721572187384779795e-03
2.725875413591538621e-02
-1.172025655853469184e-01
4.063973660075879124e-01
-4.425739964885173627e-01
7.318770364319648891e-02
4.539523772750322372e-01
-2.460843066310312022e-01
2.447750687325855878e-02
-3.519220844813730764e-02
-5.197827222784723311e-01
-3.235152806494987487e-01
-2.468210556257793842e-02
2.280670755820483619e-01
2.510022063375216828e-01
7.015466153878113786e-02
-5.241629116070001260e-02
1.156997843622966649e-01
-3.164402833582729002e-01
-1.336749188564656521e-02
-4.192180186253207097e-01
-2.193085613608503071e-01
3.784368140478218123e-01
-2.318309724137574968e-01
5.230457098817598016e-01
-1.829353545908520839e-01
2.555078378941884054e-01
2.040170564836598643e-01
-4.678401661299865788e-01
-2.048866059585428001e-01
6.189474281508555720e-02
-2.972610118448129057e-01
-3.171576147179895333e-01
-6.613569397104583913e-01
-4.360777807905260595e-01
-3.760855900128912133e-01
-3.249571639520909550e-01
-2.449824134109546137e-03
1.687857948006294961e-01
8.982533351301869029e-02
1.808799762846093340e-01
-4.491922338403722126e-01
9.203666639830254681e-02
2.332734941041867405e-01
-5.269458248388313448e-01
-4.612292941896072307e-01
-3.048146067981685192e-01
-2.166047823937647943e-01
1.194603377774672293e-01
3.764274748015772332e-03
-2.930929156739591201e-01
2.348924777194603131e-01
-1.578197256352780187e-01
4.186071220013332095e-01
-6.552110062092362242e-01
4.726144209793778916e-01
-6.558490450680515282e-02
-3.582526707255037079e-01
-1.848670759890982396e-01
-1.771203412078004025e-02
3.264814436883312632e-01
-5.387443729178037488e-01
-8.420176638927556745e-02
-1.341300368688068678e-01
3.408500234986806543e-01
6.183005382738500089e-01
-7.763803211285660311e-01
7.043633455008224686e-01
2.957939848308557274e-01
-5.773655564237262228e-01
-2.528010975874477317e-01
5.931375760543124986e-01
4.583538172502104047e-01
-1.736583042846833180e-01
-5.414783752189444854e-02
1.162941410708403511e-01
5.643781501420428448e-01
-4.380215737289978595e-01
1.112975681193572042e-01
-3.552324500854403544e-02
2.313151986909307567e-01
-5.435762861382383848e-01
-2.182338674437733772e-02
-2.278520110539510868e-01
3.550055713189246287e-01
2.940461643401252045e-01
-6.900058674500577638e-01
-3.678719637530689646e-01
-1.727863625347936249e-01
-2.984815980411059666e-01
-9.216805128292859806e-02
-1.460212212965925627e-01
3.601624686323785518e-01
3.133249960684267865e-01
-2.941761319910307648e-02
-3.023565749750350973e-01
-6.770804940303922770e-01
3.769883138030323266e-01
-3.669250768563605547e-01
-2.605325478895350599e-01
6.442904244391078894e-02
-2.716577347651059071e-01
-3.030440427224883049e-01
-2.391353873457998103e-01
-3.773101355525549927e-01
-1.681999337272504502e-01
-3.557512890518927939e-01
4.277070037182353901e-01
4.620391805385580808e-01
-5.863754671628962356e-02
-1.689646713391970145e-01
-9.606822157261163397e-03
3.161146664044878207e-01
-6.582691911208162772e-01
-1.604251839115722333e-01
4.136401210006175333e-01
5.342716474748625544e-01
-1.181187203885900594e-01
6.990654310739863320e-02
3.986592059212834549e-01
1.332061055494153656e-01
4.095475416824756465e-03
-2.895268834927797741e-01
1.429320892264720477e-01
-2.548162727470710820e-01
-1.030901975299074458e-01
-1.387121303775735726e-01
-1.216210352784319326e-01
1.777748750291490154e-01
6.390239331685141355e-01
-5.608266700614983336e-02
2.449510914186947552e-02
-7.026026156930877953e-01
-1.481552263168799399e-01
-2.700248596522905054e-01
-2.771616489757766644e-03
-3.276004451159564290e-01
6.395065484162745229e-01
6.617994698897260442e-01
1.460350815929569723e-01
-1.730328512903647198e-01
1.274977539966086759e-01
1.903549659547179029e-01
-3.479766235337370395e-01
-7.575770006369975107e-02
1.275332915037257209e-01
9.254685136152351888e-02
3.878814920589930271e-01
3.030325615519551263e-01
-1.449163213076429813e-01
1.908028190723912720e-01
-7.640244700063834049e-01
-1.862015214880097247e-02
6.813969749620141236e-01
1.354366426855464489e-01
5.404605522936201112e-04
2.180388755666973211e-01
-1.783855087651149973e-01
6.984842700789601899e-01
-1.388351920200463496e-01
6.284748011102654353e-01
2.914654426311659163e-01
-3.582519721666050927e-01
2.512851668043387665e-01
-2.135706774119086049e-01
-5.207260092422902886e-01
-5.723550412158528999e-02
-4.188271206722030682e-01
-4.210053654331780137e-01
-9.419315907613690086e-03
2.708262004234232023e-01
-8.407862327135218194e-02
-2.644570526719300929e-01
5.988382898930844078e-02
-5.133701031439183993e-01
-2.706688953351404914e-02
-6.792921627452459532e-01
4.009113623937908821e-01
-1.409663463620169921e-02
-3.720177204250048053e-01
-1.655960397771769621e-01
1.387558614334061247e-01
-2.720076220842294612e-01
-3.268653192409005648e-01
6.889414071901726055e-01
-2.031200393327745601e-01
-3.150160053089985368e-01
2.548087892200019411e-01
-1.557791409168584607e-01
4.002501150202277813e-01
-6.159170923885071147e-03
1.838422240184378609e-02
8.132176797104802013e-01
-1.018074959036407989e-01
-2.752671763857406084e-01
-3.170794648167607477e-01
-4.173953468402613609e-01
-2.781412312023840983e-01
1.944497398529492216e-01
2.194073545006678394e-01
2.076408490839459220e-01
5.493364174245440879e-01
1.055661344668679114e-02
1.662657477027865704e-01
-4.737860758530865191e-01
-8.513822023781258963e-04
-1.694865508136245147e-01
-2.456522684491906361e-01
-5.815382201204144508e-03
2.495296892549330181e-01
2.975922853735948337e-01
-2.280121153877551210e-02
7.313755031029600673e-02
2.383472527535503982e-01
2.877566189166638200e-01
-1.468178902094680049e-01
-6.763645547533325697e-02
4.127155829407591625e-04
-2.003477619792226605e-01
-5.701227243378292897e-02
-2.603209570997311317e-01
5.826354534836459820e-01
4.857508392531748598e-01
-1.683507165258930627e-01
1.269318969339194858e-01
-4.735942969841941408e-02
-2.241168252085818935e-01
2.657895254361415938e-01
-6.823072317072265136e-02
2.509124115541001565e-01
-3.731301292206323783e-01
1.314801348821950100e-01
-7.892944578308114245e-02
-4.013191224389420775e-01
-1.946185418108532517e-01
1.856521796357256116e-01
-7.472139732321166905e-01
2.782447441884983164e-01
3.500352429716850899e-01
-6.599337422425741173e-02
-4.854223293361092928e-02
-2.082207996708151931e-02
1.766554101461359494e-01
-2.701055108482046663e-01
2.713470954426742132e-01
2.246218575058689382e-01
-7.591645441133882954e-01
-2.602089344552651617e-01
1.862916658966838890e-01
-7.278840724204993506e-02
3.493872851857554584e-01
-4.731534018035055134e-01
-6.515098565192722901e-02
-3.061170923509814457e-01
-9.899215470128217564e-01
5.975797426285220926e-01
-4.441889914547889617e-01
-4.952928982508060241e-01
7.083201735166411162e-02
9.790371797242454210e-01
2.985193783225126296e-02
-2.355448101961239438e-01
-9.805058405644384578e-03
-1.402754700364527984e-02
-6.592458820551020393e-01
-4.315627612766863574e-01
6.504341716027748355e-01
-1.086176395650972903e-01
-2.802786162937614955e-01
3.987416546291999708e-01
-2.522999220016451938e-01
2.646187259562857719e-01
4.026768123541497602e-01
-4.152951916946663324e-01
-2.098804563829501646e-01
-2.211292577557508743e-01
-1.254419049650543627e-01
-1.678096462755619411e-01
-1.221778603225951443e-01
1.183422069656625553e-01
-2.660661245934780039e-01
2.275195999278940562e-01
4.420081042498290591e-01
-6.024028616351501109e-02
-1.482168188552162036e-01
1.203041660561692261e-01
4.178395507693863919e-01
3.877780585986648765e-01
6.720010512997887098e-02
-6.549864253863235675e-02
-7.245399446605427229e-02
-4.052259660735897384e-01
3.231880675897325084e-01
-1.880896406689278599e-01
1.563976120603438602e-01
-1.296033058623500267e-01
2.012782228561973419e-01
1.255483438266348228e-01
-6.207637873238878168e-01
-2.211135906666852335e-01
-6.007909503599384582e-01
-2.719717668469758820e-01
2.465371547749184433e-02
-1.276477107432743008e-01
2.489709497777441438e-01
-2.163062714050068003e-01
2.374172266144203292e-02
5.969750713879040660e-02
5.462657884475086156e-01
2.846752531508818240e-01
-2.142265901662788741e-01
-3.585012708785950686e-02
1.162542637133761048e-01
2.923965845000073838e-01
3.889001956402182714e-03
4.385986475637251303e-01
2.157495056346197537e-01
6.760211548024681605e-01
4.145904903068187153e-02
5.201032320679253029e-01
-1.789534534648018482e-01
-2.934230516759724905e-01
4.536435635313207371e-02
4.506288844600714327e-02
1.872972999380910775e-01
-1.395926991329132782e-01
-9.991121797752888778e-02
1.872889240541324163e-01
-3.849247279553029699e-01
-4.249666857100957706e-01
5.718245807328332653e-01
-5.554442659206326738e-02
-3.124263049624572686e-01
-4.349240233095752473e-02
-1.038903400912332131e-01
3.113492618740190121e-01
2.777309426631937583e-01
-1.671299141705810953e-01
2.454594969295675888e-03
-2.099429528737910555e-01
-2.731797676448408652e-01
-1.706220630038428610e-01
-7.162126259755130508e-01
5.241215407795207781e-03
-5.159791353492155785e-01
-4.311445358631755820e-01
-3.045412736339705440e-01
1.515879147418206507e-01
-2.967637885812521858e-01
1.646739774480361351e-01
-4.820677645573758774e-01
7.764624324817059886e-03
-2.997479722304198235e-01
4.053111469350523244e-02
6.720323717089449200e-02
2.833799092584108337e-01
-1.784909489127768367e-01
-1.530154914076558015e-01
2.319997141902278293e-01
4.905190693095363708e-01
2.383996591982400215e-01
7.221528049711611885e-02
-5.660975308447417920e-01
-1.294513342035683579e-01
-2.221040483422718204e-01
-4.836263440125798674e-01
3.478829234233122847e-01
-2.776794544809741971e-01
-4.213017332820068184e-02
-2.308295132658670923e-01
-7.635871331555308394e-01
4.194478303375355210e-01
-1.560593310803048972e-01
3.089064290411926983e-01
-5.597100369163441336e-01
5.147463725896708198e-01
2.373189039246259568e-02
-2.113651119402739087e-01
5.549698588723295245e-02
-1.654279775625826510e-01
-5.264718641860333115e-01
1.362545953716219893e-01
2.847681356407900655e-01
5.172016452533512165e-03
-2.608163348266216985e-01
-1.193217704443558791e-01
1.620288486609879897e-01
2.563880775725180250e-01
4.817669837909145381e-01
1.947063915701896519e-01
-1.657692466763376338e-01
7.308297587884685642e-01
1.629625105160263376e-01
3.582758847851430506e-01
-1.240162545489882362e-01
2.069743311797602736e-01
1.608261579765328797e-01
-5.054366575715194543e-01
-1.573569669081702482e-01
-2.998457756115353590e-01
-3.002204123529272906e-01
-8.520981535337757151e-02
-8.035983822237691143e-02
-3.452754229951413567e-01
-8.725285150627011266e-01
-2.092024388999305096e-01
1.164727773124223376e-01
2.801583322859979575e-02
1.064045621291251909e-01
3.131040052552935826e-01
8.716453027193177272e-02
2.246075011981369940e-01
-3.384900772582104533e-01
3.514282412792519850e-01
-2.995139569564808646e-01
-5.343024030973699823e-01
1.179779025733731501e-01
-3.063391392629881693e-01
-3.168989240238472282e-01
-1.230401871861587892e+00
-8.367775820028133804e-02
6.374468697968760367e-01
3.271507556632063385e-01
-1.040081170299829161e-01
-5.991610107230460613e-02
2.927240023469952490e-01
4.843750476437258534e-01
-3.290433121363639524e-01
-6.662463133821683314e-02
-2.539843362908529301e-01
-2.699643802567237572e-01
-2.493416448897047832e-01
8.353062291879864709e-02
5.305125119992433191e-01
-5.199938140051529878e-01
-4.152019354853280220e-01
2.418080675562706006e-02
-8.525153346334501947e-02
-1.502907221205884714e-01
-6.812623618239506129e-01
4.731118666750437907e-01
1.781803587499508623e-01
3.553891960206428946e-02
3.815103608961935011e-01
-2.422287200496853754e-01
2.591534200944465294e-01
2.098628858166722289e-01
2.498890096668704430e-02
-6.357325259256885186e-02
8.637670113518844395e-02
-1.132781919484685540e-01
3.542180996028515549e-01
-3.099484270656418516e-01
3.243353270444455649e-01
8.227749643986692618e-02
1.263542029200823702e-01
1.694577243146095924e-01
-6.267844066023244842e-01
6.793410932500698607e-02
-5.212758039151565992e-01
-3.788190360412999058e-01
-3.661696126740232593e-01
-3.820123917177102868e-01
3.154405027519846527e-02
1.345056542621347884e-01
3.652705242902778426e-01
6.361829724250983586e-02
1.158134471397977705e-01
-5.392354743224072600e-01
-2.030095431314646870e-01
2.681254460152999730e-01
-4.001240580584597417e-03
-1.722145528620733224e-02
-7.574747737680720405e-02
2.606069870327480942e-01
-7.080241614530851102e-01
9.037335670140062005e-02
1.738958456218404613e-01
3.153932799835881262e-01
2.722995142903923416e-01
-4.296416379625362936e-01
1.173343487290141596e-01
6.056215166820433371e-02
5.413683768832733278e-02
2.670842401870343608e-02
-1.960850154192543826e-01
-3.004327410793210529e-01
1.247322421342653698e-01
4.638194917741840229e-01
-5.785776633785122414e-02
9.056269940738204127e-02
9.610820137046482969e-02
-2.284252722826118909e-01
-2.211549602238913614e-01
-9.138227758570799386e-01
-3.088683240395068141e-01
-4.417155388685418682e-01
-8.102472251405323789e-02
-5.197721764749605455e-01
5.929172717197430664e-01
-2.626456996513133468e-01
-4.116871004977771253e-01
-1.225720854949063465e+00
5.193396282714686230e-01
1.130933112899752402e-01
3.816421437117756277e-02
-4.706668843874828312e-01
6.338060700208192344e-02
-1.320049232916926663e-01
-2.405807832107111632e-01
3.128632652227081312e-02
2.579159768435095312e-01
5.691971558544062226e-02
-1.397544712929450483e-01
1.489654144094476607e-02
1.798104004037059944e-02
8.559191758475614975e-02
-5.288366674387241506e-01
5.548040853996689670e-01
-3.047840669417766213e-01
-2.129582682639301616e-01
-3.702381364288038768e-01
-8.107293169242655306e-01
3.115108132050914413e-02
-4.032712705607215398e-01
-1.588206655809029089e-01
2.558646036412266511e-01
-1.772747895387030148e-01
-5.210899074835673161e-02
-8.141679181029393142e-02
-1.825779527308073469e-01
7.214264685085514106e-03
4.183188875860350819e-01
-4.151177725113146533e-01
7.665080318368042711e-01
-1.928697881778220768e-01
2.676433377841116457e-01
-9.317751791465656019e-02
8.875567150849247855e-02
-8.377937777252952856e-02
3.458427861670965164e-01
4.756017659454917501e-01
1.401731740070781829e-01
3.761514289704473990e-01
-2.399479166132765240e-01
-4.238086317881800680e-02
-1.921574093367817149e-01
5.038662517984831002e-01
4.531417235187742421e-01
3.237368781470353341e-01
-1.197302870912171358e-01
-1.944027766515414868e-01
1.900377802514885417e-01
-2.161304308975220412e-01
-1.260399569503993789e-01
-4.839602236698237192e-02
-2.590942578090766890e-01
3.798906398981893862e-01
-8.734274289358523458e-02
2.589419047995596967e-01
1.442144590246391966e-01
1.260080454761715041e-01
-2.526157412995302387e-01
2.215806547902439139e-01
-1.048812209824721009e-01
-8.278188618666026954e-02
-8.614595019109216878e-03
-3.981661631791935108e-01
6.021997612431202462e-01
-2.004320760472519114e-01
9.111231701609323608e-03
1.689012605869858463e-01
1.631495935887152804e-01
5.860375401971906761e-01
-1.560528231360622797e-01
5.824555133962157072e-01
5.262305673896195968e-01
-7.530287045888801600e-01
3.356432568319989151e-02
-1.333163259470953044e-01
9.984883606701089320e-02
6.225742680814527752e-02
1.277072118731021888e-01
4.807796787842754105e-01
7.272392988347254894e-01
-5.893170483362193401e-01
5.961533060566877040e-01
-7.353011787162802015e-01
-6.343727522922840700e-01
-1.028711809497897534e-01
9.652299749342008184e-03
5.983689750445471134e-01
2.873629852578893917e-01
-1.131732693239482224e-01
-6.567535313983630108e-01
5.014736555085812508e-01
-3.388552453191211455e-01
-2.184516598155106237e-03
-5.261105962787382406e-02
9.804017410625656126e-01
-1.780306799667070727e-01
-8.098195660968805498e-01
2.256185029393171781e-01
-1.210286936228377686e+00
1.033713366440325299e-01
-2.882444647977534524e-01
-1.316563286636163732e-01
-1.761727815745015580e-01
-4.385550744785124966e-01
2.765355455682230179e-01
-2.703030366373242455e-01
-5.799415379530969972e-02
-6.022003467258341125e-01
-1.850294485843573256e-02
-3.839587771053647458e-01
-5.824907174095734774e-01
-8.694296453262762014e-01
9.755654248470713163e-02
-2.678195361591126922e-01
2.865100866659586742e-02
-9.578854742800757549e-02
-6.466163493351166913e-01
-4.763052326527160707e-01
-4.496398471952085529e-01
-4.346352491359390946e-01
4.132929755902662872e-01
5.196417714708134739e-02
-3.554329703822740605e-01
-1.813737612301506985e-01
-2.156819683026589551e-01
3.058064295955111311e-01
-2.199214401176405320e-01
-5.714269217923267918e-02
-2.327104719343302541e-01
-2.922372098241974303e-01
-3.021978602427466409e-01
2.955590265479635104e-01
-9.172638706097169248e-02
-6.855287530356219960e-01
5.919988507430522517e-01
3.380681309191178596e-01
2.590367884034661117e-02
-6.113360199875708112e-01
-5.684359127928644284e-01
7.175870166794107163e-02
3.477173819431333968e-02
-2.732237687086094269e-01
-3.442849716659843184e-01
2.620071462373045890e-01
-3.039958337435288982e-02
2.109976190082272218e-01
3.647586737749417551e-01
2.731102427563962820e-01
1.993945859721708569e-01
1.639751200768573003e-01
-1.792064892097631201e-01
-1.146490446469090596e-01
-1.425730216528865446e-01
-2.862251711597236792e-01
-3.473756360785138497e-01
-4.681402300466253052e-01
-2.712765567674422229e-01
-6.957651440031042966e-02
-6.019148660936188833e-01
-9.377107866713618733e-02
2.809653632179693328e-01
-6.079303999462677410e-01
2.595976475587573606e-01
2.423986530236330594e-01
-5.250086595130332157e-01
-4.208785507556460637e-01
-1.531828890577078273e-01
9.861033475256264502e-02
-3.146607933431324611e-01
5.740496831916588327e-01
4.963176475070110172e-01
-6.126326750103796570e-01
3.482766595367090545e-01
2.723449211255228875e-01
9.852643332368238305e-02
1.393720005657568262e-01
-3.290155318208594082e-01
-1.221161918911265465e-01
3.725536319529609841e-02
1.446435824588004904e-01
3.235176879024233010e-01
-4.279235279847840578e-01
-7.443996978145683840e-02
1.225880469846198917e-01
6.022739629828510743e-02
-2.602306504406666221e-01
1.750302691301865998e-01
-1.974271517544325949e-01
-1.579238820054120751e-01
1.018906804108254960e-02
-4.783439175960446654e-01
-1.080713127426780051e-02
-1.174844284825153906e-01
-9.145051969576112327e-02
8.459488179220731041e-02
-4.073566113182556236e-01
4.353326271828183991e-01
-1.948107775557486043e-01
-1.004278280645986232e+00
-6.648973239477093955e-01
2.751161827112300617e-01
-2.844882624126507942e-01
-1.406591681197522092e-01
-1.853200104322481057e-01
-1.389042007822087754e-01
-7.957494940488130108e-01
-3.738307458406442407e-02
-4.782035916756743887e-01
-2.394987588988533034e-01
1.520640697573019118e-01
6.099241992749750985e-01
2.589898608020291260e-02
3.371818302776663501e-03
4.465688353337442518e-01
-4.244492243370034945e-01
2.288966406170649392e-01
3.988035286470648089e-02
-3.782754799848651039e-01
-2.109785256008953613e-01
1.534853693780231509e-01
1.348443344960004175e-02
1.238548085095679818e-01
8.718635868215685036e-02
-1.685902580949090179e-01
-2.356967315360005699e-01
-3.685007255873173904e-01
3.735332185483639655e-01
-5.111561037746530367e-01
-3.922457684808977607e-01
9.915569280277947151e-02
-6.580198442326022912e-01
1.748076015217647772e-01
4.428447204667618209e-01
-9.502757876175305096e-02
1.095711125394062124e-01
-2.453090645343620757e-01
-1.539492156136321732e-01
6.302542870911365114e-02
2.792360819125103699e-01
-2.739528203145429885e-01
1.798157149001609056e-01
-1.051403500232774846e-01
1.838190184595189791e-02
1.834391114678628476e-01
1.306857537375658573e-01
-9.853365829492899408e-02
-9.570586284745274952e-03
9.087116756706414833e-02
2.261879176307046713e-01
-5.297528178474721905e-01
1.479030391581304116e-02
3.855734192192504239e-01
-6.940326548798276818e-01
2.516425322350072102e-01
-8.766888264943626385e-01
-7.643587217036251769e-02
-1.105526823212354959e-01
-6.224692969929090935e-02
-8.331704330160549787e-02
-2.119635831813555527e-01
-4.506881191995848468e-02
7.165677541680048890e-02
-1.950102921559642710e-01
1.003653333872388531e-01
6.978495610139221483e-01
-4.414181466522388853e-01
-1.997822175195473893e-01
3.047068487958113359e-01
1.676784188127022901e-01
3.332082548076681361e-01
1.354253694524548135e-01
1.662837822607923233e-01
-1.160998472475429644e-01
-3.744765455387757402e-01
-3.614429209656879749e-01
-2.142656108291385308e-01
4.406509319953322290e-02
-3.066362310550330150e-01
-8.103928763334269925e-02
3.962637017676517992e-02
1.693818010498442383e-01
-5.220439881310912078e-02
4.598723053385780357e-01
-4.595378195270569677e-01
-4.214685996384437416e-02
-5.315559767388336465e-02
2.217175239968399714e-01
-3.184359862445366174e-01
-1.955561717265013044e-01
1.264286486678155019e-01
3.740289072277780402e-01
5.575659268910416744e-01
2.609141700571422362e-01
3.400208480558624125e-01
-1.953272499343939872e-01
4.946470283457085060e-01
4.809798143835148920e-01
-2.496823052593999392e-02
2.259853565928067187e-01
2.832520015503701138e-01
-1.364831978691418701e-01
8.356316036522759561e-02
4.846040421641912843e-01
-1.862771430492493607e-01
-7.510178583536930574e-02
-4.947277624684932595e-01
1.620938307347803420e-01
-1.042300999588912092e-01
1.619716537656099575e-01
2.640679915777455200e-02
-3.008438723882842503e-01
3.824567610723361710e-01
2.899041061569831434e-01
-2.051246265902624266e-01
1.141503308517061166e-01
-4.542748221172692169e-01
-4.234153262521340166e-01
1.695100881294311357e-01
-5.139007693946646693e-01
-2.373177828002408229e-01
4.247821691052422466e-03
6.680903532941491196e-01
-1.528911382268196562e-01
-1.111732951282786708e-01
-1.336648692970898722e-01
8.812707857680189827e-01
1.377011633173911287e-01
-3.084507914440604015e-01
5.453111551742013674e-01
4.834789849220179070e-01
2.497619302478417680e-01
6.010343132239612807e-01
6.255729428113552260e-01
-5.121666352485571005e-02
-2.110414601817816038e-01
-2.447897096989457566e-01
2.030399686530619530e-01
2.700407184536397498e-01
-5.516099291150511341e-02
-1.731427766179320926e-01
-4.548464200090185372e-01
-1.655649738316524733e-01
-3.438431184645516225e-01
2.194117232859343902e-01
1.348587386413218070e-01
4.604749495236060142e-01
8.651650150062462075e-02
-1.911346722386326746e-01
-5.136012101771475491e-02
3.048368085271303540e-01
9.525743976257494694e-02
4.586020002665649464e-01
4.386421682998937754e-01
-7.764867530783092775e-02
-5.933985740175767853e-02
-7.547159537710497190e-01
3.798740466258254678e-01
-2.635756117038035029e-02
4.430242486872153496e-01
-2.039050264033337445e-01
-4.895687495131869627e-01
1.304877409565721458e-01
5.400691405716937510e-01
-1.893258435754886504e-01
5.043385207510988621e-01
-5.494070347051009939e-01
-1.888097275358237015e-01
-6.368211353308215195e-01
1.300004141236739130e-01
6.561886487988033423e-02
3.940157074147099259e-02
-4.700496992759473081e-01
6.886601281892588133e-01
4.163036190445241758e-01
4.850963395930207867e-02
-3.814095160134096663e-01
1.705662653812374252e-01
-1.713719572868908081e-01
-9.924085897038459336e-02
-1.701650989950946880e-01
1.490816457938232142e-01
-1.143623774599102916e-01
-1.417351249721168216e-01
1.683232263917093796e-01
1.808376928744798162e-01
-6.787754360007984822e-01
1.415361906587648821e-01
5.010670297516932603e-01
3.165258661960965725e-01
-1.020440666626002413e-01
7.834661696277001042e-03
-2.844678643365352588e-01
4.361103824171337351e-01
8.414210384987130809e-02
-4.541902910776407509e-02
-4.698994791892507905e-02
8.143092754151304291e-01
-2.351515464100373265e-02
1.906304745641413945e-01
5.618774305944131964e-01
7.360502279296387007e-01
4.471452269504787580e-01
3.194722020005840157e-01
-4.704289152423364317e-01
-3.535019879269900578e-01
2.545358762761240623e-01
4.183649686676815804e-02
2.427913524145377533e-01
8.977296035058213164e-02
4.984377169549443209e-01
-6.058698996798000946e-01
-3.711071204643103805e-01
-8.466911325666592880e-02
-6.502651050136584177e-01
1.235535803677099143e-01
3.204179065047918495e-01
2.685884549306916114e-02
-1.687687099585888362e-01
1.711361712152745795e-01
1.036379514119935230e+00
2.375056851037866679e-01
1.192326450918046454e-01
-3.569236203281216380e-01
-4.574004391393593494e-01
-1.429836401195337947e-01
2.269626039166405818e-01
-4.294616037462839486e-02
2.041044999491714584e-01
2.759998885895118548e-01
-4.637196560114711374e-01
1.999642887709662809e-01
3.001513925572343311e-01
4.204104145506768475e-01
-7.171262903112296527e-02
1.034367743406150453e-02
-6.009255149433267995e-02
-3.503296074762634049e-01
-5.710799404254474076e-01
5.755367512065007185e-01
-5.585983623787638130e-02
-4.107876065824309642e-01
4.218690399278390846e-02
-2.229906406503209260e-01
6.718335074568999588e-01
-1.664015230638948850e-01
-2.883961114934530112e-01
2.985185494060171862e-01
-1.023469665609533230e-01
3.344452113550095973e-01
2.341715357956886123e-02
7.191486541673417499e-01
3.660976493935016451e-01
5.533398916163934089e-02
-2.805164934623742834e-01
2.005212500295319167e-01
-4.093800775825480187e-01
-4.070245336162692240e-02
5.002526786678036519e-01
-1.989233198629714039e-01
-3.232861761737662043e-01
-1.634983675360417443e-01
3.986272322772785870e-01
7.070087967452598487e-02
-6.347837707898533743e-01
2.735225605987112729e-01
7.726638355301718164e-02
8.370276441392365818e-02
-3.869241123443609709e-01
6.234133101163275015e-02
2.559038289523314358e-01
3.661653855249897838e-01
4.861541451422275451e-01
2.586327078990641737e-01
3.061893620547628814e-02
-4.176627075215242346e-01
-3.409319566222568376e-01
-5.117356707148217332e-01
-8.953681247661604559e-02
2.782955321272240212e-01
-3.404683378245620951e-02
4.160155320430822812e-01
-2.422034474002696669e-01
1.216822040031382279e-01
-1.731675047114219490e-01
-2.061752810041637130e-01
4.423820052531610147e-01
4.756266047768065164e-02
4.638748053010859351e-01
4.102098460866399066e-02
1.748685843367067116e-01
-1.099365018072102629e-01
4.371224358353551498e-01
-1.122970162426430996e-01
3.813835585440517040e-03
-6.035342093910287531e-01
-7.285613706934612743e-02
5.339253794346001669e-01
5.145272354932775016e-01
1.689254988374861433e-01
-7.743909953083694120e-02
3.519525658615840769e-02
-1.687537907763236866e-01
-9.929799503368075264e-02
6.753103875645615206e-01
5.360212023747390475e-02
-1.851699511658821962e-01
-8.188999927641961163e-01
-3.546576816108126251e-01
-2.908838255429091468e-01
-4.507582344928175999e-01
-4.669183291796361601e-01
-5.467898716094188316e-01
-3.456329962756126140e-01
-2.508764318282645789e-01
-3.354617088741580488e-01
3.527513348835482065e-01
-1.710485050799759321e-01
-6.895180394408813029e-01
3.391204440632780148e-01
-2.600999915458339085e-01
-5.819447729249542789e-01
7.699867436951142174e-01
-1.881618136986513146e-01
1.329238843651885382e-01
3.163133765584333901e-01
9.057620597068227752e-02
1.930890863020335857e-01
7.545765818534944103e-03
8.800019997272701122e-03
-1.131301515939193703e-01
-5.601391571396394653e-01
8.898839440207106932e-02
-9.396015199452429911e-01
5.379648001763024379e-01
-3.176247896986823527e-01
-1.279164393863760907e-01
-1.332420546847163934e-01
1.534812806752684777e-01
-1.559171841913786771e-01
2.202172234224250014e-01
-4.227603351623949735e-01
2.930174903462248182e-01
3.255864004967142233e-01
9.133325382682966342e-02
8.386225380052692024e-02
1.581626077782583017e-01
5.347022635603648766e-02
2.493264593453528022e-01
-3.692114167262849911e-02
-5.295320092591014882e-01
7.040379981271271959e-02
-2.422255597610194489e-01
-1.352758704549650304e-03
4.235769451644317840e-01
-6.359839842029617607e-01
2.416610554021625390e-02
1.522530805900945694e-02
8.013605485084784874e-02
2.266404871901346318e-01
-1.108305051494342108e-01
6.475805698642425057e-01
2.898384299598473213e-01
-1.053187276389173643e-01
-6.722114385203070697e-02
3.710452531950592103e-02
6.035295627474406288e-01
-3.830009627436661290e-01
-7.861145966344711411e-01
2.391413629764749249e-01
-6.741254327329238016e-02
-1.338329364679524680e-01
1.276061800360284160e-01
5.720647516177903569e-01
3.193806753387682384e-01
-1.317053432580208572e-01
-4.177485728448613322e-01
-9.323652845247643040e-02
2.159111194603465234e-01
-1.246429636479020608e-01
-5.842663235397331789e-01
-6.732574741458274836e-02
-7.252690105898489392e-01
-3.711373497049743619e-01
6.565176546128558277e-01
-3.895549840077068282e-01
-5.242276588499201750e-01
-4.264520212373970054e-01
-3.015330194601082425e-01
2.710335664474596840e-01
6.360254619549472466e-01
-7.379441159715760534e-02
2.128331693816227776e-01
-1.383891366293070746e-01
-5.078008951843046015e-01
4.276101734571141622e-01
-3.636426717148704135e-01
2.197199701695329299e-01
2.117166270866723821e-01
-1.030424835220089541e-01
2.833310036409835142e-01
2.948615545906210222e-01
8.881588870716274897e-01
-9.659503356637433313e-02
-4.186928176332731510e-01
-5.033701168593749387e-01
-1.106629311010712824e-01
-2.905550416158901306e-01
7.545801517404315817e-01
-3.830275661286690614e-01
5.856203749953203808e-02
3.207494348838357823e-02
-1.605564400604313491e-01
-6.385129974819161447e-01
-6.295543112637047578e-02
7.672120898028078617e-01
1.390584342373660798e-01
5.782244375787470858e-02
-4.207174718018584780e-01
-4.015993762164598024e-01
-1.059473950446128132e-01
3.588601251471295051e-01
-2.018208951794200345e-01
7.805262883784482852e-01
-3.628335629480914371e-01
1.128993454553328668e-01
-1.314376893174689087e-01
-4.912044077131656472e-01
4.399817397267646868e-02
-4.446256571637441368e-01
-5.657942490988974171e-01
5.381342294192092979e-02
4.522417450201876576e-03
3.625858890768443032e-01
1.839202869981723110e-01
-2.801148404671423009e-01
1.779214268826803114e-01
-6.557439747991351542e-01
-3.707545311367015373e-01
7.267396137386077370e-01
1.504913691185644220e-02
-7.989711771162077980e-02
-1.945724448071326496e-01
1.117279861462439072e-02
-7.337595534847407563e-02
7.037383670045675998e-01
3.286711433265778748e-01
-7.346711507070713409e-02
-3.858101927372459272e-02
-3.049864516168149797e-01
-9.451967602075761476e-02
-4.780013673971692523e-01
4.027694959484703907e-01
5.200154746039020726e-02
8.421077238089047512e-02
1.253116516527361668e-01
-8.892260175473620798e-02
-1.655793259121179639e-01
2.924628970048905041e-02
-8.182176187646119647e-01
-1.089991503217988544e-01
-7.429869261244048673e-02
-5.415197790537085165e-02
3.816674824761032703e-01
4.899727881542039754e-01
1.334376970152386654e-01
-7.156576929438331902e-01
4.954871081935099397e-01
-1.946612580053397323e-01
-2.736999019750581130e-01
-6.557748686667672633e-01
-2.489793706167582332e-01
4.571619105284780993e-01
2.583142024743061427e-01
1.335914989377369189e-01
2.484860925638967544e-01
-4.222371772767861131e-01
-3.468902303252252572e-01
4.840359717909890058e-01
3.169950753165389212e-01
3.670763183492113946e-01
5.509348745764741651e-02
8.824189245749680666e-02
4.101916112948020832e-01
7.495636389238513608e-01
-1.755813627993557668e-01
2.852933461362727741e-01
-1.754258098477090577e-01
-3.254985629509591361e-01
-2.600386145340272126e-01
-2.413317322259720399e-01
-1.000369176904998270e-01
-3.622826540178536447e-01
-1.568722510806397352e-01
-1.003350940723445550e+00
2.751683032490657155e-01
2.153112917273014570e-01
-1.722897840454162832e-02
-2.644396746199548787e-01
-1.244740241649973100e-01
-4.260177313631459128e-01
7.344219420390141195e-02
6.110493333960764772e-01
-1.553037406768420503e-01
-1.479308676672383971e-01
1.363423073454468337e-01
-4.000398147280009864e-01
6.809355645043689842e-01
1.243112319979491343e-01
7.118154362027873105e-02
3.910702448759724170e-01
-4.002115788618620940e-02
4.466559432638850247e-01
1.377231454053312598e-01
-4.596795773364714677e-02
9.902863909450410063e-02
-6.867584074661792215e-02
5.524609731661085377e-01
6.540812286129282782e-02
1.492694677248733726e-01
-8.118315409223031409e-02
7.597978832249463466e-02
-7.122231276470336603e-01
-2.568548052839370044e-01
-3.721243161858867055e-01
3.907107130042035692e-01
-2.747673845152611705e-01
-4.461941026501921037e-01
4.257872067619290490e-01
-1.069821114771559722e-01
3.422127418153606548e-01
-6.691648129789586896e-01
1.622452939486728751e-01
2.438200163968817780e-02
4.933614874037139941e-02
-9.928419251848996652e-02
-4.757779453546540083e-02
3.769104776368175647e-01
1.768831600212883437e-02
-3.774590160050466103e-01
-1.824283820433705294e-01
1.475054975124941992e-01
-9.203078010844711887e-01
-6.908159474857247240e-01
2.326425283767385999e-02
1.082525845510307061e-01
-3.938078576872966474e-01
3.247207881155844689e-03
8.234899842278915472e-01
2.128808948366396336e-01
-4.369124385316141002e-01
4.847769735900531174e-02
-6.333777770810822272e-02
1.115538992968275744e-01
-2.720544405983222891e-01
1.746831432789798522e-01
1.806301217577748197e-01
-4.303893299517591586e-02
8.431514130713753108e-01
-7.284190923323552447e-02
-2.259846667607083859e-01
1.898693304055569797e-01
3.555576052050430924e-01
-2.626046161912163335e-01
5.247897956625002802e-03
7.660729137449717729e-01
-1.559859153678022636e-02
3.916892834423961745e-01
1.232575759680303307e-01
-5.136747793838747356e-02
-1.337533601835483310e-01
3.618362045867966614e-01
-4.228672902487052854e-01
-2.700522736343380359e-02
-1.491270846807042361e-01
-3.152164518349277467e-01
9.042096417148427767e-02
1.915421047838147817e-01
4.888304019569744696e-03
-1.562753851574516517e-02
-3.009692184796817216e-01
1.150220445168246286e-01
-3.424167794542609666e-02
-1.601614488679262704e-01
-1.559375293998913614e-01
1.395556884847917178e-01
-2.407123026536872601e-02
-2.924270889051334699e-01
-8.138968348959392252e-01
3.695948299704221451e-02
1.430974198435119860e-01
-3.224177390835261114e-01
-1.977072135683726195e-01
6.258403818251589978e-01
8.263359126459257631e-02
3.021754951840636139e-01
5.592928701682220449e-02
2.615173431523875047e-01
1.835029333726057033e-02
-3.013821357311829985e-01
-6.980153390622634291e-02
5.009460882718030916e-02
2.165354441788402973e-01
5.663287980527069720e-01
3.769428102011844750e-01
-1.514554809340928898e-04
9.439770187609175522e-02
4.753145129990106188e-01
1.962671888521146935e-01
-5.650398000683858335e-01
-2.127366671034431889e-01
1.170164835531970482e-01
6.428233669057226152e-02
1.864474748237420765e-01
-4.049543983144925363e-01
2.394953547709288699e-02
3.012941836093234738e-01
3.718069493527170755e-01
-3.122930317153866930e-01
-1.037082313145498702e-02
-1.289464049354061004e-02
-1.444105889466058557e-01
-2.006226627326054279e-01
-1.007633673421213238e-01
-7.522170940714201226e-02
7.798797576161486944e-02
3.216626746491950684e-01
-2.213701945180881481e-01
6.438754448863575064e-01
2.282687805898402367e-01
1.825967173749241113e-01
3.051618001326837915e-01
2.081174115822275184e-01
2.744013060828955908e-01
4.224343319134888919e-01
-3.578132685946050495e-01
4.894401646812673867e-01
-8.774769049911479435e-01
2.366084013537439468e-01
-7.964944444166563997e-01
6.073235019753475683e-01
5.812224390052929124e-01
-6.151544939916542276e-02
-3.597433493124695403e-01
-3.447286461657279588e-01
-4.370008707973145334e-01
-5.134694574404141676e-01
4.051273283934249125e-01
3.246503740267885352e-01
1.710330526280812169e-01
2.347292389478865537e-01
3.145587203783168917e-01
-3.121073884347214111e-01
-1.119249519582385943e-01
4.424606845831748902e-01
-1.036959415624232328e-01
4.004806934639506544e-01
5.851458336863784027e-01
-3.776541055397342195e-02
-5.758460415303079394e-01
4.550964632745824190e-02
1.326689032916504585e-02
-6.535438908886659348e-02
9.617182979739791193e-04
-5.056194995709377693e-01
-8.604517269972089544e-02
1.112036654246081890e-01
1.024194610711393061e-01
3.772897136356403447e-01
-3.033963983504794903e-01
4.388364623659231079e-01
-3.055696729275954038e-01
1.992790664453005789e-01
3.210511277955099274e-01
