-3.540554642674450747e+01
-2.045267058872425991e+00
-7.298604075196280405e+00
2.456318383233966074e+01
-1.216952773348742767e+01
-9.406758727727208225e+00
-2.460701265034117569e+01
-5.140892420274705898e+01
-2.192615341429899445e+01
-2.307032729562621398e+01
-2.139012026925553300e+01
4.320656425620423846e+00
2.028350213534437785e+00
-1.098004151667751671e+00
1.776132464224090768e+00
2.705258455173321863e+01
-1.045439220995319829e+01
-7.357749004428683293e+00
1.196376571308917391e+01
-6.323063832813021179e+01
3.167855822437624624e+01
-1.355519228507733942e+01
-2.475782829577989119e+00
-5.722559290100093676e+00
-9.484193616711991126e-01
-2.209781393208686495e+00
4.905858869112788057e+01
-1.530133980751102740e+01
-4.131848076966491590e+00
-3.100394353051312635e+01
4.007016979044760774e+01
-4.425941127304426459e+00
-2.181842565104545884e+01
1.145493238493602917e+01
-2.095700753943475547e+00
1.329003298826441437e+01
-5.514486780980405456e-01
2.769900253383326572e+00
1.931559529207598302e+01
-5.582444734244955953e+01
3.111611237533699637e+01
8.285639943586161849e+00
-6.401626424326451570e+00
-1.784096887513953789e+01
7.044210790314792803e+00
-1.116264326932125073e+01
2.543895764788658198e+01
2.029985515290286457e+01
-1.307276948237705483e+01
-1.671160487341211365e+01
-1.762557906014620812e+01
-2.124087096563634702e+01
1.078421149232227094e+01
-2.768688332908971006e+01
8.493474789083165888e+00
3.533071852414533964e+01
4.073342195728882587e+01
1.897925240572349992e+01
8.521699466481578611e+00
1.772299623054078666e+01
5.198027881438667919e+01
8.796929168052201931e+00
-3.049235846050689247e+01
-6.159689562075982394e+00
-1.440193930332540617e+01
3.397358963203113547e+01
-4.026721865863653704e+01
-3.502033265132399720e+01
-1.786019473825813009e+01
-1.000786644697149086e+01
-2.287376242687500394e+01
1.603918643739690708e+01
5.328515884274111158e+00
7.990309602806632938e+00
-2.211975344387690257e+01
-1.938040627332091503e+01
-3.340495718821965454e+01
1.840558224047975955e+01
-1.915048574004912751e+01
1.729795663471817591e+01
-5.501126741135930587e+00
-1.522169977157145127e+01
-2.929579053424754420e+01
-8.675961939424354341e+00
-6.251804586359469340e+00
-7.049999497554637173e+00
2.284927161603124546e+01
4.278697557153267894e+01
-2.516097567352822040e+01
-4.390020225805518095e+01
-1.100038947281693424e+01
6.076704887209771755e+01
-3.312738181218441014e+01
1.828723333865781342e+01
-6.653751257510464256e+00
-3.410434580183616049e+01
1.412785917403175517e+01
1.996738845760509662e+01
-9.836476826154580522e+00
1.870279068170918890e+01
-1.371215368679975199e+01
-3.197160872323357239e+01
5.367904479745374147e+01
2.556980764749266655e+01
1.448691268219656081e+01
8.019071698131597259e+00
1.524030090422590433e+01
4.618776882526753980e+01
-1.509452305486016677e+01
3.399527184154678139e+00
-7.736993605215172920e+01
9.036673866250666265e+00
-3.788921440330690871e+01
7.940735313150753427e+00
1.248304843449282941e+01
-2.041167146754463602e+01
-2.896171071037633737e+01
1.221585644791105096e+00
-1.721859013552250417e+01
2.186058616497516027e+01
-2.837146312311450913e+01
-3.150293049924187017e+00
-2.059094254952777447e+01
-1.996158869583695150e+00
1.127063760367533973e+00
1.272710808099475344e+01
4.232205989070507712e-01
-2.966341513352460879e+00
3.642159343714979514e+01
5.156086583619273256e+01
2.783462569961573507e+01
4.024081166796335651e+01
-6.644192089804164425e+00
5.658011110752113382e+00
3.010421721517712967e+01
-5.056770806590975553e-01
-4.308467890723122196e+01
-2.309721112654163022e+01
-2.869592641327541571e+01
-1.570204637225711508e+01
1.620070196624197933e+01
-6.730864476757199100e+01
-9.448248837346000073e+00
2.511418486215809764e+01
-2.125459802985707825e+01
-1.764997008796348155e+01
3.376277518296018343e+01
2.525817535139555048e+01
-1.874472689031743755e+01
1.577134002382180711e+01
-1.439572514987291640e+01
1.938820261434081971e+01
1.937347049195238924e+00
7.502569859610687786e+00
-4.835338807055552479e+01
-2.683282201689380031e+01
-4.933655610184246143e+00
-9.463115806899242699e-01
-2.318042871766908775e+01
6.163194164148865184e+01
-9.875846376207221056e+00
-1.827271951544241801e+01
2.023133895476894395e+01
-2.605153391387479900e+01
-2.074865023200402447e+01
1.849627467481712983e+01
7.230884867214484757e+00
8.670707820049301517e+00
8.897268392729529296e+00
-6.254767973931706138e+00
9.015093518562593999e+00
3.307319180618611654e+01
-1.503308217463975893e+01
1.089235113627864848e+01
5.158508725078643664e+01
1.852531081873540586e+01
-4.287853840041805142e+00
-1.159162799988149573e+01
8.828724335067991547e+01
-1.211418101477698883e+01
2.125802334587203291e+01
1.471104198757575432e+01
1.670106939451085992e+01
5.017406354418000092e+01
2.715052009682290191e+01
-1.551616188413225572e+00
1.373651829320613160e+01
2.783926178782860461e+01
2.043783092041428517e+01
-3.305351788962326509e+01
5.343466389380949977e+01
-4.761740021688898139e+01
-6.978619145727861905e+00
3.123261485167253682e+01
8.468580938154961046e+00
4.212372318518248449e+00
1.608365053307790049e+01
1.264875643624344548e+01
1.952344667030735081e+01
-3.546806186330871924e+01
2.251501941092669767e+00
-1.505198827189161648e+01
-3.783853524191776785e+00
-2.485598574454286336e+00
-6.091652400662219691e+00
-3.265548087265159438e+00
4.751337462698066361e+01
-4.780648098665096768e+00
-1.475807219551019500e+01
-1.453081023173357522e+00
7.367969748645236905e+00
-3.381333870271326703e+01
-2.899340622570827009e+01
-2.053466021029113620e+01
-3.504478248707752641e+01
-9.079095555707354492e+00
-2.365858697368881991e+01
1.036190179418056800e+01
7.261676076893692766e-01
-7.108634941234157623e+00
-4.691399984451678051e+00
3.253857984551686400e+00
-8.337396025080082040e+00
3.856266314913526116e+01
-4.903837118251186666e+01
-8.571986817692422989e+00
-7.669761209738894081e+00
9.032089542758427569e+00
1.273456707796748333e+01
-2.663174678299094467e+01
-8.593004129864937113e+00
2.435284119480449050e+01
-1.139478813025095150e+01
8.984341456704953544e+00
1.932303437956460357e+01
-1.626759596930668295e+00
6.316848627927458892e+01
-7.899899513814034435e+00
-1.795524658714185762e+01
1.808969084654364678e+00
-1.392746377499420873e+01
3.091817714899710268e+01
-2.400573624654279570e+01
6.865864224554059092e+00
3.209955770896604577e+01
-7.203666137629795685e+00
6.692742105406171049e+01
7.249116656679063908e+01
-3.759211738219960353e+01
3.335019284797706973e+01
1.229009457311920528e+01
-3.151316831178836253e+01
9.419993939791467596e+00
2.378159257238056057e+01
2.433076710316069580e+01
1.322514129921543713e+00
9.573421331274460044e+00
4.211258435847935289e+01
-1.326912632305518969e+01
8.029408274645128074e+00
4.060932248730114225e+01
-2.091841663535632279e+01
-1.128057355019620900e+01
3.166970371009804808e+01
1.624730878980309967e+01
4.280078705594530675e+01
1.705235851194268548e+01
6.162423656140788353e+00
1.507030764425931579e+01
2.288917611541899078e+01
-3.026166391285497070e+01
3.864116043989184845e+00
1.397293915021144883e+01
6.553024782500472156e+00
1.336839698434494039e+01
-3.462051249256363405e+01
1.806929534201049137e+01
-2.413802172792594547e+01
-1.881600464181367016e+01
1.204682034816180192e+01
-6.580786291020515932e+00
3.268882354802971690e+01
-9.450827647885034821e+00
1.699406754950365439e+01
1.826150240618238740e+01
4.391260623871234259e+01
3.081280003150934022e+01
2.759721849194402665e+01
-1.907650227649781982e+00
-4.722113769022740826e+00
-1.807462284364834204e+01
4.512444809509750598e+01
4.490579085420452543e+01
2.206564381775649508e+01
-1.422637144341361193e+01
2.811563507229405445e+01
-2.902779987427436481e+00
1.010595433304881396e+01
3.735023839766250831e+01
-7.122839344382185800e-01
-4.506920076839406875e+00
-1.138919439109315590e+01
-3.305870384576766696e+01
5.398233515921839398e+01
2.858115809776137439e+01
-3.377314481304132698e+01
-9.323307053821750401e+00
1.487816987729753038e+01
-5.670649505178062100e+00
3.585323267450127105e+01
7.118494572509007412e+00
4.515202791634351343e+01
1.956819876014293769e+01
-1.285263039027967125e+01
1.131321524766894981e+01
-3.541650495725463088e+00
-1.550862492991396380e+01
8.891612549119315645e+00
8.491202117688601447e+00
5.304544060441160980e+01
4.458560634885319018e+01
3.137047278443313303e+01
3.771758846307807289e+01
4.897348262079191272e+00
-1.467469173276850825e+01
8.068488864748388778e+00
-1.891655304670740989e+01
-3.037487063415164101e+01
-3.153069583993448077e+01
-1.768352761892685976e+01
-6.155954457819922254e+01
-1.975196312636671792e+01
-4.906866093520841332e+01
1.325487073471820842e+01
-2.623285645490292239e+01
2.636691872853273821e+01
-5.601886647359329174e+01
-1.685627143490864910e+01
2.425500600281580432e+01
1.185666321228714537e+01
-5.028482145279586035e+01
3.201696004773020832e+01
-1.467978432769839969e+01
3.049097963023769609e+01
-1.318478954019204252e+01
-4.440926244382114874e+01
8.144488580891362517e+00
-3.688359192383722984e+01
-4.225752965458212884e+00
-1.674460735893930519e+00
2.316994396817260338e+01
7.137470267918712352e+01
-2.444266539967543395e+01
-1.981184115403408441e+01
-2.384159838842549561e+00
-6.465855820583016111e+00
-4.573308223922491322e+01
-3.158314520725389229e+01
2.712181072341577703e+01
-1.203131982508017472e+01
1.144711937845778493e+01
-2.780152168642266020e+01
-9.289662140114614886e+00
-2.349477060950897567e+01
2.918450604565869355e+01
5.401672978288502236e+00
-1.263863466358031928e+01
-9.627803342136189713e+00
6.731331810282540573e+00
-4.647719277480860001e+00
2.439611410567877670e+01
-1.459288343341137306e+01
5.650945775657021386e+00
2.008362332301717856e+01
7.754076008340859971e+00
-1.205695665658680582e+01
8.712288282971451281e+01
3.331158165901592838e+01
2.444305738217622093e+00
5.732284992553331904e+00
-3.548517762384366847e+01
1.903674039019489328e+01
-4.329206276295839473e+01
-1.649481070000348382e+01
-3.120415021072065542e+01
-1.119367560701505226e+01
3.218999618144300712e+01
-3.213622216826939848e+01
1.357594367934885327e+01
-2.164200857600519612e+00
1.175546083609035009e+00
-2.029042119134479094e+01
-2.511291034939921474e+01
-3.162438364407876179e+00
-2.026715178138154272e+01
-1.124557645829469266e+01
-2.339455298608568512e+01
-5.242531380375798022e+00
-1.965502482379505977e+01
-2.845982732815379279e+01
1.187563726489904781e+01
-8.144136436003321933e+00
1.386059815467038447e+01
4.840325655449962738e+00
-4.315950113430646695e+01
-2.975542273563204532e+01
-2.589635476828124183e+01
1.840694715806898785e+01
-1.396407889056689555e+00
-3.515655741290981950e+01
3.338728693990291418e+01
-2.221242477553904848e+01
3.237015921076605451e+01
-1.793287259805478584e+01
-2.739118099140850404e+01
1.342278228224370196e+01
-3.853850067751724850e+01
-1.952098363470562958e+01
3.513024334893424339e+01
1.069622361558396051e+01
-2.488410725864741835e+01
3.078510966956085326e+01
-1.030414720737906009e+01
-2.155565334793664078e+01
-1.725787281676721818e+01
-2.840465917442162436e+01
1.570225112276084900e+01
-5.096588019887136056e+01
-4.490841271479240504e+01
-5.758691184206327307e+00
-1.705707197124002050e+01
-3.353150893320835735e+01
4.166981077275340795e+01
7.609283667908604798e+01
-1.558565589850577737e+01
-2.020482136425783892e+00
-3.438813195387950117e+01
3.715658040954514263e+01
1.158285516229079803e+01
-1.357798305113328752e+01
-2.067205301237052595e+01
8.360533869004342478e+00
-3.293722577437124244e+01
-9.999363187435392319e+00
-4.934417436302291549e+01
2.067078395092107712e+01
6.281283426948647275e+00
-1.023422242074559563e+00
-5.858651512466394706e+00
-2.271826023714561416e+01
-6.218400218612117669e+00
7.445176904718468336e+01
-1.037691587270467153e+01
-2.727214851644330906e+01
-3.963163542829798303e+01
7.922185539553652234e+00
-2.127163182518541262e+01
6.159844043697255245e+00
1.722632621577943013e+01
4.321864907973406389e+00
1.778585488286931593e+01
8.584783303747244076e+00
3.322630022661076055e+01
1.495672409755893284e+01
-1.986065549181231660e+01
2.724058286861148304e+01
1.981054394422662313e+01
7.024416750447656455e+00
2.404817432205624073e+01
-1.610063563495218375e+01
4.184026497604511974e+01
1.336075062196655416e+01
-1.801657464885535376e+01
-3.347733253086097704e+00
-1.023831237201480349e+01
1.158000937609568837e+01
-1.326232017639098615e+01
-4.484140914958388180e+00
-7.293809387908027020e+00
4.594088083025388869e+01
3.138503677311936713e+01
-3.688266965180198298e+01
-4.594428740005227496e+00
-2.996450471018968642e+01
-8.222256791840607093e+00
-1.340114858317181756e+01
4.885773272883909613e+00
-5.978234861392088817e-01
-1.630906844328004013e+01
9.620047138785366769e+00
-4.686266319973121597e+00
-5.332089750570972342e+00
4.890787287630232072e+01
8.207212760534826401e+00
-4.684885821669480777e+01
-2.252612840927247362e+01
5.438313415092432024e+01
1.545773529305290594e+01
-5.385151872626238401e+00
6.067459682523016795e+01
-9.169413345132937820e+00
-5.173721539236112221e+00
-4.597556516408531024e+00
8.797395229231625535e+00
1.769141398820281097e+01
2.475720820238137776e+00
1.644691963147454317e+01
-7.251070790437935898e+00
-1.997389731435286819e+01
-2.362365626180315559e+01
-2.724963854112962736e+01
2.338234654918647948e+01
7.372278230514140773e+00
2.165151185445973780e+01
7.916358469839707368e+00
5.065591617451778461e+01
1.058751414140549230e+01
-4.571576543480830424e+01
-1.944895263323253687e+01
3.481257272253422741e+00
-1.651657618247186576e+01
3.583330025738453628e+01
-7.934877528790821088e+00
9.539234531473674394e+00
2.992190485894356300e+01
-4.239691630810239076e+01
8.487669788788548431e+01
1.176623013810137763e+01
1.351321821435516313e+01
2.053278579736624465e+01
4.239378737738206837e+00
-2.628162327558527522e-01
1.987259181122129803e+01
-2.101787666704382218e+01
4.709499016375335145e+01
4.165620368255562767e+01
-2.363132465468775933e+01
9.151685812244750196e+00
3.972649164337695993e+01
-1.167526315887445776e+01
9.895903950964338947e+00
2.138343740670058679e+01
2.302706437178542842e+01
-4.332928356980869466e+01
-5.835549482511225960e+00
-1.738994486677738394e+01
-1.782755166072064412e+00
-4.504852390063657452e+00
1.014003014627235189e+00
-7.112400432378791493e+00
-1.802895336225105893e+01
7.500981517100029805e+00
3.914562662157550221e+00
3.010814928575148386e+01
-2.484789043188068547e+01
2.474463729524063638e+01
2.682077656832554169e+01
-7.081676386130453693e+00
4.619589187570404931e+01
-3.860843714520331105e+01
-5.848906754910819217e+01
-4.875951461248639873e+00
-4.527762509805313584e+00
-6.667064060638381306e-01
4.532992416002393554e+01
-2.766241215854812197e+00
2.429414200859795869e+01
3.050548418712592991e+01
2.119001223831696734e+01
-6.465442442502080667e+00
3.381768173389411913e+01
-9.037725097604337066e+00
-2.012786558594257258e+01
-2.322776803915397181e+01
6.116001675114667080e+00
2.007628981638058008e+01
-7.639782195402347043e-01
1.973986355615136290e+01
3.256751231479313446e-01
3.435269265878891076e+01
9.834827218947566507e+00
5.100388397363580850e+00
-2.121410133187907832e+00
1.826122432715009580e+01
2.130011962213858112e+01
9.751468806076786677e+00
-1.020672996006126709e+00
-3.115945167015900807e+01
1.650671758688886825e+01
1.078218709869867098e+01
2.013897185600065853e+01
1.598815073976781775e+01
2.047535695283110613e+01
-4.906428615038876728e+00
1.765788359093738791e+01
-1.521031948658469446e+01
-4.169868502210647421e-01
-3.070849522965303890e+01
-1.742592570667267182e+01
2.280655307521031716e+01
-5.106512969081403241e+01
1.505097874367649524e+01
8.958823277684643926e+00
4.705895965186867613e+01
-1.072974763989958547e+01
1.887974049259656084e+01
-5.652394453385170436e+00
-2.744094016353500720e+01
-3.850159302169009834e+01
-6.643688552223572685e+00
-5.011865439440631320e+01
6.652545923762772873e+00
-1.126629346413192856e+01
1.747900328416156412e+01
1.331533556213997826e+01
-1.618125547203760561e+01
-1.657490780964184296e+01
2.322305145239716495e+01
-3.479665824252129624e+01
-6.920919701566788262e+00
-1.070279540099897275e+01
1.546779223654895929e+01
5.296220417116330736e-01
1.531855131396497427e+00
-1.068947355493398987e+01
3.102394051660243690e+01
-3.138887338093599055e+01
3.889656834367258398e+00
3.411136914445722823e+01
-2.081744363124013830e+01
1.745060611711835463e+00
-1.606092947358774836e-01
-3.690856242550785993e+01
-2.267871479274964486e+01
-2.819744098398027532e+00
1.599250816152118659e+01
1.867439991715440328e+01
3.477693115300695581e+00
-5.442973181656327597e+00
1.010532400354867377e+01
-2.409365626874247823e+01
-1.124666586412160996e+00
-2.937134060854947393e+01
-1.577898017668665887e+01
2.753744056727001066e+01
-1.615884733913480886e+01
3.843725562827438580e+01
-1.360948781230257509e+01
1.857098945548520419e+01
1.432230536710788016e+01
-3.589441540402016528e+01
-1.424456629805135321e+01
4.915344828779154795e+00
-2.361834409831836012e+01
-2.137025026394462657e+01
-4.942463133884427862e+01
-3.063443280824259318e+01
-2.893395974284396743e+01
-2.488610669582757851e+01
4.852490510661198186e-01
1.034628319195108759e+01
3.875574926319018232e+00
1.378508549155969654e+01
-3.215305290065786892e+01
8.628527833710506911e+00
1.525286424710675703e+01
-3.814132105175698939e+01
-3.517712939756430046e+01
-2.385867609914134846e+01
-1.539940237949178226e+01
9.222291084000687533e+00
-7.643599409666421707e-01
-2.385096983631145662e+01
1.695822284090081666e+01
-1.348385694357413911e+01
2.843585677327521921e+01
-5.033322586390491438e+01
3.580023046605650450e+01
-5.099191784353770629e+00
-2.272305252364939321e+01
-1.420169299614219938e+01
1.038172462574031840e+00
2.532753725753439866e+01
-4.170235799207070215e+01
-6.685663813872054106e+00
-1.143838614415480492e+01
2.529890754699592037e+01
4.724591636621825330e+01
-5.621830104012047968e+01
5.259628591681473608e+01
2.351018715648676505e+01
-4.223275510838654156e+01
-1.807116491354895516e+01
4.480499341929099444e+01
3.359529476782222446e+01
-1.179717038312782051e+01
-3.330505836514760176e+00
8.120927806298453788e+00
4.222855424234415977e+01
-3.212341065923082084e+01
7.189804898081604279e+00
-4.710893863206436549e+00
1.544540410422598598e+01
-4.104523611468461297e+01
-1.864420112313943889e+00
-1.720793053231378167e+01
2.701030155620172479e+01
2.378690562054180191e+01
-4.936744291169367216e+01
-2.702151666114428963e+01
-1.220268978996682563e+01
-2.406178789263515938e+01
-6.604571590124095337e+00
-1.150998505204528044e+01
2.544191687114519596e+01
2.377829915313978404e+01
-1.236081849143999989e+00
-2.592812296384884263e+01
-4.808840889231086635e+01
2.687391123514100855e+01
-2.777454441492918136e+01
-2.055945247983072477e+01
3.364556082225000466e+00
-2.030752549307520383e+01
-2.210004349323932615e+01
-1.620879915407942207e+01
-2.710238071190892128e+01
-1.465202048586426997e+01
-2.938284708969879944e+01
3.166065476465639961e+01
3.474094065991741331e+01
-3.727832069149314975e+00
-1.241693074029029731e+01
-2.246061099502867364e-01
2.572479978377032239e+01
-4.862423894963504267e+01
-1.127460940774523124e+01
2.783467030151200561e+01
4.007305949427896508e+01
-9.467152420931000734e+00
5.628348592629379255e+00
3.102073448052661320e+01
9.382825429406068451e+00
-5.597702880238841772e-01
-2.513626984221525618e+01
1.140246148986244634e+01
-1.961949259455926153e+01
-5.978054747218692455e+00
-1.097083060507046071e+01
-9.297301683309456166e+00
1.280923566441734351e+01
4.473949452929318937e+01
-1.388162914521529956e+00
1.940627138751452208e+00
-5.150844103732744372e+01
-1.073669073445802269e+01
-2.035020828496152490e+01
-8.660677561303486982e-02
-2.651733486571120579e+01
4.826277829985230028e+01
4.592232739730405910e+01
7.965195344761518470e+00
-1.118050800068613171e+01
9.381545503064998570e+00
1.168497736170216683e+01
-2.696749003811977019e+01
-4.742561199429360386e+00
1.071268148555333255e+01
7.534682163912037822e+00
3.115493321638294333e+01
2.288954040355861252e+01
-1.198956327136096434e+01
1.472395639827193747e+01
-5.610558151784640302e+01
-7.182523388043478008e-01
4.936511618569684856e+01
6.768843904147786361e+00
-1.174209341277901331e+00
1.728492422618856494e+01
-1.617565327001301156e+01
5.087488179706339508e+01
-9.407979232016856486e+00
4.551344768042494593e+01
2.215385216604897067e+01
-2.292075269123483849e+01
1.830833627502087779e+01
-1.730147280837906010e+01
-4.091389128890460825e+01
-3.642612657359137529e+00
-3.153223490013852626e+01
-2.975052468557163365e+01
-2.786309057799797984e+00
2.045583413254195193e+01
-5.491492975388837294e+00
-1.773173459773846616e+01
5.072915573827572189e+00
-3.917356096561081813e+01
-3.972485779168273723e+00
-4.698108236582419295e+01
2.769880063964924943e+01
-6.954851442960148233e-01
-2.827148168329227929e+01
-9.429344092704809555e+00
1.047052224317593527e+01
-2.001534377480845706e+01
-2.583829804056682633e+01
5.338511556074406883e+01
-1.373296597449177625e+01
-2.281870993968323091e+01
1.547838622618297677e+01
-1.000759890268292907e+01
3.096862650210872303e+01
-2.569984608797881265e+00
3.929509731322340826e+00
6.122865893560168615e+01
-7.057202786896709767e+00
-2.078013239566172388e+01
-2.443208427085721723e+01
-2.886767707154939444e+01
-1.938264222045171437e+01
1.539251447577561294e+01
1.537440781776143695e+01
1.267128449682924440e+01
4.165204273073163677e+01
1.861321034254189044e+00
1.185095132656866213e+01
-3.605294509206818532e+01
1.509338967105520624e+00
-1.058086826516969836e+01
-1.510114241258111178e+01
-1.965033956061631670e+00
1.912714163071655094e+01
2.166388234068500651e+01
-3.960727507808954329e-01
6.883725113252523897e+00
1.565647715145778207e+01
1.980937825364978266e+01
-1.384965251944224462e+01
-7.141781320829977631e+00
3.939022630628414845e-01
-1.310574349833086671e+01
-2.885572724180178739e+00
-2.036562672145126385e+01
4.501648580083406159e+01
3.646528257592700584e+01
-9.231330330732419043e+00
9.078828161642746863e+00
-2.630730774475784628e+00
-1.702147340675705323e+01
2.025726731918511803e+01
-5.404598038783888114e+00
2.266971406841292946e+01
-2.972885096791866744e+01
1.018515333935096123e+01
-5.612807900142172457e+00
-3.058337679322113445e+01
-1.382819177596638838e+01
1.516050710311716188e+01
-5.191456099088046017e+01
2.441797905704447658e+01
2.648755023895776617e+01
-5.673818444367237035e+00
-3.393988688231416972e+00
-1.779272337192395526e+00
1.421529935012739543e+01
-1.856142138282018550e+01
2.050297603523277701e+01
1.734932633892395870e+01
-5.588954766217608494e+01
-2.012743107630606687e+01
1.350624618122753873e+01
-4.859801466056296704e+00
2.467641994679867423e+01
-3.622361720083102909e+01
-3.012890256652553944e+00
-2.379497687896650504e+01
-7.312195395625812466e+01
4.372280527168059905e+01
-3.320740634219839649e+01
-3.480573179226174574e+01
5.070494793188217386e+00
7.373941613400243966e+01
6.623950848286028759e-01
-1.599237490993274946e+01
-1.770352843279397348e+00
-3.107882984420633932e+00
-4.874184433205689970e+01
-3.482790227584771259e+01
4.660435432757151375e+01
-5.835519787021041793e+00
-2.143166243141597249e+01
2.806912830318913166e+01
-2.040145266246483402e+01
2.100059448490031855e+01
3.026289098114599341e+01
-3.248435098291982115e+01
-1.598594938514850128e+01
-1.975122679000847370e+01
-1.016856471037294796e+01
-1.004831200533482161e+01
-5.918783655380593700e+00
8.131990175182693292e+00
-1.942083001757694660e+01
1.614080352167907506e+01
3.295339749449420452e+01
-5.130983241188729949e+00
-1.156109324507173142e+01
8.284136471400302071e+00
3.183306686250151074e+01
2.967921195591621597e+01
5.541880212416913309e+00
-3.175404192930841418e+00
-4.959355832195171843e+00
-2.888376773545466847e+01
2.187792994598397911e+01
-1.272157799612705276e+01
1.131589790008183627e+01
-7.940295459979097359e+00
1.534568005819954806e+01
1.040371889128481087e+01
-4.580984820332218987e+01
-1.515318411802905985e+01
-4.469136735445546549e+01
-2.032118628959386797e+01
3.028340109017229054e+00
-9.778440039229877812e+00
1.857004702170146970e+01
-1.704450225040167766e+01
2.089493959769313847e+00
6.094440605331271854e+00
4.025532893770764531e+01
2.040741745917941330e+01
-1.718079152624830286e+01
-6.948434729470704951e-01
6.932714432464763377e+00
2.178500521838342507e+01
2.273431945195909520e-01
3.104992677146776714e+01
1.281306412091134206e+01
5.146770772816057615e+01
1.111249320879707625e+00
3.723942599427584810e+01
-1.534405984213734087e+01
-2.144998423913337149e+01
2.523241212712264314e+00
5.326438835417945938e+00
1.523640204370343554e+01
-8.060865575751222423e+00
-7.777355425787142451e+00
1.473157843458667315e+01
-2.755775911084938912e+01
-3.132467198887056270e+01
4.500859237399436097e+01
-3.369849820875572277e+00
-2.222714260434840838e+01
-2.302218471068918859e+00
-7.645558416041751570e+00
2.414159404626174421e+01
1.881890922011811540e+01
-1.144885408776895019e+01
4.618440224415110151e-01
-1.504529115864585265e+01
-2.004502945095987343e+01
-1.522130923645926259e+01
-5.492439240507987108e+01
2.813779540244354394e-02
-3.660092613798298089e+01
-3.164525729199480963e+01
-2.118023930164707735e+01
1.088032687899624307e+01
-2.072981093301370947e+01
1.312673179371023480e+01
-3.479065716542949360e+01
6.002601987108562298e-01
-2.353713364116629236e+01
4.843936928883422866e+00
6.390854385782617442e+00
1.895862177492352885e+01
-1.192097848747167177e+01
-9.100357898970287351e+00
1.678143578221649435e+01
3.368210374406699259e+01
1.865731049952151466e+01
4.713900552976383551e+00
-4.075899422079545786e+01
-9.641171455248070288e+00
-1.792126780716483836e+01
-3.434383533801320709e+01
2.296597042299885061e+01
-2.060025868756605405e+01
-1.877544853873871489e+00
-1.593366692334528523e+01
-5.665915004796551102e+01
2.941475588364735927e+01
-9.985778539624789119e+00
2.300903950211352367e+01
-4.057994387407730130e+01
3.829165098972458736e+01
2.089809184434159306e+00
-1.635613090531482428e+01
4.868526455048055368e+00
-1.183345198903904816e+01
-3.724583483826458519e+01
8.244094209194258838e+00
2.022902893137306535e+01
1.001104902905524341e+00
-2.059277257247185844e+01
-9.287839084896148734e+00
9.982359635718154323e+00
1.814787699736035620e+01
3.581416297591476194e+01
1.343073732834363909e+01
-1.321238237853739861e+01
5.420823010823058041e+01
1.363122032927688565e+01
2.412626640609383344e+01
-1.034690215467543339e+01
1.591327526886500721e+01
1.112496332248997533e+01
-3.522862849688971210e+01
-1.171848659476108878e+01
-2.322586146522172257e+01
-2.095334257987052240e+01
-6.857620591704403523e+00
-7.853374377775196535e+00
-2.395958644996468934e+01
-6.297958917111139954e+01
-1.640132975786334413e+01
7.112170692267568484e+00
5.169431521993715251e+00
7.890917794573411470e+00
2.634219796430349447e+01
7.985892580616475556e+00
1.845317627802270977e+01
-2.369336307082987503e+01
2.595860865337391488e+01
-2.582666977623827620e+01
-4.083796578339541838e+01
1.246870755474861880e+01
-2.450973431689550353e+01
-2.231683285955996610e+01
-9.008529711457558165e+01
-6.565641793816809013e+00
4.633016558130350404e+01
2.408530250448509236e+01
-5.808076101091046439e+00
-7.831585069764855689e+00
2.144081950537824355e+01
3.777559242931536687e+01
-2.364521881006993453e+01
-6.145313471048041265e+00
-1.931999249561403076e+01
-1.993808794965673314e+01
-1.748295053608634220e+01
7.208174603301070960e+00
4.020267101140990462e+01
-3.706718229515004737e+01
-3.188121530864503939e+01
1.872309883052565738e+00
-6.044209748637541679e+00
-7.626759099507673056e+00
-5.123502245825579848e+01
3.570774646720860801e+01
1.360292234059386374e+01
5.303213927223740853e+00
2.752955496622659837e+01
-1.862381793337716829e+01
1.760549458548346990e+01
1.581287365632803699e+01
2.094064012578201073e+00
-3.475491400509888251e+00
5.024057869851601410e+00
-8.970925937431584174e+00
2.879707546252301142e+01
-2.277550568884296922e+01
2.447338646666855766e+01
5.489935124963665203e+00
8.201301590774846773e+00
1.289794501276605843e+01
-4.938799266838162794e+01
4.763049142913189371e+00
-3.806497000456579372e+01
-2.784261317212111919e+01
-2.784393954891237399e+01
-2.836149143559094910e+01
3.016634974553653592e-01
9.512761543163605893e+00
2.829748243217517256e+01
4.918823118682638551e+00
8.160174461706560578e+00
-3.988655680682524007e+01
-1.451645889838997050e+01
1.934448901829905765e+01
-1.137061377639945192e+00
-3.933106175875877852e-02
-5.067652596795710451e+00
1.990557665468497817e+01
-5.186669197591234592e+01
6.419998878768414130e+00
1.154158887215865548e+01
2.455956440273233810e+01
2.102293502347436771e+01
-3.215344166335452769e+01
6.415986576070736191e+00
3.324589753357116706e+00
2.714995630320913733e+00
3.362499370402957766e+00
-1.072209089787318703e+01
-2.007749304054726736e+01
1.074586083627386301e+01
3.414878394618671109e+01
-2.815626295875517826e+00
6.594974931106122540e+00
9.626119766539005695e+00
-1.460067638829029590e+01
-1.543841447439143622e+01
-6.781989280570152800e+01
-2.099138292515988269e+01
-3.102020517517418341e+01
-3.814671867578397269e+00
-3.834881997965825917e+01
4.265612169120578301e+01
-1.779070125219749343e+01
-3.043795166098448135e+01
-8.787447496577294714e+01
3.776669395667440199e+01
7.569186163842260839e+00
3.434477186602350685e+00
-3.557228558635736704e+01
5.008169084642361213e+00
-1.128237074727779543e+01
-1.859682330703324737e+01
6.612880055492091458e+00
1.916017238232905129e+01
4.157990358152019894e+00
-1.206741153539951483e+01
-1.156660620463298983e-01
1.577243129483662187e+00
8.904665979558501476e+00
-3.611172172266884672e+01
4.096546829052063998e+01
-2.433504291595918545e+01
-1.698414705384247370e+01
-2.780971214081529297e+01
-5.905796205056992676e+01
5.105587037482827384e+00
-2.973178538244306424e+01
-1.082800676715331889e+01
1.852189378883321069e+01
-1.469325014026196641e+01
-2.011326581752484799e+00
-6.676730472951945217e+00
-1.141773199201384159e+01
1.808555965781941666e+00
3.079872219812536116e+01
-2.857419491573475057e+01
5.651374478260601109e+01
-1.284850206028073671e+01
1.899261398154928315e+01
-7.814268228288909768e+00
6.480922084300321018e+00
-6.172660189926205021e+00
2.491414673524195678e+01
3.481905948767604997e+01
1.086822509040121076e+01
2.618345739664276550e+01
-2.018908392501104743e+01
-3.735059423170845605e+00
-1.268608862405557147e+01
3.891816654367397632e+01
3.268189206813588044e+01
2.468176932139294877e+01
-8.752384486124242358e+00
-1.579214046159634677e+01
1.411832644618132804e+01
-1.592772650585413885e+01
-7.041854006086111895e+00
-3.290285372319431190e+00
-1.676643441674747237e+01
2.820642280985086359e+01
-4.688076418835422032e+00
2.152460260568514627e+01
1.108364140191204683e+01
9.808107380506797313e+00
-1.877526382723588938e+01
1.504950832797590010e+01
-1.035299828562040148e+01
-6.660172094653546537e+00
-1.768580236421342988e+00
-2.731205761221201556e+01
4.231312474092652565e+01
-1.513014904700700924e+01
-1.776834746575701729e+00
1.262595332728416508e+01
1.089751380230282507e+01
4.205632382061778429e+01
-9.817680882198573045e+00
4.275600273593533984e+01
3.837409782473980613e+01
-5.316494518057487539e+01
2.883859009574678112e+00
-1.051961534386319386e+01
8.855008775925341524e+00
3.341503020503637345e+00
1.128189760872339775e+01
3.536960060867566114e+01
5.536921964744809088e+01
-4.262074236094193225e+01
4.290177169823869008e+01
-5.553794550764666837e+01
-4.607348336522298382e+01
-8.197017619132850541e+00
6.298165045831183306e-02
4.135676009761272098e+01
2.028140874464605758e+01
-6.834694718059637353e+00
-5.059359994724889020e+01
4.002494781721243555e+01
-2.370848282339983371e+01
1.033851751725649137e+00
-4.025759089033911664e+00
7.146637980031030679e+01
-1.437995028807529252e+01
-6.054813225612798533e+01
1.778636449021979615e+01
-9.229528741338663167e+01
6.545570643574791347e+00
-2.070923742406961310e+01
-1.042704477148838649e+01
-1.539537642222418867e+01
-3.316961192991934126e+01
2.170028472880115800e+01
-2.153858498781212205e+01
-6.653971856484361069e+00
-4.474472436852590818e+01
-2.485972567231328867e+00
-2.965594341480576190e+01
-4.230386909600792933e+01
-6.444342625050330753e+01
5.203539716204488741e+00
-2.018001838499418454e+01
3.531118269428361600e+00
-7.982240953157941021e+00
-4.608727982417809699e+01
-3.685252682671349334e+01
-3.093717504596355639e+01
-3.213494857451783560e+01
3.022182159464353646e+01
2.919946983693733955e+00
-2.825614614676180736e+01
-1.230474327364629517e+01
-1.394511822185936012e+01
2.281700817308018614e+01
-1.764545664144326764e+01
-4.348453430722344137e+00
-1.589640462260206277e+01
-2.030864381769721660e+01
-2.293591938700900812e+01
2.097082249168724388e+01
-8.785643651092470918e+00
-5.248386985687136530e+01
4.375481055316032553e+01
2.498150663839870589e+01
1.497582373188549809e+00
-4.429056653952528677e+01
-4.248888313293053898e+01
3.939714730179503022e+00
4.159672526166673379e-01
-1.799254969475020971e+01
-2.599863036554010165e+01
1.782745447279654627e+01
-3.145961519035495257e+00
1.494921565616238013e+01
2.777522575982476383e+01
1.804868423617043049e+01
1.810745284298251079e+01
1.354994195070594110e+01
-1.186973807874986164e+01
-8.461234522307748307e+00
-1.230299058828964220e+01
-2.083883064502606430e+01
-2.429080845701025737e+01
-3.616080516369277120e+01
-2.113392072978972180e+01
-5.788899620115159905e+00
-4.362164245796077466e+01
-8.124807606102876889e+00
2.069237998257668565e+01
-4.483483410293030147e+01
1.691802043918077914e+01
1.525429715854491519e+01
-4.080976858524752515e+01
-3.220494310361902990e+01
-9.749481893714801117e+00
9.965167707165861088e+00
-2.236733042511013991e+01
4.109776374284956546e+01
3.648240244846877545e+01
-4.390096520292678406e+01
2.540476033702958603e+01
1.976431354845868782e+01
4.988436209642316044e+00
1.230417666807285570e+01
-2.432317167801636515e+01
-7.440569984632205092e+00
4.717894903201454326e+00
1.092914959064883362e+01
2.404960237107478349e+01
-2.918100990174350073e+01
-3.423323442838523079e+00
8.512875842613340183e+00
3.036318970568629538e+00
-1.697345112063779027e+01
1.242003244385832517e+01
-1.453348016991135694e+01
-1.165572595818693458e+01
6.490493383923592319e-01
-3.460919806785820185e+01
1.682617676931087658e+00
-9.575282025379920015e+00
-7.883716905295727884e+00
4.801773693746525851e+00
-3.088955407077858695e+01
3.374692327605740161e+01
-1.433608188276306805e+01
-7.589903440485727515e+01
-4.860199519632371334e+01
2.106212249204455134e+01
-2.302440281546336109e+01
-1.073997448794335696e+01
-1.495985152553527087e+01
-1.043437800967684836e+01
-5.740467907072530807e+01
-3.583310045686005196e+00
-3.545552383291459364e+01
-1.959738141381106402e+01
1.210143022081624053e+01
4.478773810529025923e+01
1.596896835211627064e+00
-5.507733102312641904e-01
3.392501071010451597e+01
-3.154496996794193819e+01
1.817551093497866077e+01
4.325063758100299083e+00
-2.714311217179795221e+01
-1.452900594803591616e+01
1.268693321705342214e+01
3.593277038586251138e-01
6.929323196163466037e+00
5.899584880734010994e+00
-1.349602366228617711e+01
-1.844133052891641000e+01
-2.844403946791584303e+01
2.807092247327690870e+01
-3.676498527983954290e+01
-2.728742456125114302e+01
7.118630349368601173e+00
-4.956253639905180819e+01
1.281503680333662487e+01
3.650878160892102642e+01
-4.150594536286916991e+00
6.634718855865386899e+00
-1.640467430356045497e+01
-1.252678298224032005e+01
5.949016519155463811e+00
2.166384675665010562e+01
-2.211578603656883502e+01
1.538037670459577555e+01
-6.045506931576085208e+00
1.751349805871200260e+00
1.319915179344312151e+01
8.508123113774331614e+00
-7.329430571946559780e+00
1.546753534561844390e-01
1.094033488606368110e+01
1.627450084726595492e+01
-4.090578220301439671e+01
1.828733566484174844e+00
2.937909442496344070e+01
-5.262018273791335332e+01
1.732211848198411275e+01
-6.647199531619392587e+01
-6.134021565086339223e+00
-8.448630922216452177e+00
-2.936337931652019506e+00
-6.922777086526650692e+00
-1.435720440610572268e+01
-5.425506838558931122e+00
6.841031772536098288e+00
-1.515874746945340235e+01
6.870880961941111309e+00
4.992670378903292772e+01
-3.453255335549465599e+01
-1.506447052901691563e+01
2.267629163723924535e+01
1.367453468597307165e+01
2.490975067332485082e+01
1.199729708894775371e+01
1.202843201227300085e+01
-9.147708782061670263e+00
-2.796674587368605103e+01
-2.575024236481937123e+01
-1.538975044400147851e+01
2.655180463488960640e+00
-2.402755380845212585e+01
-7.944609307107025842e+00
4.154268939862959087e+00
1.356361283501365733e+01
-5.805807471128517250e+00
3.395833723044333397e+01
-3.294808075143191672e+01
-2.224847006560338514e+00
-1.782118039810001164e+00
1.567754025757552938e+01
-2.236888797245782712e+01
-1.416130477975363533e+01
1.069054619717354271e+01
2.560336499693283940e+01
4.249382773927547419e+01
1.818035330304701347e+01
2.379815638935471611e+01
-1.589079771642474270e+01
3.581358913705275882e+01
3.757638362802723009e+01
-1.443150290395863067e+00
1.942747469046338438e+01
2.145675717091596368e+01
-1.336020937367989347e+01
4.822933481597033278e+00
3.450428384590168207e+01
-1.370673950605893765e+01
-5.189816930009897078e+00
-3.427452076266119718e+01
1.350398905391818971e+01
-7.284353625760715545e+00
1.121817634749970694e+01
3.337523523908757284e+00
-2.262208643004517938e+01
2.589030037974021070e+01
2.277751159491376143e+01
-1.526767506086464721e+01
1.080612144127002239e+01
-3.465071396141627247e+01
-3.017314084407182051e+01
1.406916071801879298e+01
-3.869831446821922327e+01
-1.747753986101291090e+01
2.941236907241318477e+00
4.694588369858396959e+01
-1.443585648625375484e+01
-6.950196400373144456e+00
-1.022685436244998414e+01
6.362863597549853978e+01
7.954837964706754860e+00
-2.443717727480387225e+01
4.017944192589862951e+01
3.558175317213194688e+01
1.784219160884882172e+01
4.263526397648072930e+01
4.874093224066412233e+01
-4.249256677145076821e+00
-1.572364500010755251e+01
-1.644809999122298905e+01
1.636362618204960029e+01
2.128276939649319388e+01
-3.891977031047304081e+00
-1.312181875700133560e+01
-3.462362712521556318e+01
-1.431716893584456329e+01
-2.561313315183770101e+01
1.708550247303828939e+01
9.680426767513949926e+00
3.613820961919390129e+01
4.215572129687842562e+00
-1.334777242477531445e+01
-4.808373248189944604e+00
2.239031683699802500e+01
7.073721923451898874e+00
3.088072557937780971e+01
3.159241012934097625e+01
-6.846665705959992465e+00
-6.093813662095797667e+00
-5.693707273638585775e+01
2.868574060526742642e+01
-6.753093501727107650e-01
3.069195037403054016e+01
-1.229092510477212130e+01
-3.538646901911673837e+01
1.193461324218379360e+01
4.129480202001046507e+01
-1.483575795187657320e+01
3.743548627961644115e+01
-4.121845128905341937e+01
-1.304882718594289770e+01
-4.602518215081209974e+01
1.080932725089601831e+01
4.582407727660779528e+00
3.066880876200514194e+00
-3.518239401829043800e+01
5.124612905960123044e+01
3.066764779599930080e+01
4.967317575606898572e+00
-2.916874892944051112e+01
1.224058017085758365e+01
-1.318537183132605151e+01
-7.003932259839018570e+00
-1.353468142251909967e+01
1.037430739149915482e+01
-8.160971479524675942e+00
-1.139346755907862985e+01
1.176551267495233333e+01
1.464022985868663795e+01
-4.845315041051873095e+01
1.121355581384625566e+01
3.813258176382922215e+01
2.271027116719463379e+01
-5.933811942443262488e+00
8.651910051679436719e-01
-1.982967511280637041e+01
3.278733661865015847e+01
8.764694212670633533e+00
-2.346978154294589558e+00
-4.193683116077920658e+00
6.037139702416789078e+01
-1.811370633725857715e+00
1.380683876234536456e+01
4.212273170814245304e+01
5.428880926212868019e+01
3.505520885311432266e+01
2.287599471371274262e+01
-3.744653560628242417e+01
-2.555946840171728240e+01
1.943486434514994698e+01
3.906592324824913476e+00
1.783630844503696267e+01
8.935387569080802450e+00
3.464352676565130196e+01
-4.363698057258569207e+01
-2.747641012880961853e+01
-6.489585180539563680e+00
-4.817704470509555392e+01
1.074969589281941751e+01
2.478380936647097599e+01
3.820468773944753593e+00
-1.247804704795794351e+01
1.304146650084567227e+01
7.772547054353424301e+01
1.739506210352294602e+01
8.883534752572302295e+00
-2.644207953643848441e+01
-3.370479551114999595e+01
-8.242580425017621337e+00
1.857591263003610038e+01
-3.369177381329052423e+00
1.335101358604178756e+01
1.961336509448517518e+01
-3.213206466792649962e+01
1.470257655834353727e+01
2.482558232511314600e+01
3.173123282483385310e+01
-3.711911200041669190e+00
2.630929584637556218e+00
-5.630442451570417006e+00
-2.716645577667884481e+01
-3.902169238490381531e+01
4.464850098079863017e+01
-4.359868413458102054e+00
-3.105456565974242267e+01
3.042348591319324669e+00
-1.456472248989468454e+01
5.096391832151019230e+01
-1.306554524688522179e+01
-2.012162806650238167e+01
1.952167371611432145e+01
-9.220829220466697507e+00
2.503145693820135875e+01
7.253687683656835361e-01
5.456780602013267867e+01
2.958875366577645494e+01
2.244577220342197421e+00
-2.090189972057355305e+01
1.543570551808221580e+01
-3.026591072111136782e+01
-4.884420168973377940e+00
3.441157197388524480e+01
-1.569235847467743383e+01
-2.519300909797425447e+01
-1.358114539323725012e+01
2.807479116984370648e+01
7.103018919422169120e+00
-4.653969773713497204e+01
1.869115405289575449e+01
5.247150895306987195e+00
5.191119270796519913e+00
-2.823458677036376230e+01
1.646346538232421608e+00
1.897283662134279325e+01
2.691197386488735788e+01
3.696987547102007454e+01
1.623910097579037171e+01
2.221280417635711046e+00
-3.034308991466656380e+01
-2.621715176492062938e+01
-3.876542660815300678e+01
-7.380057539093570540e+00
1.781089713645198458e+01
-1.401254514500138271e+00
2.879242211257911777e+01
-1.837309608795249005e+01
9.206316979861867367e+00
-9.778843715980457318e+00
-1.675870970007832028e+01
3.433307561740468117e+01
3.961417806180975276e+00
3.532128150251577381e+01
2.704361340017896964e+00
1.250656903320914992e+01
-1.003727883053994674e+01
3.410674756173553135e+01
-9.327983057952849322e+00
3.382346564311191628e-01
-4.385344908158302246e+01
-5.383590004827311759e+00
4.015968057633210719e+01
3.593357585040322988e+01
1.508835275174583757e+01
-9.298421303968780194e+00
3.089063011325720254e+00
-1.176351595836082709e+01
-7.780597943242710812e+00
5.191570810983323270e+01
2.792776360486413978e+00
-1.475249375115396333e+01
-6.092318438547859216e+01
-2.671639183706189158e+01
-2.158239968506714490e+01
-3.606097335943078974e+01
-3.267950491067469443e+01
-3.890776291065768078e+01
-2.580944087922937058e+01
-1.786889080063900792e+01
-2.777939194188159888e+01
2.637672087554908273e+01
-1.169665661099111276e+01
-4.975079298662069505e+01
2.264056657443586573e+01
-1.715632168568609472e+01
-4.567524760811534179e+01
5.466615339701411358e+01
-1.464020263313730652e+01
9.652949405195869303e+00
2.256491547745076787e+01
5.066161445202368441e+00
1.495253981349011951e+01
1.810854692075622552e+00
1.106886273145040178e-01
-8.349781453275632259e+00
-4.247519403346328204e+01
6.705269664644923466e+00
-7.019683973126205956e+01
3.995829086799972174e+01
-2.398508631408773795e+01
-9.934716400413378778e+00
-1.025085683315620599e+01
8.471719685960358959e+00
-9.632748524373511145e+00
1.524120352516437293e+01
-3.115572015220837443e+01
2.021811673935721387e+01
2.433129192009810282e+01
5.918083347667533189e+00
6.451934307972408078e+00
1.219320203517311541e+01
5.117245634263070997e+00
1.560006202799939956e+01
-4.501305151237772861e+00
-3.963590769194124164e+01
5.428813666204774790e+00
-1.404445258580955169e+01
-3.053829781712408931e+00
3.117584328252092973e+01
-4.537706391050237897e+01
8.054169325777991162e-01
1.171945862382074210e+00
5.159971828533855387e+00
1.770666058245572572e+01
-6.893719368556016747e+00
4.693900178344347296e+01
2.489072076071907702e+01
-8.683560290598975939e+00
-4.284577170087999320e+00
2.137208332943458799e+00
4.352481182487025535e+01
-2.991024506135698857e+01
-5.824368365799176672e+01
1.743349102435442433e+01
-6.886399860593556355e+00
-9.460832577053935211e+00
9.373657685165227349e+00
4.303769824599530125e+01
2.511130597938040410e+01
-9.088024360529516343e+00
-2.976717995311241793e+01
-4.836875931167298859e+00
1.600223236843221741e+01
-8.675906579659823592e+00
-4.225732071853337857e+01
-3.446706268985565202e+00
-5.407417340703054265e+01
-2.875711556072113240e+01
4.659865905487264115e+01
-2.957544026594246134e+01
-3.880339252938759387e+01
-2.929858715468008512e+01
-2.097900173789966516e+01
2.056083375187671436e+01
4.790159362462150483e+01
-3.750022150928487008e+00
1.471392798632625443e+01
-1.206687868346277526e+01
-3.952613302943144902e+01
2.676378094446105749e+01
-2.686879135045836620e+01
1.487699247406686709e+01
1.818316267660675578e+01
-6.064114430783092757e+00
2.154326928392913487e+01
2.346137515874472257e+01
6.469435821184373481e+01
-6.789519163984493844e+00
-2.949266963682970299e+01
-3.586620404152023411e+01
-9.755035312285770033e+00
-1.913150570263469774e+01
5.393376906245003966e+01
-2.503346104683649287e+01
6.564524229410221068e+00
2.785631118190565303e+00
-1.255394124881254925e+01
-4.846834951466166785e+01
-3.586100507645994639e+00
5.627892610876699564e+01
9.910354505982297724e+00
4.293598576337501527e+00
-3.296972225104755694e+01
-3.278904811855727530e+01
-8.032012092145116355e+00
2.624401576472428133e+01
-1.453798784493321250e+01
5.871819638985508050e+01
-2.764261897693671699e+01
1.073814254172383187e+01
-7.835288494379653912e+00
-3.701595893378467395e+01
2.486708081855937280e+00
-2.929165647275988249e+01
-4.219508141821063418e+01
6.335944646934308366e+00
1.081154381945282239e+00
2.985591855137394646e+01
1.350217496965370856e+01
-1.920176930888000655e+01
1.232621416934864556e+01
-4.998346805422157502e+01
-2.733949765647975028e+01
5.100377811168336706e+01
4.706204906529947607e+00
-6.044208116003517262e+00
-1.700472006382045720e+01
-2.497239045891319620e+00
-5.641909748368732380e+00
5.090143302223427213e+01
2.379528905441564746e+01
-6.748286365236822348e+00
-2.006272439473264058e+00
-2.247613765735141911e+01
-8.971455863134224273e+00
-3.598679623967174734e+01
2.824738520563620625e+01
4.001221198360781273e+00
5.883611264683622721e+00
1.022754264355984333e+01
-4.594870212485247407e+00
-1.175232642072161049e+01
3.072981990611268976e+00
-6.183954571649464071e+01
-8.852269775132697305e+00
-5.862504391328798192e+00
-4.413458462002310512e+00
2.754255362820832431e+01
3.715027731164987301e+01
9.874807423087645475e+00
-5.439546015835486514e+01
3.555442841892784145e+01
-1.225465723812982333e+01
-2.139687118263725552e+01
-4.983461321974023406e+01
-1.721035799097857932e+01
3.548384364488151022e+01
1.747797935241158029e+01
5.802630548582897063e+00
1.925436924459899046e+01
-3.332675722785478456e+01
-2.659125861901415533e+01
3.225993064398727483e+01
2.224195133380609946e+01
2.744903428521067212e+01
2.791062145798179017e+00
4.843468725521432816e+00
3.114515059202338421e+01
5.518557212853738747e+01
-1.193123235674473648e+01
2.202228330320235727e+01
-1.477783945506092778e+01
-2.505760081409077600e+01
-1.980369611387058626e+01
-1.989928834013045389e+01
-8.261278337648548131e+00
-2.715549529821583974e+01
-1.119734365341065541e+01
-7.752935028597944722e+01
1.937310006006404706e+01
1.266855787299821401e+01
-2.693835545561256595e+00
-2.218757311267307841e+01
-1.057408380958759153e+01
-3.135238673979833379e+01
5.622799597916724679e+00
4.602192290381282191e+01
-1.258302613635225953e+01
-9.646550192488717812e+00
1.196322107057642370e+01
-2.917385086694511642e+01
4.835591978238161204e+01
8.403430702321628587e+00
7.920576741545175992e+00
2.827104661620015236e+01
-1.435084335043427473e+00
3.196345801611312254e+01
1.079292129718469084e+01
-2.247435124811133278e+00
4.694237172373163958e+00
-3.635507226816997672e+00
3.781321221007766553e+01
4.908703425592477743e+00
1.037979209852048257e+01
-6.630732699830161891e+00
8.011516646199609681e+00
-5.264063323133430572e+01
-2.011392577112269464e+01
-2.781375001481580966e+01
2.708137204299777068e+01
-1.826757355033740282e+01
-3.424075978386485986e+01
3.302061586370746227e+01
-6.960315904695775657e+00
2.311817550706075508e+01
-5.139767040623121375e+01
1.060963372807656135e+01
2.955528616370486361e+00
3.468983610231703096e+00
-6.624484181793860671e+00
-4.140495780777030177e+00
2.893933230750003460e+01
1.051076219213484819e+00
-2.891529797843432448e+01
-1.069195121648164104e+01
1.255013545975005229e+01
-6.556462997222597267e+01
-5.015018960120189462e+01
7.388772167070669639e-01
7.992636860734627646e+00
-2.678324349454594255e+01
-1.090098734125717783e+00
5.989819263907969571e+01
1.597122578872205167e+01
-3.065287849230367101e+01
5.322031336786281486e+00
-5.276836715912878617e+00
7.126838242963771108e+00
-2.025250468026243311e+01
1.252316264001087376e+01
1.496104026476683657e+01
-3.944716325082538333e+00
6.348736656125015543e+01
-4.500820889773706313e+00
-1.798618563175722329e+01
1.357702057728926093e+01
2.441867320791260454e+01
-1.924039112878429592e+01
-1.029348465794203804e+00
5.568131927218901467e+01
-1.585215608278758737e+00
3.336633820462336075e+01
8.322649297715827288e+00
-3.982748479425559651e+00
-1.287584078043448699e+01
2.967446081152331772e+01
-3.178718652951459944e+01
-6.163346551397808071e-01
-1.034354589500927091e+01
-2.258304328530532246e+01
8.508387763606416243e+00
1.509423117012699400e+01
2.450259070648144188e+00
-2.466091174378561846e-01
-2.260151507855050568e+01
9.200457907137149505e+00
-1.871074025545382824e+00
-1.287787406103619503e+01
-1.145909220570213449e+01
9.411755553655297035e+00
-2.132056455454289789e+00
-2.149587197711602471e+01
-6.195523735535971355e+01
5.910048888883920881e+00
1.097550355767910446e+01
-2.754923263531911459e+01
-1.356279349434834103e+01
4.699746227194572157e+01
6.367391561239813313e+00
2.244237900033090227e+01
4.902805054376656813e+00
2.264133080720378643e+01
3.251631280257356593e+00
-2.214948768551042235e+01
-6.165120858906348644e+00
3.088997544650482041e+00
1.788381623024162081e+01
4.288893031942336620e+01
2.795736983442100154e+01
1.721381628835302990e+00
9.679801661159530113e+00
3.443972762910911456e+01
1.501738177851746059e+01
-3.942765591195012576e+01
-1.567799751290081645e+01
6.379973459935399660e+00
4.845607078200458773e+00
1.401411946144951060e+01
-2.945468251635301726e+01
3.989692876035050517e+00
2.457838350316004039e+01
2.719364621635423163e+01
-2.443357612272052393e+01
1.812637762759550242e-02
-1.273011851635743596e+00
-9.700353458453520261e+00
-1.613872478087586160e+01
-8.789674290169671167e+00
-4.985172508387165635e+00
5.742294535984143522e+00
2.405206608863088746e+01
-1.755203589509586948e+01
4.601656024860864136e+01
1.865822111705952580e+01
1.526400481008215593e+01
2.015395525903738871e+01
1.542250011396325959e+01
2.065177395764204249e+01
3.112729339386925176e+01
-2.591413407892789422e+01
3.541417789589702636e+01
-6.489001778408609766e+01
1.801930589075786671e+01
-6.080200998695875114e+01
4.744068812219893516e+01
4.289509884521278593e+01
-5.334839007741237538e+00
-2.740013599021457935e+01
-2.413657073653897100e+01
-3.129725113725396568e+01
-3.604427107798704810e+01
3.217631138779262301e+01
2.393790003803677280e+01
1.359992683816189185e+01
1.611138982842163614e+01
2.538241345612408395e+01
-2.228490523808613943e+01
-1.006483053378906334e+01
3.137685419050122704e+01
-7.435495443685908867e+00
3.035260384342645068e+01
4.237194013681786942e+01
-3.274319527846802913e+00
-4.165409375712278006e+01
2.849431191278483766e+00
-1.443129980683437452e+00
-5.811008836268683808e+00
5.603796890108014850e-02
-3.709139360063613822e+01
-7.158016967931970953e+00
5.058512101608517497e+00
7.556693907501184526e+00
2.779095275038824298e+01
-2.427665586447689350e+01
3.171000937940374342e+01
-2.269957614630048681e+01
1.460243252212336529e+01
2.298942312851117009e+01
