-3.439735781000000259e+01
-2.011434050000000084e+00
-7.096912620000000338e+00
2.387446631999999980e+01
-1.183228231000000008e+01
-9.143351819999999464e+00
-2.384924605000000142e+01
-4.990426604999999682e+01
-2.133746439000000095e+01
-2.245210458000000031e+01
-2.083501444999999919e+01
4.225231400000000193e+00
1.981103599999999965e+00
-1.042771209999999948e+00
1.711562789999999890e+00
2.630732301000000106e+01
-1.012926874000000055e+01
-7.171177690000000382e+00
1.164143424999999965e+01
-6.145082062000000178e+01
3.079377789000000121e+01
-1.323761657999999919e+01
-2.380847210000000214e+00
-5.563010519999999737e+00
-9.822369499999999976e-01
-2.124063920000000216e+00
4.765123942000000312e+01
-1.491474806999999991e+01
-3.984284230000000093e+00
-3.012545095999999845e+01
3.896855934999999960e+01
-4.333133169999999978e+00
-2.118521027999999973e+01
1.115565158000000068e+01
-2.043053829999999849e+00
1.289340750999999941e+01
-5.516137300000000243e-01
2.736305670000000134e+00
1.876151125000000164e+01
-5.423221407999999855e+01
3.021031074000000061e+01
8.071291600000000344e+00
-6.207902660000000239e+00
-1.735800288000000080e+01
6.847852910000000293e+00
-1.086746896999999912e+01
2.468251941999999843e+01
1.975058487000000085e+01
-1.274365620999999926e+01
-1.624846982000000040e+01
-1.716427415000000067e+01
-2.063733652000000163e+01
1.045542232000000027e+01
-2.686434105000000017e+01
8.223527980000000071e+00
3.435239655000000170e+01
3.957170450000000272e+01
1.845237042000000116e+01
8.236602530000000755e+00
1.719759523999999828e+01
5.050903284000000326e+01
8.536129499999999481e+00
-2.961727674000000121e+01
-5.996924530000000253e+00
-1.396036046000000042e+01
3.300193666999999920e+01
-3.909658988000000335e+01
-3.408304161000000221e+01
-1.733632097999999999e+01
-9.707703889999999447e+00
-2.224694600999999849e+01
1.558981209000000057e+01
5.142213879999999904e+00
7.761102919999999905e+00
-2.150044138000000160e+01
-1.881939304000000135e+01
-3.246818592999999709e+01
1.790308455999999993e+01
-1.861937221999999892e+01
1.679520343000000082e+01
-5.363166340000000254e+00
-1.477543636000000049e+01
-2.848031940999999989e+01
-8.458055590000000734e+00
-6.048205570000000364e+00
-6.824086639999999981e+00
2.219804407999999896e+01
4.157585526999999814e+01
-2.445218623999999963e+01
-4.263884038999999859e+01
-1.070013881999999938e+01
5.904179768000000195e+01
-3.221830803999999659e+01
1.779476478000000128e+01
-6.467045299999999663e+00
-3.314822294999999741e+01
1.369679658000000089e+01
1.944095921999999987e+01
-9.605009669999999389e+00
1.823943785000000162e+01
-1.334282441999999946e+01
-3.103225381000000027e+01
5.213630160999999674e+01
2.486244518999999897e+01
1.409485832999999921e+01
7.825274679999999705e+00
1.486084862999999956e+01
4.489752578000000227e+01
-1.465321347999999979e+01
3.335657990000000073e+00
-7.517801513999999941e+01
8.736033420000000049e+00
-3.683602906000000132e+01
7.723948939999999652e+00
1.212799416999999913e+01
-1.982861815000000050e+01
-2.815584425999999851e+01
1.214424100000000006e+00
-1.674752609000000092e+01
2.119730496000000031e+01
-2.762470811000000026e+01
-3.043126430000000049e+00
-1.999800311999999991e+01
-1.943320570000000025e+00
1.077033450000000059e+00
1.237139454000000072e+01
4.404754499999999906e-01
-2.876741290000000006e+00
3.537203631999999942e+01
5.010458879000000110e+01
2.705532416000000140e+01
3.914816141000000016e+01
-6.430694230000000289e+00
5.549127119999999636e+00
2.924870531999999912e+01
-5.360570300000000454e-01
-4.185529082000000045e+01
-2.242062075999999848e+01
-2.791571412000000052e+01
-1.524407163999999959e+01
1.578581237999999942e+01
-6.541121117000000140e+01
-9.230430760000000845e+00
2.440487480999999903e+01
-2.063545904000000064e+01
-1.719318306999999990e+01
3.282845471000000259e+01
2.451025149999999897e+01
-1.825083804999999870e+01
1.528749361000000029e+01
-1.398188721000000001e+01
1.880048710999999884e+01
1.833333810000000064e+00
7.317438199999999782e+00
-4.701944928999999718e+01
-2.607148152999999979e+01
-4.764108529999999675e+00
-8.875291400000000497e-01
-2.249195303000000123e+01
5.990929492000000067e+01
-9.631147699999999645e+00
-1.780602624000000134e+01
1.959687860000000015e+01
-2.532177984999999865e+01
-2.016623734999999940e+01
1.801978958000000119e+01
7.050826050000000400e+00
8.467425540000000694e+00
8.653403040000000601e+00
-6.085507840000000002e+00
8.820962070000000210e+00
3.213271936000000295e+01
-1.459197892999999979e+01
1.057748841999999989e+01
5.014963336000000282e+01
1.801974810000000105e+01
-4.174289879999999897e+00
-1.128514215999999948e+01
8.581660331000000497e+01
-1.174252199000000019e+01
2.065866820999999831e+01
1.425058489999999978e+01
1.624278872000000007e+01
4.872347152999999764e+01
2.642211049999999872e+01
-1.485923270000000018e+00
1.334667963999999962e+01
2.705418003000000127e+01
1.983621566000000058e+01
-3.206117547000000201e+01
5.194597137000000231e+01
-4.623250432999999759e+01
-6.792477680000000184e+00
3.034485498000000092e+01
8.239899299999999371e+00
4.151373229999999914e+00
1.562451685999999995e+01
1.237002228999999964e+01
1.897373739000000015e+01
-3.449253822000000014e+01
2.207884819999999859e+00
-1.466419014000000054e+01
-3.697218480000000085e+00
-2.468577069999999818e+00
-5.897033020000000292e+00
-3.163909279999999935e+00
4.616448132000000015e+01
-4.683502830000000117e+00
-1.431312486999999933e+01
-1.433697100000000058e+00
7.155982930000000408e+00
-3.283685569000000015e+01
-2.817005848999999884e+01
-1.999272011000000049e+01
-3.406090236000000004e+01
-8.810479790000000477e+00
-2.299914375999999905e+01
1.005541075000000006e+01
7.042966600000000188e-01
-6.883504669999999770e+00
-4.550109830000000244e+00
3.166135039999999901e+00
-8.089542820000000134e+00
3.752441094000000277e+01
-4.762887599999999821e+01
-8.357358160000000424e+00
-7.444648329999999703e+00
8.783455610000000746e+00
1.241457300000000075e+01
-2.588597962000000052e+01
-8.379218930000000398e+00
2.364505700000000132e+01
-1.106933521999999925e+01
8.757004020000000111e+00
1.877555003999999883e+01
-1.616297230000000029e+00
6.138008948000000231e+01
-7.708658250000000045e+00
-1.742816174000000018e+01
1.773560629999999971e+00
-1.350374610999999980e+01
3.006239736999999934e+01
-2.327865578000000113e+01
6.674767840000000341e+00
3.125027507000000071e+01
-6.967805679999999668e+00
6.507067440999999519e+01
7.043830302000000643e+01
-3.650490156000000042e+01
3.243245755000000230e+01
1.194847960999999970e+01
-3.062612840999999975e+01
9.129240279999999430e+00
2.309238201999999873e+01
2.360867968000000161e+01
1.276684289999999944e+00
9.307906380000000368e+00
4.091324479000000025e+01
-1.290639675999999980e+01
7.859954720000000172e+00
3.949173877999999860e+01
-2.034825662000000079e+01
-1.093086586999999987e+01
3.074963685999999896e+01
1.578094081999999965e+01
4.160540990999999877e+01
1.655278683999999956e+01
5.942864750000000029e+00
1.465519912000000069e+01
2.222896777000000057e+01
-2.942916685999999871e+01
3.745423619999999953e+00
1.357021720999999914e+01
6.383063540000000202e+00
1.299107056999999976e+01
-3.362350373999999675e+01
1.758046614999999946e+01
-2.347835376999999824e+01
-1.829760246000000024e+01
1.172482798999999964e+01
-6.419746430000000004e+00
3.176388782000000077e+01
-9.196725860000000807e+00
1.651494727000000040e+01
1.779535707000000144e+01
4.267818908000000278e+01
2.996450567000000120e+01
2.678105273999999980e+01
-1.840414769999999978e+00
-4.583203789999999778e+00
-1.755694190999999904e+01
4.384412642000000204e+01
4.362655423999999726e+01
2.143982069999999851e+01
-1.379419749000000017e+01
2.733500635000000045e+01
-2.846705640000000148e+00
9.809315610000000518e+00
3.628031937000000084e+01
-6.572088999999999848e-01
-4.349595560000000027e+00
-1.106564666000000052e+01
-3.210059093000000274e+01
5.245726713999999902e+01
2.776040915000000098e+01
-3.277677757000000014e+01
-9.009672750000000008e+00
1.446677041999999958e+01
-5.477545700000000295e+00
3.483964474999999794e+01
6.894173000000000329e+00
4.390789940999999885e+01
1.906047312999999832e+01
-1.249143933999999945e+01
1.101768751000000002e+01
-3.435334759999999932e+00
-1.510800140999999996e+01
8.625464579999999160e+00
8.241510119999999162e+00
5.159396783999999769e+01
4.336798806000000184e+01
3.047499546999999964e+01
3.668025911000000150e+01
4.766576279999999777e+00
-1.426284594000000006e+01
7.868298479999999984e+00
-1.837704571000000087e+01
-2.950304514000000111e+01
-3.061436415000000011e+01
-1.715697206000000108e+01
-5.984377850999999993e+01
-1.917857506000000001e+01
-4.767787178999999753e+01
1.291941251000000079e+01
-2.549385278999999827e+01
2.559790236999999991e+01
-5.446075019999999967e+01
-1.639413928000000098e+01
2.360254589999999908e+01
1.152666087000000061e+01
-4.886623978000000079e+01
3.117484668999999897e+01
-1.422929481000000074e+01
2.961917410999999944e+01
-1.275850338000000050e+01
-4.314629469999999856e+01
7.882835499999999662e+00
-3.583041450000000339e+01
-4.129254719999999601e+00
-1.651829959999999931e+00
2.250116656000000148e+01
6.939071558000000550e+01
-2.375412529999999833e+01
-1.923094241000000082e+01
-2.296951350000000058e+00
-6.295989940000000118e+00
-4.445992161000000209e+01
-3.067808584999999866e+01
2.633707838000000123e+01
-1.170447721000000030e+01
1.114038898999999994e+01
-2.703472410999999909e+01
-9.030220070000000376e+00
-2.283220057000000125e+01
2.840573566000000127e+01
5.234579260000000289e+00
-1.228228683999999937e+01
-9.358586839999999185e+00
6.537573590000000046e+00
-4.495992389999999617e+00
2.373990346000000073e+01
-1.418692004999999945e+01
5.467059199999999564e+00
1.954315074999999879e+01
7.559477160000000140e+00
-1.168982611000000027e+01
8.468384326999999701e+01
3.237313368000000224e+01
2.325060380000000038e+00
5.639530399999999943e+00
-3.449614176000000043e+01
1.851862947000000048e+01
-4.208856383999999906e+01
-1.599784956000000058e+01
-3.029718499999999892e+01
-1.090930673999999989e+01
3.127294719000000001e+01
-3.121595300999999978e+01
1.318071963000000046e+01
-2.113689830000000214e+00
1.147646649999999990e+00
-1.977157932000000073e+01
-2.444475497999999902e+01
-3.093453199999999903e+00
-1.970426750000000027e+01
-1.089202977999999966e+01
-2.277255157999999824e+01
-5.124980429999999920e+00
-1.913077728000000022e+01
-2.765974200000000138e+01
1.150531037000000012e+01
-7.925311040000000418e+00
1.348168618999999957e+01
4.681583589999999795e+00
-4.194958076999999719e+01
-2.891567543000000029e+01
-2.512751796999999954e+01
1.784971480000000099e+01
-1.324888870000000107e+00
-3.415382812000000001e+01
3.245962269000000333e+01
-2.155381692999999999e+01
3.147111329999999896e+01
-1.742566997999999856e+01
-2.661627453999999915e+01
1.305401422999999994e+01
-3.741325132000000053e+01
-1.898197882999999919e+01
3.414904734999999647e+01
1.039105024000000022e+01
-2.418562101999999925e+01
2.989749066999999982e+01
-1.000028299000000054e+01
-2.094055061999999978e+01
-1.676133232000000106e+01
-2.760297505999999856e+01
1.527248941999999943e+01
-4.955075776999999704e+01
-4.366538589999999687e+01
-5.597831199999999896e+00
-1.658974620000000044e+01
-3.256915632999999843e+01
4.050218127000000123e+01
7.393114330000000223e+01
-1.517958330999999994e+01
-1.982667390000000029e+00
-3.339798705999999839e+01
3.613035333999999921e+01
1.122961244000000036e+01
-1.320044258000000070e+01
-2.008068189000000103e+01
8.123883510000000641e+00
-3.198317095999999893e+01
-9.762416590000000838e+00
-4.793519137999999913e+01
2.010009012000000084e+01
6.083004319999999687e+00
-9.549139599999999506e-01
-5.707702369999999803e+00
-2.205413417999999837e+01
-6.033025369999999832e+00
7.230387600999999620e+01
-1.011934169000000061e+01
-2.648989874000000100e+01
-3.853267895999999837e+01
7.685168250000000256e+00
-2.067106795000000119e+01
5.997832830000000115e+00
1.671431387999999885e+01
4.227782140000000410e+00
1.723736725999999919e+01
8.320702089999999274e+00
3.230354271000000210e+01
1.452612693999999927e+01
-1.929716008999999843e+01
2.642244910999999874e+01
1.925784561000000039e+01
6.823138819999999605e+00
2.340109799000000024e+01
-1.564441835999999952e+01
4.070818638000000078e+01
1.297629257000000003e+01
-1.748612470999999857e+01
-3.238982650000000074e+00
-9.958983569999999119e+00
1.130048522000000055e+01
-1.285680550000000011e+01
-4.338102069999999699e+00
-7.063569239999999638e+00
4.467083677000000108e+01
3.046263536000000016e+01
-3.582632668000000109e+01
-4.476582750000000388e+00
-2.913681456000000125e+01
-8.017075650000000664e+00
-1.302195402000000080e+01
4.725071429999999850e+00
-5.547891200000000245e-01
-1.585617902000000079e+01
9.360715130000000883e+00
-4.559205290000000410e+00
-5.184986610000000162e+00
4.753721473000000231e+01
7.963818210000000342e+00
-4.553148895999999723e+01
-2.190477316000000130e+01
5.285108139999999821e+01
1.504431961000000051e+01
-5.256565369999999682e+00
5.892331882999999948e+01
-8.911809449999999799e+00
-5.047456209999999999e+00
-4.442520739999999968e+00
8.528881780000000745e+00
1.718828844000000089e+01
2.421691920000000220e+00
1.599743671999999961e+01
-7.065621359999999740e+00
-1.938215307999999837e+01
-2.299034694999999928e+01
-2.645455537999999862e+01
2.272771485000000169e+01
7.136516089999999757e+00
2.103838298999999878e+01
7.675129379999999557e+00
4.922595832999999743e+01
1.029197145000000013e+01
-4.450152050999999886e+01
-1.891151332999999823e+01
3.394513369999999863e+00
-1.607215702999999962e+01
3.483244162999999816e+01
-7.664892749999999921e+00
9.274604919999999808e+00
2.906599015999999835e+01
-4.116613227999999935e+01
8.250722050999999624e+01
1.143592985000000084e+01
1.314802790999999971e+01
1.993053898000000146e+01
4.122358339999999899e+00
-2.429049500000000084e-01
1.934565990999999840e+01
-2.042577829000000023e+01
4.574934635000000327e+01
4.045722765000000010e+01
-2.299183057999999846e+01
8.842938780000000776e+00
3.857575228000000322e+01
-1.134095147999999931e+01
9.614007190000000591e+00
2.081018747999999974e+01
2.236451678999999970e+01
-4.211228930000000048e+01
-5.682688240000000057e+00
-1.691791976000000020e+01
-1.690344470000000099e+00
-4.373894289999999963e+00
9.328225999999999463e-01
-6.901305800000000268e+00
-1.750650840000000130e+01
7.248218450000000423e+00
3.795680330000000158e+00
2.924461348999999899e+01
-2.413311992999999944e+01
2.402403929000000105e+01
2.603929328999999981e+01
-6.903992259999999881e+00
4.494218113000000159e+01
-3.753554147999999913e+01
-5.684307729999999736e+01
-4.764900719999999978e+00
-4.379951059999999785e+00
-6.632888000000000117e-01
4.407881671999999895e+01
-2.713913649999999844e+00
2.359999541999999906e+01
2.959876835000000028e+01
2.060424787999999907e+01
-6.366847869999999965e+00
3.287323328000000089e+01
-8.764197640000000789e+00
-1.952066259000000059e+01
-2.258443489000000071e+01
5.961248610000000170e+00
1.949804772999999969e+01
-7.384596700000000125e-01
1.920533015000000177e+01
2.975578999999999863e-01
3.341735541999999981e+01
9.560012349999999159e+00
4.978303669999999848e+00
-2.102398449999999919e+00
1.776149675999999999e+01
2.067288363999999845e+01
9.499525950000000662e+00
-9.769464799999999505e-01
-3.029686650000000014e+01
1.603298614999999927e+01
1.047069800000000050e+01
1.958792962000000060e+01
1.549952887999999973e+01
1.990466869999999844e+01
-4.772468230000000311e+00
1.713922987000000120e+01
-1.478329000999999998e+01
-3.748808100000000088e-01
-2.985873090999999846e+01
-1.691305851999999987e+01
2.214205382999999827e+01
-4.963130041000000148e+01
1.462201461000000080e+01
8.743044049999999956e+00
4.570917852000000181e+01
-1.044861039999999974e+01
1.835667351000000025e+01
-5.479579590000000167e+00
-2.666278802000000070e+01
-3.744199815999999714e+01
-6.426789259999999615e+00
-4.865865316000000007e+01
6.493534640000000024e+00
-1.093566384000000014e+01
1.696742307999999966e+01
1.296701898999999969e+01
-1.571517440000000043e+01
-1.608117292000000020e+01
2.254285185999999896e+01
-3.386562530999999865e+01
-6.708957500000000351e+00
-1.042192542999999993e+01
1.505674169999999989e+01
4.955285899999999910e-01
1.484434349999999903e+00
-1.040975927999999939e+01
3.017392498999999972e+01
-3.049304878999999957e+01
3.736401530000000193e+00
3.314372165000000336e+01
-2.024466753999999824e+01
1.699004079999999917e+00
-1.607552499999999884e-01
-3.583603078000000153e+01
-2.204556141000000125e+01
-2.754364289999999826e+00
1.553297116999999972e+01
1.815267122999999927e+01
3.363344160000000027e+00
-5.311895619999999596e+00
9.809950519999999230e+00
-2.342867372999999986e+01
-1.071893699999999949e+00
-2.854148942999999861e+01
-1.535840898000000010e+01
2.674173332999999886e+01
-1.570296835999999985e+01
3.732971118999999760e+01
-1.322411978999999960e+01
1.802577708000000101e+01
1.390295668000000084e+01
-3.489891793999999692e+01
-1.382160887999999943e+01
4.798540280000000102e+00
-2.298245447000000041e+01
-2.073345713999999873e+01
-4.806005809999999911e+01
-2.974307201999999961e+01
-2.810472949000000042e+01
-2.416957623000000055e+01
4.590258300000000236e-01
9.999517040000000634e+00
3.727507730000000130e+00
1.337618351000000061e+01
-3.123951023000000049e+01
8.394317320000000748e+00
1.482745199000000014e+01
-3.705023907999999722e+01
-3.423155753999999718e+01
-2.323971968000000032e+01
-1.493333864000000055e+01
8.943128070000000207e+00
-7.111525400000000552e-01
-2.318172763999999830e+01
1.649152527000000035e+01
-1.313286942000000046e+01
2.761828785000000153e+01
-4.894287219000000277e+01
3.478825439999999958e+01
-4.944810549999999694e+00
-2.203540478000000036e+01
-1.378158733999999974e+01
1.033698690000000031e+00
2.459025474999999972e+01
-4.055337300000000056e+01
-6.499787160000000341e+00
-1.114580811000000082e+01
2.460960073000000037e+01
4.595474322999999828e+01
-5.463928341999999816e+01
5.112995535999999674e+01
2.286704231999999948e+01
-4.101869476000000247e+01
-1.756223200000000162e+01
4.355409937000000298e+01
3.267961781999999715e+01
-1.143426194999999979e+01
-3.213170709999999985e+00
7.865192730000000410e+00
4.101171556999999979e+01
-3.119135903999999826e+01
6.983636129999999831e+00
-4.594878480000000209e+00
1.501264989999999955e+01
-3.990806670999999994e+01
-1.821359409999999901e+00
-1.673214321000000027e+01
2.624260316999999887e+01
2.315814484999999934e+01
-4.798590758000000278e+01
-2.625964593999999863e+01
-1.187299168000000016e+01
-2.338127885000000106e+01
-6.405035009999999751e+00
-1.119261741000000043e+01
2.471758030000000161e+01
2.310430226000000076e+01
-1.181829849999999960e+00
-2.524040202999999849e+01
-4.673616925999999694e+01
2.612646731999999972e+01
-2.700818239000000176e+01
-1.997983658000000062e+01
3.257046419999999998e+00
-1.972683049000000111e+01
-2.147728953000000018e+01
-1.571903887999999938e+01
-2.629245054000000081e+01
-1.425735481000000071e+01
-2.856333470999999946e+01
3.075839896000000095e+01
3.376073336999999697e+01
-3.615594359999999785e+00
-1.205662665999999916e+01
-2.607878599999999825e-01
2.499476496999999853e+01
-4.724142985000000294e+01
-1.090629013999999941e+01
2.704762446999999881e+01
3.894605935999999957e+01
-9.248263279999999753e+00
5.436965840000000050e+00
3.015646358000000049e+01
9.120863280000000017e+00
-5.692210500000000062e-01
-2.446198900999999992e+01
1.110437283000000086e+01
-1.906123157000000035e+01
-5.790316999999999936e+00
-1.067008977999999964e+01
-9.048678600000000571e+00
1.244673215999999982e+01
4.345768698999999913e+01
-1.295717580000000035e+00
1.885923220000000011e+00
-5.003739071999999766e+01
-1.040862047999999973e+01
-1.977543748000000079e+01
-8.470661999999999636e-02
-2.580651406000000136e+01
4.687305287000000220e+01
4.458633360999999695e+01
7.694458009999999959e+00
-1.083403911999999991e+01
9.119967170000000678e+00
1.134195494999999987e+01
-2.623108520999999982e+01
-4.626527959999999773e+00
1.041118190000000077e+01
7.320487739999999910e+00
3.030054257999999834e+01
2.222837772999999828e+01
-1.164701641000000087e+01
1.432954411999999955e+01
-5.451732025999999820e+01
-6.766092000000000217e-01
4.795557695000000109e+01
6.533338839999999870e+00
-1.139549120000000082e+00
1.681197978000000148e+01
-1.576232073999999983e+01
4.943856311999999775e+01
-9.128390500000000074e+00
4.424444213000000303e+01
2.154468496999999871e+01
-2.225027847999999864e+01
1.780004479999999845e+01
-1.684810178000000036e+01
-3.977795514999999682e+01
-3.541237049999999886e+00
-3.063234119000000177e+01
-2.892348527000000047e+01
-2.735528130000000058e+00
1.985351623000000032e+01
-5.320809739999999621e+00
-1.723781152999999833e+01
4.939692870000000013e+00
-3.810962683999999712e+01
-3.894853749999999781e+00
-4.563608330999999652e+01
2.685999842000000015e+01
-6.479735899999999882e-01
-2.747405312000000066e+01
-9.135708620000000835e+00
1.018560045000000081e+01
-1.944506374999999920e+01
-2.513178453000000090e+01
5.191683240999999782e+01
-1.330053642999999930e+01
-2.219980578999999921e+01
1.500952503000000071e+01
-9.698440599999999634e+00
3.009523328999999947e+01
-2.521756770000000092e+00
3.865760649999999909e+00
5.952285881000000245e+01
-6.871482910000000111e+00
-2.017949194999999918e+01
-2.369097130000000107e+01
-2.804029418000000007e+01
-1.882530058000000039e+01
1.492084009000000044e+01
1.493420154000000011e+01
1.225270650999999944e+01
4.050382392000000209e+01
1.823749950000000064e+00
1.150752746000000037e+01
-3.506748927000000293e+01
1.474600329999999904e+00
-1.026311201000000040e+01
-1.468779153000000015e+01
-1.886930500000000066e+00
1.857424467999999962e+01
2.106618110000000144e+01
-3.670238800000000245e-01
6.721862029999999599e+00
1.519549508999999965e+01
1.924461681000000013e+01
-1.350268246000000083e+01
-6.991862689999999603e+00
3.805938099999999769e-01
-1.273178522999999984e+01
-2.807502200000000059e+00
-1.977478967000000054e+01
4.378650317999999686e+01
3.547360144999999676e+01
-8.973973920000000604e+00
8.825664250000000877e+00
-2.544257650000000037e+00
-1.653277242000000058e+01
1.967615939999999952e+01
-5.271125760000000326e+00
2.207260236000000120e+01
-2.892749872999999994e+01
9.919159379999999970e+00
-5.490065740000000361e+00
-2.975042223000000163e+01
-1.349393120000000046e+01
1.476223199000000008e+01
-5.039882928000000106e+01
2.376316977999999835e+01
2.574291922999999827e+01
-5.518217980000000189e+00
-3.293559020000000004e+00
-1.750947170000000108e+00
1.378947888999999982e+01
-1.803558260000000146e+01
1.995981772000000021e+01
1.683611694000000014e+01
-5.435684887000000032e+01
-1.954787604999999928e+01
1.312889863999999918e+01
-4.680617370000000221e+00
2.394721875999999838e+01
-3.520746682000000050e+01
-2.939074989999999943e+00
-2.313566236999999859e+01
-7.105881784000000323e+01
4.248631390999999979e+01
-3.224036567000000275e+01
-3.378402587000000068e+01
4.937128569999999605e+00
7.166741532000000348e+01
6.131554000000000171e-01
-1.550966674999999917e+01
-1.725804560000000043e+00
-3.048094879999999840e+00
-4.734520442000000173e+01
-3.388368630000000081e+01
4.526632879000000287e+01
-5.642435419999999979e+00
-2.083489837000000122e+01
2.728650040000000132e+01
-1.984399923000000143e+01
2.040688409999999919e+01
2.944521957999999984e+01
-3.157939993000000101e+01
-1.551223957000000020e+01
-1.921432139999999933e+01
-9.905850349999999693e+00
-9.729894050000000405e+00
-5.713739300000000298e+00
7.888321209999999972e+00
-1.885518423999999982e+01
1.569133934000000075e+01
3.202514962000000054e+01
-4.992319170000000028e+00
-1.125283297000000005e+01
8.055300810000000311e+00
3.095621219999999951e+01
2.883123334000000071e+01
5.397524139999999804e+00
-3.039070000000000160e+00
-4.802488910000000111e+00
-2.804327255000000108e+01
2.124478855999999993e+01
-1.232853199999999916e+01
1.096140557999999920e+01
-7.730133259999999673e+00
1.493659073000000070e+01
1.010747905999999929e+01
-4.449781023999999974e+01
-1.473849841000000005e+01
-4.342212113000000073e+01
-1.969605483000000135e+01
2.930287990000000065e+00
-9.496145560000000430e+00
1.804596268999999964e+01
-1.659074074000000110e+01
2.043160229999999800e+00
5.942590209999999651e+00
3.912114486000000113e+01
1.982083629999999985e+01
-1.669878415999999888e+01
-6.673348099999999450e-01
6.697349370000000413e+00
2.117323611999999855e+01
2.043556400000000051e-01
3.016572267000000096e+01
1.239506483999999986e+01
5.004345802000000276e+01
1.052680939999999898e+00
3.619536628000000178e+01
-1.493318606999999965e+01
-2.082449000000000083e+01
2.457284140000000061e+00
5.155419470000000004e+00
1.482587138000000060e+01
-7.777510730000000372e+00
-7.572463420000000056e+00
1.432985655999999963e+01
-2.676320249000000118e+01
-3.043220850000000155e+01
4.376883861999999681e+01
-3.293708459999999949e+00
-2.160447094999999962e+01
-2.228025029999999962e+00
-7.454098720000000178e+00
2.347056883999999854e+01
1.827217195000000061e+01
-1.114351051999999953e+01
4.517569100000000115e-01
-1.460394718999999952e+01
-1.949769806999999844e+01
-1.478263811999999966e+01
-5.339188792000000205e+01
1.961359000000000019e-02
-3.555114808999999809e+01
-3.074326332000000050e+01
-2.058983629000000093e+01
1.056866765999999913e+01
-2.012661496000000128e+01
1.274806749999999944e+01
-3.380472886999999815e+01
5.767440400000000134e-01
-2.286630540000000167e+01
4.732165069999999751e+00
6.226271269999999802e+00
1.840030888000000076e+01
-1.158668647000000007e+01
-8.797072059999999638e+00
1.630591577999999942e+01
3.270106404999999938e+01
1.813361545000000064e+01
4.588808389999999626e+00
-3.959338491999999832e+01
-9.394128580000000284e+00
-1.747404609000000164e+01
-3.335637919999999923e+01
2.231912417999999931e+01
-2.004436289999999943e+01
-1.794065500000000091e+00
-1.548103011000000073e+01
-5.507452803999999702e+01
2.853449945999999926e+01
-9.714871170000000333e+00
2.238513086000000030e+01
-3.941248061999999663e+01
3.722442901000000148e+01
2.013462609999999930e+00
-1.590009354999999935e+01
4.753372099999999989e+00
-1.151010643999999949e+01
-3.620036927000000304e+01
7.971979740000000092e+00
1.965282747999999913e+01
9.802036499999999819e-01
-2.000072975000000142e+01
-9.032728309999999539e+00
9.661788359999999187e+00
1.761359859999999955e+01
3.480139843999999982e+01
1.307769099000000068e+01
-1.282743544000000036e+01
5.266567380000000043e+01
1.325545617000000043e+01
2.341128090999999856e+01
-1.009177305999999952e+01
1.545626803000000038e+01
1.079826629000000082e+01
-3.422928315000000055e+01
-1.138639681000000081e+01
-2.258826398000000069e+01
-2.034905095999999958e+01
-6.659242390000000178e+00
-7.686326979999999587e+00
-2.327125192000000098e+01
-6.118014206000000144e+01
-1.594854637000000075e+01
6.899938149999999659e+00
5.036948690000000006e+00
7.648824639999999953e+00
2.564886296999999971e+01
7.769794540000000360e+00
1.794377868000000120e+01
-2.298417033999999859e+01
2.526273567999999869e+01
-2.513759310000000013e+01
-3.974367473000000217e+01
1.212711458999999969e+01
-2.383255068000000065e+01
-2.167740442999999928e+01
-8.753778520000000185e+01
-6.405054050000000387e+00
4.502260666000000100e+01
2.341046148999999943e+01
-5.655689980000000006e+00
-7.643506059999999991e+00
2.081813331000000034e+01
3.674181774000000189e+01
-2.298554113000000143e+01
-5.943636170000000440e+00
-1.878351942000000108e+01
-1.940726507999999839e+01
-1.697060902000000127e+01
7.017699099999999746e+00
3.908319457999999713e+01
-3.600125509000000079e+01
-3.098005483000000027e+01
1.805152380000000001e+00
-5.866135830000000162e+00
-7.348554899999999890e+00
-4.981173738999999756e+01
3.472063907999999799e+01
1.325958701000000062e+01
5.183214760000000254e+00
2.671951964000000146e+01
-1.810672861999999839e+01
1.708049343000000064e+01
1.534991656000000049e+01
2.026289460000000098e+00
-3.360159630000000064e+00
4.875503590000000109e+00
-8.717347860000000281e+00
2.800566801000000083e+01
-2.213033431999999934e+01
2.377594703000000109e+01
5.317487589999999820e+00
7.963764369999999815e+00
1.258019849999999984e+01
-4.804698853000000014e+01
4.649432720000000074e+00
-3.700250983000000105e+01
-2.705236014999999838e+01
-2.706996395999999905e+01
-2.756250338999999983e+01
2.972554099999999977e-01
9.245957289999999773e+00
2.750669552999999823e+01
4.784031370000000116e+00
7.934655140000000273e+00
-3.878058468999999775e+01
-1.409333140000000029e+01
1.879127311999999961e+01
-1.110672799999999905e+00
-8.256529999999999772e-03
-4.886840040000000052e+00
1.934974743000000075e+01
-5.041247741000000104e+01
6.219674460000000238e+00
1.118829816000000044e+01
2.388172708000000100e+01
2.042907317999999961e+01
-3.125369381000000146e+01
6.186774380000000129e+00
3.224929089999999832e+00
2.604191510000000154e+00
3.268329650000000086e+00
-1.039361030999999969e+01
-1.945055736000000124e+01
1.045040726000000042e+01
3.321039164999999826e+01
-2.773464680000000016e+00
6.374017809999999784e+00
9.385323969999999960e+00
-1.413649464999999950e+01
-1.497974100999999969e+01
-6.587421691000000123e+01
-2.037781474000000159e+01
-3.011875361999999967e+01
-3.694251519999999900e+00
-3.726927578000000096e+01
4.145541887000000258e+01
-1.727391052999999843e+01
-2.959561483999999965e+01
-8.539512125999999625e+01
3.667424900000000321e+01
7.355162720000000043e+00
3.329738850000000028e+00
-3.459868584000000169e+01
4.874799440000000317e+00
-1.101888180000000084e+01
-1.809409734000000114e+01
6.477535519999999991e+00
1.863920302000000007e+01
4.046109940000000016e+00
-1.172377374000000039e+01
-1.564766400000000002e-01
1.532611909999999966e+00
8.714591750000000303e+00
-3.504995027999999735e+01
3.981231525999999832e+01
-2.367254622000000097e+01
-1.653019283000000073e+01
-2.699585748000000152e+01
-5.736136536000000063e+01
4.987721839999999851e+00
-2.885976777999999854e+01
-1.052774433999999992e+01
1.801180069999999844e+01
-1.426421425999999926e+01
-1.876433199999999912e+00
-6.487036909999999601e+00
-1.108965633000000039e+01
1.762594430000000045e+00
2.994821776999999940e+01
-2.774762134999999930e+01
5.488570651999999939e+01
-1.245700199999999924e+01
1.845392599999999916e+01
-7.564742299999999808e+00
6.287428649999999841e+00
-6.002203259999999929e+00
2.418320058999999844e+01
3.381695155999999969e+01
1.055909270000000078e+01
2.541672535000000011e+01
-1.965961945000000100e+01
-3.638921999999999990e+00
-1.231397008000000071e+01
3.788552542000000045e+01
3.179178595999999857e+01
2.403154114999999891e+01
-8.478943250000000376e+00
-1.535321260999999993e+01
1.371354144000000019e+01
-1.548997484000000036e+01
-6.840320509999999743e+00
-3.182354950000000127e+00
-1.625075402999999952e+01
2.740657951000000025e+01
-4.527888769999999674e+00
2.094382755000000174e+01
1.077166405000000005e+01
9.538192569999999648e+00
-1.824470862000000082e+01
1.461928027999999991e+01
-1.011344214999999913e+01
-6.516434560000000431e+00
-1.732908710000000019e+00
-2.653888076000000140e+01
4.111024958000000140e+01
-1.468685611000000080e+01
-1.754914080000000043e+00
1.226275812000000087e+01
1.059424313000000062e+01
4.085315941999999723e+01
-9.476026270000000196e+00
4.155553862000000009e+01
3.727658379999999738e+01
-5.165856458999999745e+01
2.797036949999999855e+00
-1.024154796999999917e+01
8.644254789999999744e+00
3.268901959999999995e+00
1.094367540000000005e+01
3.435844372999999763e+01
5.380868800999999735e+01
-4.141566633000000053e+01
4.170871332000000109e+01
-5.397505773999999690e+01
-4.474375100000000316e+01
-7.959108539999999898e+00
4.024648000000000114e-02
4.012667770000000189e+01
1.974267271000000079e+01
-6.630030999999999786e+00
-4.921288936999999919e+01
3.892774777999999714e+01
-2.301338150000000127e+01
9.854903200000000307e-01
-3.932258430000000082e+00
6.939692114999999717e+01
-1.397651779999999988e+01
-5.887205370000000215e+01
1.726840762999999868e+01
-8.968648820999999316e+01
6.340259739999999589e+00
-2.010159618000000137e+01
-1.015386692999999951e+01
-1.497739961999999991e+01
-3.222354520999999750e+01
2.110743443000000141e+01
-2.094734084999999979e+01
-6.465420319999999776e+00
-4.349822986000000213e+01
-2.411648759999999836e+00
-2.881575816000000145e+01
-4.111998318999999924e+01
-6.266819504000000052e+01
5.057477300000000398e+00
-1.960324350000000138e+01
3.416931480000000132e+00
-7.765455769999999980e+00
-4.479028439999999733e+01
-3.582956778999999869e+01
-3.006653997000000089e+01
-3.123395980000000094e+01
2.936930216000000016e+01
2.813042310000000157e+00
-2.747050323999999932e+01
-1.195901107999999979e+01
-1.353130827999999930e+01
2.218188157000000160e+01
-1.714286179000000132e+01
-4.238841540000000130e+00
-1.544388366999999995e+01
-1.969456710000000044e+01
-2.230191745000000125e+01
2.035380647999999937e+01
-8.589587659999999403e+00
-5.105272687000000076e+01
4.252061018999999931e+01
2.426391784999999857e+01
1.460909919999999973e+00
-4.305057670000000059e+01
-4.129928898000000004e+01
3.802260299999999926e+00
4.019224399999999919e-01
-1.742458694000000108e+01
-2.526411519999999911e+01
1.731705655000000021e+01
-3.050676269999999857e+00
1.450313024000000084e+01
2.703858921000000137e+01
1.751056210000000135e+01
1.763989464000000140e+01
1.318868203000000072e+01
-1.152576117000000089e+01
-8.212107039999999358e+00
-1.198537993000000057e+01
-2.024475471999999954e+01
-2.358258157999999938e+01
-3.515517975000000206e+01
-2.055441868999999855e+01
-5.633914260000000063e+00
-4.243135596999999848e+01
-7.860295039999999567e+00
2.012609361999999891e+01
-4.352563406000000157e+01
1.639741078999999857e+01
1.479901008999999945e+01
-3.969035209999999836e+01
-3.131553252999999870e+01
-9.456765539999999248e+00
9.719814579999999538e+00
-2.173315908000000007e+01
3.990143506999999801e+01
3.542167349000000343e+01
-4.266817438999999723e+01
2.470384577000000093e+01
1.920993787999999824e+01
4.829096719999999898e+00
1.199280629000000076e+01
-2.363803311999999934e+01
-7.185947920000000266e+00
4.585410519999999934e+00
1.062535388999999952e+01
2.337295298000000088e+01
-2.831922362999999976e+01
-3.285162140000000175e+00
8.264170930000000581e+00
2.942353269999999910e+00
-1.644944929000000045e+01
1.208021079000000064e+01
-1.413402999000000015e+01
-1.135272460000000017e+01
6.495024099999999745e-01
-3.363273121999999660e+01
1.657476380000000082e+00
-9.364709440000000384e+00
-7.644002650000000010e+00
4.618483669999999819e+00
-3.004428611000000160e+01
3.280849184000000207e+01
-1.396315114000000079e+01
-7.374404092999999705e+01
-4.720996843000000354e+01
2.048197186000000158e+01
-2.237888088000000053e+01
-1.040432930999999961e+01
-1.454129226000000052e+01
-1.014456196000000077e+01
-5.574173366000000129e+01
-3.532050120000000071e+00
-3.447220950999999900e+01
-1.906037781999999936e+01
1.177379576999999955e+01
4.353650327999999803e+01
1.554864449999999954e+00
-5.623012899999999537e-01
3.296621196000000253e+01
-3.064970028999999840e+01
1.769462967999999847e+01
4.221743000000000023e+00
-2.637851257999999888e+01
-1.408895234999999957e+01
1.233827312000000020e+01
3.402651400000000215e-01
6.700240319999999805e+00
5.709033220000000242e+00
-1.310016977999999988e+01
-1.797667755999999883e+01
-2.768140744999999825e+01
2.726687223000000060e+01
-3.570093399000000289e+01
-2.650812566000000103e+01
6.900085920000000428e+00
-4.817707043000000056e+01
1.246133189999999935e+01
3.551826580000000178e+01
-3.989325290000000024e+00
6.399631300000000245e+00
-1.592653782000000007e+01
-1.218481706999999936e+01
5.756777210000000089e+00
2.106303325000000015e+01
-2.151361086000000000e+01
1.498549897000000009e+01
-5.858498710000000109e+00
1.678585489999999902e+00
1.284915567000000003e+01
8.284121360000000323e+00
-7.128045059999999822e+00
1.409015600000000090e-01
1.066022624000000008e+01
1.583531860000000080e+01
-3.978315652999999941e+01
1.845817419999999931e+00
2.853616059000000149e+01
-5.117981431999999842e+01
1.681303614000000124e+01
-6.461679071999999735e+01
-5.959214479999999980e+00
-8.211039480000000168e+00
-2.887052220000000169e+00
-6.734074960000000054e+00
-1.392048102000000043e+01
-5.268256090000000391e+00
6.630081989999999870e+00
-1.475493261999999994e+01
6.669636839999999900e+00
4.850489970999999656e+01
-3.357738971999999933e+01
-1.462867856999999994e+01
2.204062914000000006e+01
1.333187341000000004e+01
2.421067684999999869e+01
1.168225651999999926e+01
1.170027460999999924e+01
-8.908801390000000708e+00
-2.716343374999999938e+01
-2.504401006999999879e+01
-1.491422346000000054e+01
2.560379740000000126e+00
-2.338907427999999911e+01
-7.749672600000000244e+00
4.047131320000000088e+00
1.316292763999999949e+01
-5.667702049999999936e+00
3.301214042000000148e+01
-3.196600464000000130e+01
-2.184704509999999988e+00
-1.683710800000000063e+00
1.520270192000000087e+01
-2.170537307000000027e+01
-1.374675423999999957e+01
1.041195603999999975e+01
2.485892060999999842e+01
4.130456826000000348e+01
1.767918570000000145e+01
2.310412163000000163e+01
-1.545797847000000047e+01
3.482907179000000042e+01
3.652763043000000209e+01
-1.425015820000000044e+00
1.891144861000000077e+01
2.084460242000000108e+01
-1.300642509999999952e+01
4.672615999999999659e+00
3.351225895000000321e+01
-1.334373025000000013e+01
-5.075334630000000402e+00
-3.326798569999999700e+01
1.314422034000000039e+01
-7.086669419999999775e+00
1.086621867999999935e+01
3.256107730000000089e+00
-2.197655914999999993e+01
2.514805830999999969e+01
2.215137173999999831e+01
-1.482898100000000063e+01
1.053801729000000087e+01
-3.371229423999999852e+01
-2.929525664000000162e+01
1.365466265999999962e+01
-3.759164471999999790e+01
-1.696331473000000045e+01
2.884619579999999850e+00
4.558845432999999758e+01
-1.404284305999999916e+01
-6.766685009999999778e+00
-9.919801270000000670e+00
6.181899293000000029e+01
7.682575810000000338e+00
-2.375627941999999848e+01
3.905897964999999772e+01
3.458445954999999827e+01
1.731715666999999925e+01
4.140709163999999731e+01
4.737954998000000018e+01
-4.150391039999999698e+00
-1.527063296999999942e+01
-1.600928182999999905e+01
1.592481000999999985e+01
2.069140220999999968e+01
-3.788156190000000034e+00
-1.275060623999999976e+01
-3.368367244000000227e+01
-1.393975569000000014e+01
-2.490015319000000105e+01
1.658878122000000133e+01
9.424693919999999281e+00
3.513499052000000233e+01
4.060089950000000059e+00
-1.297369072999999950e+01
-4.668010340000000369e+00
2.174502774000000116e+01
6.897639060000000377e+00
2.996132418999999913e+01
3.071120276999999987e+01
-6.670369299999999946e+00
-5.957472919999999839e+00
-5.531611482999999652e+01
2.788670425999999836e+01
-6.734438000000000368e-01
2.981508286000000041e+01
-1.190449229999999936e+01
-3.436245262999999994e+01
1.162546934000000043e+01
4.012220461999999799e+01
-1.442540454999999966e+01
3.639751361999999801e+01
-4.007746131999999761e+01
-1.265760011999999968e+01
-4.470926602000000116e+01
1.050980123000000077e+01
4.450889479999999843e+00
2.959922530000000052e+00
-3.420295833000000130e+01
4.980579974999999848e+01
2.981719349999999835e+01
4.866969090000000442e+00
-2.834763557999999861e+01
1.192027614000000035e+01
-1.284525675999999983e+01
-6.807301769999999586e+00
-1.316136917000000039e+01
1.007814939999999915e+01
-7.931559960000000409e+00
-1.107911185999999937e+01
1.143571913999999978e+01
1.423288364999999978e+01
-4.702306310000000167e+01
1.091513765999999919e+01
3.707178197000000353e+01
2.205893992000000026e+01
-5.735315810000000347e+00
8.567486500000000005e-01
-1.925835697000000124e+01
3.184413659999999879e+01
8.569287060000000622e+00
-2.296033280000000065e+00
-4.107841089999999973e+00
5.862803820999999971e+01
-1.736305809999999950e+00
1.339858650000000040e+01
4.093738542999999908e+01
5.274585457999999960e+01
3.409572509000000196e+01
2.223481299000000178e+01
-3.642502105999999884e+01
-2.483447182999999825e+01
1.887430879000000061e+01
3.809045219999999787e+00
1.731826184000000168e+01
8.734046080000000600e+00
3.364914298000000059e+01
-4.237577250999999734e+01
-2.669343221999999827e+01
-6.317429080000000141e+00
-4.679468202999999704e+01
1.044554985999999985e+01
2.407114127999999909e+01
3.766498710000000028e+00
-1.214675431000000039e+01
1.270345404000000045e+01
7.558725364000000013e+01
1.687894868000000059e+01
8.603141199999999600e+00
-2.568401990999999995e+01
-3.276323820000000353e+01
-8.010288559999999336e+00
1.808333217999999931e+01
-3.255290389999999867e+00
1.295913179000000071e+01
1.907574603999999852e+01
-3.118355139000000165e+01
1.425650133000000075e+01
2.420829966999999883e+01
3.083290931000000157e+01
-3.584698659999999926e+00
2.559122040000000098e+00
-5.496526629999999969e+00
-2.642328876999999920e+01
-3.787388308999999964e+01
4.339419256000000047e+01
-4.214943800000000351e+00
-3.017567383000000092e+01
2.950323660000000014e+00
-1.411888558999999965e+01
4.957093770000000177e+01
-1.273551602000000038e+01
-1.954888357000000099e+01
1.896168842999999882e+01
-8.964924630000000505e+00
2.429093323000000026e+01
6.966629800000000428e-01
5.305856230999999923e+01
2.877696269000000129e+01
2.140850209999999976e+00
-2.030364984999999933e+01
1.498213235999999959e+01
-2.939834932999999850e+01
-4.785084979999999710e+00
3.341207475000000215e+01
-1.525995409000000080e+01
-2.449978560999999999e+01
-1.322865632000000069e+01
2.728643179999999901e+01
6.913967549999999740e+00
-4.522088478999999950e+01
1.813452738000000153e+01
5.089111599999999846e+00
5.013569849999999661e+00
-2.746885530000000131e+01
1.553107100000000074e+00
1.843948006999999834e+01
2.614869841999999878e+01
3.594854358999999988e+01
1.572933641000000016e+01
2.138673629999999992e+00
-2.948633973000000097e+01
-2.552094012999999961e+01
-3.769111313999999879e+01
-7.156930159999999930e+00
1.728798862000000014e+01
-1.352689999999999948e+00
2.799296607999999864e+01
-1.783981096999999849e+01
8.952301309999999290e+00
-9.465956620000000044e+00
-1.631257787999999920e+01
3.339125251000000105e+01
3.875602250000000026e+00
3.432077085000000238e+01
2.605005400000000026e+00
1.215723704000000005e+01
-9.805462719999999521e+00
3.315634216000000123e+01
-9.075419460000000882e+00
3.412464800000000187e-01
-4.262637090999999856e+01
-5.245685250000000188e+00
3.904936207000000081e+01
3.489389649000000304e+01
1.469763453999999925e+01
-9.062815340000000219e+00
3.025725130000000096e+00
-1.143236976999999932e+01
-7.545145210000000269e+00
5.048444242000000060e+01
2.726306300000000071e+00
-1.430916646000000014e+01
-5.920561533000000054e+01
-2.597300256999999846e+01
-2.098499320000000168e+01
-3.504750883999999900e+01
-3.171859862000000163e+01
-3.778449558999999880e+01
-2.508408941000000070e+01
-1.740037991000000162e+01
-2.702537317999999900e+01
2.563920573000000047e+01
-1.139570005000000030e+01
-4.834275780000000111e+01
2.196511574999999894e+01
-1.662792091000000028e+01
-4.442046144999999768e+01
5.308903845999999760e+01
-1.422737552999999977e+01
9.403852799999999235e+00
2.193983164999999858e+01
4.883795379999999575e+00
1.455807783000000022e+01
1.787594349999999999e+00
1.050457300000000038e-01
-8.125446520000000561e+00
-4.127775474999999972e+01
6.516995269999999785e+00
-6.825118408999999531e+01
3.883236655000000326e+01
-2.331408263999999875e+01
-9.673805679999999185e+00
-9.978663969999999495e+00
8.179482809999999660e+00
-9.365661069999999810e+00
1.479015509999999978e+01
-3.025400684999999967e+01
1.963436699000000019e+01
2.363756220999999869e+01
5.746137179999999844e+00
6.275636399999999782e+00
1.184500989000000004e+01
4.972016840000000215e+00
1.513118468999999955e+01
-4.381744239999999735e+00
-3.849756707000000233e+01
5.258143020000000334e+00
-1.357078332999999937e+01
-2.980969379999999891e+00
3.030671871999999922e+01
-4.408852711000000113e+01
7.617250800000000543e-01
1.155586140000000039e+00
5.022537400000000041e+00
1.721251514000000071e+01
-6.678810340000000068e+00
4.562132031000000154e+01
2.422921578000000054e+01
-8.444202790000000292e+00
-4.144662860000000393e+00
2.056580910000000095e+00
4.229149029999999954e+01
-2.912156252000000123e+01
-5.662636925000000332e+01
1.695018367999999853e+01
-6.741108050000000240e+00
-9.189592179999999999e+00
9.089055330000000765e+00
4.180304691999999989e+01
2.441011321999999950e+01
-8.830687140000000213e+00
-2.891763449999999835e+01
-4.670128710000000183e+00
1.554773873999999978e+01
-8.404152690000000092e+00
-4.109227479999999844e+01
-3.331079710000000027e+00
-5.254153715999999719e+01
-2.796791041999999905e+01
4.525140322000000026e+01
-2.875123028999999875e+01
-3.767410776999999911e+01
-2.844429037000000093e+01
-2.037580704999999881e+01
1.999106722000000147e+01
4.655686527999999669e+01
-3.632952739999999903e+00
1.428340219000000033e+01
-1.175100064000000089e+01
-3.843932723000000351e+01
2.594232815000000159e+01
-2.609365331000000054e+01
1.444348317000000037e+01
1.770227617999999836e+01
-5.852204359999999994e+00
2.090973569999999881e+01
2.282286584999999945e+01
6.283095268999999661e+01
-6.610268180000000271e+00
-2.864221446000000171e+01
-3.484044698999999667e+01
-9.496221110000000465e+00
-1.854356551000000053e+01
5.241162917999999848e+01
-2.429964727000000124e+01
6.406188099999999608e+00
2.732452599999999787e+00
-1.222348314999999985e+01
-4.709376946999999802e+01
-3.465031290000000208e+00
5.469125163999999728e+01
9.605051919999999299e+00
4.167949969999999560e+00
-3.206369382999999829e+01
-3.193726952999999824e+01
-7.787876060000000322e+00
2.552803746000000018e+01
-1.410753410999999957e+01
5.709962337000000332e+01
-2.687222128000000154e+01
1.044280711000000039e+01
-7.615057850000000350e+00
-3.602481712000000158e+01
2.381764800000000015e+00
-2.843269818999999998e+01
-4.104000247999999829e+01
6.161295960000000349e+00
1.059999450000000065e+00
2.905039830000000123e+01
1.310104506999999963e+01
-1.864632019000000085e+01
1.193644401999999971e+01
-4.858566416000000032e+01
-2.659115475000000117e+01
4.952785133999999800e+01
4.621767919999999918e+00
-5.927055359999999773e+00
-1.656498694000000071e+01
-2.450787169999999904e+00
-5.496743659999999920e+00
4.943415224999999680e+01
2.312234601000000112e+01
-6.602544870000000010e+00
-1.962924969999999991e+00
-2.185032229999999842e+01
-8.727995290000000850e+00
-3.499755721999999736e+01
2.742467826000000031e+01
3.884077060000000081e+00
5.736411600000000277e+00
9.962085139999999228e+00
-4.422650309999999862e+00
-1.140583200000000019e+01
2.996380390000000116e+00
-6.008807035000000241e+01
-8.628687660000000648e+00
-5.696035829999999578e+00
-4.302395920000000373e+00
2.675972481999999886e+01
3.610935927999999961e+01
9.614089240000000203e+00
-5.289367971000000068e+01
3.455142854999999713e+01
-1.187972251999999962e+01
-2.079368287999999865e+01
-4.842603977000000270e+01
-1.673705194000000063e+01
3.450009168999999787e+01
1.693001024000000143e+01
5.555533869999999652e+00
1.869293186000000162e+01
-3.242842094000000230e+01
-2.582534592000000018e+01
3.129077075000000008e+01
2.159127498000000145e+01
2.668390511999999859e+01
2.715324670000000218e+00
4.671353230000000245e+00
3.029004636999999889e+01
5.359899922999999688e+01
-1.160885558000000017e+01
2.136145052000000177e+01
-1.435584631000000044e+01
-2.434702081000000007e+01
-1.923436218999999880e+01
-1.935254680999999977e+01
-8.053482999999999947e+00
-2.641053678000000104e+01
-1.087955106999999977e+01
-7.538664445999999941e+01
1.884417910999999890e+01
1.226950633000000046e+01
-2.642591180000000151e+00
-2.156540432999999979e+01
-1.027410266999999955e+01
-3.046501590000000093e+01
5.476028620000000124e+00
4.473927309999999835e+01
-1.228196920000000070e+01
-9.362614750000000541e+00
1.164452821999999976e+01
-2.835427015999999867e+01
4.696561287000000107e+01
8.153283869999999212e+00
7.780190209999999773e+00
2.745861641999999847e+01
-1.353861580000000009e+00
3.104524105999999861e+01
1.049260356999999999e+01
-2.194708480000000073e+00
4.528611569999999809e+00
-3.488423300000000005e+00
3.672906715999999960e+01
4.765884360000000264e+00
1.005730767999999919e+01
-6.458003579999999744e+00
7.812896239999999715e+00
-5.116176729000000023e+01
-1.951277398999999946e+01
-2.704879203999999859e+01
2.628260839000000004e+01
-1.772403457000000060e+01
-3.330940515999999718e+01
3.206560241999999761e+01
-6.751390599999999687e+00
2.245017926999999958e+01
-4.993142784999999861e+01
1.029586734999999997e+01
2.887662890000000093e+00
3.398773760000000088e+00
-6.441777179999999881e+00
-4.026080649999999928e+00
2.813236082999999965e+01
1.009933860000000072e+00
-2.811878912999999969e+01
-1.036684303999999912e+01
1.221588505000000069e+01
-6.369633445000000194e+01
-4.872469041000000090e+01
7.151781900000000469e-01
7.767252069999999620e+00
-2.600491526000000064e+01
-1.072474380000000060e+00
5.823870708999999835e+01
1.548289124000000072e+01
-2.979783305999999854e+01
5.182101730000000295e+00
-5.132109100000000090e+00
6.918336090000000382e+00
-1.969430009999999953e+01
1.216495592000000059e+01
1.457024052000000047e+01
-3.830891100000000105e+00
6.170239786999999865e+01
-4.384427770000000280e+00
-1.746628811000000070e+01
1.313352903000000005e+01
2.373933839000000035e+01
-1.868187264000000170e+01
-1.023663849999999931e+00
5.411196838000000042e+01
-1.566054660000000043e+00
3.250546264999999835e+01
8.075936799999999138e+00
-3.872547539999999788e+00
-1.259145230999999931e+01
2.886756156999999945e+01
-3.085821393999999884e+01
-5.761445699999999670e-01
-1.004976401000000052e+01
-2.192919621000000063e+01
8.307482730000000259e+00
1.468649635000000053e+01
2.414964610000000178e+00
-2.064962999999999937e-01
-2.197776514999999975e+01
8.957165110000000041e+00
-1.839733040000000042e+00
-1.253035616000000019e+01
-1.113564636999999991e+01
9.138006139999999888e+00
-2.064323930000000029e+00
-2.088780819999999849e+01
-6.022477202000000318e+01
5.794461300000000037e+00
1.067979404000000088e+01
-2.679275870000000026e+01
-1.318679984000000083e+01
4.567835128000000111e+01
6.189319900000000096e+00
2.175899138000000121e+01
4.759323010000000131e+00
2.201452538999999931e+01
3.180839559999999899e+00
-2.150519033000000135e+01
-5.995804330000000348e+00
3.007840400000000081e+00
1.738174019999999942e+01
4.166758743999999837e+01
2.718714840000000166e+01
1.679216180000000058e+00
9.443949209999999539e+00
3.346988713999999732e+01
1.458636964999999996e+01
-3.829603810999999780e+01
-1.524244191999999920e+01
6.165291670000000224e+00
4.706522310000000431e+00
1.361863458999999921e+01
-2.862535077000000072e+01
3.906222230000000017e+00
2.390660013999999833e+01
2.642330482999999930e+01
-2.376358202000000119e+01
-6.784000000000000100e-05
-1.222461250000000055e+00
-9.389610030000000052e+00
-1.571456129999999973e+01
-8.566929119999999287e+00
-4.842426530000000007e+00
5.593732000000000149e+00
2.337983367000000001e+01
-1.707092881000000162e+01
4.472817193000000202e+01
1.812442240000000027e+01
1.482879873000000082e+01
1.955382828000000117e+01
1.499256852999999978e+01
2.009157288000000108e+01
3.024453571999999824e+01
-2.516112735999999828e+01
3.441019287999999676e+01
-6.305176754000000017e+01
1.750774837000000161e+01
-5.910382278000000156e+01
4.615795810000000188e+01
4.164958973000000242e+01
-5.201420149999999687e+00
-2.664485077999999874e+01
-2.345699632999999906e+01
-3.042405454000000020e+01
-3.500914053000000337e+01
3.129114517000000006e+01
2.324791880000000077e+01
1.322673190999999981e+01
1.566465919000000007e+01
2.470774365999999844e+01
-2.165954324000000142e+01
-9.818524800000000496e+00
3.049320433000000108e+01
-7.220182269999999569e+00
2.952480934000000090e+01
4.115862424000000175e+01
-3.194929880000000111e+00
-4.047895065000000159e+01
2.749797969999999925e+00
-1.445643149999999988e+00
-5.635679320000000381e+00
4.960352999999999984e-02
-3.605072604000000069e+01
-6.986832429999999761e+00
4.865898389999999907e+00
7.351593059999999902e+00
2.699535051999999880e+01
-2.360437891999999849e+01
3.083549498000000000e+01
-2.206494673999999989e+01
1.416627405000000017e+01
2.231439363000000142e+01
