-3.904075637295730417e+01
-2.262972449116219309e+00
-8.057499801569370845e+00
2.710937971031928839e+01
-1.343859227030516479e+01
-1.038985306672444153e+01
-2.713689935079003135e+01
-5.668957097701772341e+01
-2.422535539012909567e+01
-2.547294299373822923e+01
-2.360772381951360899e+01
4.809317671641331060e+00
2.220768048358110036e+00
-1.180915015340985974e+00
1.953459876848967269e+00
2.982685194966012432e+01
-1.153830645316558901e+01
-8.124006768114057309e+00
1.314711489370336039e+01
-6.975786636264257368e+01
3.496305225946559858e+01
-1.494956382105539205e+01
-2.722806140052501434e+00
-6.326279748151137028e+00
-1.066959582885601776e+00
-2.415467451882122418e+00
5.410156828185881750e+01
-1.685267374917215477e+01
-4.560763941349989636e+00
-3.416612686215923134e+01
4.420561015431576379e+01
-4.906519599078961846e+00
-2.404945292438071647e+01
1.266386825598375765e+01
-2.314441200508809970e+00
1.463097085405340181e+01
-6.067525269878899508e-01
3.098512485880632994e+00
2.126381271869298928e+01
-6.158408537706171160e+01
3.430055036136388935e+01
9.140436103886713681e+00
-7.034469082024031650e+00
-1.970613630441380693e+01
7.742593820257695825e+00
-1.235125858940983790e+01
2.802884416395079370e+01
2.241439678131564506e+01
-1.443366521380329459e+01
-1.840947720800676279e+01
-1.941796395659679320e+01
-2.340667942255898026e+01
1.185895583130530895e+01
-3.053178380079998533e+01
9.358406768454756275e+00
3.899576410636223045e+01
4.492689006009575081e+01
2.096569568867238331e+01
9.393367395681195831e+00
1.952733248334226346e+01
5.731372839426018118e+01
9.705430738110464972e+00
-3.364675122296000609e+01
-6.815770210520554429e+00
-1.588180730131921337e+01
3.746198442907760295e+01
-4.444943765882632647e+01
-3.864239369856812800e+01
-1.968616593301061357e+01
-1.105216956296038688e+01
-2.523979135234253590e+01
1.768381202824657805e+01
5.849409238701412050e+00
8.810567742561346449e+00
-2.439463925013678391e+01
-2.136633462450336651e+01
-3.683292994029253009e+01
2.030733160386245117e+01
-2.113227811503863762e+01
1.906331591000829917e+01
-6.059339782733255575e+00
-1.678531461896545807e+01
-3.233475610085623941e+01
-9.559425869600204351e+00
-6.880362025040540175e+00
-7.789335738333747372e+00
2.520627129610742401e+01
4.720102433260237262e+01
-2.775828704361085286e+01
-4.843852354310502051e+01
-1.214235486330143488e+01
6.705160888901434646e+01
-3.655254686633504946e+01
2.015879877743989823e+01
-7.332154772650653740e+00
-3.763397984096312143e+01
1.557797071136262446e+01
2.203585631361286801e+01
-1.084926746992570656e+01
2.064490949249812957e+01
-1.513804427070510883e+01
-3.524864759638109035e+01
5.915900498750721681e+01
2.819982065442161456e+01
1.600838054830438750e+01
8.855032491417659912e+00
1.681064357369798756e+01
5.094935582189296497e+01
-1.664299930437365660e+01
3.765307911543672503e+00
-8.533209033459417014e+01
9.951441098713388556e+00
-4.178058122261127494e+01
8.770641789997824844e+00
1.376532414910691671e+01
-2.251801840118133669e+01
-3.194606453071696706e+01
1.366148895648620964e+00
-1.899351012882908663e+01
2.408139109717643578e+01
-3.131538296518660047e+01
-3.446736622174682907e+00
-2.269583252537236007e+01
-2.212158652716283314e+00
1.222432191428609372e+00
1.401128970249584427e+01
4.553628594270549002e-01
-3.287457359519407873e+00
4.016353312962321098e+01
5.687963171018809305e+01
3.068030866420646419e+01
4.441974537383811139e+01
-7.352800438399185623e+00
6.261196648019961231e+00
3.323680708985301635e+01
-5.954333218668779182e-01
-4.755315922627363534e+01
-2.547367857592437801e+01
-3.165371765842981233e+01
-1.733306244798946238e+01
1.786110710491095688e+01
-7.422854093983420398e+01
-1.042105097238552958e+01
2.768916192612434202e+01
-2.342237229212651073e+01
-1.946280092723259258e+01
3.721179723315725596e+01
2.783661171850860683e+01
-2.068051167012430369e+01
1.734669888674056892e+01
-1.588658973277702557e+01
2.138054063151466977e+01
2.120547763765159743e+00
8.299080783920175008e+00
-5.335377257275109031e+01
-2.961960146768226920e+01
-5.461733845052890501e+00
-1.030147905082364090e+00
-2.556681304727442239e+01
6.795815785024251454e+01
-1.092282726307655594e+01
-2.018725265435347183e+01
2.229316353725005229e+01
-2.872748496767658111e+01
-2.286616149737706394e+01
2.042538505934470550e+01
7.975685555672626492e+00
9.599913505732331487e+00
9.792976449562644348e+00
-6.902383875024298732e+00
9.980277628712912019e+00
3.648440195372337769e+01
-1.660786976937828285e+01
1.200014543811789736e+01
5.692162311028133104e+01
2.042528180309842867e+01
-4.740040453432243339e+00
-1.277583924693432493e+01
9.738505812945336970e+01
-1.331637142157671860e+01
2.344084402633512809e+01
1.619838454753562473e+01
1.844440771374978283e+01
5.533972912765068486e+01
2.995202553208878271e+01
-1.715356534137036704e+00
1.514374126161612821e+01
3.068771558086672258e+01
2.256088797573909233e+01
-3.644752990850457763e+01
5.893768320936260352e+01
-5.252856370088494486e+01
-7.712380648584534981e+00
3.444811359689447272e+01
9.331640519460115968e+00
4.639852326040056596e+00
1.776047651033474040e+01
1.396402932326495261e+01
2.155102667022120499e+01
-3.912357228657992891e+01
2.477671189440684429e+00
-1.661105599688880829e+01
-4.193461102746375957e+00
-2.748706792020016110e+00
-6.681446005975210767e+00
-3.602551030410069188e+00
5.241400385270731022e+01
-5.290854321907872304e+00
-1.628599883160524087e+01
-1.623279604889290795e+00
8.112334932897709905e+00
-3.727660199580441258e+01
-3.197522619691162049e+01
-2.266010132027011537e+01
-3.863320230772646369e+01
-9.993873749300462350e+00
-2.607906867967533771e+01
1.143291285930163781e+01
8.080037478272075191e-01
-7.831082894060187982e+00
-5.167402200940784951e+00
3.587306650038044609e+00
-9.182429078172802406e+00
4.254682283070762594e+01
-5.406240100367602963e+01
-9.476058331380855293e+00
-8.466074505175626541e+00
9.988007632644155365e+00
1.402668579012453165e+01
-2.936486201092350257e+01
-9.453998307577450078e+00
2.687296050251454815e+01
-1.259143555083227284e+01
9.911258597178346008e+00
2.134014225576297008e+01
-1.788535346733112874e+00
6.966488223568296689e+01
-8.720593219003717422e+00
-1.978655926809932453e+01
2.027854281321822327e+00
-1.533576014229100792e+01
3.410211716638033863e+01
-2.643703018011265726e+01
7.534690635357719657e+00
3.544552522906701597e+01
-7.956603945524307164e+00
7.384192728464176980e+01
7.996219700220706272e+01
-4.144282274973966196e+01
3.677070204822119592e+01
1.354207612125543392e+01
-3.476461049904960987e+01
1.037103562062692674e+01
2.618323023752066092e+01
2.682131053141398525e+01
1.465883266117771200e+00
1.051672948856634093e+01
4.645980169921347169e+01
-1.463284437458480625e+01
8.900518765733917093e+00
4.483860365279457483e+01
-2.310839576202914714e+01
-1.243387302185875853e+01
3.490020344394049800e+01
1.792074016768719957e+01
4.718545153928516811e+01
1.881202735738861520e+01
6.763151372644301773e+00
1.662703889427285731e+01
2.525155278668493963e+01
-3.338011038423974242e+01
4.251604396215356019e+00
1.538844977156632510e+01
7.235059655936936451e+00
1.474142968821362842e+01
-3.815996520365055744e+01
1.992457916110475935e+01
-2.664228336911048700e+01
-2.073719588402785519e+01
1.327434350748957570e+01
-7.282049036294239386e+00
3.600756112555077948e+01
-1.042532373509044419e+01
1.873234575458471340e+01
2.011486673752011711e+01
4.842242390011642783e+01
3.400773485532512552e+01
3.045288917444143806e+01
-2.119980193454381379e+00
-5.189269812961896378e+00
-1.993854082405044892e+01
4.974967766553615434e+01
4.952189652781214591e+01
2.433875059963311571e+01
-1.567411810910226677e+01
3.098811905417704793e+01
-3.207241065300905802e+00
1.116289890799988882e+01
4.118802378265485231e+01
-7.789292244092820283e-01
-4.979874980346153279e+00
-1.255664690265075478e+01
-3.643956107688092061e+01
5.953469763691740013e+01
3.151144655297821373e+01
-3.722002750441606622e+01
-1.025930224382396716e+01
1.643434256976240704e+01
-6.251279669137744577e+00
3.956034597392526564e+01
7.824774050679764059e+00
4.979280957131470586e+01
2.157802505774824198e+01
-1.417140296606987704e+01
1.248131328317776934e+01
-3.888744653602373091e+00
-1.712882677732454795e+01
9.788072924830913735e+00
9.342511976916966887e+00
5.848999908955323690e+01
4.920023782692638292e+01
3.459527950679486707e+01
4.159607310712442541e+01
5.401810032024627617e+00
-1.616982251657100278e+01
8.902135250018346824e+00
-2.086390689146292843e+01
-3.350814337860942516e+01
-3.477882436060474447e+01
-1.946050074489147619e+01
-6.790922173473182966e+01
-2.176095466010065138e+01
-5.412615824253195740e+01
1.463339942225738355e+01
-2.893673584559511625e+01
2.905056321237412931e+01
-6.180331076476760188e+01
-1.859396219792053273e+01
2.677338890251658654e+01
1.306957507766212245e+01
-5.544280206449948878e+01
3.532699053911744613e+01
-1.618230712814215622e+01
3.362287861406367284e+01
-1.453764792641376857e+01
-4.900289232667546457e+01
8.972662730498356609e+00
-4.068609294953051858e+01
-4.701094519473059563e+00
-1.853138085226257559e+00
2.555927176701852943e+01
7.873009567728354341e+01
-2.696439789966251510e+01
-2.181798809851794374e+01
-2.608297390551967965e+00
-7.177030155408374412e+00
-5.042641405051547565e+01
-3.484116697277184471e+01
2.989154071294629489e+01
-1.330721732630956922e+01
1.261372784361938670e+01
-3.067611720565179212e+01
-1.024030350184199278e+01
-2.589418118583168393e+01
3.219334674773989491e+01
5.969273679799925958e+00
-1.393852140677205398e+01
-1.061055223046525953e+01
7.412497175790178972e+00
-5.124401477226371071e+00
2.693999209966321473e+01
-1.610214342544645660e+01
6.227568100358666925e+00
2.217229454855245763e+01
8.577732589276024555e+00
-1.329130857071700689e+01
9.609191699142195375e+01
3.673718267326560749e+01
2.672445570950486626e+00
6.315801217117950728e+00
-3.915944124770129520e+01
2.096533314023392336e+01
-4.775695338253802902e+01
-1.817415190535331249e+01
-3.441653983417265295e+01
-1.234734016945799340e+01
3.547936562994766518e+01
-3.543832763839967015e+01
1.495793644470091976e+01
-2.394277487033718899e+00
1.290889786012016316e+00
-2.240432435050718141e+01
-2.768705973143121923e+01
-3.471138064021943137e+00
-2.237602823977748301e+01
-1.240571477318357552e+01
-2.582952557759205092e+01
-5.790008479037791034e+00
-2.171186090101669208e+01
-3.140115849498981504e+01
1.311048190952999448e+01
-9.009923394594949286e+00
1.525941513787151393e+01
5.348840087974657820e+00
-4.759403588905824734e+01
-3.281285901339666111e+01
-2.852064822243715980e+01
2.031738609208923663e+01
-1.510846721721890162e+00
-3.879778852861082328e+01
3.680521580061311937e+01
-2.450573998069951642e+01
3.569871960642829123e+01
-1.979143924841549662e+01
-3.022032449166823653e+01
1.481788375045294970e+01
-4.249188211181696317e+01
-2.157256844469958423e+01
3.875275333298640135e+01
1.180983199727285182e+01
-2.744572100170222484e+01
3.396635241191010834e+01
-1.135442093408897790e+01
-2.379274391060221205e+01
-1.904781952013038904e+01
-3.133530021330449244e+01
1.728138509833935643e+01
-5.619814376366369402e+01
-4.956678456526188370e+01
-6.342745590864467431e+00
-1.878609832572149685e+01
-3.696165982267960004e+01
4.596221125674037467e+01
8.389923189583834073e+01
-1.723863296680046631e+01
-2.214720609272603724e+00
-3.794765538734681343e+01
4.095850952050983551e+01
1.277917618221042062e+01
-1.496974951636332207e+01
-2.278552845400787419e+01
9.233006974148359802e+00
-3.632745435077723073e+01
-1.106561820565440257e+01
-5.442433507078220600e+01
2.281858283183089497e+01
6.922789061509149633e+00
-1.115438960797405343e+00
-6.449880066282275948e+00
-2.506022989405278167e+01
-6.846170133309783523e+00
8.211554081346920952e+01
-1.142299573380819311e+01
-3.008462905479106553e+01
-4.368354494153672363e+01
8.728272194497094461e+00
-2.345977462260559321e+01
6.794107260001624127e+00
1.900336875470244280e+01
4.758714548787708054e+00
1.960490835966004397e+01
9.456678939307053611e+00
3.663535626934867651e+01
1.648948881717366532e+01
-2.190258284466209915e+01
3.000722183318279690e+01
2.185227204593837769e+01
7.732902835933813890e+00
2.655614183976840081e+01
-1.775166805480063914e+01
4.616864161987882653e+01
1.470504163476438819e+01
-1.985666306446838547e+01
-3.707649945987213869e+00
-1.130464122440457686e+01
1.279396948536268042e+01
-1.460995535582512872e+01
-4.932059241174243880e+00
-8.056031037602735978e+00
5.066099219671809806e+01
3.459878846895472293e+01
-4.068404801841521135e+01
-5.077052981888911631e+00
-3.305303909681984464e+01
-9.070231642254498183e+00
-1.477949946333676223e+01
5.401032862474608010e+00
-6.552472904014869926e-01
-1.800091238647587488e+01
1.058895284022480610e+01
-5.164880209068883232e+00
-5.891310730481691849e+00
5.392709455197910984e+01
9.070085092874155208e+00
-5.165093108588721549e+01
-2.487099696655855041e+01
5.995053780646054520e+01
1.706047942983764187e+01
-5.933395686759013188e+00
6.693456175663700947e+01
-1.012030212318640565e+01
-5.711403555684853472e+00
-5.058885067459812035e+00
9.706377455459573866e+00
1.949164272600211945e+01
2.718476966396707439e+00
1.813753130992120077e+01
-7.988049499312126045e+00
-2.201090722282421552e+01
-2.607614789158851210e+01
-3.006138823175086827e+01
2.580016275284208405e+01
8.104788325908174329e+00
2.388945102962353673e+01
8.741840398289923542e+00
5.585769992273367279e+01
1.167050236171787958e+01
-5.044297843468484643e+01
-2.145342025580213630e+01
3.859826778692266203e+00
-1.822037890670745242e+01
3.952896630025591662e+01
-8.756422341802817755e+00
1.052438877465536393e+01
3.300420810627629464e+01
-4.676198553163504812e+01
9.362378195077150167e+01
1.297242526440501820e+01
1.489242105037999409e+01
2.263848656627831701e+01
4.717286316946342595e+00
-2.675020221703618972e-01
2.193616930372411389e+01
-2.319000509085142880e+01
5.193992872560227170e+01
4.593438361985829488e+01
-2.610026388916045903e+01
1.009509395689286748e+01
4.380712674880649615e+01
-1.288847468508298277e+01
1.089711237761702023e+01
2.361926239304820285e+01
2.540047515173654347e+01
-4.782845370885976877e+01
-6.447205377391128422e+00
-1.923034312476509911e+01
-1.984784909427389721e+00
-4.945837018728134638e+00
1.098179046466782438e+00
-7.857025916621296346e+00
-1.988522322663470732e+01
8.236683670432938698e+00
4.327652045761340105e+00
3.321213279128819806e+01
-2.740141348452748105e+01
2.727423300024128139e+01
2.956178708667408728e+01
-7.852981376036126449e+00
5.101520157464065619e+01
-4.257880646503176081e+01
-6.452019583482399412e+01
-5.357709314549913060e+00
-4.997072238757027662e+00
-7.461488153881532526e-01
5.000065469989756650e+01
-3.058207753915844762e+00
2.676552711759060799e+01
3.363444118615845468e+01
2.336901527092510378e+01
-7.148180510866779969e+00
3.731265299846631933e+01
-9.938992909336533899e+00
-2.218940860108432389e+01
-2.567438142917100663e+01
6.733132509510085129e+00
2.217751311686367899e+01
-8.563347005011507918e-01
2.179617185517315647e+01
3.626059555955691849e-01
3.790185907621884098e+01
1.086632472072825806e+01
5.615271776047428887e+00
-2.349008338995247414e+00
2.015236301140160435e+01
2.346962933751976266e+01
1.076597140759096760e+01
-1.109318970913975022e+00
-3.437360515745210421e+01
1.819736530158304078e+01
1.189661000313355999e+01
2.223887384292356728e+01
1.763590281172834295e+01
2.255457787964376593e+01
-5.370877010770200854e+00
1.948273894724786715e+01
-1.675271557574956205e+01
-4.669354778297929442e-01
-3.388144174118008323e+01
-1.920684249983685277e+01
2.515698766935680908e+01
-5.632594826503279251e+01
1.658860879201392891e+01
9.923549697034900419e+00
5.189209866735821208e+01
-1.185897968687861237e+01
2.081770840858675697e+01
-6.212708380502022010e+00
-3.025873712111962277e+01
-4.247212952684520815e+01
-7.292542267662255995e+00
-5.526887982690031720e+01
7.341529206982272626e+00
-1.244755496215617541e+01
1.926034980225466597e+01
1.466899750036719752e+01
-1.785478866293803435e+01
-1.828625344868743241e+01
2.557728206977417074e+01
-3.839637044843571800e+01
-7.636602110592065173e+00
-1.181893889810247344e+01
1.708682549717542543e+01
5.727306901643487436e-01
1.683167799452817803e+00
-1.181407061536486935e+01
3.422512693709188625e+01
-3.459156552650574667e+01
4.323411894671153277e+00
3.764154185267736352e+01
-2.297959132076270805e+01
1.934155195351848988e+00
-1.629414263130115614e-01
-4.072239087168782135e+01
-2.504809160301684301e+01
-3.114092111725396350e+00
1.762457321616430761e+01
2.057718610172423723e+01
3.824612095339091411e+00
-5.993819690741872819e+00
1.116267416759086473e+01
-2.657370025030547822e+01
-1.250262168125232165e+00
-3.240714874395075640e+01
-1.737961391732522998e+01
3.036410777014415885e+01
-1.782317643138247831e+01
4.238324340901942833e+01
-1.499305512919747230e+01
2.049678178330535161e+01
1.578374466516591212e+01
-3.957539826290917517e+01
-1.572210570147802855e+01
5.413012616840148894e+00
-2.604570967930133918e+01
-2.355594364459079060e+01
-5.449730518750061492e+01
-3.379863998435885719e+01
-3.191274947967485787e+01
-2.743635415671920441e+01
5.384228714982697284e-01
1.135885211948919959e+01
4.238643677567949908e+00
1.517026651422162153e+01
-3.546640255779675499e+01
9.539314274813534666e+00
1.682138656660941933e+01
-4.205721602129946035e+01
-3.882949040139203589e+01
-2.631767137238620080e+01
-1.698312949459222665e+01
1.017989612869300231e+01
-8.213917451554948457e-01
-2.633419988926996780e+01
1.873647822579482636e+01
-1.486202860167102813e+01
3.134892895209122798e+01
-5.552301455629233828e+01
3.944671949213312701e+01
-5.584445038359618252e+00
-2.506416445791436587e+01
-1.564502188751350076e+01
1.154550622872875465e+00
2.792735762018666890e+01
-4.602062470037697040e+01
-7.379890887928382881e+00
-1.262757524738185566e+01
2.792994187299954945e+01
5.211178190549962608e+01
-6.200081024694463849e+01
5.801300402676326939e+01
2.593821333491746373e+01
-4.656888511812996256e+01
-1.996581904441887900e+01
4.942006625335837100e+01
3.703172391788655204e+01
-1.301990057762782271e+01
-3.651726192225595469e+00
8.961931517186229712e+00
4.655234399344607255e+01
-3.541928335197698630e+01
7.958566536184292772e+00
-5.189697469814468889e+00
1.704883534678896240e+01
-4.529474324960310838e+01
-2.091731051635811411e+00
-1.900216060806114626e+01
2.979138073286864596e+01
2.624281031322522040e+01
-5.445015997620180315e+01
-2.981231804540757935e+01
-1.347144344302262198e+01
-2.651645804607459667e+01
-7.298365697649188633e+00
-1.271201967687410672e+01
2.804202096643280129e+01
2.623125266923378263e+01
-1.381226276740591175e+00
-2.860863244542219519e+01
-5.301804132930089963e+01
2.963498221586223735e+01
-3.064004422613150780e+01
-2.267543859983237553e+01
3.698035747885370483e+00
-2.239308446945625519e+01
-2.438292380606230836e+01
-1.787803245031555122e+01
-2.988137872411877538e+01
-1.617219034463258254e+01
-3.242460825487540887e+01
3.492198492928329756e+01
3.834986854642900767e+01
-4.093442531934044837e+00
-1.369867378684290316e+01
-2.906684443732956424e-01
2.837869103390573855e+01
-5.365255989584926510e+01
-1.244460091627601628e+01
3.068237456445825728e+01
4.419432189127815036e+01
-1.046389478534490536e+01
6.233467137190359608e+00
3.424545318572381802e+01
1.033972626852519738e+01
-6.269286851650690551e-01
-2.773711239891912328e+01
1.260365135522107494e+01
-2.166057008897499259e+01
-6.621609803836065566e+00
-1.209523172299776661e+01
-1.026718785386370314e+01
1.409428716958296945e+01
4.933218253396363906e+01
-1.493169086810127055e+00
2.111404186239809633e+00
-5.683060831245504119e+01
-1.185985732957840355e+01
-2.245332748893198982e+01
-7.370854616328870179e-02
-2.922174032021521839e+01
5.319064269631797970e+01
5.063723499820781626e+01
8.747998066445290988e+00
-1.231475634232953098e+01
1.033067619110669000e+01
1.289433328087537234e+01
-2.975169713674998206e+01
-5.223433747590547682e+00
1.182977309951348843e+01
8.305012803025135781e+00
3.439638183502100333e+01
2.526282438111408624e+01
-1.325874334930847454e+01
1.627274164943972323e+01
-6.188540954040652053e+01
-8.045213760752005783e-01
5.442777814905213063e+01
7.435647829693579069e+00
-1.298478787873932561e+00
1.911336924610236565e+01
-1.783448314364688514e+01
5.613351404837672476e+01
-1.036736422538143643e+01
5.021442846985991082e+01
2.442618049752181264e+01
-2.528535791219422890e+01
2.018873314472645575e+01
-1.906099875328435189e+01
-4.511749177080389472e+01
-4.023486072815217085e+00
-3.477238274299712373e+01
-3.283950807251648030e+01
-3.059490014908547550e+00
2.254971902452069799e+01
-6.029846771188360322e+00
-1.955521277534398905e+01
5.601409745340276913e+00
-4.321804168219978237e+01
-4.413606017287527550e+00
-5.178404906871912772e+01
3.055280194635415114e+01
-7.562817591333015343e-01
-3.120926341747819777e+01
-1.043575834802354052e+01
1.152391628701528248e+01
-2.207169117052865204e+01
-2.852115703197813446e+01
5.890013335147753537e+01
-1.512472368621803298e+01
-2.517555873712046832e+01
1.705318679767079004e+01
-1.101563859056027184e+01
3.413282939396746940e+01
-2.859087869544737259e+00
4.325840061226898570e+00
6.749830161517161287e+01
-7.816510487132006801e+00
-2.292705510711945749e+01
-2.694674038966684293e+01
-3.182706332370941027e+01
-2.137767610905291349e+01
1.697798943503391911e+01
1.693331564757090746e+01
1.395069213219437643e+01
4.595268458416103385e+01
2.034974466375047086e+00
1.306285892317924890e+01
-3.978527096232302540e+01
1.676797715977329517e+00
-1.168429051275475672e+01
-1.665673295672951326e+01
-2.154307467972898849e+00
2.111467796267316999e+01
2.389499622414564328e+01
-4.256086242145968868e-01
7.573030310773617657e+00
1.727912897992989727e+01
2.185423515203717670e+01
-1.526622410827744147e+01
-7.901349942025944983e+00
4.460723040219534141e-01
-1.445711509296944541e+01
-3.203839039699289515e+00
-2.243356241274531726e+01
4.963662124693036048e+01
4.021729041777763314e+01
-1.014954381234571201e+01
1.001736108082593546e+01
-2.881810245069885923e+00
-1.875907257212944046e+01
2.235350579596669007e+01
-5.955981743582412946e+00
2.501030662267331195e+01
-3.279667232818987088e+01
1.122667607342796714e+01
-6.204031737670675284e+00
-3.372212122377186461e+01
-1.523838979891695544e+01
1.671481468201986331e+01
-5.722402166366092047e+01
2.694208894037313939e+01
2.923169657932135124e+01
-6.237277869112579864e+00
-3.716729888754997546e+00
-1.954132137435692584e+00
1.567051904165640508e+01
-2.042702302942115011e+01
2.263089582600305860e+01
1.913619476808270292e+01
-6.165709620818921621e+01
-2.216859785982572362e+01
1.488195431414082748e+01
-5.364808944600525820e+00
2.720170339080393518e+01
-3.998099863147484712e+01
-3.283086863976564018e+00
-2.622350635221190274e+01
-8.062439194017872524e+01
4.820934412900561483e+01
-3.664956779511408058e+01
-3.834856953565135740e+01
5.585821035178796024e+00
8.136177905869604388e+01
7.066572538424935601e-01
-1.762567951282349554e+01
-1.951726314271638785e+00
-3.455680394872288730e+00
-5.376906680709753061e+01
-3.845079309152480107e+01
5.138682032330467564e+01
-6.404099872015166284e+00
-2.363458924749284051e+01
3.095685037643499982e+01
-2.248803561888674452e+01
2.318073302941201064e+01
3.337920834698468298e+01
-3.584530162315567736e+01
-1.763731652202824307e+01
-2.179301511095550836e+01
-1.121234215020874103e+01
-1.108230470852586791e+01
-6.513027777960587628e+00
8.940045352380366239e+00
-2.140987138198141793e+01
1.781462643622442954e+01
3.634800708899729926e+01
-5.689851187759032314e+00
-1.276014160159013500e+01
9.133390594497853954e+00
3.511452473590904333e+01
3.272519870502988226e+01
6.093639496217548412e+00
-3.478708162109114710e+00
-5.448048859457259141e+00
-3.187167189307025694e+01
2.414405838917275560e+01
-1.404423039514158233e+01
1.249406947951524671e+01
-8.735268995408603132e+00
1.693758288327848049e+01
1.147286436936647647e+01
-5.053173206632271786e+01
-1.669330177770791579e+01
-4.927163423759414229e+01
-2.238563574942094192e+01
3.358675931624674149e+00
-1.078388407261815019e+01
2.045297937418084189e+01
-1.879823335955674679e+01
2.285526375277626698e+00
6.731057240363725214e+00
4.441287741971933656e+01
2.252804905551735715e+01
-1.895761980797678348e+01
-7.427624963140857517e-01
7.629343742199125700e+00
2.403030836286083627e+01
2.339759846510105490e-01
3.421470751305020030e+01
1.414505753038527658e+01
5.676896347728728642e+01
1.208592747001830503e+00
4.108653174789971274e+01
-1.690322284481783299e+01
-2.363358376028694607e+01
2.780970990192258796e+00
5.897393344106149016e+00
1.683635142534907914e+01
-8.841406573108486100e+00
-8.584707979848460013e+00
1.621937953680958699e+01
-3.037364034537588964e+01
-3.453127807594894705e+01
4.964997281996011225e+01
-3.708253257299986672e+00
-2.454299040081565408e+01
-2.519714461520365489e+00
-8.443887166035324299e+00
2.660922213494862376e+01
2.074317143165222888e+01
-1.260615982181832351e+01
4.986391944519397157e-01
-1.658426653072309875e+01
-2.210481291733026410e+01
-1.679823603740817362e+01
-6.058640234343492637e+01
3.793530432113811912e-02
-4.038064642770852686e+01
-3.488519636403151480e+01
-2.335743039929042197e+01
1.198157412931590216e+01
-2.284620270893782390e+01
1.448997615000170214e+01
-3.835467796511065330e+01
6.802644645179611871e-01
-2.595832839024085459e+01
5.326119634302770578e+00
7.036746447941482074e+00
2.089626216222015387e+01
-1.312483240259285822e+01
-1.003650604928384382e+01
1.849271455528173291e+01
3.715278286342578440e+01
2.058764133994176859e+01
5.165716674008194786e+00
-4.491484141408814423e+01
-1.063004558999466553e+01
-1.975753694263681837e+01
-3.786949653635781488e+01
2.531058512211478728e+01
-2.272532060014850686e+01
-2.067813045474593991e+00
-1.755312059253772361e+01
-6.252032727535248569e+01
3.243366348332460802e+01
-1.103759736761622889e+01
2.538184797053150987e+01
-4.474481034962386161e+01
4.222272532431571790e+01
2.314305989017270804e+00
-1.805918849835489937e+01
5.353363400798741623e+00
-1.304253741681202428e+01
-4.108571184582132219e+01
9.080605344633099207e+00
2.229540211964275898e+01
1.098290986034214711e+00
-2.271389848510648335e+01
-1.023180218952322207e+01
1.101819078783907457e+01
1.999524397268788789e+01
3.950945141187297338e+01
1.482170392684088256e+01
-1.456893330741442583e+01
5.976098519776152074e+01
1.504670795282386564e+01
2.657565085171566466e+01
-1.139421465151997381e+01
1.755940276149263468e+01
1.228268485418826117e+01
-3.884625140757651707e+01
-1.290943114142029913e+01
-2.561388408969557062e+01
-2.309138088962174606e+01
-7.557940307774686062e+00
-8.708157825715943545e+00
-2.641895755717786187e+01
-6.947934181822995470e+01
-1.811597387966927641e+01
7.846972634748567543e+00
5.731583873479507929e+00
8.670993278961191209e+00
2.906840166576333218e+01
8.848338965902311060e+00
2.034911189851862900e+01
-2.613723255126187439e+01
2.863167818510561347e+01
-2.853233817390136551e+01
-4.506066791204528954e+01
1.376837401458544718e+01
-2.702535418019968461e+01
-2.463113736215925087e+01
-9.934321069647592140e+01
-7.256734798537721076e+00
5.108195217728598436e+01
2.658751642469441379e+01
-6.404455257705478743e+00
-8.652684187220870626e+00
2.358783193180093463e+01
4.169997202655417823e+01
-2.606036768664709768e+01
-6.765210076923949600e+00
-2.132785172111928773e+01
-2.197661847677937885e+01
-1.930691420803642444e+01
7.976202250254193160e+00
4.432697301985476201e+01
-4.090090887678982767e+01
-3.515581652118328293e+01
2.052564866391890064e+00
-6.682857288036586851e+00
-8.400945962280026436e+00
-5.651356464599933815e+01
3.937088911169423966e+01
1.500877375730379981e+01
5.870854080629250404e+00
3.034605873001831355e+01
-2.052949823015456587e+01
1.940729166053226606e+01
1.743591334793055125e+01
2.339337224194679266e+00
-3.831626601775418806e+00
5.565844150065338169e+00
-9.920943469316167551e+00
3.175285043128731388e+01
-2.513009414965173960e+01
2.697763482674648117e+01
6.074160504601081811e+00
9.042660844967343792e+00
1.421009050779377958e+01
-5.450307014779855308e+01
5.251900213529609118e+00
-4.199419192027204417e+01
-3.072217307902347017e+01
-3.071607549851287899e+01
-3.125952550382456252e+01
3.263479381691922754e-01
1.049145813422296669e+01
3.119363025798556066e+01
5.422719489460696707e+00
9.005795958388414846e+00
-4.399500255229025925e+01
-1.600528276216766699e+01
2.132643078700930062e+01
-1.244299225821379196e+00
-3.295142205186607498e-02
-5.577012266218332570e+00
2.196554085604225293e+01
-5.721295949031218697e+01
7.056159028488472984e+00
1.272514531236546986e+01
2.711202478290417162e+01
2.321724281660295475e+01
-3.546321794526248539e+01
7.061022608927885358e+00
3.656808670577149201e+00
3.020621413334595218e+00
3.692792264275112757e+00
-1.182132167149430302e+01
-2.212699632504074998e+01
1.184087284958381758e+01
3.765754047519874348e+01
-3.116090975881093073e+00
7.261674488003507122e+00
1.062273815470908289e+01
-1.609818745080833935e+01
-1.701118186006129918e+01
-7.478924796823770293e+01
-2.317723795514461926e+01
-3.421804561331714467e+01
-4.195372191517208194e+00
-4.228615722728753212e+01
4.702738722789064241e+01
-1.959551936576929165e+01
-3.357294789542490321e+01
-9.690213912878357405e+01
4.165458060280167274e+01
8.364306325079468252e+00
3.744294137761414731e+00
-3.924388703024882830e+01
5.543063451044133672e+00
-1.243824264395018986e+01
-2.052563104500931601e+01
7.300280067051868826e+00
2.111269645118574090e+01
4.606315156251184817e+00
-1.331042650458533672e+01
-1.488569265327441826e-01
1.730715966961327013e+00
9.825334209292918786e+00
-3.981706792389547189e+01
4.518827556012614366e+01
-2.683592494796111794e+01
-1.872557322996320295e+01
-3.065456007721002152e+01
-6.511377652153873896e+01
5.634760138240828553e+00
-3.275021387729893263e+01
-1.194608857195743212e+01
2.041396875556682744e+01
-1.620773626886926877e+01
-2.171781652055813083e+00
-7.380406600498162106e+00
-1.263151821512008155e+01
1.978712333599343509e+00
3.398614816176358033e+01
-3.152041074964812140e+01
6.231815459300690918e+01
-1.413006987707072426e+01
2.092934988771939686e+01
-8.586049660523734417e+00
7.156891282644707530e+00
-6.793644670736455282e+00
2.747113500337565029e+01
3.842206944711439576e+01
1.199559685641627738e+01
2.893846026057492082e+01
-2.228426420766413685e+01
-4.106880181222351212e+00
-1.399349316260492060e+01
4.292024432331569983e+01
3.604122432642287777e+01
2.723312198047483434e+01
-9.674330709516425486e+00
-1.743578010136798184e+01
1.556989735767582772e+01
-1.754832269829489633e+01
-7.777185169321455760e+00
-3.620994780039367811e+00
-1.850009675047007107e+01
3.110350901392503431e+01
-5.150091287559689590e+00
2.374507386943127329e+01
1.220149438300030731e+01
1.080641683613900739e+01
-2.071076296112268267e+01
1.660542277669264877e+01
-1.141280913944524400e+01
-7.370863782936737607e+00
-1.958935315893597817e+00
-3.012272382570444051e+01
4.666096757734112543e+01
-1.669298127763867257e+01
-1.966759842848261997e+00
1.394559635913488904e+01
1.200688066982343116e+01
4.636597790770849770e+01
-1.083176459114673662e+01
4.716316012857585349e+01
4.233867798181745457e+01
-5.866483913952367857e+01
3.192665395361785841e+00
-1.160130201814720863e+01
9.765142945296787502e+00
3.703176318414946877e+00
1.243024864973654076e+01
3.899321137913339186e+01
6.106797667646380035e+01
-4.701933203114805337e+01
4.732207617989411119e+01
-6.124533174477880948e+01
-5.079024203435165674e+01
-9.038346044360054066e+00
7.922510967836160489e-02
4.561074958606803875e+01
2.236693744579787335e+01
-7.550188053899688612e+00
-5.585655919704331041e+01
4.417465931882488661e+01
-2.617127516665493658e+01
1.162115349717623758e+00
-4.419993519495456269e+00
7.883199115489429687e+01
-1.587297578139273924e+01
-6.678197681738521396e+01
1.962263657681251061e+01
-1.018104789126182368e+02
7.210460249639709218e+00
-2.283560092148684362e+01
-1.150201853113694384e+01
-1.697010873230139794e+01
-3.655996070769148787e+01
2.393323541482936889e+01
-2.374910517153217882e+01
-7.365569884961701064e+00
-4.934691782903203716e+01
-2.749947516783066703e+00
-3.272759551100656950e+01
-4.663170223878171328e+01
-7.112165885237118346e+01
5.733772809189019881e+00
-2.224239095915504549e+01
3.870435616984536864e+00
-8.775622354416782400e+00
-5.082010043559171208e+01
-4.066107717498204011e+01
-3.411775863624234262e+01
-3.542348930676615737e+01
3.334376818742427417e+01
3.239479503344540490e+00
-3.115361548969738692e+01
-1.353868512658067402e+01
-1.535011337196411318e+01
2.514567873928432462e+01
-1.947778553600056028e+01
-4.803796137151245205e+00
-1.750284530363438762e+01
-2.238356811267888702e+01
-2.529357392721374254e+01
2.313184232545495433e+01
-9.706159911243048555e+00
-5.789506186624925022e+01
4.824099133691973407e+01
2.754542815075498652e+01
1.649512104836162507e+00
-4.881887194064188407e+01
-4.689523886326509228e+01
4.370070756022471414e+00
4.548867864880321576e-01
-1.985118710194467440e+01
-2.870094984705242780e+01
1.966802158840687298e+01
-3.489936176416676972e+00
1.649283857008396126e+01
3.063825035494733129e+01
1.990933889783622135e+01
1.998852636255563198e+01
1.496973062781454544e+01
-1.308256542773798969e+01
-9.307176441835963487e+00
-1.356789771355102303e+01
-2.297672828267491241e+01
-2.681310980038591651e+01
-3.989715119217191841e+01
-2.331565322986325128e+01
-6.367020790332389879e+00
-4.810322981228512162e+01
-8.933151111956760815e+00
2.281407391709635135e+01
-4.943225310564156416e+01
1.861203803639969578e+01
1.678655373792034311e+01
-4.499105157473161398e+01
-3.554132087280993346e+01
-1.075542412635681444e+01
1.101530285066797887e+01
-2.463199462754801061e+01
4.529914845193269457e+01
4.022538937047536933e+01
-4.840324618814725000e+01
2.802144762782461385e+01
2.178113576754776659e+01
5.463219169873411829e+00
1.356645793758090690e+01
-2.682425672472614053e+01
-8.200980260343015971e+00
5.205152783695950802e+00
1.205280080418279454e+01
2.653506932314586209e+01
-3.216935774317660446e+01
-3.780738311818481634e+00
9.387488819804616469e+00
3.284471543026029394e+00
-1.870002256749303626e+01
1.368049681569959120e+01
-1.602572498059635109e+01
-1.287077524992635347e+01
7.215418549089918088e-01
-3.816277095621873627e+01
1.843359879320864536e+00
-1.058663714701668823e+01
-8.698875290934438453e+00
5.284963143323551549e+00
-3.408281102604905755e+01
3.722309651982106971e+01
-1.582969038882872326e+01
-8.371774668981024092e+01
-5.357068499079889534e+01
2.324233364904783627e+01
-2.538942618398260720e+01
-1.184735484514743575e+01
-1.651317069353690670e+01
-1.151065014307208401e+01
-6.331304516708377150e+01
-3.974371242657412040e+00
-3.911901655553367618e+01
-2.161273623361336149e+01
1.337117470920310325e+01
4.939494959835030841e+01
1.755302851769183548e+00
-5.989274521036662691e-01
3.742715750832489618e+01
-3.477805743026318908e+01
2.005739205850191809e+01
4.774527727108534236e+00
-2.991985367954896446e+01
-1.599171518858463514e+01
1.402603106239644148e+01
4.035004213164370412e-01
7.610654597560941426e+00
6.497927427636568609e+00
-1.489847855568007162e+01
-2.031695156315572603e+01
-3.137533513055120693e+01
3.099130798356205219e+01
-4.054545096248669722e+01
-3.008989831877495646e+01
7.840786047925519142e+00
-5.469836393943347730e+01
1.412248791682895899e+01
4.027294675502378141e+01
-4.559866961690737241e+00
7.273326658213790097e+00
-1.806463132938620220e+01
-1.381480892941880256e+01
6.552188450009907683e+00
2.391858049480362780e+01
-2.440543833389894246e+01
1.696749808867318166e+01
-6.638123551116223098e+00
1.922444188453937386e+00
1.458568090319521104e+01
9.399704521218438913e+00
-8.050807672136244264e+00
1.677580177128561445e-01
1.210360036829246155e+01
1.794598858850926604e+01
-4.511671169576383988e+01
2.000241049955775452e+00
3.240593831898836186e+01
-5.805782393637247196e+01
1.910589429883084733e+01
-7.332377002232888685e+01
-6.770914952831875055e+00
-9.319165023777856049e+00
-3.226876381138936267e+00
-7.612581088474087210e+00
-1.582748598415571450e+01
-5.966868344697047633e+00
7.554666093849178310e+00
-1.673228610456504839e+01
7.593695753166556983e+00
5.504853148908770777e+01
-3.808657221909740542e+01
-1.661841116247489936e+01
2.498166022688718613e+01
1.506109437442287913e+01
2.745747847668999952e+01
1.323038588561915319e+01
1.329242994851900050e+01
-1.009006944156485019e+01
-3.082808375694322933e+01
-2.839186964766872734e+01
-1.695201515158876759e+01
2.936662661783373096e+00
-2.650428227657835123e+01
-8.766819391133989114e+00
4.572555595852506372e+00
1.495011299975624297e+01
-6.415196109529297530e+00
3.743099898035856654e+01
-3.631945859886499761e+01
-2.453100234364256949e+00
-1.947203143790799729e+00
1.729693988908015001e+01
-2.466340570026466139e+01
-1.560949384839480558e+01
1.184231024680209288e+01
2.822715255464419215e+01
4.686507978552798193e+01
2.007223810747376547e+01
2.625177952470788512e+01
-1.753194721170411086e+01
3.947793259739103178e+01
4.148636946715066642e+01
-1.612637504461872595e+00
2.143826676150126787e+01
2.366317887460952818e+01
-1.474058999262724967e+01
5.294409976967273224e+00
3.802925780201127282e+01
-1.512190567920009698e+01
-5.757826275563843410e+00
-3.780154325264173565e+01
1.491391379840959530e+01
-7.997807872953941910e+00
1.236682834453910118e+01
3.688696954983541332e+00
-2.496429145691684681e+01
2.855178723358591242e+01
2.512563225761334706e+01
-1.680827682835629844e+01
1.194541205798437034e+01
-3.820014738933457465e+01
-3.324043789700961327e+01
1.551092954146298553e+01
-4.268235151867726529e+01
-1.924482504749448353e+01
3.290856955863773692e+00
5.176716390947417779e+01
-1.590879024277921872e+01
-7.646920367701824262e+00
-1.127130895026797930e+01
7.017013438624957189e+01
8.789754856640044522e+00
-2.695282777434532306e+01
4.431125440723121756e+01
3.925842524334294126e+01
1.967677348664548731e+01
4.701979226712953164e+01
5.374283770066082866e+01
-4.707334097974573695e+00
-1.734284145872236138e+01
-1.817262610691892633e+01
1.804346121167502304e+01
2.344869747817691064e+01
-4.294590407358128914e+00
-1.447470561361848240e+01
-3.820874906928084158e+01
-1.583069825059575919e+01
-2.822934333028405263e+01
1.882276092051530725e+01
1.065880556343967100e+01
3.987854636993699842e+01
4.626974599029551882e+00
-1.471741345392842959e+01
-5.285936881975846546e+00
2.469871213496377038e+01
7.804403744635351359e+00
3.402464642213573143e+01
3.484438517394636392e+01
-7.558274690485575320e+00
-6.732235506555696247e+00
-6.280373714450331590e+01
3.164591711693185516e+01
-7.668004127910421630e-01
3.381807390638792299e+01
-1.352540674245209829e+01
-3.902643883230923905e+01
1.317518331864909342e+01
4.552368671077719853e+01
-1.637335719694765146e+01
4.129961560729907433e+01
-4.547069060391149264e+01
-1.437703317097644629e+01
-5.072390265817199406e+01
1.192475423148542291e+01
5.045493896366110675e+00
3.376272082319587753e+00
-3.878043946239171191e+01
5.648150093930848925e+01
3.380662415729676695e+01
5.471844650178638858e+00
-3.215722847347495872e+01
1.353302477114036151e+01
-1.455858753612604062e+01
-7.715852988859523975e+00
-1.491769929651735538e+01
1.145783907276209845e+01
-8.973999959474213028e+00
-1.258215732138299359e+01
1.299550598174175775e+01
1.615688194626417129e+01
-5.342961113490832759e+01
1.234579687622084521e+01
4.205635747020834003e+01
2.504189485587815511e+01
-6.548421044484212139e+00
9.727704491070170434e-01
-2.188663896398779229e+01
3.617522629019805436e+01
9.707671895127418793e+00
-2.606273619411183518e+00
-4.612300340839226465e+00
6.657544516086528574e+01
-2.004933393337239522e+00
1.527933965923011783e+01
4.644103906276826876e+01
5.989822839626244644e+01
3.867819510537711380e+01
2.524281631414527283e+01
-4.130533244977803520e+01
-2.817508374095427826e+01
2.142759106295068250e+01
4.289433167360300558e+00
1.965564318155571755e+01
9.883586235659493013e+00
3.819608999786862569e+01
-4.811938949519368691e+01
-3.030534713824295068e+01
-7.156440629232633910e+00
-5.312184883419092785e+01
1.185095972479047077e+01
2.734544954740695744e+01
4.239995709569598148e+00
-1.377662751599660851e+01
1.440273077495140797e+01
8.574467205257440128e+01
1.916555522645978726e+01
9.806718777177195534e+00
-2.915392470450854034e+01
-3.720093477065387333e+01
-9.099945258950555171e+00
2.051231172949016468e+01
-3.713551489242661319e+00
1.472684841134851297e+01
2.162754965864468204e+01
-3.545229095127660912e+01
1.621735696042958352e+01
2.740195837216185737e+01
3.501275737981592329e+01
-4.070551260797458326e+00
2.877326883693854143e+00
-6.208260004570703927e+00
-2.998111467584962497e+01
-4.298483586474443996e+01
4.925881712107968724e+01
-4.807985212067265479e+00
-3.428918166740493234e+01
3.322620238244553548e+00
-1.604672564921641253e+01
5.623948898670985841e+01
-1.441800703547062312e+01
-2.217767302639435911e+01
2.151900959140220948e+01
-1.018534278502204415e+01
2.760099909891539482e+01
7.647629199380503451e-01
6.021055393479315399e+01
3.262647317766622734e+01
2.430080799866203733e+00
-2.305205057400553414e+01
1.703958777239796518e+01
-3.339188674997788553e+01
-5.397852130627285305e+00
3.794492522220102160e+01
-1.731656706523742173e+01
-2.778830223650680864e+01
-1.496447857043833096e+01
3.096508260174192628e+01
7.836478737584698706e+00
-5.132974043377288353e+01
2.062296041088731613e+01
5.827006046179604937e+00
5.715680733591781859e+00
-3.113563352177425259e+01
1.821893615438682446e+00
2.092476967453418979e+01
2.970291945474241402e+01
4.076751825830677234e+01
1.789878738987852103e+01
2.442783299748455761e+00
-3.344549600826547930e+01
-2.892364806462842353e+01
-4.278016514387535096e+01
-8.121883345849198577e+00
1.964539061341235993e+01
-1.566142557869923735e+00
3.174717151459731213e+01
-2.024926180896017058e+01
1.013127432699070596e+01
-1.076078430439601163e+01
-1.851443924475476877e+01
3.788433195076889604e+01
4.364668445065291280e+00
3.895101546178057106e+01
2.998224038417788506e+00
1.380692004113156912e+01
-1.108580130024091659e+01
3.763886003236468980e+01
-1.029100264939877718e+01
3.752540938229484979e-01
-4.837544939588906345e+01
-5.947198232067023582e+00
4.430852295833230414e+01
3.963921207817014647e+01
1.663725231763847034e+01
-1.025617623671902834e+01
3.393510832494200713e+00
-1.295339605006805073e+01
-8.542996353933276055e+00
5.724674764892783685e+01
3.053943281039494195e+00
-1.626060694822075448e+01
-6.719391631200799964e+01
-2.948611460875404333e+01
-2.381041781109732369e+01
-3.979895738063407862e+01
-3.602282378466759383e+01
-4.293570207060167832e+01
-2.848368730005714156e+01
-1.971693056256259524e+01
-3.063592497089155131e+01
2.908823965423197322e+01
-1.292136197499451100e+01
-5.491528612000536214e+01
2.498174995391607922e+01
-1.889638193784904985e+01
-5.038244048008297682e+01
6.029521792495833665e+01
-1.614426200299804037e+01
1.064803160146121286e+01
2.491325099390309106e+01
5.543188018156257613e+00
1.648686962466797468e+01
1.991301985444948741e+00
1.074429569015453723e-01
-9.202900975724482180e+00
-4.686483225587295465e+01
7.411233352382829764e+00
-7.744842225476554631e+01
4.403784926503830377e+01
-2.645465405806274362e+01
-1.092975260773462765e+01
-1.127977210848973755e+01
9.341314936700179317e+00
-1.061941267802703237e+01
1.681620750699207179e+01
-3.434414323775052935e+01
2.232751085899417376e+01
2.684195717569431139e+01
6.537680676622017018e+00
7.115037070248149575e+00
1.344500625740562327e+01
5.660178904379364440e+00
1.721194083124180452e+01
-5.005934327091338787e+00
-4.368615291687558511e+01
5.984159852154675718e+00
-1.547886590935436857e+01
-3.394436195077702223e+00
3.438007538140004726e+01
-5.005520540109006333e+01
8.935862572504618129e-01
1.295973466323431467e+00
5.685295765070662810e+00
1.954025749588393523e+01
-7.587226133734802147e+00
5.173041992060683469e+01
2.747592699191194754e+01
-9.596733688628205527e+00
-4.732393283609013679e+00
2.359268093273385603e+00
4.799419655915403382e+01
-3.299375625350603514e+01
-6.426013758107262674e+01
1.921373702014344076e+01
-7.622484950768637191e+00
-1.043621956402732565e+01
1.031415702759797171e+01
4.746580801433600527e+01
2.772245139360546773e+01
-1.002454875351500618e+01
-3.280680878981905835e+01
-5.310038137495830313e+00
1.765229836377945816e+01
-9.564812369631511046e+00
-4.661489217566690968e+01
-3.796317697313568829e+00
-5.961262329906134028e+01
-3.170619057638032245e+01
5.137075350657094930e+01
-3.262048287390987866e+01
-4.280512951446615943e+01
-3.232244376352979742e+01
-2.312958083251842822e+01
2.267538451670012023e+01
5.283486366614216223e+01
-4.139127782361072150e+00
1.620444820274512665e+01
-1.331188221452237030e+01
-4.358724151522279300e+01
2.949385312488950106e+01
-2.963151621687023862e+01
1.641039697824285781e+01
2.009851963290694243e+01
-6.692876249794352361e+00
2.377134286644169947e+01
2.590698729273782419e+01
7.130132849428309783e+01
-7.509397978364006576e+00
-3.248496387140740183e+01
-3.954073504536370365e+01
-1.075012586522927904e+01
-2.109764916808029511e+01
5.952368119924256007e+01
-2.761309622541088515e+01
7.230714313588906705e+00
3.078107195076995595e+00
-1.387194150072512855e+01
-5.345913697423975464e+01
-3.949688561565238842e+00
6.206460396223708642e+01
1.089668940615223391e+01
4.734547093369712911e+00
-3.633912762356108317e+01
-3.617083458631100257e+01
-8.817912269364242661e+00
2.893796636892022889e+01
-1.602363450406090806e+01
6.477690008593958737e+01
-3.048105877522817764e+01
1.183626121391542085e+01
-8.660485908959515200e+00
-4.083927411946103803e+01
2.711638319744366754e+00
-3.229082878871793127e+01
-4.654171183065739115e+01
6.980451562738210214e+00
1.171386441052334249e+00
3.292613503634674998e+01
1.488819918129867403e+01
-2.117676874594383563e+01
1.358360153718513175e+01
-5.511005730612718878e+01
-3.016594066064772051e+01
5.623723759787696963e+01
5.225496020445277168e+00
-6.670720877426845163e+00
-1.877932623660424838e+01
-2.759223646725956769e+00
-6.205587472286197226e+00
5.613664705011876777e+01
2.625830800290859202e+01
-7.463484196835509010e+00
-2.217326813365843918e+00
-2.479991902414025162e+01
-9.929747599261816049e+00
-3.970700603080078395e+01
3.116892345616362547e+01
4.403474418121589906e+00
6.488227150979980706e+00
1.127701127645870827e+01
-5.031518355461919612e+00
-1.294905123333877128e+01
3.367895620241772470e+00
-6.817844134378745480e+01
-9.804761448652726585e+00
-6.443548957792074816e+00
-4.878124697120199471e+00
3.038942610597783300e+01
4.097134802577112112e+01
1.087197057404813449e+01
-6.000168221196275908e+01
3.919444946777019823e+01
-1.349739583949838106e+01
-2.359468040179925197e+01
-5.496502697670091919e+01
-1.900413140635231457e+01
3.912385818264642978e+01
1.926785271464399329e+01
6.397302560315779374e+00
2.122862933948050568e+01
-3.675489694421077047e+01
-2.932118109773554693e+01
3.556106797691495558e+01
2.451276426041769696e+01
3.028206013421939247e+01
3.061011826472764596e+00
5.337803793660953033e+00
3.433885331930861184e+01
6.088447017366033265e+01
-1.315297571417112010e+01
2.428315038928292324e+01
-1.626037913481752639e+01
-2.765515272222872767e+01
-2.185250445633593586e+01
-2.192531025443494741e+01
-9.122242246680485778e+00
-2.997201522517056560e+01
-1.236701865214197937e+01
-8.552306482572545576e+01
2.137839977322977347e+01
1.394632841597978512e+01
-2.971103434325300441e+00
-2.448493502314579473e+01
-1.170057039917367092e+01
-3.455810097533111502e+01
6.231879613581810418e+00
5.076890284574264456e+01
-1.385838379741380777e+01
-1.064456128868454243e+01
1.319570765607818430e+01
-3.216715713938054932e+01
5.334423303341262113e+01
9.295860441136895247e+00
8.771333556479419258e+00
3.117743388968654017e+01
-1.563735605907709214e+00
3.522960463579170209e+01
1.189099364699173123e+01
-2.515487457889108214e+00
5.157002968366725781e+00
-4.024670727309455742e+00
4.169014467688987224e+01
5.442537980298624234e+00
1.142460627223437086e+01
-7.305205233946082899e+00
8.848370993223653613e+00
-5.807525217282204721e+01
-2.219951016097292040e+01
-3.064757326012363592e+01
2.987967189644251675e+01
-2.011008563613879119e+01
-3.779940101603710900e+01
3.643118183221065465e+01
-7.688939645206531281e+00
2.550455607829781002e+01
-5.669906707816875269e+01
1.174725482832159074e+01
3.277841539463977938e+00
3.818246736283526843e+00
-7.280974990835062499e+00
-4.581460507889516975e+00
3.193414385523557897e+01
1.159707266405774817e+00
-3.189802173338262037e+01
-1.177789057006617668e+01
1.387683749560886781e+01
-7.233542130155063887e+01
-5.532899059019322863e+01
7.998630677699338776e-01
8.818216000844792291e+00
-2.951415929437835928e+01
-1.250807078071261458e+00
6.606791840453968234e+01
1.763694846624053980e+01
-3.380220888234146059e+01
5.865946299261281638e+00
-5.817550524667112199e+00
7.870328090015249245e+00
-2.234141268814528303e+01
1.378766988751015177e+01
1.652124083472574512e+01
-4.331217608698295862e+00
7.001417179293292747e+01
-4.962822478710890550e+00
-1.983919851269581613e+01
1.496362169350203430e+01
2.693319455944180163e+01
-2.123148132932630006e+01
-1.152884724477562628e+00
6.139853240479797591e+01
-1.769099622476858258e+00
3.681906761857990773e+01
9.203718008644500514e+00
-4.393205620108091125e+00
-1.421324572141088538e+01
3.274736385777170256e+01
-3.505798430114817421e+01
-6.911748511560062980e-01
-1.140449042464274498e+01
-2.492457386366719163e+01
9.418833569171432885e+00
1.663734648573634445e+01
2.740087571176445636e+00
-2.791294119332974333e-01
-2.492257815514636832e+01
1.015361135096939904e+01
-2.049195909085128164e+00
-1.419119719820415071e+01
-1.265739826669560841e+01
1.038744334317854623e+01
-2.391403827838814777e+00
-2.370260029888265763e+01
-6.836713981452362532e+01
6.519799599116865352e+00
1.214394837737670230e+01
-3.038402542252821092e+01
-1.493525763439265575e+01
5.185125799269086144e+01
7.015843244559960112e+00
2.472552666589331238e+01
5.408402224180974827e+00
2.495409598765195369e+01
3.608740028893635099e+00
-2.441688839855233084e+01
-6.778531872446279749e+00
3.430493983372571165e+00
1.970706384168693148e+01
4.733180859604459556e+01
3.083104745324345686e+01
1.918861316419366858e+00
1.069686646746527003e+01
3.797426304920605844e+01
1.656169548761707944e+01
-4.347034958588460540e+01
-1.731083051978856702e+01
7.051435237643715936e+00
5.335863291293264865e+00
1.546357676890682598e+01
-3.249394231539878319e+01
4.431473916351123421e+00
2.712023889107925356e+01
3.000329521132328381e+01
-2.695728452980941370e+01
2.091216446643784366e-03
-1.410605639646689724e+00
-1.067421902616868579e+01
-1.781287722540507446e+01
-9.727258803854510916e+00
-5.473276615483989360e+00
6.356248143149116459e+00
2.653580992127956506e+01
-1.936093816537740508e+01
5.074831893407474581e+01
2.061342170813836105e+01
1.684486132454767926e+01
2.220902983749664372e+01
1.703241964533277653e+01
2.276340191035012595e+01
3.431596210583447260e+01
-2.857918565745876549e+01
3.906244793755833200e+01
-7.155892367763931361e+01
1.986338882000783457e+01
-6.706268187403523484e+01
5.232738365441332462e+01
4.730916134388716898e+01
-5.896661706957758042e+00
-3.023990857694113288e+01
-2.660949148103122752e+01
-3.455201409611271401e+01
-3.973037099169619069e+01
3.551117275825487241e+01
2.638543040209641788e+01
1.499836619747429722e+01
1.777257516674626459e+01
2.799417904391629008e+01
-2.456974281908509283e+01
-1.110295925330797218e+01
3.461135229364549559e+01
-8.199303652052179814e+00
3.346429275373994017e+01
4.671119727333031335e+01
-3.583500435653213856e+00
-4.594089381072029710e+01
3.122426133436647433e+00
-1.587668478433119645e+00
-6.400591472586825148e+00
6.857999069097786560e-02
-4.090457980553748030e+01
-7.901694999375777684e+00
5.561159126695713439e+00
8.341969456339256794e+00
3.063927258137690046e+01
-2.675642091564259317e+01
3.500970720571427819e+01
-2.502575790720104010e+01
1.608805310038945890e+01
2.532790869800133038e+01
