-3.389861262649317553e+01
-2.007016598327211909e+00
-6.982391370395674812e+00
2.354261180724346048e+01
-1.165678241096262013e+01
-9.006175989348093935e+00
-2.349417008460952161e+01
-4.916865598376151070e+01
-2.101190653995106317e+01
-2.211657406573544904e+01
-2.059306355268773814e+01
4.212051351864804616e+00
1.958705464609465707e+00
-1.045195881521792103e+00
1.672539655537775616e+00
2.593109352696285441e+01
-9.950366323770225563e+00
-7.042442528770649801e+00
1.148252391753953816e+01
-6.056400329877016020e+01
3.039148585004983261e+01
-1.305792493746093896e+01
-2.331394958774433590e+00
-5.469057871560622175e+00
-9.850812838820388606e-01
-2.059741084997909866e+00
4.693147936317711810e+01
-1.475026019576591807e+01
-3.899111017011421154e+00
-2.971071823453790728e+01
3.837815465929952552e+01
-4.244286222242138251e+00
-2.086442622600310415e+01
1.099707407477612264e+01
-2.016928107198737052e+00
1.273694776054651356e+01
-5.289884201104086969e-01
2.697042931359177942e+00
1.852003981754720030e+01
-5.340665097404090034e+01
2.974220449891171825e+01
7.969993959940396167e+00
-6.137147890024948538e+00
-1.710109338632679865e+01
6.738626156079618568e+00
-1.074199190944014504e+01
2.431934725451219492e+01
1.947302171951849914e+01
-1.253770388206970665e+01
-1.602661766166602320e+01
-1.693402069846348468e+01
-2.033124130766544013e+01
1.029763387088232207e+01
-2.645760968150455028e+01
8.104483701995945921e+00
3.387481086606575786e+01
3.903913334393050150e+01
1.818947939178718798e+01
8.081459758656677650e+00
1.694877632884532659e+01
4.977173265486027276e+01
8.386726586398140171e+00
-2.917878800470075618e+01
-5.890757386160004216e+00
-1.374189149488353223e+01
3.251263481354389739e+01
-3.848110314781683883e+01
-3.360728860300173437e+01
-1.710076543403704363e+01
-9.608155556419660570e+00
-2.190477533953844613e+01
1.536048942231298042e+01
5.051589009353165238e+00
7.668371568528357329e+00
-2.119272373876967919e+01
-1.853849241883980881e+01
-3.202541673644291365e+01
1.761635415854976827e+01
-1.836961116173593211e+01
1.656022614283762096e+01
-5.304979269667326136e+00
-1.453828030244204683e+01
-2.805569735521665109e+01
-8.351819055148013149e+00
-5.962703333091155855e+00
-6.709185296597354409e+00
2.186253005681234995e+01
4.102458795454538176e+01
-2.412425186365263841e+01
-4.200985444444609840e+01
-1.055096835345625550e+01
5.817069675644944482e+01
-3.176125293437679176e+01
1.754067631111522019e+01
-6.393396600508367555e+00
-3.264237513072478691e+01
1.347292314020646131e+01
1.914629973747423719e+01
-9.491572615230211341e+00
1.799182121806222767e+01
-1.314769167343831668e+01
-3.060443779478390525e+01
5.138932547325424594e+01
2.450620461290890262e+01
1.386815616019106301e+01
7.743514086783648054e+00
1.471229715551810102e+01
4.423890666848996034e+01
-1.442191500366355683e+01
3.297982985370595088e+00
-7.406740483773060646e+01
8.555025450389365460e+00
-3.629725478703839769e+01
7.615975591058202099e+00
1.194916478595774834e+01
-1.957448483661130467e+01
-2.772950352997764867e+01
1.212709920272175168e+00
-1.652570475220838375e+01
2.089261341021301632e+01
-2.725288811654685972e+01
-3.018041063519433465e+00
-1.970452587756851415e+01
-1.922052846046057084e+00
1.077007210946760551e+00
1.221629658012460595e+01
4.412059111949133694e-01
-2.817144901426956949e+00
3.487361113826341352e+01
4.939001837675542106e+01
2.667207784002803805e+01
3.855273978446646765e+01
-6.321106245013268676e+00
5.489764533813485059e+00
2.881410217650932282e+01
-5.158648224472415222e-01
-4.125520396835142378e+01
-2.209010928594221923e+01
-2.751887706154374769e+01
-1.502536639735473756e+01
1.556624573252193500e+01
-6.448079400768108371e+01
-9.120819381276447757e+00
2.407213192640355004e+01
-2.031625452317166491e+01
-1.695299823276133111e+01
3.240272305785356366e+01
2.414682474246842503e+01
-1.798733943179632888e+01
1.509879993869009240e+01
-1.377162951469853169e+01
1.850802627866508132e+01
1.772535477888936839e+00
7.196927071303264256e+00
-4.633793645844045272e+01
-2.570079780402417668e+01
-4.671401855727538077e+00
-8.675286778229471807e-01
-2.216344850916948417e+01
5.907700804920000337e+01
-9.498270784592136806e+00
-1.755298407006090144e+01
1.927172547160239446e+01
-2.494302265744528313e+01
-1.987624589816250875e+01
1.780613950462873163e+01
6.974390153491249578e+00
8.379466779230767770e+00
8.561807175033010253e+00
-5.997288844735123803e+00
8.703535690737965069e+00
3.166066216206669282e+01
-1.435631230457147467e+01
1.043748852611875577e+01
4.943099587222920377e+01
1.776961159729044937e+01
-4.119701305538967517e+00
-1.115092781461264337e+01
8.459320819722967144e+01
-1.156583100020236543e+01
2.036895379448554877e+01
1.404135398927496681e+01
1.599957575192999570e+01
4.799487290187948929e+01
2.604723868622249938e+01
-1.451541472680004219e+00
1.317599545844166187e+01
2.666505974076324037e+01
1.953920188025139737e+01
-3.157536837659347384e+01
5.121392249488150128e+01
-4.552910276419461866e+01
-6.675925000604415516e+00
2.990442030961807518e+01
8.165856536184474379e+00
4.133811787315266884e+00
1.536348168463516828e+01
1.220933591572864430e+01
1.869967687334468565e+01
-3.400767177976564426e+01
2.188805116581988841e+00
-1.445952607716128568e+01
-3.659504098447030174e+00
-2.479945018057037487e+00
-5.811264918175398364e+00
-3.119269869118852512e+00
4.546729091432425207e+01
-4.639240832942732595e+00
-1.408251470541019046e+01
-1.411355484246001879e+00
7.054575687258235916e+00
-3.236531994064844753e+01
-2.781137643145467564e+01
-1.972689005329124257e+01
-3.357033060352523535e+01
-8.684364839622439547e+00
-2.265855180405400660e+01
9.889495771729457374e+00
7.176200845989910704e-01
-6.764222344025824896e+00
-4.467201688555974215e+00
3.107378237471763782e+00
-7.915842012266878669e+00
3.701759877743788252e+01
-4.693812380939300510e+01
-8.262092774350698221e+00
-7.325868422242258760e+00
8.656852376023181250e+00
1.227838674412311093e+01
-2.552832099861188908e+01
-8.247729916125791760e+00
2.328821041410050441e+01
-1.088414274938934767e+01
8.646052568509588809e+00
1.849075982773311466e+01
-1.610648049671453919e+00
6.047400901552862251e+01
-7.583884821875585658e+00
-1.713319252432188478e+01
1.754217493856856436e+00
-1.329198378467276598e+01
2.965254849884733801e+01
-2.294985121774122661e+01
6.579656025146846332e+00
3.079997733485859612e+01
-6.840717014411069385e+00
6.414508662914363413e+01
6.942119747625457649e+01
-3.595134288622728036e+01
3.197331268904372337e+01
1.180008779491694781e+01
-3.019820634299443896e+01
8.955147329247047594e+00
2.276120364849901989e+01
2.326920365350014208e+01
1.254174020243112864e+00
9.183318638990328964e+00
4.034262501253067512e+01
-1.273122700682057484e+01
7.787037308444482164e+00
3.893923077774741159e+01
-2.006719509829729020e+01
-1.078882970223989446e+01
3.030493883923051612e+01
1.554668346616032437e+01
4.099284300743141785e+01
1.634386321757204996e+01
5.844166980561425362e+00
1.445104791512591191e+01
2.191299650024177481e+01
-2.905417029290427422e+01
3.705075728340403884e+00
1.342194478530515944e+01
6.318573347486562852e+00
1.281265090143297414e+01
-3.313423712393024800e+01
1.731949933711950962e+01
-2.315509435843910069e+01
-1.802353925927448586e+01
1.158135363883586422e+01
-6.322594174189489991e+00
3.131889234818356726e+01
-9.020242473207616740e+00
1.629116649234393321e+01
1.755879013310556047e+01
4.205220732203341782e+01
2.953874821562430242e+01
2.638078392994098920e+01
-1.754113044698272006e+00
-4.542670220712750506e+00
-1.728995118079188842e+01
4.323630148388804173e+01
4.299510107168455875e+01
2.114176501337178138e+01
-1.360140565848745098e+01
2.693894330265268877e+01
-2.765441501024611171e+00
9.629084985593323154e+00
3.576591239716927362e+01
-6.298062521730543040e-01
-4.268982650427005865e+00
-1.087773847534435845e+01
-3.165999588977692270e+01
5.170324342725254496e+01
2.738630567310792685e+01
-3.229586456774562464e+01
-8.886338984672519814e+00
1.427262864638889539e+01
-5.365623450899946079e+00
3.437272854735945771e+01
6.756934036578655878e+00
4.331036767007321941e+01
1.883958942690637173e+01
-1.229450495094368989e+01
1.085376486973125054e+01
-3.374402918231027115e+00
-1.489320172077236748e+01
8.500154029015533297e+00
8.089782951257802779e+00
5.088432608690210657e+01
4.277276095160479485e+01
3.003591561150800260e+01
3.612936005747849322e+01
4.699944232469690064e+00
-1.403587980711256478e+01
7.777180392950299392e+00
-1.809228460575653585e+01
-2.909939946816108858e+01
-3.015280406797836577e+01
-1.689295009691812766e+01
-5.898779596943410297e+01
-1.891412780415555517e+01
-4.699660656533583847e+01
1.276779280962579222e+01
-2.511423976733191665e+01
2.524119064346541563e+01
-5.372740356781183380e+01
-1.617266080471097212e+01
2.322808520788819919e+01
1.137006229520673628e+01
-4.819275628070604256e+01
3.074405457332341030e+01
-1.399890663108558897e+01
2.919265937740192385e+01
-1.253269341250717162e+01
-4.253353448936078962e+01
7.759442517319826038e+00
-3.533153251920259663e+01
-4.057709316111072440e+00
-1.651920725538223778e+00
2.215832420149827442e+01
6.840943843095999455e+01
-2.340181857108098029e+01
-1.893292129108218091e+01
-2.258399273287750475e+00
-6.204203532414538813e+00
-4.382329821217452803e+01
-3.020485554726448640e+01
2.591841066719709374e+01
-1.152381928177896953e+01
1.101518301721796433e+01
-2.665870004526374260e+01
-8.935908604991311677e+00
-2.248742979673671982e+01
2.801962624209004105e+01
5.134039402649420936e+00
-1.210287983256773714e+01
-9.253055602320756634e+00
6.461663802366224729e+00
-4.421379127133775455e+00
2.341551928751093214e+01
-1.398092059089196937e+01
5.414016133556742716e+00
1.927166452660270579e+01
7.458857870659130640e+00
-1.153577930280192732e+01
8.346128764227034935e+01
3.193087832146227711e+01
2.280741053028535248e+00
5.582122687707567366e+00
-3.400438579061804489e+01
1.826470131838749467e+01
-4.151604876424121926e+01
-1.575759812946225225e+01
-2.986198996012757334e+01
-1.076063872454898274e+01
3.081343139530525832e+01
-3.076129772913265015e+01
1.300521774573110889e+01
-2.083061979499746030e+00
1.135225660060527275e+00
-1.948745662645691823e+01
-2.409847194670038562e+01
-3.069445774790381165e+00
-1.939212661191859866e+01
-1.070330799900082752e+01
-2.247146115986662096e+01
-5.050032702862683465e+00
-1.887993123879091684e+01
-2.725240569570394200e+01
1.129747519942901590e+01
-7.794288016914151740e+00
1.330872994026728406e+01
4.584620337458630956e+00
-4.134337420279248931e+01
-2.848488922700185810e+01
-2.475894281366166183e+01
1.756378021018190339e+01
-1.316825615258096605e+00
-3.365083992905654497e+01
3.199716461008891955e+01
-2.122676528274431007e+01
3.104947521197978944e+01
-1.718477716853527681e+01
-2.624096602882474372e+01
1.285065215819139439e+01
-3.686746411990459649e+01
-1.870379582322487977e+01
3.363042484881995620e+01
1.023275063470538271e+01
-2.388876445543348837e+01
2.947710849745205763e+01
-9.839345191201914531e+00
-2.065792600020228065e+01
-1.651205873724603634e+01
-2.720134997164473134e+01
1.505581192929195566e+01
-4.883001982074949865e+01
-4.303518959105545605e+01
-5.521255748684723130e+00
-1.635467414106824435e+01
-3.208783443994926898e+01
3.993656548127665928e+01
7.287509060197729127e+01
-1.494232262993718052e+01
-1.977551233958223520e+00
-3.289298819798187878e+01
3.563050873586905709e+01
1.106044586756991066e+01
-1.303285308430542955e+01
-1.976991944025766657e+01
8.016077253216288057e+00
-3.151649274909193821e+01
-9.644210091668696805e+00
-4.721623608238527936e+01
1.982997023078939947e+01
5.950535251567856676e+00
-9.397874717755598795e-01
-5.646859836218993678e+00
-2.175526095076975253e+01
-5.956303790968291878e+00
7.125963768377097551e+01
-9.981950933813095617e+00
-2.611599435564167493e+01
-3.799136210321788099e+01
7.578985902860836177e+00
-2.039667087027991954e+01
5.941806476460648412e+00
1.647805476752883180e+01
4.167686967831400580e+00
1.696471907423852343e+01
8.193950809032614302e+00
3.183147241183769438e+01
1.428958792151341584e+01
-1.903375105743058526e+01
2.606399382895814654e+01
1.897355881179095149e+01
6.715879359216600619e+00
2.306214089153721147e+01
-1.545849821807424007e+01
4.014513891433287540e+01
1.281938439119413786e+01
-1.724210612179783197e+01
-3.175818575795354093e+00
-9.825223006636292666e+00
1.113892857473072695e+01
-1.264056811980697148e+01
-4.299910192459464042e+00
-6.956504419510451953e+00
4.404508238941133413e+01
3.001863589643511432e+01
-3.526842624171240459e+01
-4.431696216611143768e+00
-2.870524182090207432e+01
-7.916366701443337206e+00
-1.281690598833823458e+01
4.674029747744867791e+00
-5.289977943253916237e-01
-1.564234897903705246e+01
9.263373102332678855e+00
-4.504466377473114846e+00
-5.086090232351139662e+00
4.686946562784555681e+01
7.834794980733530423e+00
-4.487759842957407841e+01
-2.157611804822664681e+01
5.210262739309916924e+01
1.483962022037596284e+01
-5.184823627215223496e+00
5.804931679206059414e+01
-8.760240768172423032e+00
-4.977100376199445009e+00
-4.377468412605537651e+00
8.407283876045369198e+00
1.695623037268305211e+01
2.386302600245024053e+00
1.575766206215206466e+01
-6.950858181005941105e+00
-1.912112944962204608e+01
-2.268437936034707292e+01
-2.605247174849694147e+01
2.239336499277990811e+01
7.020400930055011202e+00
2.073399213102315741e+01
7.557725612985166208e+00
4.852969586721349060e+01
1.017485861863341512e+01
-4.390001021369891987e+01
-1.865322409881480681e+01
3.323916003494396421e+00
-1.585198963875558320e+01
3.435623930830166728e+01
-7.535333854184159463e+00
9.153898271259436115e+00
2.866205479961122649e+01
-4.056982132172095135e+01
8.132806315151304943e+01
1.126527197730920449e+01
1.296769798219116865e+01
1.964012511813209017e+01
4.043040703385287316e+00
-2.128442143730637781e-01
1.908670296312101300e+01
-2.014099011439091669e+01
4.511954202673544501e+01
3.988222686867010225e+01
-2.268784891653126579e+01
8.684269969004049017e+00
3.802316774115831777e+01
-1.117552297467761946e+01
9.501035355943969307e+00
2.050830220830231809e+01
2.201972716631206595e+01
-4.150991662482169886e+01
-5.591520674521802903e+00
-1.666992308052997629e+01
-1.643532332900861093e+00
-4.299202162191338772e+00
9.146902609566041065e-01
-6.755426602276287440e+00
-1.726090294010350590e+01
7.141634674013445760e+00
3.725093526307631464e+00
2.881525455761838828e+01
-2.380527664473544291e+01
2.369625852880358252e+01
2.565947502521258627e+01
-6.797162819880213647e+00
4.431220077140294222e+01
-3.700212719699973718e+01
-5.603816999854519310e+01
-4.723996598572083983e+00
-4.316885035493214673e+00
-6.997762824459528019e-01
4.346680890616298854e+01
-2.657252849161167774e+00
2.324859540073686048e+01
2.918526430725137288e+01
2.030121876994877539e+01
-6.337669431602193981e+00
3.239361296745374830e+01
-8.621031058620417298e+00
-1.923738346691800416e+01
-2.223243824409476588e+01
5.898123914406859569e+00
1.919795734674491428e+01
-7.194279490853432435e-01
1.892736715821541793e+01
2.845129326734507913e-01
3.293503863981317181e+01
9.399584703594697999e+00
4.913373107423495867e+00
-2.053118477003579301e+00
1.750413601834642208e+01
2.036437524377977581e+01
9.345612999988361480e+00
-9.576833065824814639e-01
-2.988457256020600994e+01
1.581048183607033053e+01
1.032579822899029409e+01
1.928785446411322368e+01
1.526346380101462330e+01
1.962818209939773340e+01
-4.708320517100602842e+00
1.691556128171700379e+01
-1.455272473307559267e+01
-3.591712697683533406e-01
-2.942244073143464789e+01
-1.666120520117951287e+01
2.182598227477239305e+01
-4.889760793906282288e+01
1.438618418286404221e+01
8.635060908047535122e+00
4.504221774109223020e+01
-1.026470510500297451e+01
1.809502971101117552e+01
-5.377197903193859929e+00
-2.628796936014434849e+01
-3.687660457007177683e+01
-6.336269244081279339e+00
-4.794148920139131320e+01
6.377351573060991541e+00
-1.075542570750108240e+01
1.672077964194841115e+01
1.279531068669911065e+01
-1.549965796330229750e+01
-1.584411711335729933e+01
2.219162914397984920e+01
-3.343355818576297622e+01
-6.611761744085725923e+00
-1.028291723164873872e+01
1.489309933890269377e+01
5.201747824588665026e-01
1.456984185558511058e+00
-1.026674876902396250e+01
2.974971715733644828e+01
-3.008836436804057257e+01
3.647870673370448458e+00
3.267132042421604865e+01
-1.998326745965204054e+01
1.684955308524308748e+00
-1.154014152732543153e-01
-3.528156413760478927e+01
-2.169565128608439863e+01
-2.699488485000866689e+00
1.532424738046729118e+01
1.791697574127445591e+01
3.288230254632850347e+00
-5.269641016325863347e+00
9.672894270010829132e+00
-2.308563859136350516e+01
-1.086444445472920961e+00
-2.813632691808257391e+01
-1.513583858790161685e+01
2.634212084537674059e+01
-1.548037113959540534e+01
3.679737468837571157e+01
-1.304286739239293524e+01
1.774208944057254200e+01
1.369265946105144849e+01
-3.438809097746035093e+01
-1.360300053158634626e+01
4.766092746595731455e+00
-2.269270130200243329e+01
-2.041735690299238115e+01
-4.741640320932970099e+01
-2.929265922302113268e+01
-2.768035159356674058e+01
-2.382577339850703879e+01
4.410452213378306396e-01
9.842033651480605272e+00
3.668112680013663862e+00
1.320870003795827152e+01
-3.079440682325693501e+01
8.287295651585964151e+00
1.462237970942312870e+01
-3.651241950162118144e+01
-3.373918369310922571e+01
-2.293223105270595852e+01
-1.474244873278027512e+01
8.786287722168822256e+00
-7.159437118376672515e-01
-2.285945673452918214e+01
1.623344839370784598e+01
-1.297805488667685836e+01
2.720692823321689957e+01
-4.826531463086857343e+01
3.430241868370761438e+01
-4.891966694856204612e+00
-2.169628950682802326e+01
-1.358239922304024105e+01
1.028018883356352831e+00
2.425636005806642714e+01
-3.997519697708075626e+01
-6.418049639550474694e+00
-1.098913767125472418e+01
2.424994884312920362e+01
4.531857540667655826e+01
-5.385517671655009053e+01
5.038977320718572628e+01
2.253346601937940363e+01
-4.043182708462315134e+01
-1.729722495041170305e+01
4.295462659765576063e+01
3.221008576336834039e+01
-1.126036464659682679e+01
-3.156607794409183043e+00
7.771424144517979471e+00
4.044589229379705841e+01
-3.074306837703432649e+01
6.865193281771510669e+00
-4.547635443014215184e+00
1.476757497871989244e+01
-3.933615166964693799e+01
-1.802572692176575231e+00
-1.647396571946824650e+01
2.588298102367744491e+01
2.283827583440941567e+01
-4.729526566355366413e+01
-2.586353275440970378e+01
-1.169786449661108918e+01
-2.308828570612419639e+01
-6.309494946619594202e+00
-1.101930796839594962e+01
2.435861432581486952e+01
2.277352236985333889e+01
-1.134665794769745162e+00
-2.493034505299465309e+01
-4.607711342791344578e+01
2.578236084215802748e+01
-2.660907513241916433e+01
-1.972380257937714987e+01
3.198809838287537843e+00
-1.945508174983169880e+01
-2.117241559033402609e+01
-1.548987725407992144e+01
-2.591681927480951231e+01
-1.405501135156703896e+01
-2.816779099568738332e+01
3.029022005134942219e+01
3.326404446223908451e+01
-3.587562321685823008e+00
-1.186907512117647912e+01
-2.544301874635834793e-01
2.463379779221105537e+01
-4.654782935169615143e+01
-1.073614070020562394e+01
2.663197929430032218e+01
3.841123121669303941e+01
-9.106440562118052640e+00
5.345678400610609060e+00
2.975102777774282004e+01
8.981823446031334868e+00
-5.478920241904745581e-01
-2.412471614561462729e+01
1.093914121517406102e+01
-1.877588702965536527e+01
-5.656366922727102065e+00
-1.055104319759496434e+01
-8.909679196380210442e+00
1.228017397977808400e+01
4.282539962945807588e+01
-1.242450625227704109e+00
1.848621572334991470e+00
-4.931618755362835316e+01
-1.023976065881771547e+01
-1.947952532569487971e+01
-9.322039084520383767e-02
-2.549534898319222975e+01
4.622989351199777275e+01
4.392851179640410919e+01
7.558889683524526504e+00
-1.068580968114082452e+01
9.013505262626324566e+00
1.113741663315096275e+01
-2.588196449736715010e+01
-4.569153650786120124e+00
1.029536390797949252e+01
7.198652629946195702e+00
2.987908079301735143e+01
2.189585478951309483e+01
-1.148345086370713375e+01
1.409684591857498503e+01
-5.371112564926181676e+01
-6.438253530570676730e-01
4.726010337693233510e+01
6.417178799424533508e+00
-1.140393524860769503e+00
1.658576171939694177e+01
-1.555380304908706890e+01
4.869621968782055887e+01
-9.007658181140129727e+00
4.359094176560319056e+01
2.126077181705446151e+01
-2.192135035318636938e+01
1.754762893448256023e+01
-1.661838429206314061e+01
-3.921051252603922421e+01
-3.489400067372201875e+00
-3.018075298145066654e+01
-2.849947084566059630e+01
-2.698611819863387495e+00
1.957896489996886658e+01
-5.265872330118966715e+00
-1.696568042950588051e+01
4.872296974603273156e+00
-3.757319131497598619e+01
-3.851641302104262365e+00
-4.497723929319261060e+01
2.642317735729137951e+01
-6.350641398740037857e-01
-2.708974991009301903e+01
-8.942167893162832115e+00
1.002169855464444481e+01
-1.919010049692546716e+01
-2.478731824377233295e+01
5.120941810472041311e+01
-1.310093567138699200e+01
-2.185140414869169945e+01
1.478446876024326428e+01
-9.570032680029754601e+00
2.969855905767625615e+01
-2.514399030506922372e+00
3.821930547924068833e+00
5.870221870748969195e+01
-6.752596439212794621e+00
-1.990999189718368712e+01
-2.336051419687987618e+01
-2.761387483352916661e+01
-1.856820073204585242e+01
1.470327489992808978e+01
1.473607319753813272e+01
1.204728640987553945e+01
3.994827635738960225e+01
1.819405042160440189e+00
1.135159539401085738e+01
-3.455227095917724967e+01
1.465103172724326441e+00
-1.006720380863535524e+01
-1.446469948199586497e+01
-1.886162881858354012e+00
1.830450387476312812e+01
2.076131631493899476e+01
-3.573148689243410558e-01
6.673955865409766375e+00
1.495458454493971345e+01
1.894176324023295876e+01
-1.334825808166149841e+01
-6.923698261189599634e+00
3.817291908310664894e-01
-1.254696201685845836e+01
-2.730469960224297665e+00
-1.952506576155801099e+01
4.319662368292941323e+01
3.499002177714942263e+01
-8.835367988710572718e+00
8.710232093247213925e+00
-2.500722437600728654e+00
-1.632555718022847202e+01
1.940581227951903998e+01
-5.214823356014449018e+00
2.179534070841998528e+01
-2.851741353624305475e+01
9.783371107094097852e+00
-5.419867167447364409e+00
-2.933877466832370828e+01
-1.331919795879218782e+01
1.456339303594425161e+01
-4.965464625407945221e+01
2.344657990004350268e+01
2.537305462506307663e+01
-5.446902166678297519e+00
-3.246132041177105521e+00
-1.743469748173453127e+00
1.359395180035244266e+01
-1.777578446531609302e+01
1.967350814631575417e+01
1.659297902524596680e+01
-5.354067414128638802e+01
-1.926756182867627842e+01
1.294223579884111075e+01
-4.609215322597719933e+00
2.362428530857174280e+01
-3.472152989320431971e+01
-2.923071087936079948e+00
-2.280044551654173546e+01
-7.005163292613083570e+01
4.188955188505815386e+01
-3.176395966999967868e+01
-3.330354760407520587e+01
4.853617332141361373e+00
7.064709752803142351e+01
6.137884211310904448e-01
-1.530249643102865775e+01
-1.717578915239187154e+00
-3.030159976984691639e+00
-4.664865274215436841e+01
-3.339543886110436688e+01
4.461911938320834992e+01
-5.550768116769006610e+00
-2.052588351302411240e+01
2.686023912522716728e+01
-1.956403034419684062e+01
2.010040197169251996e+01
2.902105188962238458e+01
-3.112081868583769051e+01
-1.528241258266973546e+01
-1.894901474642719563e+01
-9.800951555894044986e+00
-9.565581942835770235e+00
-5.648099415307285653e+00
7.783209060019260050e+00
-1.858438477643452558e+01
1.544801483705691680e+01
3.153200579245854485e+01
-4.905021161057277368e+00
-1.111287871613851053e+01
7.956828301814425686e+00
3.051436341060292534e+01
2.842539544755592829e+01
5.355485877142712070e+00
-3.001342414003488557e+00
-4.739062308380837862e+00
-2.763755307876417788e+01
2.093108354602451016e+01
-1.213501296628967907e+01
1.081125062005224891e+01
-7.607508178864179627e+00
1.473057863972763926e+01
9.957887024096976347e+00
-4.385704058058482246e+01
-1.451000007393906799e+01
-4.279905161792747492e+01
-1.941854543305180414e+01
2.880980988947655419e+00
-9.367032948851147012e+00
1.779451533697545074e+01
-1.636156531461247710e+01
2.017671548380832292e+00
5.859361097434373278e+00
3.853159648260134418e+01
1.951996820150878875e+01
-1.649571172529156726e+01
-6.514880319074620729e-01
6.585469766451211626e+00
2.087584754083118810e+01
1.797291897631225766e-01
2.972439733361687786e+01
1.219027755089101461e+01
4.935679358400005867e+01
1.012524227982964931e+00
3.564996136927611303e+01
-1.474592747652211244e+01
-2.051003141654061324e+01
2.398706604233041162e+00
5.105080695303115590e+00
1.460725245660171367e+01
-7.671918568638261604e+00
-7.452438582939940659e+00
1.412634119194826710e+01
-2.635687044072054164e+01
-3.001768592656355850e+01
4.318410022681433702e+01
-3.243275672281697553e+00
-2.127357271966820207e+01
-2.184309934253491292e+00
-7.374901964802120347e+00
2.317834556531408907e+01
1.799398315703265894e+01
-1.097874651322490536e+01
4.471434555383240195e-01
-1.437717491365849298e+01
-1.922152857187870723e+01
-1.455998997611101231e+01
-5.265685459373112565e+01
2.997003162961675571e-02
-3.500950695746756480e+01
-3.031855226097079736e+01
-2.027291863284679607e+01
1.043456134250988043e+01
-1.982214348438469642e+01
1.258498234711107955e+01
-3.333883040955967658e+01
5.792866701230821036e-01
-2.254707875832348307e+01
4.685311216659954425e+00
6.130340461840631860e+00
1.813029530801236433e+01
-1.140985882940600504e+01
-8.640961661853083342e+00
1.609156970744154336e+01
3.220819236198306612e+01
1.787887464660875025e+01
4.540748521474824884e+00
-3.902499510125687721e+01
-9.283376764116994195e+00
-1.723964569384293100e+01
-3.285445412538501841e+01
2.199753175392191906e+01
-1.976874910882958147e+01
-1.766234349871183440e+00
-1.524703207477779188e+01
-5.427890241632226775e+01
2.811068924963581139e+01
-9.580246742648228064e+00
2.206987354510681598e+01
-3.883836040515997468e+01
3.669607293129095638e+01
1.995908374087235870e+00
-1.565780927771370656e+01
4.725659186157514569e+00
-1.133777073098485744e+01
-3.563471901428533783e+01
7.832894413136131107e+00
1.940430557940564427e+01
9.559127666780682375e-01
-1.971172299975012265e+01
-8.907891323853931453e+00
9.516957631053742261e+00
1.736923392319943105e+01
3.429310531591627154e+01
1.289120764989735335e+01
-1.264976107231063907e+01
5.195954216048100704e+01
1.305164369417304471e+01
2.307178698033153808e+01
-9.957791619060969879e+00
1.522314787385110435e+01
1.067306397861969458e+01
-3.371370047682134441e+01
-1.123007396668241142e+01
-2.227269434314590413e+01
-2.008671989002536407e+01
-6.573491093533448293e+00
-7.591475049813766418e+00
-2.296357409321652199e+01
-6.028207371439863493e+01
-1.572380387815072567e+01
6.780518000493373165e+00
4.987072298563987260e+00
7.545924066138582020e+00
2.528224324849117011e+01
7.651325823793396097e+00
1.769312464294552001e+01
-2.262925771115158113e+01
2.490547775222898963e+01
-2.478460992741270275e+01
-3.918394727332247385e+01
1.199574035152375018e+01
-2.351856380189724405e+01
-2.135678378480733386e+01
-8.626699989757136677e+01
-6.298298709540844698e+00
4.438470404459167185e+01
2.306116076385010416e+01
-5.568018993303326170e+00
-7.566982176595672627e+00
2.055016604834082727e+01
3.623343606759009106e+01
-2.262988439786624184e+01
-5.852442016497093391e+00
-1.854226859930449223e+01
-1.913094521242504698e+01
-1.669544401731725003e+01
6.908852080192154688e+00
3.851877185337863807e+01
-3.547500904952602241e+01
-3.052727127864113754e+01
1.782046400589365476e+00
-5.814645855770493199e+00
-7.194707456870339968e+00
-4.910796453916708515e+01
3.425718032571424487e+01
1.306081997170792874e+01
5.158497095310568881e+00
2.632201442661656188e+01
-1.785563121252951291e+01
1.682361341591354176e+01
1.511808371246675620e+01
1.971310470217446209e+00
-3.306319012452156869e+00
4.788309366145366397e+00
-8.604004988585160163e+00
2.765803933627864808e+01
-2.180107864623190039e+01
2.345014063974610963e+01
5.237297101836986712e+00
7.863291249564753116e+00
1.240506112759629787e+01
-4.738459629086055713e+01
4.616076049689922911e+00
-3.646878207726086885e+01
-2.666040460493168496e+01
-2.668141718492849179e+01
-2.719320121002300539e+01
2.669626891775465083e-01
9.127305504206219666e+00
2.713007981329555207e+01
4.700229297080600332e+00
7.825753338973115092e+00
-3.823154129806334822e+01
-1.388823547363141131e+01
1.849459143371302616e+01
-1.131049068268580982e+00
-7.654212693978479365e-03
-4.791884321656937118e+00
1.908632246985274605e+01
-4.967939146854610044e+01
6.125078799866031432e+00
1.100873204609865752e+01
2.354000754137311091e+01
2.014314320886452236e+01
-3.081044453727997734e+01
6.086024422287010793e+00
3.173156217961135894e+00
2.560966939793104302e+00
3.253307468649865086e+00
-1.020716139782717846e+01
-1.917484545498992077e+01
1.030408326948899855e+01
3.272841366300571053e+01
-2.703142374333367570e+00
6.264678677914787386e+00
9.268273144006798248e+00
-1.392145603201178972e+01
-1.478092141052187003e+01
-6.492992600989663288e+01
-2.004796302680873055e+01
-2.970004575315714135e+01
-3.607687088221723570e+00
-3.673637018279549693e+01
4.084451503783330395e+01
-1.701486142364808529e+01
-2.919235094702926858e+01
-8.414637017406778341e+01
3.612213342669750205e+01
7.253175581341110956e+00
3.324395856409296357e+00
-3.409749299765474007e+01
4.797501945422482095e+00
-1.088829226211755952e+01
-1.784042981019042173e+01
6.430615007870972732e+00
1.836528088246743096e+01
3.975963648061920708e+00
-1.157301451484073596e+01
-1.514095080385118308e-01
1.491800038642708159e+00
8.594877657261918102e+00
-3.451440099642884718e+01
3.926786964261302870e+01
-2.334724667627358485e+01
-1.629526804572567045e+01
-2.663533128976990838e+01
-5.655590489770288798e+01
4.916670168229011040e+00
-2.846322414835017867e+01
-1.034965299467090460e+01
1.773992438800155469e+01
-1.407256759832392845e+01
-1.839049395440440549e+00
-6.405567959049605520e+00
-1.090050249909097602e+01
1.751986329039645796e+00
2.951955366898053512e+01
-2.731350657983215768e+01
5.410873042060623561e+01
-1.227188072092536686e+01
1.815453481144618308e+01
-7.480389763622014243e+00
6.202286559030419255e+00
-5.931302848342710377e+00
2.381609026381607919e+01
3.332833524680434323e+01
1.039851922913297955e+01
2.500904526160822883e+01
-1.937372910404319271e+01
-3.616538845962619320e+00
-1.211620600958843852e+01
3.735959494086290533e+01
3.132760701309223350e+01
2.370268389390827224e+01
-8.325105305979150216e+00
-1.512919232922257606e+01
1.351875844556136030e+01
-1.528435758248191689e+01
-6.736207204243157776e+00
-3.121162142321495025e+00
-1.601992458701415956e+01
2.698943474006031806e+01
-4.457677651157396781e+00
2.065667819843189079e+01
1.065994057901625958e+01
9.390329774159368981e+00
-1.799010422289363476e+01
1.438535849385134213e+01
-9.988487871269910556e+00
-6.437720710350220088e+00
-1.703374244457307896e+00
-2.612820961757489613e+01
4.051137624824468730e+01
-1.446231945105221683e+01
-1.750698818049926331e+00
1.211394302561883762e+01
1.044447552907470822e+01
4.026886985745250058e+01
-9.303590708215068616e+00
4.096056401632651500e+01
3.672814557325342832e+01
-5.087993403184555063e+01
2.763703425145067172e+00
-1.010416223816486081e+01
8.538762798362270701e+00
3.229011360147396204e+00
1.080367449728737483e+01
3.386364346176014095e+01
5.308106090380319841e+01
-4.079416125387444936e+01
4.109558434407540517e+01
-5.323047302904502942e+01
-4.411845136319853822e+01
-7.853056333397361755e+00
2.257718568327504727e-02
3.953827592448766381e+01
1.943227483376745113e+01
-6.520077540587919884e+00
-4.850412085560654418e+01
3.838102052874879178e+01
-2.265681899103145724e+01
9.717857190980794257e-01
-3.881953220377255320e+00
6.837745828299213713e+01
-1.376015983133339660e+01
-5.803438244796711842e+01
1.700965522469169855e+01
-8.841399732653174226e+01
6.229959897242224542e+00
-1.980803115681800364e+01
-1.001428031417308517e+01
-1.476151871467716603e+01
-3.177028857580160093e+01
2.081220204724021983e+01
-2.066550842327814053e+01
-6.415919146066642043e+00
-4.285964145985684581e+01
-2.383696925187706483e+00
-2.843283694704383890e+01
-4.053838614837536625e+01
-6.172863137156372204e+01
4.956449424538817539e+00
-1.934517251626303391e+01
3.416521755802932603e+00
-7.666673747510003523e+00
-4.413869616247893646e+01
-3.534340970209137112e+01
-2.962251308704907160e+01
-3.081171311337746488e+01
2.894322994107092484e+01
2.745324773717356948e+00
-2.709758709792897946e+01
-1.179591891012540827e+01
-1.333205077071296785e+01
2.187902266124177686e+01
-1.688964315518170167e+01
-4.152908890845029788e+00
-1.523549980080693445e+01
-1.939356374268490413e+01
-2.200603369598873371e+01
2.005447929691575837e+01
-8.496625832430595437e+00
-5.036439368210514544e+01
4.189764926153367242e+01
2.390690956027177805e+01
1.438452078256460709e+00
-4.245223116249150053e+01
-4.070930927646350028e+01
3.708723179948265170e+00
3.604020680960786649e-01
-1.714183128601382577e+01
-2.488967453777582506e+01
1.702604547931429124e+01
-3.001174624718032646e+00
1.428023502135056333e+01
2.667216624165035910e+01
1.724771710516394307e+01
1.738747839676045714e+01
1.300674395408031003e+01
-1.133504067277408467e+01
-8.093642450305893021e+00
-1.183921656352275775e+01
-1.995813686426464528e+01
-2.323915832278225935e+01
-3.464545472719122188e+01
-2.025915669448498591e+01
-5.571980182496432121e+00
-4.179643660370288671e+01
-7.773168827887104726e+00
1.986259260923772274e+01
-4.293587055800031749e+01
1.616143614400773743e+01
1.458880797006312946e+01
-3.917089997760166398e+01
-3.087053351232589193e+01
-9.343397177580342827e+00
9.587523856824645918e+00
-2.141888658494644915e+01
3.932026460292709658e+01
3.490779562831477278e+01
-4.205859326461501269e+01
2.432490879585827770e+01
1.894841021676444370e+01
4.733972042377700973e+00
1.182954687506867231e+01
-2.330558970056665657e+01
-7.069198309248520218e+00
4.529632821378299923e+00
1.048652204883478589e+01
2.303236523281793779e+01
-2.788345964856069159e+01
-3.236375572727297367e+00
8.137761795966895306e+00
2.931126723184164007e+00
-1.620326211513808801e+01
1.188943350950778211e+01
-1.392341982204507644e+01
-1.120024132165814024e+01
6.355714680286439489e-01
-3.315068505129302423e+01
1.642937382681751046e+00
-9.200511852011572955e+00
-7.548105093818634259e+00
4.572202413143315880e+00
-2.961903672834768031e+01
3.236381440586214353e+01
-1.375313248323273285e+01
-7.270133099607116378e+01
-4.650884274889673975e+01
2.018319340428463704e+01
-2.210093561158808484e+01
-1.025413282318123720e+01
-1.430931001620653120e+01
-1.001269750320922469e+01
-5.493061723100018412e+01
-3.474532552614277847e+00
-3.399537027673028433e+01
-1.881410203483690680e+01
1.160490308296428452e+01
4.294035706879103031e+01
1.545879031832729567e+00
-5.622382486254196010e-01
3.250758085620697102e+01
-3.023551627150483512e+01
1.743449766339080043e+01
4.168519580867467766e+00
-2.603226348176139027e+01
-1.390234499757491449e+01
1.215913440564867187e+01
3.580481345157906503e-01
6.600559892888828273e+00
5.632436912733581380e+00
-1.291679303294040437e+01
-1.777243561101249725e+01
-2.732045755597869174e+01
2.688123896531408263e+01
-3.519967795973276736e+01
-2.612225439171106700e+01
6.793280896262245960e+00
-4.747378976603891942e+01
1.229294532172656318e+01
3.505660763341165875e+01
-3.912400174731800462e+00
6.328889320881437186e+00
-1.572627591603992414e+01
-1.203025195224378763e+01
5.666830168349633823e+00
2.075689476715020731e+01
-2.121731290796606118e+01
1.478130456893860867e+01
-5.764597879385263468e+00
1.693110963437192140e+00
1.263903721575816519e+01
8.128741762457153186e+00
-7.033160363923549596e+00
1.281855564621139365e-01
1.050675356048873255e+01
1.561423588396615969e+01
-3.923559498029014492e+01
1.822733530660229917e+00
2.811799668178413114e+01
-5.043497157811839315e+01
1.656995673515518774e+01
-6.369285527507791755e+01
-5.882246388113143709e+00
-8.090572479744793100e+00
-2.831842274137102322e+00
-6.650228444957406282e+00
-1.370422263977397392e+01
-5.220744723583436553e+00
6.520009607289594555e+00
-1.456679738068558194e+01
6.558905570069612168e+00
4.781193661778431192e+01
-3.308885768172461894e+01
-1.440759271221372728e+01
2.175449166391595668e+01
1.315973798374152182e+01
2.386977482440491372e+01
1.154756784523424784e+01
1.150028220881780783e+01
-8.784426179456517048e+00
-2.676364281581246019e+01
-2.468999135933466960e+01
-1.473896248822102706e+01
2.536459811797129760e+00
-2.308999742351602436e+01
-7.649783585155045529e+00
3.980618035129083410e+00
1.298092821394612884e+01
-5.592391236084331751e+00
3.253423140712698114e+01
-3.153830565060496838e+01
-2.136582370854426927e+00
-1.637533855574158537e+00
1.499077511107204685e+01
-2.136579639835439792e+01
-1.354492796839838320e+01
1.024930686263546953e+01
2.446714024676519728e+01
4.073302312350811860e+01
1.740220973174271535e+01
2.278147300683853871e+01
-1.522197555089587695e+01
3.433535189842820046e+01
3.601351524632866585e+01
-1.402470658928734792e+00
1.863439208784919288e+01
2.053082931369704056e+01
-1.284170928155775471e+01
4.634509163088154082e+00
3.303100927102553896e+01
-1.313541835325042939e+01
-4.997701136316322845e+00
-3.276474043438312123e+01
1.296414651466844248e+01
-7.000150723772037509e+00
1.070044631746691266e+01
3.193301350104519543e+00
-2.164929033448250806e+01
2.476406254718870059e+01
2.184425335001660073e+01
-1.463864946479300500e+01
1.042715121722734750e+01
-3.324705422674128386e+01
-2.885447117089901070e+01
1.345305741030949775e+01
-3.704530023302959307e+01
-1.673023003312921020e+01
2.842009089444502479e+00
4.491887860478365724e+01
-1.386440730403450061e+01
-6.655252683458968477e+00
-9.793007304362930654e+00
6.090791676298944424e+01
7.552839810733139814e+00
-2.343362675914961812e+01
3.850523651278268744e+01
3.409971345359763717e+01
1.706314014218540365e+01
4.082020611556154677e+01
4.673759226049308779e+01
-4.072270797588195990e+00
-1.504519283835335841e+01
-1.575656729841711012e+01
1.571756694145560118e+01
2.041708993564529351e+01
-3.737648003685762887e+00
-1.257522616688925154e+01
-3.320115099678012882e+01
-1.373127514776871294e+01
-2.454254320677512169e+01
1.636924374117221248e+01
9.297560097992857209e+00
3.466026766163031425e+01
4.004803768686883814e+00
-1.277332113261996938e+01
-4.596900858681609137e+00
2.141849785538258999e+01
6.784190447110859168e+00
2.952775146639766035e+01
3.025756205210723238e+01
-6.571393699885504702e+00
-5.902561061910454043e+00
-5.454652979003304836e+01
2.748839913793017331e+01
-6.419766682686258719e-01
2.938047504097178830e+01
-1.171641547708829023e+01
-3.387168392838380271e+01
1.149046698848620096e+01
3.955435570812770862e+01
-1.421763073931804655e+01
3.587626678342064679e+01
-3.951647470313758959e+01
-1.247114923379658080e+01
-4.406999184337860243e+01
1.033800917167820899e+01
4.342426924125959431e+00
2.933822429779695540e+00
-3.372617631413095296e+01
4.913391905469757148e+01
2.939015034001232607e+01
4.804527561167901695e+00
-2.798298622862139950e+01
1.176071729879302552e+01
-1.263601062097939121e+01
-6.728637041517686157e+00
-1.301068947964745348e+01
9.924038413491931721e+00
-7.850050081493805010e+00
-1.094018305085684517e+01
1.128495266594865143e+01
1.402773960998120373e+01
-4.633033107872216760e+01
1.076572426153282436e+01
3.654861955217771197e+01
2.174272419301354375e+01
-5.629811655316046881e+00
8.297247710661395104e-01
-1.897742516994316020e+01
3.137295832900008463e+01
8.447515457390295524e+00
-2.262508604263473444e+00
-4.066631104860960022e+00
5.778244163231008201e+01
-1.732121527653390558e+00
1.317129107271068733e+01
4.036119941552776424e+01
5.196733947030613621e+01
3.363505177803864399e+01
2.190165848602487131e+01
-3.594465127959534811e+01
-2.448204243152270010e+01
1.860393150516711103e+01
3.765573288578821121e+00
1.706280719470981921e+01
8.635656492947404672e+00
3.316675246866830662e+01
-4.175959676959126199e+01
-2.629554448217902518e+01
-6.246036844177183411e+00
-4.612944981218032581e+01
1.032172136417564445e+01
2.375210934502651128e+01
3.688073924563184391e+00
-1.197507961442164515e+01
1.253145325540981503e+01
7.451227386011078124e+01
1.663461274999013995e+01
8.480830712580370800e+00
-2.529976454799179919e+01
-3.227724239807781714e+01
-7.872521913520728276e+00
1.784562723265233330e+01
-3.195809087600025578e+00
1.277879149724175534e+01
1.880806515556895420e+01
-3.069760767837823323e+01
1.403393338674624147e+01
2.384513822983888076e+01
3.037620719772121447e+01
-3.525737305800078047e+00
2.557446216971015929e+00
-5.427852538607609745e+00
-2.604612547558315327e+01
-3.729190972960256545e+01
4.275916221787215221e+01
-4.149882164433378762e+00
-2.972285626387395041e+01
2.925776872507711346e+00
-1.391830894933413276e+01
4.886531575646293390e+01
-1.259067989326354109e+01
-1.926940086711184108e+01
1.868943698059922554e+01
-8.840991621931038935e+00
2.394337917220104828e+01
6.827773097220415366e-01
5.229376806444869885e+01
2.840554530706774017e+01
2.132923423111698469e+00
-2.002388471225170008e+01
1.477563512969416593e+01
-2.896991619292222708e+01
-4.721500207070292277e+00
3.292485498420714407e+01
-1.504084829156582259e+01
-2.415800544485406931e+01
-1.305575649931341786e+01
2.689495933155319563e+01
6.824042688706590809e+00
-4.455033909134017733e+01
1.785486709536324668e+01
4.980898429912485881e+00
4.934915847182807624e+00
-2.708627969314147776e+01
1.542036833033279208e+00
1.817542863911285167e+01
2.575214334788472570e+01
3.545861464178529587e+01
1.549499452356279328e+01
2.095782800342647079e+00
-2.908448837903287654e+01
-2.516932941539837998e+01
-3.713402096380656303e+01
-7.062700756115305012e+00
1.703089507172825279e+01
-1.323792522669123173e+00
2.758189076582237931e+01
-1.757386442386206227e+01
8.823207751740227422e+00
-9.340048936104778932e+00
-1.610073447472642982e+01
3.294030732759258484e+01
3.828660789751154425e+00
3.383847606505167960e+01
2.556536074013479265e+00
1.195835057366566190e+01
-9.716857935949036573e+00
3.269983681212974602e+01
-8.975007824257986044e+00
3.535821084674353187e-01
-4.201879925228189450e+01
-5.161257095212661739e+00
3.850181675367454659e+01
3.434892538416673347e+01
1.452498633823174146e+01
-8.971432084258609052e+00
3.016649370820033482e+00
-1.128762137381957587e+01
-7.480452302752368610e+00
4.978809865552895531e+01
2.713605938242494631e+00
-1.411331766354385309e+01
-5.832426059749583658e+01
-2.556665429301648373e+01
-2.069746198374249957e+01
-3.453564823175975107e+01
-3.123411490514308753e+01
-3.723593773439438337e+01
-2.472436330549767547e+01
-1.714097295565335344e+01
-2.667839261747768376e+01
2.527163194851255668e+01
-1.120779502900325042e+01
-4.758008736145529838e+01
2.161743499357689302e+01
-1.636734365061451513e+01
-4.380508134103597229e+01
5.232288854874619233e+01
-1.403252217543985481e+01
9.257684498886732172e+00
2.160429191989388187e+01
4.820902033098406037e+00
1.439090713199897209e+01
1.777357675413895777e+00
9.779604654294971056e-02
-8.013657516272985504e+00
-4.069153068747357338e+01
6.423422894769473146e+00
-6.726302850324537985e+01
3.830581181325031537e+01
-2.298254730744648100e+01
-9.554194143347956469e+00
-9.867357964983909824e+00
8.057568302111370429e+00
-9.203236893546716146e+00
1.455437521819386859e+01
-2.982389379752822833e+01
1.933528417516609466e+01
2.330817028052815232e+01
5.622205132431489005e+00
6.195579500709413878e+00
1.167214727813113484e+01
4.924542089617631291e+00
1.487928884241182459e+01
-4.313431637919009631e+00
-3.798920217448936398e+01
5.179021239831740786e+00
-1.336673227541601250e+01
-2.962052507602038531e+00
2.989437029776462396e+01
-4.342946734576907630e+01
7.481078133757534943e-01
1.158812307985328971e+00
4.956758552804615192e+00
1.695718841232242369e+01
-6.560878860964997727e+00
4.495864017727069495e+01
2.386891979359154448e+01
-8.327522758662645685e+00
-4.065197717555662393e+00
2.048345353082353881e+00
4.167045729728096148e+01
-2.871230180693260081e+01
-5.581753213091764110e+01
1.671033506693675008e+01
-6.666999877218756865e+00
-9.054757862478652441e+00
8.955702564213453343e+00
4.118457398911405676e+01
2.406539248241648465e+01
-8.697911874537339827e+00
-2.849412220047210553e+01
-4.606243224554013693e+00
1.531251743157978140e+01
-8.294817641292979715e+00
-4.052418702400325401e+01
-3.291641640766357568e+00
-5.180567427584747975e+01
-2.760205666045865769e+01
4.460016854340851467e+01
-2.835980436118364878e+01
-3.713187944691665621e+01
-2.801335277285145509e+01
-2.008238166941238489e+01
1.972315592844691423e+01
4.590777153392874510e+01
-3.604889108701058831e+00
1.406129600541291325e+01
-1.161596083093510856e+01
-3.790419455455248965e+01
2.552281176587740674e+01
-2.571933801248837881e+01
1.420213914532297395e+01
1.745613250754315260e+01
-5.774769577421523081e+00
2.057174999122329950e+01
2.250026223969341288e+01
6.195417984153112911e+01
-6.495544906210682257e+00
-2.825198195605177887e+01
-3.433014147759058687e+01
-9.394707725054253444e+00
-1.829293775388849852e+01
5.162007211467951606e+01
-2.392207733551157389e+01
6.339451183446186633e+00
2.683042525186152716e+00
-1.205123912556473442e+01
-4.644330417934997968e+01
-3.405865686735722875e+00
5.390223334759802754e+01
9.488950966458176595e+00
4.105272481621398128e+00
-3.164704923909960144e+01
-3.151755297742937501e+01
-7.707091891065449119e+00
2.514927230539149150e+01
-1.389042657638412948e+01
5.628341983967800388e+01
-2.652288657263528648e+01
1.031092563910860349e+01
-7.470687743027497163e+00
-3.552770346436284399e+01
2.333829155268205113e+00
-2.801360386114129142e+01
-4.046284247639152909e+01
6.101144500169141338e+00
1.034965779324849677e+00
2.865856517723931063e+01
1.291593787922655423e+01
-1.837665188119479964e+01
1.173016144164478192e+01
-4.792397827169284596e+01
-2.621309848048662161e+01
4.879362180555012429e+01
4.560624008765458370e+00
-5.821483998628650625e+00
-1.633025495180851294e+01
-2.437248936338562544e+00
-5.449868188161758553e+00
4.873970789167074713e+01
2.279178396149243113e+01
-6.501232256364630757e+00
-1.894725167586955195e+00
-2.153476524470761433e+01
-8.606022835881333322e+00
-3.450019812948059439e+01
2.701903263790390497e+01
3.830885559461322032e+00
5.643182193031009319e+00
9.853347819267909813e+00
-4.362024067765403856e+00
-1.125082592467635756e+01
3.010528640874208683e+00
-5.926361974041141423e+01
-8.489974737705608732e+00
-5.625533942790269748e+00
-4.246891587800860179e+00
2.634198135400890806e+01
3.560778932485870030e+01
9.495623546922445257e+00
-5.214933803998080464e+01
3.403972152421687269e+01
-1.167052150343926087e+01
-2.049639865949168893e+01
-4.772538736006627857e+01
-1.644812072761975230e+01
3.405732476812433163e+01
1.668108211148381770e+01
5.435462867108810769e+00
1.843226942451656214e+01
-3.199385447718961473e+01
-2.548087950027135662e+01
3.081878396384053076e+01
2.126392243232251644e+01
2.628791493742266994e+01
2.709048649244522267e+00
4.579810627362007835e+00
2.986471824435395206e+01
5.282363234686252440e+01
-1.140801756159108038e+01
2.106408291298907898e+01
-1.422195356992602910e+01
-2.399805741957055716e+01
-1.896472214305254056e+01
-1.909808749831287855e+01
-7.966121599066156023e+00
-2.604053017957184579e+01
-1.070963310683882241e+01
-7.430295138640333619e+01
1.856539365289125953e+01
1.208050415132925082e+01
-2.623269361131427502e+00
-2.125732010221435075e+01
-1.012919201722834828e+01
-3.003374667124251118e+01
5.378251148963386186e+00
4.409547441304165716e+01
-1.212282289747855657e+01
-9.214555416696910584e+00
1.148126407544850736e+01
-2.795614083914656334e+01
4.626190812061260260e+01
8.027070436540313381e+00
7.692793883430624646e+00
2.704335210516114785e+01
-1.331024375024952633e+00
3.059435403123711694e+01
1.034853315597875678e+01
-2.144808953701897281e+00
4.450928039881617337e+00
-3.436661563140717135e+00
3.615417126878077170e+01
4.698877969923103137e+00
9.920641755374163040e+00
-6.354656806689177984e+00
7.720366550897409752e+00
-5.044629561316759236e+01
-1.921064045637007212e+01
-2.666999635397291968e+01
2.587491192344060664e+01
-1.745172898176141985e+01
-3.282927082536809849e+01
3.161733875927080817e+01
-6.649654811929110565e+00
2.210448125850047063e+01
-4.920679316843620654e+01
1.011350805331236558e+01
2.848730397339068077e+00
3.375594399935209822e+00
-6.367288426133598023e+00
-3.969271324886278762e+00
2.775311931032151236e+01
9.890969007661567503e-01
-2.775324540265094697e+01
-1.020434347804891217e+01
1.203131627302887097e+01
-6.276066513805530178e+01
-4.799253260077229299e+01
6.889830813310595659e-01
7.678559032860846401e+00
-2.563707026891836449e+01
-1.062778587219781912e+00
5.738379119599198930e+01
1.523184458356377036e+01
-2.935704686650558415e+01
5.114932169151614971e+00
-5.072930302966810245e+00
6.818541646754468388e+00
-1.942630816270664695e+01
1.199925504541291232e+01
1.436719898431192632e+01
-3.773802811480777564e+00
6.084464168988316146e+01
-4.298492573687511253e+00
-1.721270235478237964e+01
1.295879628288435015e+01
2.339175325227660096e+01
-1.838804561701482498e+01
-1.017381085746446701e+00
5.332974878478518121e+01
-1.556725474816175847e+00
3.207170124449510240e+01
7.953943681974038782e+00
-3.801227739828540564e+00
-1.241970934852042774e+01
2.844933897050920280e+01
-3.042730707015221725e+01
-5.553863336768642966e-01
-9.908512678510646765e+00
-2.160306964638532889e+01
8.211396974225563028e+00
1.448609075383649802e+01
2.373883245929107488e+00
-1.863026808354106834e-01
-2.167360933641791121e+01
8.817646494787126699e+00
-1.796456473783308638e+00
-1.235190551123503866e+01
-1.097216183603411821e+01
8.980588731056315055e+00
-2.009339009609504956e+00
-2.058784229303893198e+01
-5.938068905897409877e+01
5.745074056078877334e+00
1.049981106168132783e+01
-2.646041871244334232e+01
-1.300691830383880188e+01
4.503332560952235042e+01
6.128304872687664329e+00
2.144777656506187213e+01
4.715025693574261823e+00
2.172137150232339309e+01
3.145592590595356342e+00
-2.118137966435853059e+01
-5.954788259024212493e+00
2.963769266272294090e+00
1.715445772276908087e+01
4.106015517504590662e+01
2.681359737292123668e+01
1.683631974363521522e+00
9.331232299166259736e+00
3.298354077753261038e+01
1.439028103697377503e+01
-3.770164422423511041e+01
-1.503651940940517306e+01
6.035399995152772590e+00
4.647366748072414566e+00
1.342283451950535778e+01
-2.820066047848601443e+01
3.877241598676512524e+00
2.358889528155647497e+01
2.605241732634079455e+01
-2.343228505753918967e+01
2.912372749349856349e-02
-1.199599144925628025e+00
-9.243642618232684072e+00
-1.548240684413703860e+01
-8.445211108166517988e+00
-4.810799530360199583e+00
5.530088071957237617e+00
2.305301523987696299e+01
-1.684239092115228686e+01
4.406978601463652012e+01
1.787115659017706548e+01
1.461938210621150347e+01
1.925813587369563962e+01
1.475109370225670702e+01
1.982748235329977859e+01
2.980792217538930799e+01
-2.479345479394655172e+01
3.392497003806198563e+01
-6.214687173122803188e+01
1.725568891424736151e+01
-5.827032005828550609e+01
4.551944566539674497e+01
4.104068392256898790e+01
-5.137300844677866962e+00
-2.627135936711917452e+01
-2.313045770308866622e+01
-2.996702626844952988e+01
-3.449681531898366416e+01
3.087060551410689868e+01
2.290884457811881703e+01
1.304176830391853059e+01
1.539169043484429267e+01
2.440183901269162448e+01
-2.135891550825903096e+01
-9.697430756237594096e+00
3.003216625793956496e+01
-7.106383246417919963e+00
2.910194698490241194e+01
4.057733875542436408e+01
-3.150409565198579287e+00
-3.990705944015599016e+01
2.719399062759862318e+00
-1.463937141722508883e+00
-5.560523216226954446e+00
6.821531197601871099e-02
-3.553474551597560094e+01
-6.861662702056335661e+00
4.781701971124308059e+00
7.262421529129412079e+00
2.661136247962686241e+01
-2.327912111381799320e+01
3.035219802417196888e+01
-2.172517200259008519e+01
1.396305708562385917e+01
2.199668514117047380e+01
