[[-6.22792223e+00]
 [ 5.11702696e+00]
 [-3.63995836e+00]
 [ 2.38565565e+00]
 [-1.51643173e+00]
 [ 9.66091283e-01]
 [-6.37699246e-01]
 [ 4.43113759e-01]
 [-3.16627577e-01]
 [ 2.15461134e-01]
 [-1.32892253e-01]
 [ 8.53187516e-02]
 [-8.57579386e-02]
 [ 1.18022363e-01]
 [-1.52643890e-01]
 [ 1.68551456e-01]
 [-1.62912005e-01]
 [ 1.38741932e-01]
 [-9.98678686e-02]
 [ 5.10122253e-02]
 [-1.37846463e-03]
 [-4.10339758e-02]
 [ 6.85990987e-02]
 [-7.54558445e-02]
 [ 6.13628886e-02]
 [-3.61335443e-02]
 [ 1.11579158e-02]
 [ 6.50877138e-03]
 [-1.38014398e-02]
 [ 1.04331218e-02]
 [-8.69836598e-01]
 [-5.50829566e-01]]