---------------------
  #    meV     cm^-1
---------------------
  0    8.2      66.4
  1   12.9     104.3
  2   20.7     167.1
  3   23.4     189.1
  4   24.5     197.4
  5   27.7     223.1
  6   31.9     257.5
  7   33.1     267.1
  8   46.2     372.7
  9   49.3     397.2
 10   58.4     470.9
 11   63.2     509.5
 12   79.5     640.8
 13   92.8     748.6
 14  107.0     862.7
 15  110.6     892.0
 16  127.2    1026.1
 17  142.7    1150.7
 18  145.5    1173.5
 19  160.3    1292.9
 20  173.4    1398.9
 21  177.5    1431.4
 22  182.0    1468.3
 23  183.4    1479.5
 24  184.9    1491.3
 25  203.3    1639.9
 26  371.5    2996.6
 27  374.9    3024.0
 28  382.1    3082.0
 29  385.8    3112.1
 30  402.8    3248.4
 31  426.6    3441.1
 32  464.1    3742.9
---------------------
Zero-point energy: 2.639 eV
