---------------------
  #    meV     cm^-1
---------------------
  0    7.1      57.3
  1   12.0      96.6
  2   13.0     104.9
  3   14.7     118.4
  4   18.7     150.8
  5   23.5     189.6
  6   25.1     202.4
  7   36.9     297.8
  8   49.7     401.2
  9   51.9     418.7
 10   57.0     459.5
 11   58.5     471.5
 12   65.9     531.5
 13   81.2     655.0
 14   88.7     715.3
 15  101.2     816.1
 16  111.8     901.4
 17  132.4    1068.1
 18  142.6    1149.9
 19  159.9    1289.5
 20  169.8    1369.7
 21  182.2    1469.9
 22  196.4    1584.1
 23  201.0    1621.5
 24  387.1    3122.4
 25  397.7    3207.5
 26  404.4    3261.4
 27  413.9    3338.7
 28  427.9    3451.1
 29  462.7    3731.6
---------------------
Zero-point energy: 2.247 eV
