---------------------
  #    meV     cm^-1
---------------------
  0   13.1     106.0
  1   16.3     131.9
  2   18.2     146.8
  3   23.0     185.8
  4   26.1     210.3
  5   27.8     224.6
  6   31.5     253.7
  7   38.1     307.2
  8   43.0     347.2
  9   63.6     512.6
 10   76.1     613.5
 11   82.3     663.8
 12   83.2     671.2
 13   94.9     765.4
 14  106.5     859.0
 15  110.8     893.6
 16  124.2    1002.1
 17  147.5    1189.8
 18  174.2    1404.7
 19  180.3    1454.1
 20  192.9    1555.8
 21  202.5    1633.0
 22  377.9    3047.7
 23  393.9    3176.8
 24  398.5    3214.0
 25  410.3    3309.1
 26  463.3    3736.6
---------------------
Zero-point energy: 1.960 eV
