---------------------
  #    meV     cm^-1
---------------------
  0    6.7      54.2
  1   14.4     115.8
  2   18.7     150.5
  3   19.8     159.6
  4   21.3     171.5
  5   23.0     185.2
  6   24.4     196.9
  7   27.7     223.6
  8   31.7     255.6
  9   36.6     295.3
 10   36.8     296.5
 11   38.2     307.9
 12   38.6     311.7
 13   40.1     323.2
 14   40.5     326.4
 15   42.9     345.9
 16   43.1     347.7
 17   46.7     377.0
 18   46.9     378.0
 19   48.3     389.3
 20   63.5     512.0
 21   66.5     536.8
 22   80.5     649.0
 23   83.1     670.0
 24   84.2     678.8
 25  269.7    2175.1
 26  464.4    3745.3
---------------------
Zero-point energy: 0.879 eV
