---------------------
  #    meV     cm^-1
---------------------
  0   23.0     185.4
  1   24.5     197.9
  2   26.2     211.2
  3   29.4     237.1
  4   35.4     285.3
  5   38.8     313.0
  6   41.0     330.4
  7   53.4     430.4
  8   66.0     532.6
  9   69.4     559.9
 10   78.8     635.5
 11   83.3     671.7
 12   84.1     678.4
 13  132.7    1070.7
 14  146.7    1183.6
 15  149.6    1207.0
 16  179.4    1446.7
 17  373.3    3010.5
 18  385.3    3107.5
 19  463.8    3740.7
 20  470.6    3795.3
---------------------
Zero-point energy: 1.477 eV
