-3.444995609000000059e+01
-2.014263150000000113e+00
-7.093116280000000273e+00
2.390904138999999873e+01
-1.183418975999999923e+01
-9.151058920000000541e+00
-2.388287263999999865e+01
-4.996792821999999745e+01
-2.131426545000000061e+01
-2.245668420000000154e+01
-2.088489898999999994e+01
4.231779870000000443e+00
1.986672629999999939e+00
-1.056299829999999940e+00
1.707881030000000022e+00
2.633759189999999961e+01
-1.013250473999999990e+01
-7.157687540000000403e+00
1.169409236999999990e+01
-6.151157080000000121e+01
3.085207587000000018e+01
-1.324930954000000050e+01
-2.384191540000000220e+00
-5.548885330000000060e+00
-9.798211999999999477e-01
-2.102171699999999976e+00
4.769637953000000152e+01
-1.495101610999999941e+01
-3.969976869999999991e+00
-3.019229903000000093e+01
3.899941073000000102e+01
-4.306350179999999916e+00
-2.122501146999999833e+01
1.114364203999999958e+01
-2.038401900000000211e+00
1.295648382000000076e+01
-5.385635699999999915e-01
2.705151970000000183e+00
1.883893106000000017e+01
-5.427246918000000164e+01
3.023774634000000106e+01
8.077946230000000227e+00
-6.220781950000000116e+00
-1.735314879999999960e+01
6.855723440000000224e+00
-1.087184114999999984e+01
2.474063900000000160e+01
1.976225838999999951e+01
-1.273345209000000011e+01
-1.627833448999999888e+01
-1.721789040000000170e+01
-2.065761342000000056e+01
1.049564222999999963e+01
-2.689813566000000122e+01
8.234027129999999417e+00
3.438358084000000048e+01
3.965074549999999931e+01
1.845992551999999876e+01
8.226354960000000105e+00
1.722499786999999927e+01
5.057213159999999874e+01
8.541850860000000267e+00
-2.964893161000000177e+01
-5.987266759999999799e+00
-1.399028823000000088e+01
3.305302971999999784e+01
-3.910641762000000199e+01
-3.413726133000000118e+01
-1.738616800999999867e+01
-9.732703839999999218e+00
-2.224618222000000145e+01
1.560420507999999984e+01
5.168471679999999679e+00
7.777963680000000046e+00
-2.153506594999999990e+01
-1.884218029000000172e+01
-3.252496993999999830e+01
1.791344464999999886e+01
-1.865165045999999904e+01
1.684171029999999902e+01
-5.380847959999999652e+00
-1.479789987999999923e+01
-2.848598919000000151e+01
-8.479252419999999901e+00
-6.084407360000000153e+00
-6.815260310000000210e+00
2.221848303000000158e+01
4.166337012000000328e+01
-2.447607367999999894e+01
-4.267917219999999645e+01
-1.071373458000000056e+01
5.910178596000000084e+01
-3.226371248000000236e+01
1.782631005000000002e+01
-6.478298190000000290e+00
-3.315983626999999956e+01
1.369584867000000017e+01
1.942094950999999980e+01
-9.635057619999999545e+00
1.826335448000000028e+01
-1.336895982000000060e+01
-3.108908196000000146e+01
5.222799477000000223e+01
2.490467887999999874e+01
1.407604210000000045e+01
7.836918439999999819e+00
1.489304343000000053e+01
4.493659561999999852e+01
-1.465396025999999985e+01
3.330771289999999940e+00
-7.526941003000000308e+01
8.720955549999999334e+00
-3.688213363999999928e+01
7.724721259999999923e+00
1.213374523000000060e+01
-1.987171886000000143e+01
-2.817937214999999895e+01
1.231389180000000083e+00
-1.679024843999999916e+01
2.125242095999999847e+01
-2.765554593999999966e+01
-3.079929509999999926e+00
-2.002324368000000021e+01
-1.941687759999999985e+00
1.106604619999999928e+00
1.240990998999999917e+01
4.488820600000000272e-01
-2.858858750000000004e+00
3.542926081000000238e+01
5.017238087999999863e+01
2.710644424999999913e+01
3.915206665000000186e+01
-6.425581809999999727e+00
5.551373660000000321e+00
2.925354159999999837e+01
-5.045793899999999610e-01
-4.189447564999999685e+01
-2.245830845000000053e+01
-2.794144285999999866e+01
-1.526580743000000062e+01
1.580707338999999934e+01
-6.550231693000000632e+01
-9.245275919999999203e+00
2.444585694999999959e+01
-2.065682280000000048e+01
-1.723037403000000012e+01
3.289518989999999832e+01
2.454114311000000015e+01
-1.825459723000000167e+01
1.535146336000000034e+01
-1.400921141000000070e+01
1.882907433999999824e+01
1.828882850000000060e+00
7.301451639999999799e+00
-4.704383767000000205e+01
-2.609291732000000152e+01
-4.756407270000000409e+00
-9.032406800000000180e-01
-2.250968433999999974e+01
6.001991651000000161e+01
-9.624477510000000180e+00
-1.781459595000000107e+01
1.962576317999999986e+01
-2.534061910999999867e+01
-2.020761925000000048e+01
1.805683490999999918e+01
7.081347110000000278e+00
8.467394249999999900e+00
8.694954550000000282e+00
-6.107973920000000057e+00
8.802590500000000873e+00
3.216044955000000272e+01
-1.459951520999999985e+01
1.059900380000000020e+01
5.020228605999999871e+01
1.805847935999999976e+01
-4.159586019999999884e+00
-1.131808700999999928e+01
8.590900492000000099e+01
-1.178404938000000080e+01
2.069946150000000173e+01
1.428510885999999935e+01
1.625020128999999969e+01
4.879163437999999786e+01
2.646281206000000097e+01
-1.482358709999999968e+00
1.339008287999999958e+01
2.711897189000000097e+01
1.985606392000000042e+01
-3.209545134999999760e+01
5.202087568000000317e+01
-4.627375973000000187e+01
-6.790454709999999672e+00
3.038427245000000099e+01
8.280361470000000779e+00
4.183120259999999924e+00
1.561317391000000043e+01
1.237119747000000025e+01
1.898198346999999941e+01
-3.454249727999999919e+01
2.210347270000000197e+00
-1.467429053999999944e+01
-3.699937789999999893e+00
-2.483219629999999789e+00
-5.929357730000000437e+00
-3.171644849999999849e+00
4.619695999999999714e+01
-4.676871130000000321e+00
-1.432771190000000061e+01
-1.418790790000000079e+00
7.183040990000000292e+00
-3.289614322999999985e+01
-2.824155491000000140e+01
-2.001553806000000080e+01
-3.412095662000000118e+01
-8.843473019999999352e+00
-2.303548491000000098e+01
1.003651465999999992e+01
7.145997800000000177e-01
-6.883740869999999568e+00
-4.547662110000000091e+00
3.165106380000000108e+00
-8.071833850000000865e+00
3.757306521000000288e+01
-4.769273599999999647e+01
-8.367459249999999571e+00
-7.448262180000000399e+00
8.788184299999999283e+00
1.246406797000000033e+01
-2.594067774999999898e+01
-8.392025020000000168e+00
2.367512014000000065e+01
-1.107472835000000089e+01
8.776712420000000847e+00
1.878079560000000114e+01
-1.623427689999999979e+00
6.145872128999999973e+01
-7.707411060000000091e+00
-1.743724028999999831e+01
1.758530039999999905e+00
-1.353770575000000065e+01
3.010184734999999989e+01
-2.334923168999999987e+01
6.706751820000000031e+00
3.124830701000000133e+01
-6.950703400000000087e+00
6.515800425000000473e+01
7.051247177000000477e+01
-3.655257222000000183e+01
3.248125693000000069e+01
1.198925717999999918e+01
-3.066454080000000104e+01
9.137129429999999886e+00
2.313626177000000084e+01
2.364819698999999886e+01
1.269339240000000091e+00
9.363445649999999176e+00
4.096918516000000210e+01
-1.294124852999999931e+01
7.872335119999999797e+00
3.949935510000000249e+01
-2.035454967000000082e+01
-1.096484517000000025e+01
3.080949229999999872e+01
1.580637308000000019e+01
4.165665564999999759e+01
1.659613715000000056e+01
5.968364760000000047e+00
1.466888216000000078e+01
2.227190523999999883e+01
-2.949156814999999909e+01
3.767086869999999976e+00
1.362490245999999949e+01
6.405138560000000147e+00
1.302467524000000054e+01
-3.367376320000000334e+01
1.761222795000000119e+01
-2.351543045000000021e+01
-1.832193442000000161e+01
1.176224986000000072e+01
-6.411881339999999874e+00
3.184713976999999829e+01
-9.175751039999999747e+00
1.654771660999999838e+01
1.783473631000000026e+01
4.273887524999999954e+01
2.999331606000000150e+01
2.680969294999999875e+01
-1.796592380000000100e+00
-4.621976369999999612e+00
-1.756339277000000010e+01
4.392769833999999918e+01
4.369111946000000302e+01
2.147399367999999953e+01
-1.382613809999999965e+01
2.736830398000000031e+01
-2.810900670000000101e+00
9.788757809999999893e+00
3.633572070999999681e+01
-6.490827500000000416e-01
-4.355105820000000350e+00
-1.108806094000000009e+01
-3.217300510999999830e+01
5.254077025000000134e+01
2.782697626999999940e+01
-3.285068689999999947e+01
-9.049855490000000557e+00
1.446697426999999969e+01
-5.462016300000000157e+00
3.490328062999999759e+01
6.904312349999999654e+00
4.398832778999999960e+01
1.909594618999999938e+01
-1.249793589000000082e+01
1.102500838999999999e+01
-3.438976779999999955e+00
-1.511029974999999936e+01
8.650769419999999599e+00
8.256808089999999822e+00
5.167716500000000224e+01
4.341692066000000239e+01
3.053496568999999994e+01
3.672034467000000291e+01
4.777925240000000073e+00
-1.427781395999999958e+01
7.896457709999999963e+00
-1.838391349000000119e+01
-2.954961138000000176e+01
-3.063005546999999851e+01
-1.717525459999999882e+01
-5.991442739000000017e+01
-1.923250254999999953e+01
-4.772817677999999830e+01
1.294546096000000013e+01
-2.550765533999999946e+01
2.565704407000000131e+01
-5.455114159000000029e+01
-1.644155197999999984e+01
2.359902255000000082e+01
1.155081760000000024e+01
-4.895368514999999832e+01
3.119828970000000012e+01
-1.424440006000000025e+01
2.964795198999999926e+01
-1.275161274999999961e+01
-4.319035782000000268e+01
7.887019350000000095e+00
-3.586746089999999754e+01
-4.100750370000000089e+00
-1.661736309999999994e+00
2.250580311999999950e+01
6.949075788999999759e+01
-2.378296034999999975e+01
-1.926671242000000106e+01
-2.318417929999999849e+00
-6.267922180000000232e+00
-4.451948396000000230e+01
-3.070341288999999918e+01
2.636000366000000028e+01
-1.170386811999999921e+01
1.119141001999999929e+01
-2.706530365000000060e+01
-9.063546889999999578e+00
-2.286200523000000118e+01
2.845066818000000097e+01
5.239988099999999704e+00
-1.230766969999999993e+01
-9.383576090000000036e+00
6.549834259999999908e+00
-4.478495030000000376e+00
2.374344632000000033e+01
-1.420157176000000021e+01
5.500995670000000004e+00
1.956564629000000011e+01
7.562052709999999678e+00
-1.172482465000000040e+01
8.479565630999999826e+01
3.242617878000000076e+01
2.345456490000000116e+00
5.656352459999999915e+00
-3.451981285000000099e+01
1.855017202000000154e+01
-4.215759066999999760e+01
-1.604007219000000006e+01
-3.035284109999999913e+01
-1.092964145999999914e+01
3.133700977999999893e+01
-3.125289331000000104e+01
1.320525727999999965e+01
-2.126379169999999874e+00
1.150463900000000095e+00
-1.977543469000000087e+01
-2.447653731000000121e+01
-3.122629620000000106e+00
-1.969133871000000013e+01
-1.089594027999999959e+01
-2.279914726999999885e+01
-5.113265929999999848e+00
-1.915388035999999872e+01
-2.767579832999999923e+01
1.148235211999999983e+01
-7.905175459999999710e+00
1.351593674999999983e+01
4.671249290000000443e+00
-4.200036584000000062e+01
-2.893911487000000093e+01
-2.518967972000000088e+01
1.784117305999999914e+01
-1.360225779999999940e+00
-3.417327871999999900e+01
3.250191983999999934e+01
-2.158865944000000070e+01
3.153523111000000156e+01
-1.745219227000000117e+01
-2.663744025000000093e+01
1.306471256000000025e+01
-3.747218816000000174e+01
-1.897756087999999863e+01
3.416933685000000054e+01
1.041346436000000075e+01
-2.424162957000000063e+01
2.993023323999999974e+01
-9.993825129999999390e+00
-2.096580480000000080e+01
-1.676236427999999989e+01
-2.764683823000000018e+01
1.529948551999999928e+01
-4.961776480000000333e+01
-4.369441999000000010e+01
-5.605558639999999926e+00
-1.662410153000000079e+01
-3.261441331000000332e+01
4.056755842999999828e+01
7.405368712000000642e+01
-1.516171626999999944e+01
-2.008885740000000197e+00
-3.341912014999999769e+01
3.620582203000000021e+01
1.123531509000000028e+01
-1.320452814000000075e+01
-2.011110262000000048e+01
8.139935610000000210e+00
-3.202053927000000044e+01
-9.753838690000000256e+00
-4.796713539000000281e+01
2.010675468000000166e+01
6.075305290000000191e+00
-9.634115800000000451e-01
-5.743482160000000114e+00
-2.208630957000000095e+01
-6.069800479999999610e+00
7.241556850000000622e+01
-1.014269992000000009e+01
-2.652828441000000126e+01
-3.859104581999999795e+01
7.697900579999999771e+00
-2.072035638999999918e+01
6.008160039999999924e+00
1.673720510000000061e+01
4.234352580000000366e+00
1.726755554000000004e+01
8.340070459999999741e+00
3.235615571999999673e+01
1.453562276999999980e+01
-1.933814411999999905e+01
2.650157989999999941e+01
1.928147119999999859e+01
6.824982979999999699e+00
2.341119000000000128e+01
-1.570188508999999932e+01
4.075101686000000001e+01
1.302621085000000001e+01
-1.751405486999999894e+01
-3.235621109999999856e+00
-9.975205289999999891e+00
1.130337334000000027e+01
-1.285640966000000063e+01
-4.373666219999999605e+00
-7.054665929999999641e+00
4.474397240999999781e+01
3.050196044000000128e+01
-3.583469767999999789e+01
-4.488775060000000039e+00
-2.915286559999999838e+01
-8.028495749999999376e+00
-1.302898288999999998e+01
4.734812930000000364e+00
-5.492922500000000374e-01
-1.587490065999999977e+01
9.393196870000000587e+00
-4.554336460000000031e+00
-5.158339129999999884e+00
4.761498209999999887e+01
7.968708160000000262e+00
-4.561436631000000119e+01
-2.193131596999999999e+01
5.294788427000000297e+01
1.505387900999999928e+01
-5.265857689999999813e+00
5.898735509000000121e+01
-8.897193859999999788e+00
-5.058709040000000101e+00
-4.473094780000000270e+00
8.531327949999999660e+00
1.723248385000000127e+01
2.424790300000000176e+00
1.600653119000000046e+01
-7.072791099999999886e+00
-1.943588765999999879e+01
-2.302162446000000173e+01
-2.646270317999999833e+01
2.276252049000000000e+01
7.150799020000000006e+00
2.105691441000000097e+01
7.689750380000000440e+00
4.930091048999999970e+01
1.032150490000000076e+01
-4.456883590999999711e+01
-1.893961850000000169e+01
3.374451679999999953e+00
-1.608791236000000069e+01
3.489510894000000008e+01
-7.642166160000000374e+00
9.278966909999999402e+00
2.912326819000000100e+01
-4.123152409000000063e+01
8.260167966000000206e+01
1.145485007999999993e+01
1.318926794000000058e+01
1.996742388999999918e+01
4.089473520000000306e+00
-2.382995900000000056e-01
1.935580583999999860e+01
-2.045137538999999904e+01
4.583740200999999814e+01
4.052938907000000057e+01
-2.301424744999999916e+01
8.837706020000000606e+00
3.862376201000000009e+01
-1.136028287999999975e+01
9.667317020000000483e+00
2.081047304999999881e+01
2.238130019000000104e+01
-4.214875542000000053e+01
-5.672404359999999812e+00
-1.690918659000000090e+01
-1.672119380000000044e+00
-4.372811669999999928e+00
9.547679700000000214e-01
-6.881235570000000301e+00
-1.752653364000000025e+01
7.280852780000000024e+00
3.793446690000000121e+00
2.927904022999999967e+01
-2.417513342999999892e+01
2.408527009999999891e+01
2.607623414000000039e+01
-6.872381609999999696e+00
4.496635309999999919e+01
-3.759062321999999767e+01
-5.692366224999999957e+01
-4.790461239999999954e+00
-4.371649279999999749e+00
-6.771749999999999714e-01
4.415029877999999997e+01
-2.685833549999999903e+00
2.363609449000000140e+01
2.964826375999999897e+01
2.063803731999999869e+01
-6.385518720000000314e+00
3.290381454999999988e+01
-8.772971160000000879e+00
-1.954950055000000120e+01
-2.256888401999999871e+01
5.973710379999999986e+00
1.948467452999999949e+01
-7.418673999999999547e-01
1.921452541000000025e+01
2.851327100000000114e-01
3.344794373999999948e+01
9.537061169999999422e+00
4.993441279999999871e+00
-2.087102370000000207e+00
1.776350533999999826e+01
2.072020386000000158e+01
9.490380039999999795e+00
-9.834510300000000038e-01
-3.034947408000000024e+01
1.605798739000000097e+01
1.049170759999999980e+01
1.958009498999999920e+01
1.551801303999999959e+01
1.995417568999999958e+01
-4.785643310000000206e+00
1.718408634000000035e+01
-1.483083526000000063e+01
-3.707714899999999814e-01
-2.988805299999999932e+01
-1.695423750999999868e+01
2.217452962000000127e+01
-4.967852029000000158e+01
1.461475158000000008e+01
8.751955840000000819e+00
4.578984944999999840e+01
-1.042708827000000049e+01
1.837968726000000075e+01
-5.505599020000000010e+00
-2.671385845000000003e+01
-3.746961953000000278e+01
-6.453369069999999930e+00
-4.872702077000000287e+01
6.479629550000000293e+00
-1.094177232999999916e+01
1.701260511999999991e+01
1.301675947000000022e+01
-1.573612752000000015e+01
-1.610537773000000072e+01
2.256549481000000057e+01
-3.392301743000000158e+01
-6.728445660000000217e+00
-1.042821992999999914e+01
1.508562977999999966e+01
5.208583900000000044e-01
1.490903929999999988e+00
-1.040089691000000016e+01
3.021174883999999849e+01
-3.057448802000000043e+01
3.721523239999999788e+00
3.317867832999999678e+01
-2.027352090000000118e+01
1.709063510000000008e+00
-1.482744300000000126e-01
-3.585203908999999811e+01
-2.204249907000000164e+01
-2.733562749999999930e+00
1.556962180999999923e+01
1.821279729999999830e+01
3.362884939999999823e+00
-5.333640670000000306e+00
9.802589770000000868e+00
-2.343493498000000130e+01
-1.087636049999999965e+00
-2.859031815000000165e+01
-1.540032908000000056e+01
2.677739487999999923e+01
-1.572890654000000055e+01
3.738959941000000242e+01
-1.324625836000000056e+01
1.802859765999999908e+01
1.391524728000000088e+01
-3.493311834000000005e+01
-1.382872019999999935e+01
4.847876809999999814e+00
-2.304067268000000013e+01
-2.075429451999999841e+01
-4.816722330999999713e+01
-2.976953639999999979e+01
-2.812043205999999884e+01
-2.420192709999999892e+01
4.413192100000000173e-01
1.003448417000000070e+01
3.762320530000000218e+00
1.342491004000000032e+01
-3.128327506999999841e+01
8.397478409999999727e+00
1.487179358999999934e+01
-3.709919882999999885e+01
-3.426640105999999975e+01
-2.327964048000000119e+01
-1.497598990000000008e+01
8.930501749999999461e+00
-7.245233300000000209e-01
-2.319519827999999961e+01
1.649076742999999823e+01
-1.316645188000000033e+01
2.766342441999999835e+01
-4.902452949999999987e+01
3.486079303999999723e+01
-4.986363339999999589e+00
-2.206322639000000052e+01
-1.379203844999999973e+01
1.036095760000000032e+00
2.463334065000000095e+01
-4.058648215000000192e+01
-6.516920029999999642e+00
-1.114538963999999943e+01
2.462929550000000134e+01
4.602838898000000256e+01
-5.472285427999999996e+01
5.119080661000000276e+01
2.287947812999999897e+01
-4.108673663999999803e+01
-1.757820352999999969e+01
4.362114746000000309e+01
3.272278816000000035e+01
-1.144219338999999991e+01
-3.218787820000000188e+00
7.884046350000000203e+00
4.108008422000000337e+01
-3.123264105000000157e+01
6.971270500000000148e+00
-4.599846880000000304e+00
1.501591920999999985e+01
-3.994966249000000147e+01
-1.825252899999999956e+00
-1.672797892999999902e+01
2.628776739999999990e+01
2.317986477999999906e+01
-4.806133404999999925e+01
-2.627888725000000036e+01
-1.188738859999999953e+01
-2.343933227999999858e+01
-6.407120629999999650e+00
-1.117831752000000023e+01
2.475479920000000078e+01
2.312080295000000163e+01
-1.153298029999999974e+00
-2.528446385000000163e+01
-4.683104829999999907e+01
2.619841010000000026e+01
-2.702587978000000035e+01
-2.002653047000000086e+01
3.263627780000000200e+00
-1.976930919999999858e+01
-2.151172374000000076e+01
-1.574557895999999957e+01
-2.633367867999999845e+01
-1.426659865000000060e+01
-2.858145341999999900e+01
3.076392657999999969e+01
3.376979526000000220e+01
-3.649804459999999917e+00
-1.206242179999999919e+01
-2.457350899999999894e-01
2.500504300000000057e+01
-4.727271059000000264e+01
-1.090547860000000036e+01
2.708679344999999827e+01
3.902509242000000000e+01
-9.236587699999999401e+00
5.417875139999999590e+00
3.019345377999999869e+01
9.130778929999999960e+00
-5.578863200000000466e-01
-2.447806141999999952e+01
1.110712597999999929e+01
-1.906691307999999907e+01
-5.738993070000000252e+00
-1.071035868000000058e+01
-9.049787430000000299e+00
1.249618081999999930e+01
4.352624422000000237e+01
-1.299792650000000105e+00
1.889024779999999959e+00
-5.009098181000000238e+01
-1.039267940000000046e+01
-1.978710166999999842e+01
-1.114038499999999987e-01
-2.588342764000000074e+01
4.696263625999999647e+01
4.465455989000000159e+01
7.706492199999999571e+00
-1.086904039000000033e+01
9.170633849999999754e+00
1.133253090999999912e+01
-2.627557969000000071e+01
-4.652692580000000078e+00
1.043653231000000048e+01
7.320952290000000140e+00
3.032847811999999976e+01
2.223692042000000058e+01
-1.164239521999999916e+01
1.430978303999999923e+01
-5.456214526000000120e+01
-6.486417799999999456e-01
4.802442518000000149e+01
6.560495409999999694e+00
-1.147320670000000042e+00
1.681892092000000005e+01
-1.579065139999999978e+01
4.947887928000000102e+01
-9.157745399999999592e+00
4.428604444999999856e+01
2.158866528000000073e+01
-2.229409719999999950e+01
1.782412676999999945e+01
-1.687090156000000007e+01
-3.982148851000000178e+01
-3.553015189999999990e+00
-3.066188238999999882e+01
-2.895097093000000044e+01
-2.731519870000000072e+00
1.989070832999999894e+01
-5.366329369999999876e+00
-1.724635960999999895e+01
4.945677970000000201e+00
-3.815116880000000066e+01
-3.883766259999999804e+00
-4.572871645000000029e+01
2.686371508999999946e+01
-6.431058100000000000e-01
-2.750352841000000126e+01
-9.104988790000000165e+00
1.020199857000000065e+01
-1.949819693999999970e+01
-2.516032729999999873e+01
5.199255122999999656e+01
-1.333258108999999969e+01
-2.219410743999999980e+01
1.505845945000000086e+01
-9.741811430000000271e+00
3.017103673000000086e+01
-2.520688020000000140e+00
3.866325569999999878e+00
5.963209510000000080e+01
-6.854906780000000310e+00
-2.021818756000000050e+01
-2.371079697000000053e+01
-2.806822288000000043e+01
-1.888157285000000130e+01
1.493185489000000032e+01
1.497963052000000062e+01
1.227106831000000042e+01
4.057665211999999855e+01
1.843814899999999923e+00
1.153868590000000083e+01
-3.507914292000000245e+01
1.478359619999999985e+00
-1.024818512000000048e+01
-1.472519166000000013e+01
-1.904759869999999911e+00
1.858592660000000052e+01
2.109461440000000110e+01
-3.697190000000000198e-01
6.771546009999999782e+00
1.521437182000000021e+01
1.926118273999999886e+01
-1.354191141999999992e+01
-7.003808789999999895e+00
3.813796700000000039e-01
-1.275535001000000079e+01
-2.773355070000000033e+00
-1.981770773999999946e+01
4.386416829000000206e+01
3.554398965000000032e+01
-9.018829719999999384e+00
8.845689090000000476e+00
-2.557436790000000126e+00
-1.656907285000000130e+01
1.970189773999999971e+01
-5.292669599999999974e+00
2.210706820000000050e+01
-2.895120162999999991e+01
9.945928130000000422e+00
-5.507796449999999844e+00
-2.980491274999999973e+01
-1.353343412000000079e+01
1.479635816999999953e+01
-5.046943923999999981e+01
2.378536852999999951e+01
2.577538187000000036e+01
-5.525683459999999769e+00
-3.318242099999999972e+00
-1.776639290000000093e+00
1.380539459000000058e+01
-1.808926840999999897e+01
1.997512190000000132e+01
1.685107445999999953e+01
-5.439324835000000036e+01
-1.958992797000000152e+01
1.315274364999999968e+01
-4.685451450000000406e+00
2.400933016000000109e+01
-3.525211446000000137e+01
-2.997725200000000090e+00
-2.317176618999999960e+01
-7.116097331000000281e+01
4.256298756000000338e+01
-3.226458037999999817e+01
-3.385683311999999745e+01
4.934487950000000289e+00
7.173943710000000351e+01
6.481378800000000551e-01
-1.554937177999999953e+01
-1.737620680000000029e+00
-3.040495860000000050e+00
-4.739534465999999924e+01
-3.388533345999999824e+01
4.534045042999999708e+01
-5.671709080000000291e+00
-2.086243354999999866e+01
2.730859195000000028e+01
-1.985742588000000097e+01
2.039927085000000062e+01
2.948251707000000010e+01
-3.159260572000000167e+01
-1.551201121999999977e+01
-1.922442198999999974e+01
-9.938668350000000373e+00
-9.728553919999999522e+00
-5.756776809999999855e+00
7.923977930000000391e+00
-1.888880853999999943e+01
1.569611279000000081e+01
3.204508709000000266e+01
-4.980617180000000310e+00
-1.128427102999999931e+01
8.081666119999999509e+00
3.099417711999999980e+01
2.887141194999999882e+01
5.430302799999999763e+00
-3.066065089999999937e+00
-4.812467250000000085e+00
-2.808176866999999888e+01
2.127807516000000021e+01
-1.233524101999999978e+01
1.099090806999999970e+01
-7.752299169999999684e+00
1.495905100999999959e+01
1.011184463999999927e+01
-4.453865036999999916e+01
-1.475045088000000071e+01
-4.348443005000000028e+01
-1.973010003999999995e+01
2.913522860000000048e+00
-9.516069429999999940e+00
1.808053566999999973e+01
-1.661871109000000146e+01
2.053615230000000125e+00
5.938102830000000054e+00
3.914226822999999911e+01
1.983504669999999948e+01
-1.672631111999999831e+01
-6.839885799999999572e-01
6.701692539999999809e+00
2.121715496999999928e+01
1.813488400000000111e-01
3.020886039000000167e+01
1.241609552999999977e+01
5.011822789000000000e+01
1.050454650000000045e+00
3.622683536000000259e+01
-1.496400981000000030e+01
-2.084528332000000006e+01
2.434509690000000059e+00
5.156307270000000109e+00
1.482191300000000034e+01
-7.827464850000000141e+00
-7.561132009999999681e+00
1.435279519999999920e+01
-2.678930700000000087e+01
-3.050087462999999843e+01
4.383990235000000268e+01
-3.309841490000000164e+00
-2.160811070000000100e+01
-2.229630949999999778e+00
-7.473594320000000124e+00
2.353151898000000131e+01
1.829833602000000070e+01
-1.117340671999999913e+01
4.656557900000000139e-01
-1.461320264000000080e+01
-1.951683931000000172e+01
-1.477287427000000086e+01
-5.346509044999999816e+01
3.795172000000000129e-02
-3.558820381000000310e+01
-3.080250758000000033e+01
-2.060911314000000161e+01
1.060289981000000026e+01
-2.016284304999999932e+01
1.277336979999999933e+01
-3.387598526000000021e+01
5.802832100000000493e-01
-2.289793318999999983e+01
4.756140430000000308e+00
6.211801480000000097e+00
1.844284309000000022e+01
-1.160924619000000035e+01
-8.798889170000000703e+00
1.634874955000000085e+01
3.274953756000000027e+01
1.815399934999999942e+01
4.617769739999999956e+00
-3.966822909999999780e+01
-9.423308229999999952e+00
-1.749721700999999996e+01
-3.339619730999999803e+01
2.236967084999999855e+01
-2.007955546000000169e+01
-1.810810580000000058e+00
-1.550151885999999912e+01
-5.513159342000000152e+01
2.857693805999999981e+01
-9.728814169999999706e+00
2.241548643000000141e+01
-3.947092560000000105e+01
3.727360211999999962e+01
2.029423360000000010e+00
-1.590243071999999991e+01
4.795209039999999590e+00
-1.152545390999999952e+01
-3.622185223999999693e+01
7.978837409999999686e+00
1.971646494000000160e+01
9.658530300000000013e-01
-2.002058269000000124e+01
-9.050527179999999561e+00
9.684531440000000657e+00
1.765777707999999890e+01
3.483643606999999776e+01
1.310311154999999950e+01
-1.284162835000000058e+01
5.278644357000000298e+01
1.325036112999999993e+01
2.346707385999999929e+01
-1.011613997999999981e+01
1.545555200000000085e+01
1.084364869999999925e+01
-3.427366888000000245e+01
-1.141307394999999936e+01
-2.261583028000000084e+01
-2.041912195999999824e+01
-6.681771969999999783e+00
-7.674891820000000031e+00
-2.333485333000000139e+01
-6.125008176000000049e+01
-1.596349215000000044e+01
6.895193459999999774e+00
5.028407460000000384e+00
7.681254670000000395e+00
2.565488394999999855e+01
7.742319359999999762e+00
1.796636872999999923e+01
-2.299039966000000135e+01
2.529106094999999854e+01
-2.512787967999999950e+01
-3.978651297999999770e+01
1.214105001000000073e+01
-2.387894511000000008e+01
-2.169539916000000090e+01
-8.765549905999999680e+01
-6.393879720000000155e+00
4.510055933999999667e+01
2.343472209000000106e+01
-5.678283979999999787e+00
-7.637301179999999690e+00
2.089244019999999935e+01
3.677564201999999938e+01
-2.300878441000000052e+01
-5.939413550000000264e+00
-1.882499917000000167e+01
-1.943464432000000031e+01
-1.696955335000000176e+01
6.990493250000000103e+00
3.913088325999999739e+01
-3.603672026000000272e+01
-3.100338471999999967e+01
1.814195479999999971e+00
-5.901931109999999592e+00
-7.341927250000000349e+00
-4.988345260999999908e+01
3.479518285000000333e+01
1.327044717999999968e+01
5.211221120000000262e+00
2.676476551000000015e+01
-1.814312456000000040e+01
1.710675567999999913e+01
1.536280177999999985e+01
1.988167500000000087e+00
-3.358269379999999860e+00
4.873838300000000068e+00
-8.728694340000000551e+00
2.807660392000000016e+01
-2.214747642000000027e+01
2.382558987999999900e+01
5.318144590000000171e+00
7.987942669999999801e+00
1.260022430999999976e+01
-4.810533637000000340e+01
4.684735560000000021e+00
-3.704682505000000248e+01
-2.708128758000000147e+01
-2.708896795000000068e+01
-2.762351037999999903e+01
2.912487799999999849e-01
9.276013629999999566e+00
2.755619246999999916e+01
4.778887459999999976e+00
7.950077669999999763e+00
-3.883787455000000222e+01
-1.410391238999999963e+01
1.880393073000000115e+01
-1.131823519999999972e+00
-2.459478999999999832e-02
-4.881925080000000250e+00
1.938282371000000026e+01
-5.047487857000000133e+01
6.227161129999999822e+00
1.120795949000000036e+01
2.390442518000000049e+01
2.044248385999999940e+01
-3.129682870999999977e+01
6.211954180000000214e+00
3.225615770000000104e+00
2.596780620000000095e+00
3.301062219999999936e+00
-1.040016989000000081e+01
-1.949982299999999924e+01
1.045995105000000081e+01
3.326025594000000041e+01
-2.759516109999999856e+00
6.372851879999999802e+00
9.397229369999999804e+00
-1.416877756000000055e+01
-1.502883173999999933e+01
-6.596592438999999786e+01
-2.037354236999999912e+01
-3.017235331999999914e+01
-3.687126360000000158e+00
-3.731410327999999765e+01
4.150633433000000139e+01
-1.730558355000000148e+01
-2.965824539999999843e+01
-8.551921282000000701e+01
3.670936627999999757e+01
7.370435060000000149e+00
3.390781319999999877e+00
-3.463896395999999811e+01
4.866939219999999899e+00
-1.104028401000000059e+01
-1.811628877000000060e+01
6.490804350000000333e+00
1.865833113000000054e+01
4.035329560000000093e+00
-1.174061105000000005e+01
-1.359134899999999979e-01
1.516639920000000030e+00
8.712567740000000782e+00
-3.509022309000000206e+01
3.988733081000000169e+01
-2.370387361999999953e+01
-1.654437386000000032e+01
-2.704881647999999927e+01
-5.746631674000000345e+01
4.970838380000000001e+00
-2.894392476000000158e+01
-1.051861773000000078e+01
1.803206240000000093e+01
-1.428396698000000065e+01
-1.899338509999999980e+00
-6.494256159999999944e+00
-1.108326611000000028e+01
1.766133610000000020e+00
2.997842199000000107e+01
-2.776866409999999874e+01
5.495987042000000145e+01
-1.249339254000000032e+01
1.846234343000000067e+01
-7.591928799999999811e+00
6.289261090000000110e+00
-6.029252190000000233e+00
2.421883585999999866e+01
3.385508010000000212e+01
1.056703891000000084e+01
2.540225656999999870e+01
-1.966279373000000064e+01
-3.669121909999999875e+00
-1.231302211000000035e+01
3.793268398000000019e+01
3.182771844999999900e+01
2.406452008999999848e+01
-8.451155330000000632e+00
-1.535854005000000022e+01
1.374156162000000059e+01
-1.553571218999999992e+01
-6.864294769999999879e+00
-3.179240370000000038e+00
-1.629018715999999856e+01
2.742479602999999955e+01
-4.553333839999999633e+00
2.096275581000000088e+01
1.082460299999999975e+01
9.538749170000000888e+00
-1.827008774999999829e+01
1.462245030000000057e+01
-1.012537286000000059e+01
-6.518443519999999936e+00
-1.722239190000000031e+00
-2.655931688000000079e+01
4.118209794999999929e+01
-1.468829554999999942e+01
-1.771404039999999958e+00
1.228932711000000033e+01
1.062303874999999920e+01
4.092953450000000259e+01
-9.460370140000000205e+00
4.160526721000000094e+01
3.730537228000000027e+01
-5.169620765999999890e+01
2.803604200000000102e+00
-1.026473930000000045e+01
8.664023119999999523e+00
3.290297999999999945e+00
1.096480004000000008e+01
3.440819103999999840e+01
5.391159437999999682e+01
-4.145131878000000114e+01
4.176148263000000327e+01
-5.405540673000000140e+01
-4.483750882999999732e+01
-7.967505809999999578e+00
2.549070000000000155e-02
4.018191677000000084e+01
1.976033523999999986e+01
-6.649776229999999622e+00
-4.923800339000000292e+01
3.896330667000000147e+01
-2.302786366000000129e+01
9.689867100000000288e-01
-3.948999160000000064e+00
6.947652017000000058e+01
-1.397106184999999989e+01
-5.894625761999999725e+01
1.726971805999999887e+01
-8.978991240999999945e+01
6.342024340000000038e+00
-2.013291835000000063e+01
-1.016810991000000008e+01
-1.498026759000000041e+01
-3.227519282000000089e+01
2.113383947999999890e+01
-2.099051589999999834e+01
-6.483512000000000164e+00
-4.354107427000000285e+01
-2.407381210000000049e+00
-2.886448766999999904e+01
-4.120488281000000086e+01
-6.270000892000000192e+01
5.062089730000000287e+00
-1.965944847000000095e+01
3.464750730000000001e+00
-7.792207200000000000e+00
-4.485714491000000237e+01
-3.588506611999999762e+01
-3.010688256999999979e+01
-3.130707827999999893e+01
2.941156708000000108e+01
2.797974749999999844e+00
-2.751726698999999954e+01
-1.200348424999999963e+01
-1.356235698999999961e+01
2.222417585999999901e+01
-1.714157107999999852e+01
-4.224456270000000124e+00
-1.550360560999999926e+01
-1.971837633999999895e+01
-2.234636838999999853e+01
2.038304988000000151e+01
-8.608592299999999753e+00
-5.114000375999999903e+01
4.256206820999999962e+01
2.430274397000000164e+01
1.466941969999999928e+00
-4.314088780000000156e+01
-4.133949493000000075e+01
3.769929659999999849e+00
3.872638600000000153e-01
-1.743492905000000093e+01
-2.526770850000000124e+01
1.731576051000000049e+01
-3.044973099999999988e+00
1.451705510999999937e+01
2.709043643000000046e+01
1.753239586999999844e+01
1.763658021999999903e+01
1.319953038999999961e+01
-1.152210703000000080e+01
-8.231044849999999968e+00
-1.201293352999999975e+01
-2.028745170999999914e+01
-2.361237914000000160e+01
-3.518268332000000242e+01
-2.057559708000000143e+01
-5.657160840000000412e+00
-4.247383133999999671e+01
-7.888390000000000235e+00
2.018260622000000026e+01
-4.361299429999999688e+01
1.645767445999999978e+01
1.485149273000000036e+01
-3.977414969000000156e+01
-3.135034691999999978e+01
-9.495543509999999188e+00
9.716170050000000558e+00
-2.178174226000000147e+01
3.997336940000000283e+01
3.547615188999999702e+01
-4.274688291999999734e+01
2.472216461000000010e+01
1.924807395999999926e+01
4.839882560000000389e+00
1.200462178000000080e+01
-2.367690561999999943e+01
-7.203124289999999874e+00
4.585200799999999965e+00
1.064730804000000042e+01
2.339898695999999845e+01
-2.834629937000000055e+01
-3.302954390000000018e+00
8.283236739999999543e+00
3.002405749999999873e+00
-1.646507331000000107e+01
1.208852289999999918e+01
-1.414288997000000059e+01
-1.136860077000000047e+01
6.502477899999999922e-01
-3.368958767000000165e+01
1.649628160000000010e+00
-9.341523889999999497e+00
-7.655954939999999986e+00
4.657495700000000127e+00
-3.007530764999999917e+01
3.286299297000000053e+01
-1.396313667000000081e+01
-7.383584836999999368e+01
-4.726390046000000211e+01
2.049635822000000118e+01
-2.243171725999999921e+01
-1.040671503999999992e+01
-1.452206847999999972e+01
-1.017299539000000053e+01
-5.581096370000000206e+01
-3.515389299999999828e+00
-3.453230557999999917e+01
-1.910249878000000123e+01
1.176497039999999927e+01
4.362113356999999780e+01
1.574865299999999912e+00
-5.669240700000000022e-01
3.300725628000000000e+01
-3.072229571000000092e+01
1.770857609999999838e+01
4.226359180000000215e+00
-2.644007605999999910e+01
-1.413323089999999915e+01
1.233276079000000003e+01
3.631279900000000116e-01
6.734172690000000294e+00
5.728098120000000293e+00
-1.311428485999999971e+01
-1.804101110999999946e+01
-2.774749236999999980e+01
2.730316820999999905e+01
-3.576348992999999865e+01
-2.655926046000000085e+01
6.900766299999999909e+00
-4.820751475000000141e+01
1.249387340000000002e+01
3.557647140000000263e+01
-3.999509950000000202e+00
6.452658880000000430e+00
-1.599239973999999975e+01
-1.221546606000000068e+01
5.754658929999999728e+00
2.107795292000000131e+01
-2.153687142000000065e+01
1.499998498999999974e+01
-5.881238459999999613e+00
1.713138859999999930e+00
1.284273525000000049e+01
8.257550829999999564e+00
-7.146527690000000099e+00
1.183575899999999986e-01
1.062212648999999942e+01
1.587356383999999920e+01
-3.984535618000000312e+01
1.849073689999999992e+00
2.855798778000000127e+01
-5.121889297999999968e+01
1.684195696999999825e+01
-6.469277540999999587e+01
-5.967969380000000434e+00
-8.220846959999999370e+00
-2.906623600000000085e+00
-6.755276470000000089e+00
-1.393233601999999927e+01
-5.289198419999999956e+00
6.616847899999999782e+00
-1.479443181999999979e+01
6.673366030000000393e+00
4.859012039000000271e+01
-3.360292498999999822e+01
-1.464036160999999936e+01
2.210660989999999870e+01
1.334849806000000072e+01
2.425111487999999937e+01
1.171101694000000037e+01
1.167980294000000008e+01
-8.919512770000000756e+00
-2.718725462000000093e+01
-2.507531605999999869e+01
-1.496991266999999937e+01
2.567676370000000041e+00
-2.343712671999999841e+01
-7.756009340000000307e+00
4.035905160000000436e+00
1.317860388000000071e+01
-5.666792870000000093e+00
3.305191268000000093e+01
-3.205137621000000081e+01
-2.178180690000000030e+00
-1.689332690000000081e+00
1.523492298999999939e+01
-2.173179564999999869e+01
-1.376651808999999993e+01
1.039113228999999983e+01
2.487916446999999920e+01
4.136742977000000110e+01
1.767774780999999962e+01
2.315572737000000103e+01
-1.545335769000000070e+01
3.489452819000000261e+01
3.655466120999999902e+01
-1.421500439999999976e+00
1.891199057000000039e+01
2.085569758999999834e+01
-1.302015482999999918e+01
4.714718409999999693e+00
3.357399879999999825e+01
-1.334469419999999928e+01
-5.070498970000000050e+00
-3.330673699999999826e+01
1.315425508000000043e+01
-7.116356289999999696e+00
1.088011273000000045e+01
3.232114070000000172e+00
-2.199352525000000114e+01
2.517842600999999902e+01
2.217560800000000043e+01
-1.487995113000000025e+01
1.056050029999999929e+01
-3.377157984000000113e+01
-2.934080919000000165e+01
1.366036818000000075e+01
-3.763093322000000285e+01
-1.699915028999999933e+01
2.849477390000000110e+00
4.566010889999999733e+01
-1.407446191999999918e+01
-6.774292810000000387e+00
-9.942566629999999961e+00
6.190472204999999661e+01
7.686269959999999735e+00
-2.379775869999999927e+01
3.912155685999999832e+01
3.463904876000000144e+01
1.732852444999999975e+01
4.148740899999999954e+01
4.745958808999999690e+01
-4.124267760000000393e+00
-1.528943029000000031e+01
-1.600664512000000173e+01
1.595274825999999990e+01
2.074595276000000155e+01
-3.796176089999999892e+00
-1.276238060000000019e+01
-3.371514774999999986e+01
-1.392518291000000019e+01
-2.493469822000000136e+01
1.663365995999999924e+01
9.447364300000000270e+00
3.518228077999999925e+01
4.101623270000000154e+00
-1.299948728000000031e+01
-4.671341360000000442e+00
2.176293400999999861e+01
6.905451209999999840e+00
3.003916650000000033e+01
3.074900612000000066e+01
-6.661272559999999565e+00
-5.968432629999999683e+00
-5.540793862999999675e+01
2.792019687000000161e+01
-6.681834300000000226e-01
2.988924270000000050e+01
-1.193527092000000067e+01
-3.440642246000000171e+01
1.164948745999999957e+01
4.016681218000000086e+01
-1.442488379000000087e+01
3.643202586000000309e+01
-4.012826916000000210e+01
-1.269185588999999936e+01
-4.480651149999999916e+01
1.049283317000000082e+01
4.433162049999999965e+00
2.975810420000000178e+00
-3.426381855000000343e+01
4.993034000000000106e+01
2.984953623999999905e+01
4.874089889999999592e+00
-2.842451606999999925e+01
1.194368771000000073e+01
-1.282730695999999959e+01
-6.838835930000000118e+00
-1.320839926000000020e+01
1.008578643000000064e+01
-7.979806759999999777e+00
-1.109866468999999967e+01
1.146367137999999919e+01
1.424358143000000076e+01
-4.709581336000000107e+01
1.094531347999999937e+01
3.712755651999999884e+01
2.210245523000000034e+01
-5.738678400000000401e+00
8.312396399999999463e-01
-1.928387654999999867e+01
3.186586704999999853e+01
8.550464410000000015e+00
-2.304289799999999833e+00
-4.126230879999999601e+00
5.870499678000000188e+01
-1.751455650000000031e+00
1.336768282999999968e+01
4.100465331000000191e+01
5.278468260999999728e+01
3.413752610000000232e+01
2.225625884999999826e+01
-3.648913835999999833e+01
-2.487047294999999991e+01
1.889222168999999951e+01
3.822480849999999819e+00
1.734585184999999896e+01
8.745090030000000070e+00
3.371806834000000208e+01
-4.243263088999999866e+01
-2.672390429000000012e+01
-6.332571970000000050e+00
-4.686635186000000175e+01
1.047714264999999934e+01
2.412370823999999914e+01
3.734221590000000202e+00
-1.216222720000000024e+01
1.272168038000000045e+01
7.568106428000000108e+01
1.689271435999999937e+01
8.614727300000000199e+00
-2.570399374000000137e+01
-3.278993624000000295e+01
-8.017036299999999116e+00
1.810111424000000113e+01
-3.243264030000000187e+00
1.298956764999999969e+01
1.911494524000000084e+01
-3.121204837999999882e+01
1.425400319999999965e+01
2.419698316999999932e+01
3.084846815999999947e+01
-3.607304029999999884e+00
2.580356140000000131e+00
-5.497423880000000374e+00
-2.643451607000000081e+01
-3.793232480000000351e+01
4.341647479000000232e+01
-4.223214839999999803e+00
-3.018685606000000021e+01
2.986683310000000091e+00
-1.414895832999999925e+01
4.961807815000000232e+01
-1.277437517999999983e+01
-1.959481527999999884e+01
1.901527043000000106e+01
-8.969542219999999233e+00
2.432150578999999979e+01
7.196607000000000420e-01
5.310615156000000070e+01
2.884473442000000176e+01
2.189261440000000114e+00
-2.033773610000000076e+01
1.499933472000000023e+01
-2.943125481999999948e+01
-4.782159769999999810e+00
3.346724002999999925e+01
-1.527804423999999983e+01
-2.452752402000000131e+01
-1.325666054999999943e+01
2.733427985000000149e+01
6.905110320000000357e+00
-4.525984868999999833e+01
1.814551812999999925e+01
5.054466979999999943e+00
5.029158319999999627e+00
-2.751876074000000116e+01
1.580765999999999893e+00
1.845111285000000123e+01
2.614514965000000046e+01
3.601079201000000296e+01
1.576557696000000064e+01
2.133217600000000047e+00
-2.955264168000000069e+01
-2.555928740999999960e+01
-3.770698103000000145e+01
-7.176550319999999594e+00
1.731955870000000175e+01
-1.344645180000000106e+00
2.803715362000000155e+01
-1.785607030999999978e+01
8.977250520000000122e+00
-9.509507859999999368e+00
-1.633083544999999859e+01
3.343110009000000105e+01
3.872192880000000059e+00
3.437218362000000127e+01
2.590892999999999891e+00
1.215889325999999926e+01
-9.847233060000000648e+00
3.319327347000000117e+01
-9.097309259999999398e+00
3.542090900000000042e-01
-4.269138808000000296e+01
-5.243870480000000001e+00
3.908936333999999846e+01
3.491339261000000249e+01
1.473740263000000006e+01
-9.087431640000000144e+00
3.064253780000000038e+00
-1.147367483000000021e+01
-7.596444420000000086e+00
5.056341241999999880e+01
2.766006790000000048e+00
-1.433016295000000007e+01
-5.925226909999999947e+01
-2.596965197000000103e+01
-2.101809895999999966e+01
-3.506158583999999934e+01
-3.175527149999999921e+01
-3.783726921000000232e+01
-2.511252023000000122e+01
-1.741766601000000136e+01
-2.707819937000000010e+01
2.567653749999999846e+01
-1.139196744000000017e+01
-4.833707465999999897e+01
2.197485525999999822e+01
-1.665270602000000011e+01
-4.447210066000000239e+01
5.317462872000000118e+01
-1.425549355999999968e+01
9.400203929999999986e+00
2.194164127000000164e+01
4.919046719999999873e+00
1.462029719999999955e+01
1.785173340000000053e+00
1.097534899999999952e-01
-8.136652189999999507e+00
-4.132455697999999700e+01
6.517654910000000079e+00
-6.830911324999999579e+01
3.891613490999999669e+01
-2.335261045000000024e+01
-9.717923770000000516e+00
-1.002745389999999936e+01
8.206428839999999170e+00
-9.366951339999999959e+00
1.479815100000000072e+01
-3.031657569000000052e+01
1.963904484000000039e+01
2.366989025000000169e+01
5.724693010000000193e+00
6.288317250000000413e+00
1.185292828999999948e+01
4.999053629999999693e+00
1.514413277000000058e+01
-4.349704380000000370e+00
-3.860103303999999724e+01
5.251360430000000079e+00
-1.360705470000000084e+01
-2.974933919999999787e+00
3.037060492999999894e+01
-4.412574121000000105e+01
7.626216999999999580e-01
1.166075600000000101e+00
5.044858269999999756e+00
1.722119269999999958e+01
-6.683438439999999758e+00
4.569425277999999935e+01
2.420879551000000163e+01
-8.447690879999999680e+00
-4.142126229999999687e+00
2.084515419999999786e+00
4.233885387000000122e+01
-2.915339420000000104e+01
-5.669491541000000012e+01
1.696834392999999963e+01
-6.750444309999999781e+00
-9.201153200000000254e+00
9.102238129999999927e+00
4.183276830999999873e+01
2.443038476999999986e+01
-8.831193230000000227e+00
-2.897094859999999983e+01
-4.707840370000000441e+00
1.556039988000000029e+01
-8.433753460000000146e+00
-4.116997288000000310e+01
-3.360527589999999787e+00
-5.263242257000000279e+01
-2.803565731000000127e+01
4.533463772999999719e+01
-2.879227917000000048e+01
-3.772302526000000000e+01
-2.846735087000000064e+01
-2.041974189999999822e+01
2.001625671000000040e+01
4.661525143000000071e+01
-3.676041999999999810e+00
1.430859316999999997e+01
-1.177741198999999916e+01
-3.849767877000000027e+01
2.597879521000000125e+01
-2.612634674999999973e+01
1.444184588999999974e+01
1.769968550000000107e+01
-5.873608179999999734e+00
2.088965523999999974e+01
2.283679530999999940e+01
6.295259098999999736e+01
-6.589306490000000238e+00
-2.873712241999999861e+01
-3.488830068000000040e+01
-9.527958930000000493e+00
-1.859570164999999875e+01
5.245276404999999897e+01
-2.433369486999999864e+01
6.425466229999999612e+00
2.718821810000000117e+00
-1.223261336000000021e+01
-4.716820281999999764e+01
-3.473162390000000155e+00
5.475947141000000329e+01
9.650174729999999812e+00
4.165815010000000207e+00
-3.213926242000000144e+01
-3.198900589000000139e+01
-7.833444000000000074e+00
2.556142919999999918e+01
-1.410942952999999989e+01
5.716261399999999782e+01
-2.693428645999999915e+01
1.044626644000000049e+01
-7.607760850000000019e+00
-3.608571168000000284e+01
2.390050210000000064e+00
-2.850737605999999857e+01
-4.109756570999999781e+01
6.175815769999999816e+00
1.059844149999999985e+00
2.908211852000000164e+01
1.312281027999999949e+01
-1.868144183000000069e+01
1.193351396000000086e+01
-4.867089856999999853e+01
-2.662570704999999904e+01
4.959772542999999700e+01
4.595526959999999939e+00
-5.907810999999999702e+00
-1.656014606000000100e+01
-2.442412239999999901e+00
-5.530353550000000062e+00
4.951394247999999720e+01
2.315292033000000060e+01
-6.583022630000000319e+00
-1.941088259999999899e+00
-2.187186976999999999e+01
-8.716324039999999940e+00
-3.503727755999999971e+01
2.745054362000000125e+01
3.884947729999999932e+00
5.740423729999999836e+00
9.996895970000000631e+00
-4.449325899999999834e+00
-1.143856455000000061e+01
3.052293539999999972e+00
-6.020342294000000294e+01
-8.616818110000000530e+00
-5.716445809999999739e+00
-4.312235779999999963e+00
2.677724492000000112e+01
3.617280364999999875e+01
9.650952670000000566e+00
-5.296036036999999652e+01
3.460295387000000034e+01
-1.188597030000000032e+01
-2.082062043999999901e+01
-4.848104477999999773e+01
-1.671047404999999841e+01
3.458100213000000167e+01
1.695866420000000119e+01
5.545631799999999778e+00
1.872583754000000056e+01
-3.247976004000000216e+01
-2.588722076999999899e+01
3.134599073000000047e+01
2.162322922999999975e+01
2.670991829000000095e+01
2.763787240000000089e+00
4.675094060000000162e+00
3.033637222999999850e+01
5.366334510000000080e+01
-1.160259062999999990e+01
2.139751165999999927e+01
-1.443278360999999954e+01
-2.436242409999999836e+01
-1.926321044000000171e+01
-1.938361237000000159e+01
-8.081093010000000021e+00
-2.645183714999999935e+01
-1.088144405000000070e+01
-7.545895493000000442e+01
1.886442481999999998e+01
1.230948867999999941e+01
-2.651828899999999933e+00
-2.157063016000000033e+01
-1.026634482000000048e+01
-3.053446826000000058e+01
5.449633330000000164e+00
4.478477183999999767e+01
-1.230507011999999989e+01
-9.370175209999999311e+00
1.166458242000000034e+01
-2.839869686999999843e+01
4.701518950999999902e+01
8.152116069999999937e+00
7.782800489999999627e+00
2.747978901000000107e+01
-1.373065399999999991e+00
3.110200113000000144e+01
1.050806663999999913e+01
-2.179580699999999815e+00
4.551014010000000276e+00
-3.496193889999999804e+00
3.676339746000000019e+01
4.763664709999999580e+00
1.008195757000000015e+01
-6.447293029999999980e+00
7.809523869999999590e+00
-5.123915939999999836e+01
-1.950095263000000045e+01
-2.709758366999999879e+01
2.630018251999999990e+01
-1.775526676999999864e+01
-3.333257703000000305e+01
3.210834979999999916e+01
-6.753636460000000064e+00
2.247781338000000062e+01
-4.997311177000000271e+01
1.027054247000000053e+01
2.883694600000000108e+00
3.434745579999999965e+00
-6.484833730000000074e+00
-4.034521640000000353e+00
2.816536289000000082e+01
1.002596459999999912e+00
-2.818632780000000082e+01
-1.038994227999999964e+01
1.220527915999999991e+01
-6.377397440000000017e+01
-4.876747615000000025e+01
7.179605700000000201e-01
7.800037529999999997e+00
-2.605927900000000008e+01
-1.051781199999999972e+00
5.830160203999999879e+01
1.547923420000000050e+01
-2.983534696999999980e+01
5.185975530000000333e+00
-5.151844419999999758e+00
6.923027030000000082e+00
-1.973249330000000157e+01
1.219849229000000079e+01
1.458597971999999920e+01
-3.835620329999999800e+00
6.180766340000000270e+01
-4.377436259999999635e+00
-1.746955437000000089e+01
1.317082987000000038e+01
2.377561384999999916e+01
-1.867050528000000043e+01
-1.015627740000000001e+00
5.417658718999999934e+01
-1.565065439999999919e+00
3.253864621999999684e+01
8.075975839999999906e+00
-3.861485340000000210e+00
-1.258893710000000077e+01
2.887513617000000110e+01
-3.090793685999999951e+01
-5.682173099999999755e-01
-1.006808219999999920e+01
-2.194505333000000036e+01
8.321301780000000647e+00
1.470539244000000068e+01
2.389229859999999928e+00
-1.994832699999999903e-01
-2.202339253999999968e+01
8.963555590000000350e+00
-1.821770820000000013e+00
-1.253585409000000084e+01
-1.114190104000000048e+01
9.119148049999999728e+00
-2.031756899999999977e+00
-2.091081214000000088e+01
-6.029309618999999998e+01
5.815045170000000319e+00
1.064800931000000084e+01
-2.683675424999999848e+01
-1.322251420999999993e+01
4.573570639999999798e+01
6.218946579999999891e+00
2.180834162000000020e+01
4.788135790000000114e+00
2.203762473000000099e+01
3.167810629999999961e+00
-2.152772867999999917e+01
-6.041000219999999921e+00
3.012181819999999899e+00
1.741864997000000059e+01
4.169479737000000341e+01
2.723744509999999863e+01
1.680265480000000089e+00
9.449126700000000767e+00
3.350948125000000033e+01
1.461874760999999978e+01
-3.833090986999999927e+01
-1.526267887000000023e+01
6.147800310000000046e+00
4.721499599999999575e+00
1.364493590000000012e+01
-2.865188343999999887e+01
3.911192699999999967e+00
2.393554480999999967e+01
2.647548327999999884e+01
-2.379216760999999991e+01
2.068818000000000046e-02
-1.226304250000000096e+00
-9.401093180000000160e+00
-1.572789964000000040e+01
-8.565906460000000777e+00
-4.889850649999999632e+00
5.603086769999999994e+00
2.341353153000000020e+01
-1.710430747999999923e+01
4.478306596000000184e+01
1.813926084999999944e+01
1.483409956000000030e+01
1.958698539999999966e+01
1.498491897000000073e+01
2.013926199999999866e+01
3.028479945000000129e+01
-2.518744563999999997e+01
3.446891558000000089e+01
-6.314255737999999951e+01
1.752628719000000146e+01
-5.918471774999999724e+01
4.621676275000000089e+01
4.169052134999999737e+01
-5.216039789999999954e+00
-2.666550159999999892e+01
-2.350811646000000010e+01
-3.044890018999999981e+01
-3.507271247999999986e+01
3.132644799999999918e+01
2.328260706000000013e+01
1.323727030999999954e+01
1.565811217000000077e+01
2.477088682000000119e+01
-2.169892430999999888e+01
-9.833098310000000453e+00
3.052397724000000068e+01
-7.221507019999999777e+00
2.956635624000000107e+01
4.124376130999999646e+01
-3.205568369999999945e+00
-4.054468726000000345e+01
2.764512889999999778e+00
-1.462918179999999957e+00
-5.647036009999999884e+00
5.933034999999999698e-02
-3.609527048000000349e+01
-6.962443689999999741e+00
4.885265620000000197e+00
7.371353400000000278e+00
2.705069871999999975e+01
-2.365404528999999911e+01
3.082871133000000086e+01
-2.208092272000000023e+01
1.419633445999999921e+01
2.235372311000000067e+01
