---------------------
  #    meV     cm^-1
---------------------
  0    8.7      70.4
  1   13.4     108.4
  2   14.2     114.2
  3   17.6     142.3
  4   23.7     191.5
  5   24.7     199.5
  6   28.3     227.9
  7   37.3     300.8
  8   55.3     445.6
  9   70.3     566.7
 10   75.9     612.3
 11   92.0     742.0
 12   95.7     771.7
 13  106.7     860.8
 14  113.0     911.4
 15  134.1    1081.6
 16  139.9    1128.4
 17  145.4    1172.5
 18  157.6    1270.9
 19  185.6    1496.9
 20  195.4    1575.9
 21  198.5    1600.7
 22  368.6    2973.3
 23  371.2    2994.1
 24  397.8    3208.2
 25  416.6    3359.9
 26  429.4    3463.0
---------------------
Zero-point energy: 1.958 eV
