---------------------
  #    meV     cm^-1
---------------------
  0    6.7      54.1
  1    7.8      63.3
  2   13.8     111.6
  3   17.4     140.4
  4   18.3     147.8
  5   25.4     205.0
  6   33.7     272.2
  7   60.9     491.5
  8   74.3     599.2
  9  101.5     819.0
 10  120.2     969.4
 11  131.5    1060.2
 12  139.1    1122.2
 13  141.7    1142.6
 14  153.5    1238.4
 15  160.5    1294.8
 16  177.6    1432.1
 17  181.8    1466.4
 18  184.0    1484.2
 19  190.8    1538.5
 20  203.0    1637.1
 21  361.6    2916.6
 22  373.6    3013.4
 23  379.9    3063.8
 24  406.8    3280.8
 25  423.1    3412.6
 26  427.1    3444.7
---------------------
Zero-point energy: 2.258 eV
