---------------------
  #    meV     cm^-1
---------------------
  0    3.8      30.7
  1   11.8      95.4
  2   20.1     161.9
  3   22.2     179.3
  4   23.3     187.6
  5   27.0     218.1
  6   32.6     263.3
  7   33.9     273.7
  8   56.6     456.2
  9   63.1     508.6
 10   72.8     586.9
 11   78.8     635.9
 12   88.1     710.5
 13   92.7     748.1
 14   98.9     797.8
 15  127.2    1025.8
 16  134.0    1080.7
 17  148.4    1197.3
 18  171.5    1383.3
 19  177.4    1430.7
 20  185.9    1499.6
 21  201.9    1628.5
 22  384.1    3098.3
 23  388.4    3132.8
 24  403.6    3255.2
 25  425.8    3433.9
 26  458.5    3698.0
---------------------
Zero-point energy: 1.966 eV
