---------------------
  #    meV     cm^-1
---------------------
  0    7.9i     63.6i
  1    6.4i     51.9i
  2    5.8i     46.5i
  3    0.3i      2.2i
  4    2.3      18.6
  5    4.3      34.7
  6   36.0     290.6
  7  100.9     814.0
  8  119.6     965.0
  9  128.9    1040.0
 10  143.3    1155.6
 11  165.1    1331.8
 12  179.0    1443.8
 13  184.1    1484.5
 14  186.4    1503.3
 15  204.1    1646.5
 16  363.2    2929.6
 17  374.4    3019.6
 18  379.1    3057.5
 19  428.5    3456.0
 20  438.8    3539.4
---------------------
Zero-point energy: 1.719 eV
