---------------------
  #    meV     cm^-1
---------------------
  0    7.6      61.2
  1   12.9     104.3
  2   24.4     197.0
  3   29.5     238.3
  4   32.4     261.6
  5   37.2     300.1
  6   50.3     405.5
  7   65.8     530.7
  8   86.5     698.0
  9  102.7     828.0
 10  119.6     964.6
 11  132.7    1070.2
 12  140.2    1130.8
 13  148.5    1197.5
 14  167.6    1352.2
 15  177.4    1431.2
 16  180.4    1454.8
 17  181.5    1463.8
 18  185.6    1496.7
 19  358.7    2893.5
 20  373.0    3008.8
 21  379.4    3059.9
 22  409.0    3298.4
 23  417.5    3367.1
---------------------
Zero-point energy: 1.910 eV
