---------------------
  #    meV     cm^-1
---------------------
  0    8.0      64.2
  1   12.7     102.3
  2   13.0     105.2
  3   15.0     121.2
  4   19.0     153.3
  5   21.1     170.3
  6   22.7     183.1
  7   25.4     204.5
  8   32.1     258.6
  9   54.9     442.8
 10   66.3     534.4
 11   74.6     601.7
 12   86.2     694.9
 13   91.2     735.5
 14   94.7     764.1
 15   98.0     790.6
 16  129.1    1041.3
 17  139.2    1122.7
 18  146.8    1184.4
 19  159.6    1287.5
 20  182.5    1472.3
 21  190.5    1536.4
 22  196.3    1583.2
 23  202.3    1631.9
 24  364.7    2941.3
 25  415.7    3352.7
 26  417.4    3366.8
 27  423.3    3414.4
 28  429.7    3466.1
 29  441.9    3564.2
---------------------
Zero-point energy: 2.287 eV
