-3.540936973876483762e+01
-2.035627074289791949e+00
-7.313456974965355073e+00
2.455946963661119753e+01
-1.217769354166537710e+01
-9.420594518395319028e+00
-2.462392785098558079e+01
-5.142991664576429400e+01
-2.196487280539813014e+01
-2.306274390557263132e+01
-2.135633502793450589e+01
4.320468658167845533e+00
2.030524469247296793e+00
-1.085862890070558251e+00
1.782023440822200655e+00
2.704180785776395624e+01
-1.047844157471672588e+01
-7.376435998565469276e+00
1.191903524490066957e+01
-6.324781499018408937e+01
3.165711638372032155e+01
-1.352396260653318905e+01
-2.480475555711901592e+00
-5.727451236448189320e+00
-9.373356116965965157e-01
-2.222946882505041799e+00
4.907595806912888747e+01
-1.524606156992757633e+01
-4.166759900055751586e+00
-3.097857635441461355e+01
4.007151955831875512e+01
-4.450297661625384649e+00
-2.180767193050013475e+01
1.147411931601698853e+01
-2.088232816105318079e+00
1.325963122964478202e+01
-5.495667750543873353e-01
2.795564142305693167e+00
1.928309902515368890e+01
-5.585544550535476560e+01
3.112783394476321064e+01
8.285990679213185217e+00
-6.377156909339220192e+00
-1.786592592816773362e+01
7.030456799968618498e+00
-1.116250254681690990e+01
2.542209345294781997e+01
2.029958791790676287e+01
-1.307050648863418019e+01
-1.668266837409430536e+01
-1.758624555846535031e+01
-2.123768166183505457e+01
1.076999735971311623e+01
-2.771183720943577100e+01
8.499110290252417599e+00
3.534940731750926091e+01
4.071295279132296230e+01
1.899502602873444346e+01
8.552100354682238503e+00
1.772622398567949631e+01
5.196121896326110345e+01
8.802655946807760756e+00
-3.050927532107810691e+01
-6.181301278222747442e+00
-1.441473253509519736e+01
3.398394892033303449e+01
-4.032644828352169952e+01
-3.500303556290594997e+01
-1.784311947081482685e+01
-1.000546592318119110e+01
-2.289734370194062762e+01
1.603165713847930363e+01
5.311162185870557551e+00
7.975730074317198159e+00
-2.210974263402594886e+01
-1.938328368400212298e+01
-3.338258371465027352e+01
1.840429084867815845e+01
-1.913018553814344358e+01
1.728060804399686390e+01
-5.480864344902385277e+00
-1.523327864227508144e+01
-2.931310226794301599e+01
-8.656087102102929975e+00
-6.243358927477061115e+00
-7.072129425882152987e+00
2.285754003653888589e+01
4.276982562225811080e+01
-2.515725069798548219e+01
-4.393158511591839499e+01
-1.100880349920099377e+01
6.079201001626046263e+01
-3.311866841251175231e+01
1.826724187054620074e+01
-6.654021987849830566e+00
-3.413617262095230842e+01
1.415442765742824349e+01
1.997395208642680586e+01
-9.810224945797969553e+00
1.868356235504330698e+01
-1.371235696835992712e+01
-3.197042704813350156e+01
5.364950396800861654e+01
2.554590710592037794e+01
1.450871721881654253e+01
8.011552572408561446e+00
1.519712381823291025e+01
4.620648815166302370e+01
-1.510609951916987015e+01
3.400958264275260490e+00
-7.738376845073463528e+01
9.063118120998638005e+00
-3.788689671833472516e+01
7.946669233637493335e+00
1.248230016537083031e+01
-2.041578168005531779e+01
-2.896077378078842912e+01
1.208478495341239523e+00
-1.720407059011878914e+01
2.184781638401426562e+01
-2.835894167199337801e+01
-3.113346721378832171e+00
-2.059004477039930237e+01
-2.003692132171295270e+00
1.128711346001253446e+00
1.271012082310494407e+01
3.910193452123280622e-01
-2.987041781771665683e+00
3.641749686024500221e+01
5.155910974251163736e+01
2.781414614332053503e+01
4.026321543531197733e+01
-6.669639529148369661e+00
5.652422380923439960e+00
3.013395051685989756e+01
-5.123049445087985987e-01
-4.310008177560138165e+01
-2.310856614720221813e+01
-2.868457568864327811e+01
-1.571295545918199821e+01
1.618428087275916027e+01
-6.729547837301322488e+01
-9.411468390418264107e+00
2.510670395347251826e+01
-2.126590068266298772e+01
-1.760333902073347190e+01
3.373650335470051687e+01
2.524799168459267662e+01
-1.872554965556427931e+01
1.572926135649839807e+01
-1.440627907792597284e+01
1.940356206734198707e+01
1.963737102231618792e+00
7.532671304155812209e+00
-4.836545083375641951e+01
-2.684830545357157661e+01
-4.971138210793696999e+00
-9.314741556860379745e-01
-2.320502019355592438e+01
6.159298581690097762e+01
-9.880677525232840708e+00
-1.828336339976912939e+01
2.026372207907792244e+01
-2.605857364542305987e+01
-2.074504132956451485e+01
1.848548211011285503e+01
7.220009322541621088e+00
8.684964587933393432e+00
8.868629773491846890e+00
-6.250467529855541216e+00
9.021533264215207737e+00
3.308946735958527086e+01
-1.506818590889716347e+01
1.088491639694780133e+01
5.159449731394366978e+01
1.850035827124428067e+01
-4.293499384817891951e+00
-1.157063153745338013e+01
8.828370616081753042e+01
-1.208951555665922228e+01
2.124776978500923974e+01
1.471253106259860033e+01
1.671557537459824516e+01
5.018873066493449642e+01
2.714680723240792304e+01
-1.575906812317381167e+00
1.372599941791543188e+01
2.782128306452722200e+01
2.046069313336647610e+01
-3.307283802195769340e+01
5.341092772388549292e+01
-4.763910860497505695e+01
-6.988995195590774756e+00
3.124063207610107895e+01
8.441170734837168510e+00
4.166763840136809449e+00
1.612264398581996971e+01
1.263096749613819725e+01
1.954353216312051700e+01
-3.545526386792431595e+01
2.230001797005570552e+00
-1.504644919105743384e+01
-3.780179392636654256e+00
-2.448558694383564216e+00
-6.065112185191294358e+00
-3.260230133621206505e+00
4.754270475862540479e+01
-4.779893949801348185e+00
-1.477552375028400888e+01
-1.468180140512007625e+00
7.365543079491175149e+00
-3.380357723940808512e+01
-2.896487951353188350e+01
-2.052689252574175782e+01
-3.502113809974520109e+01
-9.074311818379253936e+00
-2.365394599104593709e+01
1.037128440326938517e+01
7.274725343171724035e-01
-7.118067486028934354e+00
-4.700229332437714902e+00
3.254529152557140037e+00
-8.357656949669021174e+00
3.854478999194361677e+01
-4.903206758412753175e+01
-8.561128384954077575e+00
-7.687526739970248713e+00
9.042785632310483379e+00
1.269806707159231962e+01
-2.661744128477346294e+01
-8.566102678320049790e+00
2.437786275864097618e+01
-1.142674399783181372e+01
8.976481918260162729e+00
1.934518578400724209e+01
-1.597636211779246196e+00
6.316997821887514419e+01
-7.895675558092762003e+00
-1.796734432089215261e+01
1.824822930610935146e+00
-1.392329335363137943e+01
3.091657859830061739e+01
-2.398418729391242721e+01
6.842934634342782374e+00
3.211200159092689432e+01
-7.239400338757718600e+00
6.691201480917220579e+01
7.249497675331667779e+01
-3.758692235779403745e+01
3.332730490821430180e+01
1.227282142138480481e+01
-3.150892668155341880e+01
9.435230783662603926e+00
2.376003976145919694e+01
2.433804520849264463e+01
1.330835684222677173e+00
9.538466355538105290e+00
4.211665934761555263e+01
-1.325681867687296744e+01
8.022831470104172524e+00
4.063149316728026861e+01
-2.093591963399181566e+01
-1.128165251505936340e+01
3.165542064497476105e+01
1.626458412543779275e+01
4.279261879511113875e+01
1.704458245710100073e+01
6.161390717726050070e+00
1.508580716335410443e+01
2.288959860299223692e+01
-3.023395102608446905e+01
3.860073963224607496e+00
1.392716972349391291e+01
6.546470922510025048e+00
1.335397140923619475e+01
-3.460327886108355955e+01
1.805591818727998543e+01
-2.413560977814091757e+01
-1.880785913113793129e+01
1.201878058526523319e+01
-6.598669105546264291e+00
3.265157280506605275e+01
-9.457138113708566607e+00
1.697792876315554622e+01
1.822962043856489345e+01
4.391186711118271546e+01
3.081723916540305197e+01
2.761974645824624730e+01
-1.946791930682110205e+00
-4.691397265326486377e+00
-1.808725693031584569e+01
4.510023554370229704e+01
4.491142188552225889e+01
2.206506389468763274e+01
-1.421496491043380672e+01
2.810108195270137799e+01
-2.931463180816251679e+00
1.013029134427083022e+01
3.735041194785080165e+01
-7.266552035297735301e-01
-4.543493061932338151e+00
-1.138846696763363298e+01
-3.304105567762451301e+01
5.395798758707522325e+01
2.856079906278688441e+01
-3.377363751916158208e+01
-9.310644742245443695e+00
1.489023281280675093e+01
-5.692842835020627490e+00
3.585171413593334222e+01
7.130295546188023081e+00
4.512642673585844477e+01
1.952341612148554262e+01
-1.284787192367781472e+01
1.130872166173310234e+01
-3.539756206387096427e+00
-1.550476541539975983e+01
8.865549329950823676e+00
8.485263195432878547e+00
5.300798630353548901e+01
4.457802359733955200e+01
3.136864591208620823e+01
3.770635790396647735e+01
4.886951744118405827e+00
-1.465741875316075493e+01
8.047892138669425321e+00
-1.894368300005291772e+01
-3.037627038998474660e+01
-3.155838307937955278e+01
-1.767890649693345040e+01
-6.155605819664731371e+01
-1.972625186720766521e+01
-4.907118268631460012e+01
1.323332683011839350e+01
-2.624452476261801692e+01
2.634967571621976390e+01
-5.600050311304797646e+01
-1.683793159781893678e+01
2.427617381360266791e+01
1.184253227273798359e+01
-5.025470231270707444e+01
3.200086376102922259e+01
-1.470892057263469610e+01
3.049247380092515414e+01
-1.322248225243799880e+01
-4.442048909537555801e+01
8.162578662729714551e+00
-3.689902509764471006e+01
-4.256790115236611882e+00
-1.665014379656030385e+00
2.318833030208556067e+01
7.136199908817354753e+01
-2.444360759110674053e+01
-1.981205236328470676e+01
-2.376051636994759519e+00
-6.490808541019276845e+00
-4.571908603365906743e+01
-3.161168453739151118e+01
2.713281952901157013e+01
-1.205658169438839877e+01
1.142310491416887430e+01
-2.780376512811662337e+01
-9.274599680007099778e+00
-2.349578245254380704e+01
2.917151425999886527e+01
5.414052749081463389e+00
-1.263377484209911472e+01
-9.615319715994928629e+00
6.709601770881448601e+00
-4.659843479146786649e+00
2.441482057158381735e+01
-1.459343957627334021e+01
5.641783918558303412e+00
2.006769052633451622e+01
7.756118979123584722e+00
-1.205379514998551826e+01
8.711003159240556215e+01
3.330314421139348724e+01
2.452433277443297754e+00
5.706457790745275815e+00
-3.549534315090332370e+01
1.901592903750258756e+01
-4.327284166694548162e+01
-1.649713941719940635e+01
-3.119746876336915875e+01
-1.118121979222806317e+01
3.217772925077900936e+01
-3.212524551475370060e+01
1.356636742027811948e+01
-2.158459430216225883e+00
1.176027561385993181e+00
-2.030243511762563458e+01
-2.509580719060559773e+01
-3.140022176115508046e+00
-2.028606611874967314e+01
-1.127632326090031256e+01
-2.340608545448893096e+01
-5.242166859641116616e+00
-1.965814798361414262e+01
-2.847345106344472754e+01
1.190819144262479057e+01
-8.183177355236580297e+00
1.382223687353746300e+01
4.856120482609004085e+00
-4.314867997545405842e+01
-2.975741809463380605e+01
-2.588616129907904906e+01
1.845207668114301214e+01
-1.374642527570074435e+00
-3.518629462811334463e+01
3.336473252780631071e+01
-2.223511900768679794e+01
3.235394702976376635e+01
-1.793381521295381731e+01
-2.738602857232595511e+01
1.343980216371892311e+01
-3.854389837738050772e+01
-1.953871191405545460e+01
3.514168418820545980e+01
1.070722986755532702e+01
-2.485788482826961854e+01
3.078600066992783013e+01
-1.031460566033979376e+01
-2.154559862806320325e+01
-1.727588967001599940e+01
-2.840698374812075144e+01
1.567738224730613439e+01
-5.094285557594994884e+01
-4.492406638625794812e+01
-5.744827122912340656e+00
-1.703029183155592818e+01
-3.353260356975837908e+01
4.166364613073807277e+01
7.607315674894469737e+01
-1.561278886604131344e+01
-1.991678319433276556e+00
-3.441179964948029379e+01
3.711335222032886350e+01
1.160261135198021520e+01
-1.357413795960763991e+01
-2.067224914635161781e+01
8.356951012145103164e+00
-3.295138556997736856e+01
-9.997437627186570808e+00
-4.937493268319116169e+01
2.068834059566609085e+01
6.307045439344591387e+00
-1.042354609407937005e+00
-5.829530929117026972e+00
-2.272703783864812976e+01
-6.194564908423330962e+00
7.445581371871737986e+01
-1.034188048118693359e+01
-2.726605474394224871e+01
-3.960430113899647608e+01
7.916116679117862986e+00
-2.125144446899713913e+01
6.144946913925025456e+00
1.723416727447406060e+01
4.308801538764242878e+00
1.780179223379573372e+01
8.585612070496125625e+00
3.321579840092687164e+01
1.496341323128885392e+01
-1.985275717344866564e+01
2.721252720879883213e+01
1.982118629112784447e+01
7.027861908600712582e+00
2.405973890106463386e+01
-1.608062318655144907e+01
4.184520211216232610e+01
1.333694040199917552e+01
-1.801125622635436230e+01
-3.366963932623706413e+00
-1.023372087198276859e+01
1.157119234089174142e+01
-1.327291102760954544e+01
-4.468768845781312393e+00
-7.311195931996337549e+00
4.591058823973321523e+01
3.138048577934645778e+01
-3.691426421283244963e+01
-4.593892976996599486e+00
-2.997130756434469845e+01
-8.199672956458471162e+00
-1.341572859829750541e+01
4.895658765228120046e+00
-6.105544922534029695e-01
-1.630989487304839258e+01
9.577376364512517171e+00
-4.689201521931934735e+00
-5.354429636327324715e+00
4.888750124085970583e+01
8.227478286137127839e+00
-4.681487531874329733e+01
-2.252862437732363787e+01
5.435817656100408612e+01
1.545341502053958038e+01
-5.374566905020287777e+00
6.070000854865183726e+01
-9.192230119643454600e+00
-5.161596755962420957e+00
-4.589908784941997055e+00
8.806500922751069993e+00
1.766827920170273103e+01
2.469969911703614684e+00
1.646031101569286648e+01
-7.246166875642586547e+00
-1.997007628112470456e+01
-2.360649680695551211e+01
-2.727837564411430549e+01
2.337974469023768620e+01
7.372563019701615872e+00
2.166484671402641027e+01
7.925704244903897688e+00
5.063028539836705022e+01
1.057898130131375325e+01
-4.568694307754594774e+01
-1.943732097210045850e+01
3.506384147114388838e+00
-1.652010034931733173e+01
3.582597509518194556e+01
-7.972534686540711846e+00
9.531722625601929622e+00
2.992370042680965980e+01
-4.240831768673103852e+01
8.487297146172790008e+01
1.175929177001287940e+01
1.350195766967004829e+01
2.053264501389115537e+01
4.282493552543826354e+00
-2.624258307527043144e-01
1.986942156292988670e+01
-2.101889055270811468e+01
4.707194909304737962e+01
4.164874326998599940e+01
-2.363575772955714172e+01
9.188086582079620257e+00
3.973844611038435914e+01
-1.168756107200896110e+01
9.871282790678122865e+00
2.139436351011266879e+01
2.303822240523660980e+01
-4.335436004781416841e+01
-5.842716441737422883e+00
-1.742496913638994727e+01
-1.818356423771462005e+00
-4.505925718424219184e+00
1.014747396614609443e+00
-7.136914621000045145e+00
-1.803538790212905951e+01
7.485186797876707487e+00
3.931483207601047525e+00
3.011908853221156690e+01
-2.483948201205961936e+01
2.473528937416438112e+01
2.681659398980573883e+01
-7.120829747458060410e+00
4.620728426418524748e+01
-3.860005514516362268e+01
-5.847864746043975970e+01
-4.844882685707595726e+00
-4.522655392982699141e+00
-6.483041390208654775e-01
4.530585195895215378e+01
-2.783449064863710021e+00
2.428163996609589503e+01
3.051044394000834359e+01
2.117479812022247643e+01
-6.419575649461307876e+00
3.382108914101542041e+01
-9.024112637262803105e+00
-2.013963631129200849e+01
-2.326787640229289877e+01
6.106612237784155184e+00
2.011463139207035056e+01
-7.726847256041509127e-01
1.974773789622935283e+01
3.523389924328910183e-01
3.434827015702120434e+01
9.855129296159773844e+00
5.082515649323319451e+00
-2.123221545122646603e+00
1.826363873613248501e+01
2.129402103670963697e+01
9.762516294924381555e+00
-1.018451146563634779e+00
-3.115354983726380667e+01
1.649355012240496166e+01
1.077615023063890476e+01
2.016653022362383751e+01
1.600079817743315402e+01
2.045825992508008540e+01
-4.887807598915117069e+00
1.766173730210553572e+01
-1.519864945729568717e+01
-4.440797462804084716e-01
-3.070749336907979909e+01
-1.742853506357630522e+01
2.281856667290006868e+01
-5.107573502814565813e+01
1.505648005807796608e+01
8.960376373755707391e+00
4.705200320185238638e+01
-1.075274387239727503e+01
1.888059749311363689e+01
-5.642692153643906749e+00
-2.742721391653371654e+01
-3.850995673771882366e+01
-6.624358377012349308e+00
-5.012845031410785168e+01
6.655775134916723346e+00
-1.130433737707332398e+01
1.747675557543090008e+01
1.328063068278436276e+01
-1.618474411633340537e+01
-1.659248115040702487e+01
2.322304536787422080e+01
-3.476298763314391493e+01
-6.920855011470365525e+00
-1.069784100854474929e+01
1.545913815484236409e+01
5.191688176262232446e-01
1.516910194976844650e+00
-1.069309973216219589e+01
3.101026899825950522e+01
-3.134424188580231885e+01
3.925532612723031889e+00
3.411630562497376218e+01
-2.081767123304005906e+01
1.751552155204421979e+00
-1.674529871426102545e-01
-3.693676331376364175e+01
-2.270861678781645310e+01
-2.826782694035410159e+00
1.597475313505540129e+01
1.863493526496478125e+01
3.488312532281412359e+00
-5.408667221991834140e+00
1.010194341288089959e+01
-2.408865310800231896e+01
-1.131081166963241458e+00
-2.938061763510145852e+01
-1.575310858791452517e+01
2.754846698449196651e+01
-1.615987978024716654e+01
3.843450724265073859e+01
-1.359503514903479982e+01
1.860244334184126558e+01
1.431748641861925364e+01
-3.589005415381870989e+01
-1.426450437128549709e+01
4.886586676949747243e+00
-2.357626718729846971e+01
-2.138132652566820724e+01
-4.936970004010379398e+01
-3.064878956821240763e+01
-2.894284888127637601e+01
-2.488702472323581105e+01
4.876683338779486121e-01
1.032978087747321183e+01
3.868842435109854705e+00
1.374662583013934203e+01
-3.214859398232727017e+01
8.635786567121328972e+00
1.524911781026359847e+01
-3.814609945468792063e+01
-3.518780035089687885e+01
-2.382730079017557046e+01
-1.538794827235648910e+01
9.240864385246283064e+00
-7.592658298884202850e-01
-2.387569281473757599e+01
1.697908558471451101e+01
-1.346515968792940043e+01
2.843856993225307406e+01
-5.030923300378481144e+01
3.576806176811757609e+01
-5.062279041623639841e+00
-2.274484883234529775e+01
-1.419666359659397870e+01
1.038053033684072091e+00
2.532284761753206226e+01
-4.170206919051159389e+01
-6.676455550474713618e+00
-1.143269009638962075e+01
2.530489940793752623e+01
4.722422763118747469e+01
-5.619692682605113987e+01
5.259023062139203830e+01
2.351602086662053637e+01
-4.222630625435486706e+01
-1.809113875843266328e+01
4.478887519313607157e+01
3.357208309219203102e+01
-1.181547342767129294e+01
-3.340010668398292637e+00
8.130154281677690165e+00
4.220506526164535899e+01
-3.213059263900219520e+01
7.210691763202490279e+00
-4.691689368244993830e+00
1.547038485927953388e+01
-4.104872529441275475e+01
-1.867066730786341111e+00
-1.722572883061419802e+01
2.700782490835760541e+01
2.379275685693774278e+01
-4.935476524835348755e+01
-2.702559790490953162e+01
-1.220770700194407254e+01
-2.402586266180766472e+01
-6.609320796449381419e+00
-1.153392927046631655e+01
2.542625303983749063e+01
2.379061375825119740e+01
-1.264666529388875915e+00
-2.588788864726581807e+01
-4.806131076117983980e+01
2.685253955329210385e+01
-2.778123021958108296e+01
-2.055618526747193187e+01
3.368737115198769061e+00
-2.029128421345876632e+01
-2.209587587739076753e+01
-1.621573676601850877e+01
-2.710596919179121755e+01
-1.465779612160705980e+01
-2.938880478790132145e+01
3.167444304983516190e+01
3.477417996878462247e+01
-3.712019574806447508e+00
-1.244279141262575195e+01
-2.397450189278060861e-01
2.574961641973175119e+01
-4.864997244430807655e+01
-1.129349333144568845e+01
2.782421470151234644e+01
4.005378372707411927e+01
-9.475913348058696783e+00
5.670077634404378841e+00
3.101538854038187765e+01
9.389680486483058530e+00
-5.620189325205160458e-01
-2.513215171165205675e+01
1.142486611949738062e+01
-1.963959379244641923e+01
-6.024289600058892802e+00
-1.093969849732482658e+01
-9.298681107488562247e+00
1.277347337337494082e+01
4.474253532461315075e+01
-1.396548926231020005e+00
1.930058792322469685e+00
-5.152206144813337119e+01
-1.076983958875598546e+01
-2.034940815179720630e+01
-7.039039154594206593e-02
-2.646308789843337195e+01
4.822980902950794757e+01
4.592248331865260980e+01
7.962929460102316170e+00
-1.117786031375399602e+01
9.353563541812945914e+00
1.169976283432812636e+01
-2.695587435616577920e+01
-4.718624975538659783e+00
1.071863509080549193e+01
7.548357700057394482e+00
3.115918661901280018e+01
2.290720572532350729e+01
-1.202137285022223523e+01
1.476143480006079756e+01
-5.611192466646753019e+01
-7.344321577460419803e-01
4.936135181541320094e+01
6.772132610052153723e+00
-1.165360354841425305e+00
1.730274155752042020e+01
-1.614253217711269883e+01
5.090585779732568028e+01
-9.401783695254948725e+00
4.551915329335915317e+01
2.213730285897499073e+01
-2.293046584703211010e+01
1.830230278026948554e+01
-1.728255146535722986e+01
-4.090997555766699634e+01
-3.656067638738193182e+00
-3.152585533917233107e+01
-2.976668735257305798e+01
-2.772552557107815119e+00
2.044883380189463651e+01
-5.468120687622487708e+00
-1.773654382240891891e+01
5.083652846251851543e+00
-3.916117943650155553e+01
-3.978734296098904721e+00
-4.696093495631333781e+01
2.773916916237212149e+01
-7.002774300603107349e-01
-2.827364747041633564e+01
-9.489243371382173109e+00
1.046187680889607918e+01
-1.999619422493296383e+01
-2.583414661096682607e+01
5.336575517938776159e+01
-1.373288632560206679e+01
-2.282384815147020163e+01
1.546643739576818888e+01
-9.989995104332670905e+00
3.093510913259688166e+01
-2.577105021195791323e+00
3.916673931211235526e+00
6.118238835962415578e+01
-7.080395602885459994e+00
-2.079167763485844489e+01
-2.445594540477588907e+01
-2.886970237802967176e+01
-1.937430524664819131e+01
1.540262690978966020e+01
1.534986185089502442e+01
1.268333690691905957e+01
4.163455687908890468e+01
1.827993429364482836e+00
1.185100917110324303e+01
-3.605993993254713814e+01
1.508661580300952210e+00
-1.061289320644513623e+01
-1.508869042537747873e+01
-1.951720524511983967e+00
1.913578146993810947e+01
2.164722383696783936e+01
-3.955008445908880788e-01
6.836149923245272930e+00
1.567228275944875726e+01
1.982688216057377417e+01
-1.381412628427425204e+01
-7.129054153333981958e+00
4.030082655203557351e-01
-1.309785887278724203e+01
-2.915126856865015270e+00
-2.034149908071390200e+01
4.497895932718962797e+01
3.643069423493227532e+01
-9.204548993085893471e+00
9.081342844823467431e+00
-2.622555891375959902e+00
-1.700181127318010965e+01
2.025793968304859760e+01
-5.394226598621060020e+00
2.264496457347362934e+01
-2.973021162326113398e+01
1.017183249684384805e+01
-5.598773894046587429e+00
-3.056393972224509525e+01
-1.379426065938594093e+01
1.514435589284880024e+01
-5.192736166817390142e+01
2.441491438653912383e+01
2.648877666566960443e+01
-5.665616110010986972e+00
-3.376581149351096656e+00
-1.757355746207963421e+00
1.421382387303719952e+01
-1.852141669469753538e+01
2.050867014979027303e+01
1.736362349297286300e+01
-5.590091722436034161e+01
-2.010838410700488055e+01
1.350141861161079504e+01
-4.877934044907334510e+00
2.466294215123419775e+01
-3.623375813426923742e+01
-2.966869668433275820e+00
-2.377932756898680466e+01
-7.309663708412681160e+01
4.371296477954582826e+01
-3.323804241826570660e+01
-3.479593481315551173e+01
5.078522957096055279e+00
7.375780131781544924e+01
6.498995924517600997e-01
-1.599598591177658591e+01
-1.762771277868239395e+00
-3.107239346509771849e+00
-4.875424615335428769e+01
-3.485509451851439877e+01
4.661616075379714630e+01
-5.828113687648880159e+00
-2.143108480732355758e+01
2.808066873141888209e+01
-2.039235431355015749e+01
2.101826364274677417e+01
3.025161793153385759e+01
-3.249736600989129442e+01
-1.600134207900202910e+01
-1.975517890572157853e+01
-1.013707768317837576e+01
-1.006546548040278566e+01
-5.906033312292436221e+00
8.110592301925350966e+00
-1.941361171411973174e+01
1.614795977801472304e+01
3.297055766906525065e+01
-5.144063955286462431e+00
-1.154825163110655240e+01
8.265250702875135858e+00
3.181169444394410561e+01
2.968219307005168162e+01
5.508364353947598602e+00
-3.173612918268048588e+00
-4.946359004215537425e+00
-2.888947615922142376e+01
2.188280528881477949e+01
-1.274604160752733861e+01
1.131837183585622597e+01
-7.916549308924686557e+00
1.534828904748636091e+01
1.039736683435299369e+01
-4.582182654252065390e+01
-1.514225418103103493e+01
-4.467167789752545559e+01
-2.031775752182340966e+01
3.042151238558616910e+00
-9.768790550956794050e+00
1.855528885660410765e+01
-1.703564955276107185e+01
2.075883753866008874e+00
6.097030769038894960e+00
4.027258460189159450e+01
2.044774120713253751e+01
-1.717101113546162239e+01
-6.824856878744753885e-01
6.944579833476069552e+00
2.176766075073632578e+01
2.371598717068650330e-01
3.103543799075515608e+01
1.284344361370227361e+01
5.143597266000114132e+01
1.122184807149295693e+00
3.725566332117440993e+01
-1.532091594265381218e+01
-2.144818060705696183e+01
2.529917004001163150e+00
5.345237524010485686e+00
1.524515572358387772e+01
-8.038992996853664863e+00
-7.777008754180940286e+00
1.469498691342309016e+01
-2.755439904939859730e+01
-3.130133716884893147e+01
4.498262678294628358e+01
-3.358378544222375695e+00
-2.225373637122363135e+01
-2.303299931728517436e+00
-7.631411104557173530e+00
2.410947242631542053e+01
1.880888658424055393e+01
-1.142754957541700378e+01
4.428984172722039148e-01
-1.505722012588996961e+01
-2.003670123881101972e+01
-1.524471339499564237e+01
-5.491100626667486040e+01
2.043103716094663014e-02
-3.663975462923700377e+01
-3.162560195191225887e+01
-2.119526406458203382e+01
1.084198541642678038e+01
-2.072513049261763740e+01
1.311087831006949500e+01
-3.477988046200843542e+01
6.128398817636480089e-01
-2.353108104417677282e+01
4.816837593231241499e+00
6.370828059290182921e+00
1.895359993916318331e+01
-1.189973154143046941e+01
-9.137523087420163392e+00
1.677370051412059127e+01
3.369602216778368131e+01
1.865642051719086680e+01
4.667648073191685398e+00
-4.073448553370312197e+01
-9.615756074517918250e+00
-1.790056240763937012e+01
-3.434238271473367377e+01
2.295199876429137475e+01
-2.058668828518540295e+01
-1.876399017835183258e+00
-1.592751852563840487e+01
-5.666379173690029347e+01
2.943359139842993955e+01
-9.982063881724229759e+00
2.300434642434237276e+01
-4.058614733796913754e+01
3.828245269723544197e+01
2.098114141253375919e+00
-1.637666017109158290e+01
4.836919237802646876e+00
-1.182599642095689774e+01
-3.727197766383255839e+01
8.258581293240709442e+00
2.020397001959560157e+01
1.004198822142882364e+00
-2.059751201811184274e+01
-9.276697254206936805e+00
9.995404570450602932e+00
1.812806797577187012e+01
3.582009770692887685e+01
1.342249301584320165e+01
-1.320812146923498176e+01
5.416143315146425152e+01
1.363761933219239708e+01
2.410124214673371768e+01
-1.032070002082224391e+01
1.593819131771519437e+01
1.111179846056231213e+01
-3.523149220436400242e+01
-1.171128932031577108e+01
-2.321361921764408009e+01
-2.092786642052314505e+01
-6.853561494558334743e+00
-7.858411694326946417e+00
-2.393796123110348617e+01
-6.299941141358762309e+01
-1.640841909215453853e+01
7.118105266685915922e+00
5.170245982629239734e+00
7.867089708691608507e+00
2.632778489559791524e+01
8.008598381118432030e+00
1.845507442778784934e+01
-2.371659144188431867e+01
2.594797882691250379e+01
-2.583935668265445429e+01
-4.081528611573787657e+01
1.246853922398582881e+01
-2.447900052340636989e+01
-2.232288583200632104e+01
-9.007198813435272200e+01
-6.573456236712374334e+00
4.630021982861734386e+01
2.410954028292015749e+01
-5.802448560238133268e+00
-7.829708311009255794e+00
2.140141036957410847e+01
3.777204536245173472e+01
-2.365013975997749185e+01
-6.157752182122294471e+00
-1.931536905811466909e+01
-1.991678368948686284e+01
-1.750375791279722648e+01
7.234478835702361721e+00
4.020337302935993762e+01
-3.709056281454945747e+01
-3.188583473207336283e+01
1.862805942215601362e+00
-6.038155403454993575e+00
-7.656231651040805275e+00
-5.121639624795420787e+01
3.567474257358401246e+01
1.359715570817900243e+01
5.282599803929436177e+00
2.752914974368916035e+01
-1.861035258832799144e+01
1.760674168811906526e+01
1.582404296114324893e+01
2.140614752596803783e+00
-3.490270064891571877e+00
5.048296975934453812e+00
-8.971048827755357280e+00
2.875990776517045333e+01
-2.277501557873648608e+01
2.444563883640637414e+01
5.512290728362529535e+00
8.200762549706553273e+00
1.286999083632048269e+01
-4.938410874255470162e+01
4.741436323114584184e+00
-3.807783272145812248e+01
-2.785149127116059731e+01
-2.785269838999319347e+01
-2.833679453776318269e+01
3.017423084434085467e-01
9.504732369452696616e+00
2.828057894309492326e+01
4.920468511010163581e+00
8.159624263573469705e+00
-3.987687101316163307e+01
-1.452057797169760534e+01
1.935979371417400330e+01
-1.102627100169598862e+00
-3.573513217423851529e-02
-5.085148119642383335e+00
1.990087054019346624e+01
-5.186686795765035640e+01
6.410923299744926140e+00
1.155675063702662442e+01
2.455646448613199340e+01
2.103428631168125662e+01
-3.214869506513757358e+01
6.430783796365062699e+00
3.319156390210025620e+00
2.751833869340259753e+00
3.340622979653090852e+00
-1.073465531498999326e+01
-2.007504785196040586e+01
1.074574330612875883e+01
3.412147311329437116e+01
-2.817450916010443507e+00
6.606649592597563014e+00
9.607096145506545781e+00
-1.460805021312133078e+01
-1.542178590536312299e+01
-6.782124190544027442e+01
-2.102872210354075833e+01
-3.101462466259971507e+01
-3.819087985619461278e+00
-3.834403771244450354e+01
4.264918836255256451e+01
-1.777743968703038036e+01
-3.042591395363811557e+01
-8.785814739003205887e+01
3.779222599747035360e+01
7.564015807816588222e+00
3.378665639996654591e+00
-3.557343794453899477e+01
5.017551481670352587e+00
-1.126307702655904563e+01
-1.860964456374096088e+01
6.581389608274600178e+00
1.914782687676745354e+01
4.171953145303525901e+00
-1.206598057455289563e+01
-1.157462313324799652e-01
1.584661531951752522e+00
8.897821181173810601e+00
-3.612989710462888127e+01
4.095918083973104729e+01
-2.432381612592745057e+01
-1.698077847642531424e+01
-2.779342777107865459e+01
-5.904599537420530453e+01
5.102886631788720706e+00
-2.970914530750965810e+01
-1.084742623521922411e+01
1.851294845769717767e+01
-1.469672925575568456e+01
-2.011806484203589207e+00
-6.687956157921632894e+00
-1.145360233490458768e+01
1.791402380306724496e+00
3.080034555591973344e+01
-2.859746760613414551e+01
5.651240971903516197e+01
-1.282848456748246235e+01
1.900707748008396436e+01
-7.784804574901698970e+00
6.487544667878097471e+00
-6.152507663045923891e+00
2.492521975806380397e+01
3.483646218522319060e+01
1.086790510157380396e+01
2.623686725348493098e+01
-2.019412222188795170e+01
-3.715728853216553773e+00
-1.269961465239560994e+01
3.888651824458273154e+01
3.265594112206133559e+01
2.466360565106430158e+01
-8.799059572781516181e+00
-1.579594225158726317e+01
1.410579054065102156e+01
-1.590885540974358037e+01
-7.030258616340859135e+00
-3.299487116279607335e+00
-1.677570933896206640e+01
2.821022124807115006e+01
-4.679234772776347029e+00
2.150494203402800508e+01
1.105726874404286875e+01
9.820032988567461985e+00
-1.877195409725877795e+01
1.505255020766486496e+01
-1.032235876518416262e+01
-6.653759064836719972e+00
-1.774089458876431991e+00
-2.732302912051898147e+01
4.231334507150899071e+01
-1.514633625723767629e+01
-1.758206240451130498e+00
1.263155735824788906e+01
1.090078875140505943e+01
4.205681097510638722e+01
-9.856168423936054523e+00
4.275496677106309562e+01
3.838229215454464338e+01
-5.317958770197282092e+01
2.893226519017545684e+00
-1.050518863023569338e+01
8.815996459395961438e+00
3.327458422058029441e+00
1.126638240506275679e+01
3.536131935331429332e+01
5.533560599387062950e+01
-4.262892747279423133e+01
4.289358133389987415e+01
-5.552508011493900142e+01
-4.605138859927930639e+01
-8.192310796613512025e+00
9.341055235267958778e-02
4.136858040340105447e+01
2.027726187208895681e+01
-6.842399083143703820e+00
-5.062221322011328084e+01
4.003096777876819345e+01
-2.375024348835052024e+01
1.070647296386823655e+00
-4.010170642074051273e+00
7.150344653367326941e+01
-1.439343282287899228e+01
-6.053582692825750655e+01
1.780382613448739448e+01
-9.229751917120790949e+01
6.560227099088891123e+00
-2.070813610916513881e+01
-1.041899029413997013e+01
-1.539228035041725207e+01
-3.314704950660905070e+01
2.168734444900083247e+01
-2.151495455690420755e+01
-6.663298495295236989e+00
-4.474196089224921025e+01
-2.494535677038243193e+00
-2.966745214787147944e+01
-4.226647348233575485e+01
-6.447499818983487785e+01
5.218150997055772677e+00
-2.015654638451096048e+01
3.500672286983615322e+00
-7.954081201527799294e+00
-4.607764572992095964e+01
-3.685079107287229760e+01
-3.094161472081168540e+01
-3.209892627539665000e+01
3.022062775716247529e+01
2.949814362146170765e+00
-2.823286571881699558e+01
-1.228712807473760904e+01
-1.392823085443615128e+01
2.279630059058409230e+01
-1.765472203299821174e+01
-4.363630266956693760e+00
-1.586476683991656955e+01
-2.031889849074839560e+01
-2.291724137939090156e+01
2.097881673821494530e+01
-8.765260686813434177e+00
-5.244357159794071777e+01
4.375926329397785253e+01
2.498487167741876647e+01
1.493362199851503647e+00
-4.426820763750436072e+01
-4.249707869435536622e+01
3.982100344540981496e+00
4.266313221694986169e-01
-1.803250689001868068e+01
-2.601926022026452046e+01
1.784850664769123796e+01
-3.165711659696228253e+00
1.495710047146428678e+01
2.774131441319900659e+01
1.806265499876283798e+01
1.809669204620897176e+01
1.355525203197805340e+01
-1.186933311413588399e+01
-8.448114366814976961e+00
-1.228010656427736080e+01
-2.082352588803036042e+01
-2.430590910256449888e+01
-3.618003587674522237e+01
-2.113078605718625624e+01
-5.770349464686375995e+00
-4.361499272042829034e+01
-8.112384865378885479e+00
2.066321169185263429e+01
-4.482069989537922083e+01
1.690050904234260543e+01
1.522613497512972458e+01
-4.075140158367196364e+01
-3.220996419534159827e+01
-9.741746047183511337e+00
9.973493243047897749e+00
-2.233569632976860930e+01
4.109246768016123497e+01
3.647447513226188676e+01
-4.388625524395450839e+01
2.540266645463304940e+01
1.974698902010024426e+01
4.990972446873968238e+00
1.228236914698395310e+01
-2.431528057305207824e+01
-7.446164610128732875e+00
4.719347101234689035e+00
1.092261834602075510e+01
2.405510120250070827e+01
-2.919863660923360271e+01
-3.433741912690607023e+00
8.517959342540677881e+00
2.969129289597418619e+00
-1.698327238638863435e+01
1.241757785669362590e+01
-1.453318786488554792e+01
-1.165128725187558700e+01
6.462557540758666619e-01
-3.459839568624674655e+01
1.663493709769838347e+00
-9.583618384716544369e+00
-7.882593671182064554e+00
4.809414385623597354e+00
-3.088405580910330173e+01
3.373005689013939445e+01
-1.434156437482086233e+01
-7.589095541249895405e+01
-4.860308634488782786e+01
2.106718211144399788e+01
-2.300290940584247323e+01
-1.076030084756246197e+01
-1.498821425975408062e+01
-1.043236842801654518e+01
-5.741978930314095919e+01
-3.585595746952776608e+00
-3.543603945909387676e+01
-1.957699541631768625e+01
1.211311047716355915e+01
4.476470958052934179e+01
1.590186091655265699e+00
-5.264826613215092266e-01
3.392642979066833675e+01
-3.151439592963872371e+01
1.817691318805098177e+01
4.317031295012057512e+00
-2.712221675723861836e+01
-1.450871072919429139e+01
1.270554989600907447e+01
3.472701106948434813e-01
6.923141060683317249e+00
5.900740683268452358e+00
-1.351081222284244632e+01
-1.838966184399896520e+01
-2.840431170302895225e+01
2.807839794715005155e+01
-3.676360843985379034e+01
-2.728808844648364129e+01
7.145470257460758035e+00
-4.957836423794206837e+01
1.279561161948572590e+01
3.647553190637034959e+01
-4.153515947574717870e+00
6.605212191622172213e+00
-1.636743199540603655e+01
-1.250880138735712421e+01
5.952395990507795887e+00
2.168357708367928538e+01
-2.211253839694456858e+01
1.536808905459247399e+01
-6.029353011043667721e+00
1.725097024466350604e+00
1.322141499553954702e+01
8.524452910598711242e+00
-7.297471743767587782e+00
1.593911293119276706e-01
1.096608877640835544e+01
1.626278192730441674e+01
-4.088807679834835085e+01
1.794874953120142891e+00
2.939258026563086190e+01
-5.261810604353280496e+01
1.732319006581015230e+01
-6.647806880567787857e+01
-6.125653882236552050e+00
-8.457426913199711294e+00
-2.912339182776236157e+00
-6.909378229873510691e+00
-1.435981922934942645e+01
-5.425530742302100862e+00
6.855997472281714522e+00
-1.514614088439330786e+01
6.874621017350762031e+00
4.990543802757233038e+01
-3.453647024164922641e+01
-1.507493851077612135e+01
2.263588682378431827e+01
1.364715386832915556e+01
2.488308830788483306e+01
1.197583508765345428e+01
1.204992863591297692e+01
-9.124438042493636658e+00
-2.795730412258177466e+01
-2.574028309302673279e+01
-1.536719524102781520e+01
2.661229857960478284e+00
-2.399847039573415941e+01
-7.934818507780086350e+00
4.158784798784722625e+00
1.356439367903141147e+01
-5.807677905764460746e+00
3.394660052845863163e+01
-3.294180124979300217e+01
-2.229997231201224395e+00
-1.794338580515246306e+00
1.568184199644751686e+01
-2.239198853821599045e+01
-1.415875530728089871e+01
1.072099146812493586e+01
2.561533739558100820e+01
4.248598839310193398e+01
1.820292007191957850e+01
2.379177964517135990e+01
-1.589558965869483487e+01
3.579147257661480808e+01
3.759355206978943897e+01
-1.442640105416387541e+00
1.942904688399772795e+01
2.146773152751387670e+01
-1.333665841169569433e+01
4.797753045486331303e+00
3.448231440049346475e+01
-1.370104681494277088e+01
-5.202867749078109227e+00
-3.430063238204534315e+01
1.350733359028490099e+01
-7.258837613961048874e+00
1.123508846768243075e+01
3.347627367645870322e+00
-2.263296120313007620e+01
2.589595939841737504e+01
2.277380533366783766e+01
-1.523831055931688638e+01
1.079319348098029252e+01
-3.461920045075083863e+01
-3.016536315100678323e+01
1.408207644216679455e+01
-3.870444128179188681e+01
-1.747321977149519512e+01
2.979465514408389026e+00
4.695305501555529304e+01
-1.441314202690543311e+01
-6.938797811918362868e+00
-1.021895230900062757e+01
6.362711974536296111e+01
7.990567060629864216e+00
-2.442010866039184691e+01
4.016349457191620331e+01
3.558132311004428061e+01
1.785623695559846169e+01
4.263003099405787566e+01
4.871268593300671057e+01
-4.271681312402556330e+00
-1.572170605602789806e+01
-1.646218474862564562e+01
1.634406182757197712e+01
2.124374958845993433e+01
-3.886403611837721428e+00
-1.313597754604865031e+01
-3.462728137797665795e+01
-1.433508573692870414e+01
-2.559796528177133723e+01
1.706339304437456406e+01
9.660639371143474818e+00
3.613620666307889451e+01
4.197261766543533668e+00
-1.334662776344225676e+01
-4.799224388125256979e+00
2.240634112543352074e+01
7.072636040991540085e+00
3.085853330579271869e+01
3.158887140169110808e+01
-6.857761441237641975e+00
-6.081493695801555077e+00
-5.693805208805201801e+01
2.868071278990553452e+01
-6.852584322118104865e-01
3.067703613091642012e+01
-1.228417469209706070e+01
-3.539912168185948360e+01
1.192802395336526899e+01
4.128696788159166431e+01
-1.484928678608780217e+01
3.743241737987312945e+01
-4.121662990230650792e+01
-1.303972324204781330e+01
-4.599210753937370555e+01
1.082823698453213979e+01
4.601363631322556103e+00
3.060529627574396727e+00
-3.515897861840466021e+01
5.118334411954941743e+01
3.064672942774382136e+01
4.957891559328913900e+00
-2.912450833489330648e+01
1.224901371384424920e+01
-1.319904737724243660e+01
-6.990885071762249936e+00
-1.349759816849683602e+01
1.038199758032780551e+01
-8.124977395785066392e+00
-1.139877433972796439e+01
1.176419068288265635e+01
1.464498236540423903e+01
-4.846269116779353681e+01
1.119431757820882467e+01
3.811973015860712621e+01
2.270242957936923744e+01
-5.950524564304284780e+00
8.885458003990578391e-01
-1.984027021018775372e+01
3.281173105033923321e+01
8.782598190222984158e+00
-2.350192368087874684e+00
-4.161485809377893474e+00
6.036781584578554316e+01
-1.814961352555457097e+00
1.385698914733836773e+01
4.209930457777562651e+01
5.432468719164373994e+01
3.503678966282774354e+01
2.289010519882515382e+01
-3.741702096760243990e+01
-2.555608359148342856e+01
1.942704717230589040e+01
3.875408201849324996e+00
1.782338996969357936e+01
8.937807310028986763e+00
3.463986427456413253e+01
-4.364655303020717980e+01
-2.747355953845678300e+01
-6.495631215443722795e+00
-4.815297867092354522e+01
1.073012616567152122e+01
2.478066152203811612e+01
3.841534606798859386e+00
-1.248104446797890432e+01
1.305185935428875155e+01
7.770364234635485445e+01
1.739484876432027249e+01
8.897474376426941944e+00
-2.644518818011587769e+01
-3.370856688185557459e+01
-8.255550027547634784e+00
1.857986797918223942e+01
-3.382629077397155015e+00
1.334040369362197254e+01
1.958880921453311430e+01
-3.216666005137892625e+01
1.472366662300106555e+01
2.482825247039448868e+01
3.174418581075906332e+01
-3.701731465249793018e+00
2.606698533689211672e+00
-5.617515708535350427e+00
-2.716044717873310788e+01
-3.902483964297587704e+01
4.464781263671314093e+01
-4.369547816254765848e+00
-3.108607760402492204e+01
3.014357226060369044e+00
-1.456929639898768869e+01
5.096769158337880867e+01
-1.302768162578615829e+01
-2.011502313481287274e+01
1.951393992031989910e+01
-9.230901008585703948e+00
2.503391061973459841e+01
7.106546474361152832e-01
5.457834161919402050e+01
2.956093944012588537e+01
2.215649191811074559e+00
-2.089234976312143033e+01
1.545947885201155714e+01
-3.027515301142809534e+01
-4.875136337296780198e+00
3.440799041778544165e+01
-1.569510586656133455e+01
-2.517200878457273916e+01
-1.355264156053226543e+01
2.806850223154697233e+01
7.104559251602644565e+00
-4.655999526170000991e+01
1.871492056715860031e+01
5.286765211447459478e+00
5.193631403851838968e+00
-2.819872887458257082e+01
1.648152883120445722e+00
1.897096922571205369e+01
2.694427822256146499e+01
3.694706616200041793e+01
1.624354079085453861e+01
2.223462204196067660e+00
-3.031639422349937263e+01
-2.619891201936857783e+01
-3.878190521658319767e+01
-7.360687876713654987e+00
1.781297538266821334e+01
-1.423292204898196189e+00
2.878028636821562714e+01
-1.838359105181285713e+01
9.183495121076077794e+00
-9.771607007611564200e+00
-1.675580158573814771e+01
3.432575048034892973e+01
3.947165973270045924e+00
3.531782858859156704e+01
2.745792461604025902e+00
1.251759860954864045e+01
-1.000189624984616898e+01
3.410646530805220777e+01
-9.318934992115401883e+00
3.215379230175656744e-01
-4.385042981502087400e+01
-5.385863557496719523e+00
4.016000097848294104e+01
3.596474201031608686e+01
1.505603863913836449e+01
-9.279256543815691316e+00
3.046778392581586559e+00
-1.173997528140094460e+01
-7.745899096402922623e+00
5.189047032550487160e+01
2.757592443253258807e+00
-1.475482419727245542e+01
-6.093831257652822586e+01
-2.673925274648289019e+01
-2.157454105980940540e+01
-3.609291851410159779e+01
-3.268682271289313235e+01
-3.892121992885699910e+01
-2.581319683223370731e+01
-1.786059065064353035e+01
-2.774475236234130193e+01
2.636631514612287575e+01
-1.170598872801389234e+01
-4.981682362003732578e+01
2.268281583976428806e+01
-1.714998077357716610e+01
-4.565481038102345224e+01
5.467231766267232729e+01
-1.462951875053124695e+01
9.660713282396500290e+00
2.260159717949360925e+01
5.042215543931121147e+00
1.491271920658900285e+01
1.810843179840574635e+00
1.123328483301246905e-01
-8.338736468494417409e+00
-4.248024256207298777e+01
6.731505400857805910e+00
-7.019732497924917425e+01
3.991098631006393305e+01
-2.397820535999446179e+01
-9.909766028089848078e+00
-1.020989373487418561e+01
8.482738117924316867e+00
-9.642139791363575796e+00
1.527065991750446727e+01
-3.114836121595068619e+01
2.024172172380039569e+01
2.432474616865666306e+01
5.943818014420429563e+00
6.442565064553491538e+00
1.219774324188631454e+01
5.113658823996274805e+00
1.562367529802776289e+01
-4.526847607265253259e+00
-3.960059942991495063e+01
5.439208766504719961e+00
-1.404696810007317254e+01
-3.055384069501798194e+00
3.115753377459242301e+01
-4.539536909049434854e+01
8.016486539854668081e-01
1.157499612661155197e+00
5.150865820216381508e+00
1.770969649126158174e+01
-6.884404107846112453e+00
4.690730290527375246e+01
2.490010371955375490e+01
-8.700319037241541764e+00
-4.298464754815000788e+00
2.143370821979942775e+00
4.352326057908169332e+01
-2.989328914650576507e+01
-5.824651286207210887e+01
1.742856490851306717e+01
-6.888381112052513799e+00
-9.461149239600331384e+00
9.362289480394977659e+00
4.306120850262971089e+01
2.511864863975279150e+01
-9.080941038217645200e+00
-2.974942716100306939e+01
-4.829118353563302435e+00
1.601348091950768548e+01
-8.678046541853575491e+00
-4.223677038788014215e+01
-3.444974358035210571e+00
-5.404112505793789012e+01
-2.872610041337793518e+01
4.658441272739594297e+01
-2.955475017533001392e+01
-3.881973051827023369e+01
-2.931983539869827382e+01
-2.096662193300451804e+01
2.055496338237745135e+01
4.790465736613801084e+01
-3.731021409786478671e+00
1.470573601186143264e+01
-1.205261329505458434e+01
-3.950131369079745980e+01
2.678424818119276551e+01
-2.687774830943868665e+01
1.491166047162678865e+01
1.820663893800170285e+01
-6.092811836368582590e+00
2.157964968276928630e+01
2.347273964299930071e+01
6.465157054512940249e+01
-6.807119702406225770e+00
-2.945408215118466444e+01
-3.585462249641307153e+01
-9.731807742375764292e+00
-1.913981261820201851e+01
5.395943618538831288e+01
-2.503939684420731737e+01
6.544847607917393617e+00
2.788186370585634677e+00
-1.255477313023226316e+01
-4.846754516145318803e+01
-3.590936786706635075e+00
5.627373450598507532e+01
9.895799269798899900e+00
4.309029084423855238e+00
-3.292777721439087202e+01
-3.274191091176305690e+01
-7.998435729338694955e+00
2.622845037015389380e+01
-1.455293414622630621e+01
5.871050090520392928e+01
-2.761508414643523679e+01
1.073000025707654004e+01
-7.854902774488039086e+00
-3.699622277597671882e+01
2.489202536377035813e+00
-2.928046738301759433e+01
-4.217840433892234842e+01
6.324049861087701174e+00
1.063209959087927814e+00
2.983614295913289993e+01
1.350578892261189878e+01
-1.919676589001568701e+01
1.235625398326595814e+01
-4.995330082147307138e+01
-2.732995217930869103e+01
5.101095583716155346e+01
4.720073949209684372e+00
-6.039208498626464916e+00
-1.701388386393327323e+01
-2.482536572230287675e+00
-5.610317020667082488e+00
5.089961771375359945e+01
2.380302318324806521e+01
-6.749566204291852500e+00
-2.023754835864281176e+00
-2.248986319904316389e+01
-8.999813743978791081e+00
-3.598112883616556701e+01
2.826137009748986628e+01
3.988379558827674032e+00
5.868794494482358459e+00
1.020793683225819848e+01
-4.574285704366207739e+00
-1.173957420541207064e+01
3.026370089861256218e+00
-6.179405402572686512e+01
-8.876441825062755697e+00
-5.841515541937923217e+00
-4.407781462043189435e+00
2.755915371770339561e+01
3.713444095648568322e+01
9.845641369945781207e+00
-5.438632495596801419e+01
3.554506353402655350e+01
-1.227032069949166271e+01
-2.139022948262515911e+01
-4.983828185021040724e+01
-1.725325451362185447e+01
3.544360570028755575e+01
1.748918244888625395e+01
5.853646424162207040e+00
1.925424849954430329e+01
-3.328589121731090472e+01
-2.658063130702518606e+01
3.225796276775633942e+01
2.224955056561393008e+01
2.745101396471380895e+01
2.754587137606776537e+00
4.857491357795055364e+00
3.112591091407767863e+01
5.520943785212017474e+01
-1.194631567870678168e+01
2.202099517410601948e+01
-1.472276000473573276e+01
-2.507338721049418240e+01
-1.980090152027347017e+01
-1.987609219727281129e+01
-8.235263854434975883e+00
-2.715811988562438728e+01
-1.120334040228553363e+01
-7.752177217303277246e+01
1.936790253244208770e+01
1.267832251202811378e+01
-2.675662568249165929e+00
-2.219086366208250638e+01
-1.059867614214880405e+01
-3.132021956567115240e+01
5.650852845450913264e+00
4.601829094430274836e+01
-1.254769043508076720e+01
-9.656124530440422404e+00
1.195720907822953905e+01
-2.916280716586733490e+01
4.838501111487364170e+01
8.425257246123514676e+00
7.906947831508603031e+00
2.827352875372693575e+01
-1.436593087754715725e+00
3.194777939877462813e+01
1.077308596118093931e+01
-2.270086624424905608e+00
4.687185317394380490e+00
-3.650127584677846926e+00
3.783129159023172861e+01
4.931381536351238992e+00
1.037437720371059413e+01
-6.637716633166036218e+00
8.001828588846606749e+00
-5.263913995131937895e+01
-2.014216785740541127e+01
-2.778091160321224606e+01
2.710881164431216916e+01
-1.826317052470756153e+01
-3.425291581930872553e+01
3.302868597465089806e+01
-6.981382639456569450e+00
2.313021255385439190e+01
-5.142037754124248750e+01
1.064626406988890395e+01
2.968040492064034197e+00
3.433512357549261651e+00
-6.593606799532437890e+00
-4.155533181321743541e+00
2.893993971944950516e+01
1.072149140335170614e+00
-2.888877095111587323e+01
-1.069657718413041891e+01
1.258539583156994013e+01
-6.558690703131581756e+01
-5.016446871834956056e+01
7.372645687466672371e-01
7.992022024052140239e+00
-2.676079200330566721e+01
-1.110267392816837173e+00
5.989629336937377957e+01
1.601541997714508625e+01
-3.064357071342800509e+01
5.316504806509556147e+00
-5.276775600150244827e+00
7.136400298435191303e+00
-2.023529823107830339e+01
1.251110821643642268e+01
1.494794669855292568e+01
-3.927949746997626335e+00
6.345098222467586879e+01
-4.503220269833988709e+00
-1.800383203931170328e+01
1.358907883886001855e+01
2.443132233240197593e+01
-1.926616042829382991e+01
-1.031755969820924435e+00
5.567606984690547733e+01
-1.589104570775873526e+00
3.334481122067589354e+01
8.343228341882536370e+00
-3.990945213889091292e+00
-1.285351983221539740e+01
2.967961330498135908e+01
-3.179898374182083387e+01
-6.382239625822592188e-01
-1.034895591248411506e+01
-2.259639320637348447e+01
8.503324265594416786e+00
1.507148251692597540e+01
2.470329572861373890e+00
-2.648373109461772401e-01
-2.258154746340056818e+01
9.212398972056078605e+00
-1.877517998400193733e+00
-1.286960059150379010e+01
-1.146816658186798321e+01
9.443073633997130401e+00
-2.164553247473065767e+00
-2.148873371001323562e+01
-6.196452857605004283e+01
5.876522920699613906e+00
1.100963494008867372e+01
-2.750650684074199148e+01
-1.352968379141748301e+01
4.699470001837002542e+01
6.354799342728128408e+00
2.244234306764548137e+01
4.887035766833889738e+00
2.261718756692540921e+01
3.261570996653546217e+00
-2.215216625952147922e+01
-6.133233881166447077e+00
3.098520557807063369e+00
1.787036763014367580e+01
4.291731158482355113e+01
2.794428110023309841e+01
1.728843158786304457e+00
9.663685603052726947e+00
3.443592934018363394e+01
1.500420843507412982e+01
-3.944011763381249125e+01
-1.568677587263442774e+01
6.419390738361414606e+00
4.826317593801235262e+00
1.401424286271575426e+01
-2.946796570455938991e+01
3.973831450978835278e+00
2.456378702655882762e+01
2.719702344003339078e+01
-2.442808984527300709e+01
1.725861071062695373e-02
-1.290882862718518709e+00
-9.715258933154984788e+00
-1.614403810928578764e+01
-8.803376041963446141e+00
-4.951219701024996311e+00
5.748785481914154616e+00
2.405529311474681009e+01
-1.754145251163753016e+01
4.600896389568322320e+01
1.867624869744850002e+01
1.526221247355979926e+01
2.015460433144713193e+01
1.545196624655959283e+01
2.062537004727833789e+01
3.112394782090717626e+01
-2.592637307133247759e+01
3.540049352285630846e+01
-6.488348473728396471e+01
1.802080466825534089e+01
-6.077872252886848514e+01
4.741504767685285060e+01
4.290821190028840704e+01
-5.324521610615192913e+00
-2.740906370428621130e+01
-2.411921773123583534e+01
-3.133267589522151297e+01
-3.603741536273346924e+01
3.216480934361567279e+01
2.392576512200308514e+01
1.359936768540664787e+01
1.612955280819113568e+01
2.534471800001159636e+01
-2.227261853215082965e+01
-1.004024925580688432e+01
3.137296132009918637e+01
-7.432521209296723441e+00
3.032507526104660656e+01
4.234514534871854607e+01
-3.252462077438966759e+00
-4.163895685493645260e+01
2.833240853757672539e+00
-1.412959309648613271e+00
-5.811306281297504484e+00
5.640252530659495278e-02
-3.707381294287193896e+01
-7.164719132201781804e+00
5.071360477948873680e+00
7.548224741996989451e+00
2.777890588171015906e+01
-2.425584246057248095e+01
3.174367096013247647e+01
-2.270246009862599124e+01
1.460121429292499329e+01
2.297066058304079661e+01
