[[-406.64894674]
 [ 354.36767041]
 [-269.9162081 ]
 [ 181.65352507]
 [-112.2628017 ]
 [  70.8090523 ]
 [ -53.5923475 ]
 [  50.57629307]
 [ -52.31934105]
 [  53.59637116]
 [ -53.19275604]
 [  51.66484055]
 [ -49.43157469]
 [  46.25820314]
 [ -41.8238332 ]
 [  36.37627462]
 [ -30.84402371]
 [  26.3794213 ]
 [ -23.76680746]
 [  23.09387927]
 [ -23.84925331]
 [  25.27326555]
 [ -26.6886752 ]
 [  27.62442427]
 [ -27.77999612]
 [  26.97588408]
 [ -25.18384708]
 [  22.60418978]
 [ -19.69806237]
 [  17.08307358]
 [ -47.77034971]
 [ -32.45004848]]