-3.481718096548502217e+01
-2.025954470712790112e+00
-7.179565055593542411e+00
2.416351603460012143e+01
-1.196158145741243573e+01
-9.258670568168554382e+00
-2.414594216870685273e+01
-5.051536043098357709e+01
-2.156015577410385475e+01
-2.271210428552723215e+01
-2.107948214282949095e+01
4.248388528510350426e+00
2.003351539801144554e+00
-1.054487569373193878e+00
1.737563280471789540e+00
2.661535211049749705e+01
-1.026434457080631546e+01
-7.257008078571573151e+00
1.180413146450899831e+01
-6.217360717029528416e+01
3.117053645651350280e+01
-1.338211439202473230e+01
-2.419005980095699115e+00
-5.620433393649591380e+00
-9.823689984974066647e-01
-2.147017136475867005e+00
4.822399078338207801e+01
-1.507761903243442703e+01
-4.035518683828854591e+00
-3.050529490427622648e+01
3.943869120237673087e+01
-4.374321644584028945e+00
-2.146274413087860466e+01
1.127011581398294737e+01
-2.059330058646850148e+00
1.307493762669278681e+01
-5.510088029520545660e-01
2.733321885137016238e+00
1.901410480082410004e+01
-5.488647016543421842e+01
3.058032209672182944e+01
8.154955758249116116e+00
-6.270361141669610561e+00
-1.755113055136060041e+01
6.930314305867739222e+00
-1.097219986353866261e+01
2.500991321199893491e+01
1.996981476592469562e+01
-1.288458181685535919e+01
-1.644473898505782472e+01
-1.738807032280260501e+01
-2.087737172978444988e+01
1.059837786600729714e+01
-2.720472833510848432e+01
8.326404914560157522e+00
3.474310354070483697e+01
4.005627104599032151e+01
1.865778062608556809e+01
8.338180976487237217e+00
1.740768226330027346e+01
5.111392608478098509e+01
8.654950770461027787e+00
-2.997628260331442362e+01
-6.061776274076180471e+00
-1.414665657618621708e+01
3.341935053398897537e+01
-3.956461981737001565e+01
-3.449075550183277983e+01
-1.755950827528958769e+01
-9.808091954073745455e+00
-2.250288332857104479e+01
1.576953519101589052e+01
5.231556395193820208e+00
7.850453642870689919e+00
-2.176145951744117113e+01
-1.905488421582143133e+01
-3.285892448521832421e+01
1.812641638033403524e+01
-1.884289245917133826e+01
1.701041423611927428e+01
-5.420734604073007112e+00
-1.497227498724691941e+01
-2.881032561575994322e+01
-8.562100748622185620e+00
-6.148468749710332304e+00
-6.906410722777081901e+00
2.246347996490921517e+01
4.208055431822863568e+01
-2.472547885103349330e+01
-4.315456000259306535e+01
-1.082444375772163880e+01
5.975401038936902864e+01
-3.260180909201822175e+01
1.801555391196470168e+01
-6.541445801906945690e+00
-3.353233639748951589e+01
1.385733222281415067e+01
1.963962606667118393e+01
-9.723958675068914204e+00
1.845047057608070418e+01
-1.351152589123819325e+01
-3.141189773317023537e+01
5.277827309484990792e+01
2.517709420318755065e+01
1.425044144199787866e+01
7.908617657933689316e+00
1.501755421402242519e+01
4.542370019658901015e+01
-1.481745788123774332e+01
3.358146466951900777e+00
-7.609554043743139573e+01
8.849319342124488230e+00
-3.728289733519940796e+01
7.808080657633070132e+00
1.226841103543638667e+01
-2.006959669688677650e+01
-2.849653582348105374e+01
1.238517908651317612e+00
-1.695548203022366351e+01
2.147891822743372359e+01
-2.794060492156896203e+01
-3.096404062358828924e+00
-2.024037228367204477e+01
-1.966238984250821886e+00
1.104376667402192425e+00
1.252414664394322585e+01
4.450134291581093748e-01
-2.898600371477243698e+00
3.580034035911755552e+01
5.070927319407985578e+01
2.739179215360411490e+01
3.960020787165932177e+01
-6.504651026163713823e+00
5.604483426253096923e+00
2.958260145090599735e+01
-5.273246692703281724e-01
-4.234591035882661458e+01
-2.269864280990205430e+01
-2.823474448512537549e+01
-1.542918185816717624e+01
1.596785831952507806e+01
-6.619851854776260325e+01
-9.332416792291837737e+00
2.469758239956135526e+01
-2.088458159458849650e+01
-1.741279227220758230e+01
3.321690066743309444e+01
2.480790858975933588e+01
-1.845259584280076126e+01
1.548675017850743529e+01
-1.416248262420249659e+01
1.904620294227046529e+01
1.871109601237805009e+00
7.387618728122760103e+00
-4.755025131115419157e+01
-2.637343074635093032e+01
-4.821829470836917153e+00
-9.098874752956600531e-01
-2.275571149062176346e+01
6.063892776830664388e+01
-9.734671577082735894e+00
-1.800257103379925638e+01
1.986885647095391505e+01
-2.562406347804305540e+01
-2.041814420280448417e+01
1.821947479071002363e+01
7.140553810839136872e+00
8.537976730336993114e+00
8.765771912173178748e+00
-6.174671115221229911e+00
8.892388015094979892e+00
3.251077527804732625e+01
-1.477702486283303074e+01
1.070357890652670108e+01
5.073779172002664950e+01
1.824936073312687768e+01
-4.207877888974906000e+00
-1.142174104090410225e+01
8.682639289815837458e+01
-1.191083802257240620e+01
2.091104564331044458e+01
1.443684647719999248e+01
1.643577844847035152e+01
4.933193008922978606e+01
2.674593152471601343e+01
-1.510033822297490502e+00
1.352439050586127678e+01
2.740452327789137144e+01
2.008686429397508277e+01
-3.245693606573115630e+01
5.256550693621846904e+01
-4.679038197292528167e+01
-6.882421071422520242e+00
3.071844675532327074e+01
8.337075089736782019e+00
4.203358992479991230e+00
1.580480048208800525e+01
1.249137872238256364e+01
1.919012490411662952e+01
-3.490713814014424088e+01
2.224776012228460331e+00
-1.482653253839998797e+01
-3.740239873435058371e+00
-2.478913605732316228e+00
-5.991391811106373311e+00
-3.207485536802920478e+00
4.670720685051938403e+01
-4.713373172658691601e+00
-1.450000493829148240e+01
-1.431257283696023563e+00
7.257776967279639280e+00
-3.325048553777543248e+01
-2.851161804213396067e+01
-2.021857661070295364e+01
-3.449004278004107960e+01
-8.941119523105822253e+00
-2.328755204732420481e+01
1.016322819083546847e+01
7.076593005921623103e-01
-6.969323403239684467e+00
-4.607111568862450213e+00
3.204962079784905882e+00
-8.192121160213545750e+00
3.795305048636004130e+01
-4.820406414126185268e+01
-8.447898529146080193e+00
-7.536446809407561176e+00
8.882040935787728131e+00
1.256699023625517952e+01
-2.620678307254695483e+01
-8.492938903533570283e+00
2.393747409530564596e+01
-1.120867515870691022e+01
8.863064239613436257e+00
1.899284255589141424e+01
-1.631863183173805965e+00
6.213344804408757227e+01
-7.807455802954223145e+00
-1.764567432838549621e+01
1.783116219304446304e+00
-1.368616331225362615e+01
3.041647410546711683e+01
-2.358582063944680129e+01
6.765173640033253832e+00
3.159847648618602989e+01
-7.041841537352837577e+00
6.585314717168517973e+01
7.127885992892021250e+01
-3.695242152813329994e+01
3.282259836431893518e+01
1.209628566518432535e+01
-3.098501161932887271e+01
9.258676948780227178e+00
2.337452923112972769e+01
2.389830728930073178e+01
1.284808270853716294e+00
9.442535533527802727e+00
4.139677122617160876e+01
-1.307285309025238007e+01
7.934854350167480419e+00
3.992546670353021909e+01
-2.056841595548635837e+01
-1.106862487780655613e+01
3.113512850067246518e+01
1.597467823056616965e+01
4.211091522655891595e+01
1.674826966334148892e+01
6.036981044203344027e+00
1.482457244736559687e+01
2.250408152131910811e+01
-2.977450049038127133e+01
3.799184689483780630e+00
1.373701399869078799e+01
6.465195905965344991e+00
1.315713711698479926e+01
-3.403354092674435805e+01
1.780437792594062785e+01
-2.376122016512545088e+01
-1.852048000901191216e+01
1.186867198312401683e+01
-6.482581342578754402e+00
3.217707694589796574e+01
-9.306187860172855153e+00
1.672043304736865821e+01
1.801175838171621990e+01
4.320614367153321211e+01
3.031163924179671199e+01
2.710266611787268687e+01
-1.854369632341871466e+00
-4.656243699480370424e+00
-1.776059925483804136e+01
4.437955628095500060e+01
4.416008005701476691e+01
2.169926187213128799e+01
-1.397183122855392412e+01
2.766251366301679582e+01
-2.866742547402964192e+00
9.919741304463308040e+00
3.671436566191371753e+01
-6.621110411222730363e-01
-4.411251440064972940e+00
-1.122427725618001659e+01
-3.249912876416368590e+01
5.310697408211021298e+01
2.810839284106469904e+01
-3.320372547454307721e+01
-9.146626177345126507e+00
1.461756168274931511e+01
-5.537641490717660986e+00
3.525897474218768224e+01
6.998221615960034114e+00
4.443949272854274568e+01
1.926736945329023598e+01
-1.265127358696759075e+01
1.115398723977257589e+01
-3.479139754854855937e+00
-1.527955570714607347e+01
8.746524570508029228e+00
8.365580202650846786e+00
5.220588470037282036e+01
4.386841982052361288e+01
3.085809183584252935e+01
3.712330997667447718e+01
4.821501351786508849e+00
-1.443956829641837203e+01
7.971133956834052015e+00
-1.859115885316183281e+01
-2.985187188401851444e+01
-3.097744482599819094e+01
-1.736535036150428368e+01
-6.054722707367352541e+01
-1.942737575574120967e+01
-4.823964018188289060e+01
1.306376547031864632e+01
-2.578655341625845665e+01
2.591704974499913305e+01
-5.510648642090120575e+01
-1.661333118029763511e+01
2.388026909324747749e+01
1.167233987444615195e+01
-4.946138350154134855e+01
3.152750015412561879e+01
-1.440989026417105379e+01
2.996502433415581379e+01
-1.291813785582900209e+01
-4.365734348617678506e+01
7.974236276974195903e+00
-3.624701919618530610e+01
-4.158496626823250608e+00
-1.659260554213860317e+00
2.276219472472789107e+01
7.022324893736464446e+01
-2.404621836053010497e+01
-1.948639125115887794e+01
-2.335602645740721073e+00
-6.340822752929085482e+00
-4.499770216578940563e+01
-3.104766961648925871e+01
2.666340679354375709e+01
-1.184747596917486590e+01
1.128605746360292983e+01
-2.734743535167541495e+01
-9.142223055581354174e+00
-2.311199998278048895e+01
2.874451064533369760e+01
5.317467565381093664e+00
-1.243886355973745594e+01
-9.465782356451256874e+00
6.607304326392593907e+00
-4.534826917759346543e+00
2.399302506845893390e+01
-1.435150259438660214e+01
5.542209938453254381e+00
1.976850576975674301e+01
7.641632938592977098e+00
-1.183771298682790984e+01
8.570623575361321400e+01
3.275307371387219746e+01
2.378622887556581134e+00
5.699053609180225521e+00
-3.488648291972469906e+01
1.873341203616286066e+01
-4.259299820278016568e+01
-1.621342616131903469e+01
-3.067579137501485320e+01
-1.103853382561695184e+01
3.167373120040224421e+01
-3.159161394154381242e+01
1.333400002138564844e+01
-2.144078938553718672e+00
1.162138593028771538e+00
-1.998569001903567255e+01
-2.473233944066075196e+01
-3.129103213880625844e+00
-1.992825475520774603e+01
-1.103808555396659585e+01
-2.302762958880414601e+01
-5.171049178570108040e+00
-1.934783260513445668e+01
-2.798208305813402319e+01
1.163241548213066068e+01
-8.005333860866159057e+00
1.364251721656393102e+01
4.741048538670227686e+00
-4.245039702388772440e+01
-2.926053390067812643e+01
-2.545587291152969556e+01
1.805975813223165005e+01
-1.366811496401325599e+00
-3.455003877972112036e+01
3.284500353967557373e+01
-2.182994862538148340e+01
3.185529536039847898e+01
-1.763273981214951291e+01
-2.691874900694617168e+01
1.321713999894251401e+01
-3.788173445616152435e+01
-1.919192504932888710e+01
3.454740076681591177e+01
1.052241473580147613e+01
-2.447200182287230064e+01
3.023996140336048910e+01
-1.011172578894752405e+01
-2.118528344259391361e+01
-1.694840031371325040e+01
-2.794060576541784258e+01
1.545293870582465701e+01
-5.014997584705338340e+01
-4.416710595334586742e+01
-5.667486274914210753e+00
-1.679844714177576748e+01
-3.296376234271767203e+01
4.099016233023007771e+01
7.484003176584805317e+01
-1.534337506697781350e+01
-2.016073519246617707e+00
-3.379367323269438117e+01
3.658194874517130302e+01
1.135946306583568344e+01
-1.333043564702967387e+01
-2.034001088790157041e+01
8.231489451422014270e+00
-3.237311380941130068e+01
-9.850674440847740243e+00
-4.850235210164345290e+01
2.031398782130617064e+01
6.164248463875878770e+00
-9.759101532368390508e-01
-5.786404363440340148e+00
-2.231097022737264979e+01
-6.123365834376016892e+00
7.318895855426113428e+01
-1.024599498662695396e+01
-2.680771565806369949e+01
-3.899394339597681380e+01
7.776487478147032562e+00
-2.092914062954317700e+01
6.054473845118664599e+00
1.691544421825431499e+01
4.274268495968442494e+00
1.746136402133358700e+01
8.427072741466020034e+00
3.270414331650613349e+01
1.471380685152162471e+01
-1.953686964473733667e+01
2.677074147028588413e+01
1.948836233198417744e+01
6.899063355203310266e+00
2.366407822741751943e+01
-1.584498933054986480e+01
4.116930126788201960e+01
1.314244417026937128e+01
-1.769724093434874135e+01
-3.274913286956024905e+00
-1.007906863270011399e+01
1.142747071460016173e+01
-1.301751039152556189e+01
-4.400187502965593467e+00
-7.135628068663493195e+00
4.521616451855931018e+01
3.083227536942072788e+01
-3.624641834134633456e+01
-4.519297724650897408e+00
-2.946920568626268278e+01
-8.109753968548972125e+00
-1.317379579317023541e+01
4.778404831006497488e+00
-5.677003860237235244e-01
-1.603306769988270730e+01
9.469498276714261920e+00
-4.592736962340900675e+00
-5.226536487442615453e+00
4.811850803169323854e+01
8.068177102492224861e+00
-4.610183849049089133e+01
-2.217428661576269633e+01
5.350722424620408901e+01
1.521189474763380645e+01
-5.315585593866615000e+00
5.963774289871697931e+01
-9.008440566688875606e+00
-5.114477632637573379e+00
-4.514154031750365448e+00
8.620617913092615936e+00
1.740471647465503224e+01
2.447651565010687591e+00
1.617557574788850161e+01
-7.158329931003905244e+00
-1.962856969289120457e+01
-2.325681769269427690e+01
-2.676057581557074627e+01
2.301071394839243567e+01
7.234453710574797469e+00
2.128209300195262443e+01
7.773712896342260592e+00
4.982156385672473675e+01
1.041466709859355433e+01
-4.502323560645419320e+01
-1.913280836733787282e+01
3.428864421484789204e+00
-1.624928753419993654e+01
3.525356081521221085e+01
-7.740639492235686703e+00
9.378605759734696790e+00
2.942532610384046166e+01
-4.167449459733143158e+01
8.348079854056953764e+01
1.157768455731802248e+01
1.332205131196985803e+01
2.018337843241116047e+01
4.148254359777638456e+00
-2.537671534965397768e-01
1.955202314004500863e+01
-2.066254595582546472e+01
4.631502186065179671e+01
4.095606753194202554e+01
-2.324726162164547816e+01
8.947712603679860877e+00
3.903987793069535428e+01
-1.148545915396726969e+01
9.751423185160490448e+00
2.104211886914632146e+01
2.263573979006650916e+01
-4.260421715953671651e+01
-5.745454935526709050e+00
-1.710129237553528725e+01
-1.703578705185833542e+00
-4.416241169647665998e+00
9.646233467021261276e-01
-6.983557363708058574e+00
-1.771313226303493593e+01
7.354640896111021675e+00
3.847953710303158914e+00
2.959915323983086211e+01
-2.442306998440172094e+01
2.433079931154441056e+01
2.634996907364535446e+01
-6.957190692994458914e+00
4.545530277459488389e+01
-3.798999343456077327e+01
-5.753117323810789685e+01
-4.824464755210055245e+00
-4.426254065823457040e+00
-6.635534283022934687e-01
4.461086503132715109e+01
-2.724845079318171770e+00
2.389505070180456414e+01
2.995401349606817121e+01
2.086211603510236046e+01
-6.416439983020097770e+00
3.326246605789691557e+01
-8.875332725834866210e+00
-1.976239323995395125e+01
-2.282761292769831130e+01
6.019465579767469876e+00
1.970668875596018665e+01
-7.583185699820660375e-01
1.942425158492557102e+01
2.860693707834229826e-01
3.381414618772637937e+01
9.657492425996039742e+00
5.041866446225185427e+00
-2.115047610044086923e+00
1.795877019694719934e+01
2.095058795338927382e+01
9.603938021472174569e+00
-9.983023500385570514e-01
-3.066151880753898240e+01
1.623098323543877797e+01
1.060379999339045298e+01
1.980210320606592944e+01
1.569925282923577470e+01
2.016213305102689901e+01
-4.831362463144799335e+00
1.735135034457849201e+01
-1.498891470557555294e+01
-3.822551029672922596e-01
-3.021165429956937487e+01
-1.714276112544862940e+01
2.241019906042051701e+01
-5.022031060238307987e+01
1.479026749403524832e+01
8.833315087391383713e+00
4.628364625499241924e+01
-1.056643147786766690e+01
1.856848375598262635e+01
-5.576290889730273648e+00
-2.699629787537974579e+01
-3.788900740101917108e+01
-6.516764938427670018e+00
-4.925646607408289412e+01
6.562662722823404238e+00
-1.107190247682740214e+01
1.719578765574286905e+01
1.313643977597769208e+01
-1.589746967550934187e+01
-1.627729109619241399e+01
2.281792143014003571e+01
-3.425462886012758190e+01
-6.802263163244560928e+00
-1.053747231351984937e+01
1.521412285360538164e+01
5.037837425562088356e-01
1.516629429932550011e+00
-1.051239483890705628e+01
3.053228310727820372e+01
-3.086837564342340556e+01
3.789180282481936501e+00
3.353458348144363299e+01
-2.047451533499469178e+01
1.720936586628440068e+00
-1.719931628495032783e-01
-3.626325666379547386e+01
-2.230394747308636738e+01
-2.774163703342029663e+00
1.572433981231459654e+01
1.839374946429390434e+01
3.409300483603431076e+00
-5.369636680969563258e+00
9.916066137905289679e+00
-2.369039523496053334e+01
-1.081243972303724377e+00
-2.888853175436958054e+01
-1.556468814714256155e+01
2.707309448533658269e+01
-1.589588429293533522e+01
3.778426904466010683e+01
-1.337770869531942708e+01
1.824270692919516534e+01
1.406925683744932343e+01
-3.530941228156751066e+01
-1.399472270493291148e+01
4.878560240339439247e+00
-2.326196161588367772e+01
-2.098163104926270961e+01
-4.865272082567162215e+01
-3.010400241592367365e+01
-2.843909179674784582e+01
-2.446259104741758961e+01
4.575040068100122426e-01
1.014527894557153331e+01
3.795578865356503684e+00
1.355283594631586297e+01
-3.161455382885476695e+01
8.481181929808315090e+00
1.501413510744765745e+01
-3.749945454568844383e+01
-3.463491099115233851e+01
-2.350703557825420376e+01
-1.512022121666803542e+01
9.049300052118013582e+00
-7.262730412457472084e-01
-2.344550504107180799e+01
1.668614105905538736e+01
-1.328270874987234151e+01
2.796386291413540448e+01
-4.953736986921592234e+01
3.522468214465824587e+01
-5.024790155565685978e+00
-2.230498709492903942e+01
-1.394504802659835008e+01
1.047180564459786467e+00
2.489083907213875690e+01
-4.102257287511413608e+01
-6.585391421239719989e+00
-1.126244659720420316e+01
2.489988856037562925e+01
4.650763707360595589e+01
-5.530133720612366233e+01
5.174231816715467858e+01
2.313588061446866107e+01
-4.152704276164057262e+01
-1.777904396829781319e+01
4.406995928768019155e+01
3.306827216255607027e+01
-1.156600048552706994e+01
-3.257890923346622003e+00
7.952617837054653194e+00
4.150578363528357784e+01
-3.156384354705014772e+01
7.061045972970973139e+00
-4.638482203559334494e+00
1.519401159376434407e+01
-4.037826039146978019e+01
-1.849284262668810186e+00
-1.692020596682722555e+01
2.656205927546554335e+01
2.341886106636428622e+01
-4.856928448055577974e+01
-2.657453759523282599e+01
-1.201582907759592445e+01
-2.366414037473307985e+01
-6.483093626664029330e+00
-1.130806873091154330e+01
2.501560676589357968e+01
2.336788411960822032e+01
-1.188207256742202844e+00
-2.552925432692121888e+01
-4.731886206423493491e+01
2.645295581418196207e+01
-2.732112742869785649e+01
-2.022017515284554179e+01
3.300626464514593295e+00
-1.997467380865933251e+01
-2.174427037126636719e+01
-1.591216310619829954e+01
-2.660846995751515465e+01
-1.442152903637042982e+01
-2.888092969996168335e+01
3.111060968928681092e+01
3.414139782296941661e+01
-3.669960457261652209e+00
-1.220355864138741708e+01
-2.428975857112618542e-01
2.527412964197566225e+01
-4.779178652710085373e+01
-1.103708162764459644e+01
2.738815342092084393e+01
3.942619817841057284e+01
-9.336334002187101078e+00
5.490429803122538033e+00
3.050240002445471532e+01
9.230355931561348370e+00
-5.790014291029024207e-01
-2.473637509907041476e+01
1.123252308949940925e+01
-1.928154137998973283e+01
-5.834088681124512732e+00
-1.080641631702468430e+01
-9.155907973744348283e+00
1.261772021586597248e+01
4.399129163929357844e+01
-1.328758526944980645e+00
1.914895826192818618e+00
-5.062937432553667350e+01
-1.051490692762968138e+01
-2.000963271463706405e+01
-1.013922736322001583e-01
-2.612089754099002903e+01
4.744540700408234102e+01
4.514267871165600354e+01
7.803523604314186457e+00
-1.097448152359979190e+01
9.253140147908254676e+00
1.148139898470151365e+01
-2.654043390871372310e+01
-4.692453446156434893e+00
1.052440061500630009e+01
7.413470361732933611e+00
3.065068221290263750e+01
2.249226376930266724e+01
-1.176804507454198756e+01
1.448073169229805046e+01
-5.515445082712009395e+01
-6.733095907320532092e-01
4.853935790879768319e+01
6.640185856363217454e+00
-1.152242163175856149e+00
1.699527445690810623e+01
-1.595241261972856250e+01
5.002981897820680501e+01
-9.244219503632706392e+00
4.477299984425155799e+01
2.180128349628474638e+01
-2.253069254642616670e+01
1.801099762229112855e+01
-1.704325507587043376e+01
-4.024404690318806388e+01
-3.587832082585919125e+00
-3.100099334552407981e+01
-2.926017655551697771e+01
-2.760042212899776359e+00
2.009716344234522012e+01
-5.409094964182074250e+00
-1.744240070617070160e+01
4.996117472467147991e+00
-3.855552195423496187e+01
-3.921490910307912969e+00
-4.621596338757638023e+01
2.718959299536702190e+01
-6.550145082587306433e-01
-2.779597273623497244e+01
-9.238940712132261979e+00
1.031998747596060184e+01
-1.969062972927070376e+01
-2.542450147999136334e+01
5.252227491282435778e+01
-1.348099439138414368e+01
-2.245009222671103544e+01
1.522022254813349917e+01
-9.833107572536434304e+00
3.047290403757470756e+01
-2.529172884211050132e+00
3.904273286127420306e+00
6.024169705928539997e+01
-6.944288375497791321e+00
-2.042380270367019079e+01
-2.395812844367765138e+01
-2.838062195531966836e+01
-1.907474113695934648e+01
1.510383272166495772e+01
1.512102761311300014e+01
1.242084242870210886e+01
4.100037843220218292e+01
1.852274646991901363e+00
1.165218073424874490e+01
-3.546387281148008697e+01
1.491919105130023127e+00
-1.039051010596372748e+01
-1.488397491948745710e+01
-1.910245309652452761e+00
1.879309869799183730e+01
2.132094758291128755e+01
-3.726807964578817689e-01
6.812161540611953114e+00
1.539279025963958425e+01
1.948410443595440711e+01
-1.366649488127467293e+01
-7.060053636644568087e+00
3.852792281657571039e-01
-1.289164380780709962e+01
-2.822494367874782029e+00
-2.000105317471249577e+01
4.430692699791954681e+01
3.590672419771482282e+01
-9.108626466820965106e+00
8.927711821600524900e+00
-2.585391513112947237e+00
-1.672015112541808435e+01
1.990525772070830968e+01
-5.334624067383231250e+00
2.232511421073908764e+01
-2.926000224429498431e+01
1.004939577825541619e+01
-5.559383637164273750e+00
-3.011620113555397893e+01
-1.366173221839551388e+01
1.494915035796406499e+01
-5.101120276100128592e+01
2.402888810798106078e+01
2.605822229733996664e+01
-5.575172388878714358e+00
-3.353735864185921400e+00
-1.784592665454994176e+00
1.395774199303173191e+01
-1.828079936328646227e+01
2.018443741374891687e+01
1.703447349586028281e+01
-5.499668528976349080e+01
-1.979995032868032467e+01
1.328998843266864682e+01
-4.743787300357894310e+00
2.424911025318473179e+01
-3.561703838270022970e+01
-3.003126576437125550e+00
-2.342208981696013481e+01
-7.190864986952074389e+01
4.300989130361493551e+01
-3.262710298767717632e+01
-3.421187107136611871e+01
4.990955333109020842e+00
7.250196167011819171e+01
6.502535588973046288e-01
-1.569821521601832615e+01
-1.746876535675653486e+00
-3.060952132221316901e+00
-4.792053901284702988e+01
-3.425029017515370100e+01
4.581836822109609386e+01
-5.728585433314577813e+00
-2.109634443150812899e+01
2.761836236970236769e+01
-2.006415594988506257e+01
2.063228676740072842e+01
2.979628768486738721e+01
-3.194150406235630157e+01
-1.568116732743391140e+01
-1.943106956273703645e+01
-1.001668344041763703e+01
-9.847515937154732057e+00
-5.802316589607016795e+00
8.004932181020762982e+00
-1.909209715273006225e+01
1.587448530299215577e+01
3.241040189454027143e+01
-5.057620347451582177e+00
-1.138921626403049459e+01
8.153318045373424638e+00
3.132608492825252711e+01
2.917594425863170216e+01
5.456571810832144820e+00
-3.091406571203464182e+00
-4.856501899966033875e+00
-2.838606296904593762e+01
2.150751320911709286e+01
-1.248100970799136888e+01
1.110914582286864061e+01
-7.839057042468539294e+00
1.511594861405461643e+01
1.022484985341642982e+01
-4.501698612696233681e+01
-1.491442649347038696e+01
-4.395211007680555326e+01
-1.994026802668179243e+01
2.956410522391323070e+00
-9.616969302557038191e+00
1.826500921628249330e+01
-1.678877255370363741e+01
2.071120079270386327e+00
6.003240099143567932e+00
3.958274459589216576e+01
2.006020060246169123e+01
-1.688164185052182376e+01
-6.849457172480413192e-01
6.779906979591714844e+00
2.144509356800219280e+01
1.944397952998144774e-01
3.052732757163545330e+01
1.257052334941374383e+01
5.063429026980907111e+01
1.074848282611483796e+00
3.662912611753225178e+01
-1.511065779420394506e+01
-2.107978225189700794e+01
2.474469217959523348e+00
5.202392590362876490e+00
1.498881595682684065e+01
-7.899227839019204112e+00
-7.648486933494055506e+00
1.450365518842032131e+01
-2.708432272765782045e+01
-3.081213251843425383e+01
4.428494786190651666e+01
-3.343479215355216638e+00
-2.185500647419219433e+01
-2.253301397818866292e+00
-7.534985766025329212e+00
2.374780990404127579e+01
1.850123057071735388e+01
-1.129104914502318024e+01
4.703934659556665565e-01
-1.478109831970796506e+01
-1.971578014191197781e+01
-1.494681333787934818e+01
-5.402219094421396051e+01
2.792311299093341859e-02
-3.598767683447871946e+01
-3.112311061311602600e+01
-2.084180101279872588e+01
1.070544147868002938e+01
-2.039026331483486842e+01
1.290141519779799495e+01
-3.422002537288003765e+01
5.806655138969745167e-01
-2.314263275070248227e+01
4.795119933908125631e+00
6.280857839777318929e+00
1.863700947215821202e+01
-1.173339751304365564e+01
-8.909715224197668704e+00
1.650648876751978378e+01
3.311317743930972313e+01
1.834723198961674484e+01
4.652625261025264081e+00
-4.009039422791133234e+01
-9.502724534652912780e+00
-1.766911886214313654e+01
-3.376636369386795877e+01
2.260602489764892198e+01
-2.028194706476284637e+01
-1.835772345551475837e+00
-1.566261485513889795e+01
-5.572868178522739413e+01
2.889267831238740314e+01
-9.825310254055011683e+00
2.264989611147308324e+01
-3.989787520576406621e+01
3.766478437944101643e+01
2.051408641643149622e+00
-1.608408824423710115e+01
4.816701357408760487e+00
-1.165389313372043034e+01
-3.663532587596338885e+01
8.079792409187447788e+00
1.989565731816831828e+01
9.847816370829605148e-01
-2.024215259715884940e+01
-9.140812113565829122e+00
9.791540946055249606e+00
1.783918975523715744e+01
3.521716086567192150e+01
1.324127814652877078e+01
-1.297843709383292321e+01
5.331514769862957337e+01
1.340945572874372260e+01
2.371500059717690334e+01
-1.021298053531535288e+01
1.562834185172964396e+01
1.094088121733072683e+01
-3.465062370478929665e+01
-1.152991172276585985e+01
-2.285172320457592932e+01
-2.061189609242003939e+01
-6.746378808560166362e+00
-7.749784177043750333e+00
-2.355984342948008248e+01
-6.192316290135561019e+01
-1.613564754192380946e+01
6.982167655221246605e+00
5.075897063358411287e+00
7.754289460871817141e+00
2.593416776806066082e+01
7.837084434845774439e+00
1.815835907004844785e+01
-2.325252362222271074e+01
2.555325376507670398e+01
-2.540090103276389755e+01
-4.020933919578590121e+01
1.224933367978837850e+01
-2.411940483703375548e+01
-2.193573998664892599e+01
-8.859980359785885184e+01
-6.467056184718018130e+00
4.557658880759305475e+01
2.369986443420842903e+01
-5.736773944441097228e+00
-7.699104448811993961e+00
2.108961154013053374e+01
3.716231761771507536e+01
-2.326489745587242908e+01
-6.010247532903463252e+00
-1.900934858208557898e+01
-1.963813022696024291e+01
-1.717419341959558210e+01
7.074141962973158115e+00
3.955441088897532609e+01
-3.642751636800380766e+01
-3.133935906086995260e+01
1.832525285956450034e+00
-5.946124436518630318e+00
-7.449225411645038264e+00
-5.041635238567619126e+01
3.513682980040752568e+01
1.341393986139314620e+01
5.242058959228387494e+00
2.706513652456806085e+01
-1.833045899304485005e+01
1.729567609570899833e+01
1.553690042786007552e+01
2.026924271292102731e+00
-3.394673385910170538e+00
4.939177369460921341e+00
-8.818134335134452328e+00
2.834581834126259992e+01
-2.239721006293328287e+01
2.407374249167457947e+01
5.377275757549085711e+00
8.057970397989123512e+00
1.272813157282996599e+01
-4.860419889942308203e+01
4.711130863486459930e+00
-3.743768360424431307e+01
-2.737557854330363227e+01
-2.737866375209804914e+01
-2.789758919837197482e+01
3.041828722692798692e-01
9.362704845101589513e+00
2.784102097448258917e+01
4.840958918119042664e+00
8.030631888432360199e+00
-3.924920426081041569e+01
-1.425669061950851813e+01
1.901866452288969356e+01
-1.117824215312261060e+00
-2.534399026308165048e-02
-4.951107885797057406e+00
1.958614905841534437e+01
-5.101978744894171314e+01
6.296948713080453786e+00
1.134565773077875406e+01
2.416411368509076496e+01
2.066209770982278826e+01
-3.163008468209230273e+01
6.282262275373255989e+00
3.258079334611053923e+00
2.628684207919860683e+00
3.315078451323756781e+00
-1.052706497416522780e+01
-1.970388962149216638e+01
1.056787981249472352e+01
3.362131371334555752e+01
-2.803897017794838575e+00
6.452279543001480988e+00
9.490857148472116478e+00
-1.433059314231992687e+01
-1.517854851521011028e+01
-6.667072559998315739e+01
-2.061517250282719260e+01
-3.048094903996961591e+01
-3.742682588542550093e+00
-3.770364192692844085e+01
4.195743878338484478e+01
-1.749242877318499723e+01
-2.996114769565963343e+01
-8.644503944813573071e+01
3.711861604945551107e+01
7.447622667735942059e+00
3.394915127748390660e+00
-3.501081614887567639e+01
4.924509948447962415e+00
-1.113374418568861302e+01
-1.830595873888833580e+01
6.537169006934989923e+00
1.885591588847762523e+01
4.085142363523544873e+00
-1.185491780709622844e+01
-1.395239191601262974e-01
1.539988977419739058e+00
8.805462842446047489e+00
-3.547930173736939707e+01
4.029620033484525976e+01
-2.395002285147022292e+01
-1.671460966833789286e+01
-2.731696142182289577e+01
-5.806496657938022565e+01
5.027052046425808385e+00
-2.924391986165787216e+01
-1.064938709707946884e+01
1.823129373113096108e+01
-1.443153574986817489e+01
-1.926007577514440072e+00
-6.556793724316122507e+00
-1.122504920305567566e+01
1.774322538323247045e+00
3.029378860859738154e+01
-2.808768646032891780e+01
5.553508887094207580e+01
-1.262794039940001767e+01
1.867740293353087111e+01
-7.655033078202201580e+00
6.357223766138659471e+00
-6.086833395345252029e+00
2.449904391784320978e+01
3.422386363318487668e+01
1.068775361405431568e+01
2.571115202186356896e+01
-1.988124482700088436e+01
-3.687505379505225278e+00
-1.245410398269439156e+01
3.832385501490637125e+01
3.216553705118167272e+01
2.430823004636232554e+01
-8.560156468057925849e+00
-1.553202808050383510e+01
1.389174962214509890e+01
-1.568888298751437560e+01
-6.940688811269751568e+00
-3.224657734475016468e+00
-1.646010486073886625e+01
2.773559122673708544e+01
-4.600242818488588625e+00
2.118495587974981476e+01
1.090859174938955434e+01
9.646304263540187662e+00
-1.846423082202333887e+01
1.479943828544742246e+01
-1.022063404189276525e+01
-6.575389888161510044e+00
-1.744925443369936602e+00
-2.685887262958630117e+01
4.162823736344773806e+01
-1.485778145535617512e+01
-1.785936975480041156e+00
1.240330899793121944e+01
1.072854228259492970e+01
4.136238633006279031e+01
-9.585104712649354042e+00
4.205112988802633822e+01
3.771491633145328137e+01
-5.227046398083604117e+01
2.838156122757133915e+00
-1.037193977561506131e+01
8.743158960831905802e+00
3.322277539096191390e+00
1.107487303460459316e+01
3.477671792977906051e+01
5.446075135998271577e+01
-4.191411486149860366e+01
4.221370067956888761e+01
-5.461134770684785167e+01
-4.530525780297597294e+01
-8.046410811008698261e+00
3.509964350411109990e-02
4.061652517453758549e+01
1.998611089427981824e+01
-6.740285357127163479e+00
-4.977170862426190467e+01
3.937695669279823107e+01
-2.329540280614338599e+01
9.798501024671395498e-01
-3.980375095567751487e+00
7.023652771666451144e+01
-1.413636628810428419e+01
-5.956811622697119901e+01
1.746361281137859578e+01
-9.074734732660877512e+01
6.420562540791593165e+00
-2.035161115853097158e+01
-1.027297733133983471e+01
-1.514592148188039289e+01
-3.261949161123214935e+01
2.136101207008857017e+01
-2.120329554700645502e+01
-6.530951747953281483e+00
-4.401158739829691058e+01
-2.436341382901730412e+00
-2.915396368755203582e+01
-4.164114077679789716e+01
-6.340190596494898045e+01
5.128333119657099815e+00
-1.985426447397306049e+01
3.470333655064223422e+00
-7.869856121698546758e+00
-4.533689186723620423e+01
-3.625316887721558601e+01
-3.042862037687785914e+01
-3.162271775446009769e+01
2.973245904731177092e+01
2.852877421070090236e+00
-2.780094258915320893e+01
-1.212071777006326556e+01
-1.370443346085608027e+01
2.244860987011810849e+01
-1.733652564836066645e+01
-4.289534232287543603e+00
-1.565461693159727474e+01
-1.994333317732905186e+01
-2.256812340886791901e+01
2.061260165345271389e+01
-8.685812493399112100e+00
-5.165990435676962989e+01
4.302480219349774870e+01
2.457652969122853648e+01
1.487788706754855639e+00
-4.358138440319129359e+01
-4.178157575843761151e+01
3.837890479796442378e+00
4.078486422981200121e-01
-1.764139157292072468e+01
-2.555054617034003428e+01
1.752884093619064743e+01
-3.087403939774219452e+00
1.468481742544383906e+01
2.736683567838025510e+01
1.772777453342597198e+01
1.783104449628920918e+01
1.334137494785899136e+01
-1.165781836790341686e+01
-8.316123519620845173e+00
-1.212570838103480142e+01
-2.049969839624230872e+01
-2.387407299937007110e+01
-3.556536064833424859e+01
-2.080001387501708621e+01
-5.704883282988205906e+00
-4.294105510710539875e+01
-7.955467022351967898e+00
2.037529032884276248e+01
-4.405385670789968344e+01
1.662833308315636316e+01
1.499863851153750716e+01
-4.016909212043231037e+01
-3.168469600340736747e+01
-9.583983334024821943e+00
9.822797425733796217e+00
-2.201487593478731242e+01
4.040507053306782836e+01
3.586178996885880110e+01
-4.319485975617845952e+01
2.500598597175468285e+01
1.944406785266517090e+01
4.901363311843141446e+00
1.213391073630344863e+01
-2.392740522729633312e+01
-7.291601946621483421e+00
4.627986244116641501e+00
1.075152361689117697e+01
2.365737375117812746e+01
-2.866343116869832031e+01
-3.340118674946950250e+00
8.383306080749989064e+00
3.002776299941075422e+00
-1.663939624485249880e+01
1.221817818686479029e+01
-1.429861894734865757e+01
-1.148117445460633235e+01
6.615615778044912076e-01
-3.404836597839688750e+01
1.662659273466140064e+00
-9.463521170071373945e+00
-7.733796452067366545e+00
4.688765061744476270e+00
-3.039552454932325531e+01
3.319725737234145413e+01
-1.411525396652507425e+01
-7.461670022604459973e+01
-4.778180376745481794e+01
2.072184623897584288e+01
-2.264342906565516955e+01
-1.052100168011435244e+01
-1.469536963303787047e+01
-1.027332403236758296e+01
-5.641372344416626561e+01
-3.557898645976649732e+00
-3.489318102220488527e+01
-1.929308619769130928e+01
1.189643544179222090e+01
4.406319907954713244e+01
1.579764459860513170e+00
-5.695163584670268619e-01
3.335235637310105972e+01
-3.103166695229788274e+01
1.790850932793462391e+01
4.271443164087145306e+00
-2.669339457043719221e+01
-1.426432813919132059e+01
1.247211085545859532e+01
3.564774093776037489e-01
6.804624159850963139e+00
5.790321425649125331e+00
-1.325494175598245761e+01
-1.819043264471838484e+01
-2.802671342111921149e+01
2.759759178775124155e+01
-3.613927338705914138e+01
-2.684357689755751153e+01
6.975515183754851023e+00
-4.873397414496891145e+01
1.261595409164414150e+01
3.592998711796400357e+01
-4.047247725271894581e+00
6.507938819433363165e+00
-1.614067535253929009e+01
-1.233458713246830030e+01
5.825352901052156085e+00
2.130449676751955934e+01
-2.176434145751486327e+01
1.515935951747133004e+01
-5.949531777411323219e+00
1.703451686125418973e+00
1.299599250007319995e+01
8.365803986884628785e+00
-7.210739722241243044e+00
1.255042218403161769e-01
1.074763175741463783e+01
1.603534855393073144e+01
-4.025897610273085547e+01
1.863172193366722240e+00
2.887437638020288944e+01
-5.177602311838916194e+01
1.702671915963792060e+01
-6.538722578315822886e+01
-6.026209096819037825e+00
-8.311528038485505476e+00
-2.942880796864869808e+00
-6.816379802216886219e+00
-1.409030565344258434e+01
-5.326099015711122320e+00
6.710535806719704510e+00
-1.493661000726408261e+01
6.756679648973772601e+00
4.910483172878832647e+01
-3.397270942198764487e+01
-1.480600130727415831e+01
2.232081733321689399e+01
1.347706719809772835e+01
2.450269837271174111e+01
1.181160080372670507e+01
1.183117749490808990e+01
-9.015551764224682074e+00
-2.748411820519604021e+01
-2.532929830881539601e+01
-1.510338863010618837e+01
2.582278134185045815e+00
-2.366515779393506591e+01
-7.835857000319634835e+00
4.085648999905501455e+00
1.331903185558803671e+01
-5.723765799192040760e+00
3.339906740159290166e+01
-3.237167023306392366e+01
-2.206990946135562126e+00
-1.719887783032950423e+00
1.539913114492281210e+01
-2.198599204457355683e+01
-1.391980078582491842e+01
1.052167540493154974e+01
2.517020552516626708e+01
4.179185652411676699e+01
1.787995412940253459e+01
2.340001801416390492e+01
-1.562975480471553880e+01
3.525924555061067167e+01
3.694409228336752449e+01
-1.441388072291431399e+00
1.912718099415474171e+01
2.108946242164417129e+01
-1.315496540695480121e+01
4.737061646514490576e+00
3.393429083288083348e+01
-1.349960125777340636e+01
-5.125936693610469774e+00
-3.367736731743132594e+01
1.329667209012072249e+01
-7.172831808604442472e+00
1.100034798696194116e+01
3.280496238170513834e+00
-2.224018962581572012e+01
2.545710198350320752e+01
2.240735063807281335e+01
-1.502528768863268738e+01
1.065128376060361859e+01
-3.411422882529888057e+01
-2.966348036522905574e+01
1.381302051978468626e+01
-3.804166042140579407e+01
-1.717026010877728481e+01
2.890336090030245941e+00
4.615262872983906561e+01
-1.421467473182633512e+01
-6.846808393718120556e+00
-1.003789189117549085e+01
6.258361131255412602e+01
7.781788704760025155e+00
-2.404474835872433403e+01
3.952922266341624891e+01
3.500227046262702402e+01
1.751632585605767645e+01
4.192542214982523774e+01
4.794347890757859432e+01
-4.180245502459701612e+00
-1.546296784908014388e+01
-1.618639531952982225e+01
1.610739331533520158e+01
2.095941646529175273e+01
-3.829849426547866642e+00
-1.289114587639582510e+01
-3.407302247095478265e+01
-1.408752506405791394e+01
-2.519840217047158148e+01
1.680540624165136876e+01
9.537438752699927136e+00
3.554147285149804247e+01
4.143179700093014617e+00
-1.314834467556534037e+01
-4.725028217420252474e+00
2.200753671939939693e+01
6.986045620455001881e+00
3.035882352260051675e+01
3.108666859412034000e+01
-6.737000851401830914e+00
-6.010945404756583343e+00
-5.598734146343889506e+01
2.822125898405653999e+01
-6.908665589799056761e-01
3.020521072539129648e+01
-1.206506268731956055e+01
-3.476752848413133989e+01
1.175604449619535785e+01
4.058659269002430392e+01
-1.457757955934788896e+01
3.682158897461027891e+01
-4.054690055066275534e+01
-1.283176851241273653e+01
-4.528273377154044965e+01
1.062283953579571971e+01
4.510639787360275932e+00
2.995334947268844417e+00
-3.461705210675120270e+01
5.043749127122094933e+01
3.016325342211314364e+01
4.918223398344878206e+00
-2.869953636564122235e+01
1.206265086145356236e+01
-1.298018726103097720e+01
-6.894342786992012861e+00
-1.332698350349295424e+01
1.020072280375891438e+01
-8.039304022154169616e+00
-1.120646626263246048e+01
1.157558875673055354e+01
1.439814431097189384e+01
-4.761489439151529268e+01
1.105776592623516308e+01
3.751966513521598756e+01
2.234201865863806802e+01
-5.818127851610537249e+00
8.487798600451341713e-01
-1.949263524543596304e+01
3.221766088963124730e+01
8.642823438048424123e+00
-2.330272435529366248e+00
-4.156621430471375334e+00
5.934516006681695899e+01
-1.757321423674056859e+00
1.354270943054882537e+01
4.143349179690977735e+01
5.336439871163828741e+01
3.448865289371198628e+01
2.250388795909199757e+01
-3.685285630064051077e+01
-2.512832142168377914e+01
1.909810756476235838e+01
3.848830107470604389e+00
1.753804562783798815e+01
8.826186256482500880e+00
3.407223765129577941e+01
-4.289307812844575096e+01
-2.702113169674254323e+01
-6.380021861419834295e+00
-4.736812483272420593e+01
1.057820760631391011e+01
2.436500272738354056e+01
3.796579359234840467e+00
-1.228790352616056225e+01
1.285035434598898973e+01
7.648656915628953357e+01
1.706876148264797166e+01
8.710853708701336018e+00
-2.599167932106740864e+01
-3.315747937406547408e+01
-8.111418139661154214e+00
1.827764200098252445e+01
-3.286897053019231407e+00
1.311979798895971072e+01
1.931088658153782944e+01
-3.157618067291437569e+01
1.441750189657113879e+01
2.446875374248645585e+01
3.119038069326825280e+01
-3.647869977024384980e+00
2.585401092166705439e+00
-5.546462849478231760e+00
-2.671669632117203719e+01
-3.835380795824903544e+01
4.389812180455703583e+01
-4.275059227350837432e+00
-3.053055270145229372e+01
3.006643503994268940e+00
-1.429270444268110651e+01
5.014207295858224711e+01
-1.288679582424191494e+01
-1.980089736599981620e+01
1.920967610261524783e+01
-9.064056186853505892e+00
2.458408908426682160e+01
7.182698114974925829e-01
5.367959066223767195e+01
2.913121997593203361e+01
2.194787840516436717e+00
-2.054922855456771913e+01
1.515384675929709601e+01
-2.975417686029182818e+01
-4.833179856128793972e+00
3.382791934626702357e+01
-1.544209116711948582e+01
-2.478756702946989776e+01
-1.338620709232594663e+01
2.762719457562616299e+01
6.978114958169982174e+00
-4.575597568790760761e+01
1.834679953200857483e+01
5.137294594586023777e+00
5.085361005695816061e+00
-2.780301512827765009e+01
1.589590915477799626e+00
1.864868083239773000e+01
2.644084028546774334e+01
3.637941303502257995e+01
1.593624372724566918e+01
2.168412768279878833e+00
-2.985062752702808098e+01
-2.582365352152592664e+01
-3.812659578871532062e+01
-7.246786047193609193e+00
1.750643788234776821e+01
-1.360035181740528287e+00
2.834041598645768545e+01
-1.805221067321599548e+01
9.076150569480432750e+00
-9.594111784504562479e+00
-1.649310270434813575e+01
3.376911871580381330e+01
3.905115887609326819e+00
3.473549944354709851e+01
2.624189907503648556e+00
1.230546903609865694e+01
-9.924490492651926843e+00
3.354285157629192327e+01
-9.169337028147268143e+00
3.452582443169909254e-01
-4.314548762608222887e+01
-5.304818905951989905e+00
3.949845593378933017e+01
3.531511558506213078e+01
1.487444119053927238e+01
-9.166771234386729361e+00
3.074842986140282619e+00
-1.157961107713158810e+01
-7.645522376302253065e+00
5.108436733924536810e+01
2.770779384261459199e+00
-1.447986427904052675e+01
-5.990806103487397394e+01
-2.627598842391373779e+01
-2.123323237359974769e+01
-3.545131817623797588e+01
-3.211000211073024957e+01
-3.824986433518583340e+01
-2.538146446716803695e+01
-1.761178738250777087e+01
-2.734648993245653514e+01
2.595149609069953556e+01
-1.152885969208136885e+01
-4.890244837245916187e+01
2.222756321186764694e+01
-1.684169477538365811e+01
-4.493757326223568782e+01
5.374729849036285145e+01
-1.440031077104647750e+01
9.505665288013602776e+00
2.218335901803615684e+01
4.956882885253889981e+00
1.475096084114119321e+01
1.789358245898853284e+00
1.111990361699657370e-01
-8.216024510521563684e+00
-4.176102245766921328e+01
6.584535270830485842e+00
-6.904878937102216696e+01
3.930650867459846154e+01
-2.360373703665732137e+01
-9.805686104871170983e+00
-1.011605639723410377e+01
8.291494903286698914e+00
-9.481227524849686006e+00
1.497345588024445107e+01
-3.064235551733240470e+01
1.985906828389551038e+01
2.391162583856807444e+01
5.815775478718009595e+00
6.345372760893894792e+00
1.198030024307016106e+01
5.042953270875443650e+00
1.532745680556766388e+01
-4.402325159035171964e+00
-3.898251309335175563e+01
5.309671113889180560e+00
-1.375803303167737113e+01
-2.997403042197845480e+00
3.067254054478911485e+01
-4.461009206934385674e+01
7.731379852101269989e-01
1.164545720262367468e+00
5.091950323028385128e+00
1.741418008855340815e+01
-6.769721940139664440e+00
4.618598426207563534e+01
2.448273801124366855e+01
-8.541348774281203760e+00
-4.204039310915305805e+00
2.093541718790476125e+00
4.279828320029770339e+01
-2.946007688518119494e+01
-5.729665267386349115e+01
1.714017191728831335e+01
-6.808060791380356136e+00
-9.294037676355372923e+00
9.202469442107400255e+00
4.229636572198606359e+01
2.469692272861738047e+01
-8.929739186427326558e+00
-2.928224609361171815e+01
-4.752295377828787082e+00
1.573516289601945495e+01
-8.516640209839181352e+00
-4.159324494984286957e+01
-3.387660511431363375e+00
-5.318273537811975871e+01
-2.831422879304548701e+01
4.581605312462531288e+01
-2.908604928130007750e+01
-3.812997133695827756e+01
-2.878181808985772250e+01
-2.063712954307457892e+01
2.021163798139025403e+01
4.709924303759001418e+01
-3.698165660135998678e+00
1.447380344107804717e+01
-1.188057978370099477e+01
-3.890145027150732915e+01
2.627844545130720988e+01
-2.640505486939048296e+01
1.461607607737354897e+01
1.789219630652117843e+01
-5.930151030141729507e+00
2.114136028133609102e+01
2.308219170272205645e+01
6.360305832509521906e+01
-6.668726926337114946e+00
-2.902474339363922695e+01
-3.526626316958959251e+01
-9.609525974940147819e+00
-1.877633407173397373e+01
5.304224457090413125e+01
-2.460730237607137383e+01
6.479652701318697083e+00
2.754019555734345204e+00
-1.236618602035603942e+01
-4.765444034189437161e+01
-3.516284198990774712e+00
5.534467573816198183e+01
9.733853845643096747e+00
4.211876770796180836e+00
-3.245219433454903424e+01
-3.231148295665070691e+01
-7.895110156316064831e+00
2.584206970233782386e+01
-1.426364204454739593e+01
5.777467534637867175e+01
-2.719377485900088232e+01
1.054909974964719765e+01
-7.717417618772287824e+00
-3.646015473208927915e+01
2.423302976509830842e+00
-2.881460089708889427e+01
-4.152726284769374843e+01
6.225633752209205340e+00
1.079105837222996911e+00
2.937787266051149970e+01
1.325957261022814038e+01
-1.888127052787920945e+01
1.208485919025139310e+01
-4.916406911840130078e+01
-2.691205347818504379e+01
5.014182064486563917e+01
4.651396590083635374e+00
-5.979064459215521765e+00
-1.674058289481098427e+01
-2.460038234321984874e+00
-5.566637856119484695e+00
5.002873759961047995e+01
2.339693321074351218e+01
-6.658107184493417208e+00
-1.985939501920370276e+00
-2.210627718742291137e+01
-8.816779952012609556e+00
-3.541457717934483185e+01
2.774706642869783479e+01
3.924276778408923860e+00
5.808792729017909551e+00
1.007933512587597136e+01
-4.491874962783505509e+00
-1.155424714243724260e+01
3.045350037775622631e+00
-6.082538940734775679e+01
-8.722549200711767980e+00
-5.767176392412068253e+00
-4.356306697189879173e+00
2.709417341901162501e+01
3.654638752613909958e+01
9.738213410344883414e+00
-5.351697488979577599e+01
3.498038107427004206e+01
-1.203144401786065032e+01
-2.104740259160061555e+01
-4.900486442940470511e+01
-1.691535507390383941e+01
3.491618635960127648e+01
1.714051314404701998e+01
5.621973555127169675e+00
1.892201309704930168e+01
-3.280784769998402339e+01
-2.615169577181006844e+01
3.169155399731914713e+01
2.186296311383759416e+01
2.700862625641806858e+01
2.765436523508256528e+00
4.738702726659226983e+00
3.065342514411742059e+01
5.424771205656969641e+01
-1.174536099944697298e+01
2.162694178540652956e+01
-1.453668622272277844e+01
-2.462209791236279699e+01
-1.946780917097673580e+01
-1.957152515318614405e+01
-8.150850224918684717e+00
-2.673518400846279519e+01
-1.101023339604216744e+01
-7.627232335914870021e+01
1.906609508214518200e+01
1.244468869079793905e+01
-2.669179109396822014e+00
-2.181004883345570988e+01
-1.038537002311502988e+01
-3.085817259058134709e+01
5.519463304990296137e+00
4.526617221836936267e+01
-1.242127126884429344e+01
-9.476868757445132019e+00
1.179400481473123818e+01
-2.868920743128452955e+01
4.753606379498125278e+01
8.247933586696738928e+00
7.853888431067787224e+00
2.778892651153859106e+01
-1.384970749777068022e+00
3.143638707654054087e+01
1.061439295649452674e+01
-2.216412859714722572e+00
4.609686544667823682e+00
-3.531975112581960730e+00
3.718280219676961451e+01
4.814799025840898139e+00
1.018077773978831146e+01
-6.516721353660415161e+00
7.882614816212154096e+00
-5.177574165988650634e+01
-1.973040935948887409e+01
-2.737524700952468493e+01
2.660438126534998560e+01
-1.794856920371972819e+01
-3.369316807228398147e+01
3.245318711117192834e+01
-6.827232009457063100e+00
2.273185641217688158e+01
-5.051875761811407983e+01
1.040773104607624688e+01
2.918102219026664557e+00
3.451619580127157860e+00
-6.538190707810116464e+00
-4.079712757320010041e+00
2.845027518141995770e+01
1.014740857959310461e+00
-2.846612522739462747e+01
-1.050128020325759337e+01
1.234555139165206583e+01
-6.446604119499502872e+01
-4.931596042889621856e+01
7.329325273329629908e-01
7.867521250789138776e+00
-2.632704736254605393e+01
-1.065696166185148286e+00
5.893316913035033622e+01
1.567500237644060235e+01
-3.015911977817296474e+01
5.240028223973055788e+00
-5.200536383763143533e+00
6.991576613330650503e+00
-1.993212499735381016e+01
1.231872497226466123e+01
1.474174702743175658e+01
-3.879295711597961827e+00
6.245768644207274178e+01
-4.436102746994251333e+00
-1.766453352317552117e+01
1.330619792492109354e+01
2.402466891616523981e+01
-1.888728344124709224e+01
-1.024048957348036026e+00
5.475092379721284885e+01
-1.571013910956139625e+00
3.286732468310987088e+01
8.164716125946370084e+00
-3.914864892795009155e+00
-1.271874055202391673e+01
2.919556034066818029e+01
-3.123554428812595773e+01
-5.833627791817548314e-01
-1.016833091640376097e+01
-2.219049528408599059e+01
8.399694406002202740e+00
1.485189253875457993e+01
2.426313636042209509e+00
-2.153894851132918120e-01
-2.225263077414530244e+01
9.070545530925883781e+00
-1.842099217152565416e+00
-1.267253317225809184e+01
-1.126668426343279350e+01
9.232405387768949367e+00
-2.072073437410097085e+00
-2.113201948834444011e+01
-6.092586343398886584e+01
5.857965396482683218e+00
1.078118176316463916e+01
-2.709481512805157877e+01
-1.335236021769873105e+01
4.621991228186361411e+01
6.264936688603739867e+00
2.204279954303683553e+01
4.826899920120212073e+00
2.225947139523401574e+01
3.196076190089712554e+00
-2.176952933654470712e+01
-6.070238198495545134e+00
3.047644372021608206e+00
1.759092220796273409e+01
4.215731904271774511e+01
2.751728765218871331e+01
1.682510613148338052e+00
9.537493755658260852e+00
3.386737779264525727e+01
1.477215085016865714e+01
-3.876833101699764939e+01
-1.541669993497217206e+01
6.239700232473495589e+00
4.768802317874161645e+00
1.379591780966116232e+01
-2.896586435046717156e+01
3.949668335940152986e+00
2.417448254151439357e+01
2.675873563991628146e+01
-2.404434937495278746e+01
-1.174626322665517364e-03
-1.245761574999590948e+00
-9.506344812555965973e+00
-1.590796990456980353e+01
-8.663612288653865789e+00
-4.913228443399120238e+00
5.648365410372491624e+00
2.365795890743720520e+01
-1.728313618283959840e+01
4.526601367263549491e+01
1.834226403335574673e+01
1.499359345854674075e+01
1.979900855934606696e+01
1.516424194752596932e+01
2.033224840997948846e+01
3.060784078837843936e+01
-2.545964711013048998e+01
3.483352972686748217e+01
-6.381606570144866453e+01
1.771341347086571716e+01
-5.981455359821353568e+01
4.669733826828451129e+01
4.214381372628240285e+01
-5.269048108866229541e+00
-2.694458894825385187e+01
-2.374980827925386961e+01
-3.078635661925795830e+01
-3.544895211632683640e+01
3.164953609035549675e+01
2.353824367433762177e+01
1.337601182498920593e+01
1.585525723847985091e+01
2.500379399432372907e+01
-2.192143446353793479e+01
-9.929112980399082744e+00
3.086468109357438294e+01
-7.302138309165997043e+00
2.987911079734958975e+01
4.167849308127033225e+01
-3.232954152427565120e+00
-4.097094359955508480e+01
2.782313672681198113e+00
-1.452616989559773586e+00
-5.707617247100927216e+00
5.123115943140987838e-02
-3.647988598096986834e+01
-7.056263359099858690e+00
4.940132033074275952e+00
7.433760633629177050e+00
2.733824499150813381e+01
-2.389711919206563095e+01
3.118434835994975174e+01
-2.232895394001636191e+01
1.434513173780374018e+01
2.259121125666180774e+01
