-3.451889123747521637e+01
-2.018581973524575801e+00
-7.105876843954106903e+00
2.395704130015519695e+01
-1.185589022915070245e+01
-9.166907789636042025e+00
-2.393144966005343122e+01
-5.006588079074123243e+01
-2.134685221322180837e+01
-2.249592287162357707e+01
-2.092634742183113872e+01
4.237698555124273625e+00
1.991927778791676928e+00
-1.065533118750764174e+00
1.713428539676698392e+00
2.639254674875314777e+01
-1.014848635610026406e+01
-7.164854540929283644e+00
1.172248063441031718e+01
-6.162996272088325611e+01
3.091226846958791441e+01
-1.327741597717812283e+01
-2.389253714966589115e+00
-5.561535554952442340e+00
-9.745763910057689827e-01
-2.103472121534849748e+00
4.778724239151077313e+01
-1.499907598643427775e+01
-3.973976519589541567e+00
-3.025453222485494109e+01
3.906538579482071327e+01
-4.306106503131132968e+00
-2.126753995911195716e+01
1.115850986475003737e+01
-2.045204586891998133e+00
1.298704501316998972e+01
-5.384307543470185919e-01
2.701581965772149374e+00
1.888505293113817629e+01
-5.437213215060842231e+01
3.030272996011447617e+01
8.095021166991685391e+00
-6.243536373177249743e+00
-1.738208319225521592e+01
6.873751377154206921e+00
-1.089817959256964741e+01
2.479327863682158295e+01
1.979613837620360073e+01
-1.275620660471878409e+01
-1.631121797070983348e+01
-1.725687968957214480e+01
-2.070322544083428085e+01
1.052607453903898715e+01
-2.694767909824014396e+01
8.254460894053750053e+00
3.444743367672005263e+01
3.973387466848188865e+01
1.849170532264369626e+01
8.237894954175601470e+00
1.726664107433293793e+01
5.067752293816710107e+01
8.549485640901366423e+00
-2.970316664396817430e+01
-5.992466755899556574e+00
-1.401566300167175427e+01
3.311462959144846252e+01
-3.917149675926320640e+01
-3.420340131965906494e+01
-1.742877452692296458e+01
-9.758093686771417197e+00
-2.228004566979663537e+01
1.563599109280947630e+01
5.179681084441199346e+00
7.793457026476573901e+00
-2.158085235489272335e+01
-1.888221458560073529e+01
-3.259436487849377784e+01
1.794636491856994098e+01
-1.869416676918648790e+01
1.688122617061411290e+01
-5.396867558973893253e+00
-1.482151020211452419e+01
-2.853390018628346070e+01
-8.494897694100984609e+00
-6.092180650747877735e+00
-6.822003892528385904e+00
2.226380396533884820e+01
4.175032108736422742e+01
-2.452441772421958532e+01
-4.275716654996030996e+01
-1.072985947700550469e+01
5.920920069895390725e+01
-3.233228886481131781e+01
1.786280261750530940e+01
-6.493725943620631824e+00
-3.321594649619498796e+01
1.371816115743141040e+01
1.945565790826040597e+01
-9.658948901799533360e+00
1.829803075529980561e+01
-1.338544792374887038e+01
-3.115637434431397423e+01
5.233949878095302211e+01
2.495534290152568246e+01
1.410181687139913720e+01
7.850450293601284102e+00
1.493188278621823883e+01
4.501993114533956941e+01
-1.468281401159511113e+01
3.338110851075285268e+00
-7.541020200537695928e+01
8.736535521677978977e+00
-3.695342115852163545e+01
7.741665289333468536e+00
1.216199247955134410e+01
-1.990989449097941133e+01
-2.823594098347439285e+01
1.226067749648450445e+00
-1.682227636145123029e+01
2.129704514249070257e+01
-2.771161669716018849e+01
-3.089189374370562291e+00
-2.006179819201800285e+01
-1.945159659364946947e+00
1.109740597754836244e+00
1.244561346868781015e+01
4.520496263405675563e-01
-2.857937384077899878e+00
3.550400858454257502e+01
5.027073100892727098e+01
2.716463184741046888e+01
3.922249323121610587e+01
-6.431850558969422593e+00
5.558944897547092978e+00
2.930946838001489141e+01
-4.993424313717866880e-01
-4.197707446259281028e+01
-2.250704270174300703e+01
-2.800048977610384782e+01
-1.529148042406226438e+01
1.584191934439843408e+01
-6.563001337103935384e+01
-9.268732172422687654e+00
2.449424727921402933e+01
-2.069363139430191723e+01
-1.726600944844460628e+01
3.296841929777411906e+01
2.458700465584132644e+01
-1.829796457684604150e+01
1.539249445681542738e+01
-1.403796833765822782e+01
1.886390023394158533e+01
1.826810743450465679e+00
7.304986327298109927e+00
-4.713484379551955783e+01
-2.613659759643095981e+01
-4.764955637899788599e+00
-9.102739575343559153e-01
-2.255487279178845483e+01
6.013821138765342766e+01
-9.643925424816529812e+00
-1.784793736855370128e+01
1.966033737180322305e+01
-2.538908157625905204e+01
-2.025095009616657649e+01
1.808577299360592860e+01
7.096202938368904256e+00
8.483065109255846892e+00
8.717821572619499193e+00
-6.119417439879072163e+00
8.814546301080781632e+00
3.221727839488318068e+01
-1.462068473348597308e+01
1.061733222899087536e+01
5.029870751891201053e+01
1.810009461318762192e+01
-4.169240509306462172e+00
-1.134474303884329771e+01
8.608117854017422133e+01
-1.181652743793307536e+01
2.074097551451870913e+01
1.431716183786531360e+01
1.627190365270236327e+01
4.888076194948610009e+01
2.651291687920888762e+01
-1.481283464335302114e+00
1.341973301273316110e+01
2.717377009827811207e+01
1.989421610642480687e+01
-3.216337511778010594e+01
5.212243022839248852e+01
-4.636618459355828747e+01
-6.799542821912268664e+00
3.044012630437380551e+01
8.304337724659241360e+00
4.192281652547364956e+00
1.563630294555321143e+01
1.239639860515362102e+01
1.901729937501826839e+01
-3.460729015684950127e+01
2.212484458261258169e+00
-1.470338363703888263e+01
-3.702236042826932305e+00
-2.488943954408341597e+00
-5.950679678329125366e+00
-3.180587632250251318e+00
4.628770607467356513e+01
-4.682800957931291919e+00
-1.435386642109440913e+01
-1.417379175171461725e+00
7.197596031178633780e+00
-3.296193973558648338e+01
-2.830331365368849106e+01
-2.005267329971400159e+01
-3.419372737508504656e+01
-8.861167579733688626e+00
-2.308364624511365903e+01
1.005924296134553231e+01
7.157167585994770320e-01
-6.902459624827883999e+00
-4.557503430855774695e+00
3.171212609260905424e+00
-8.080833599794928546e+00
3.764836815193639552e+01
-4.779540035310185431e+01
-8.385693338393259921e+00
-7.456137989434520108e+00
8.798999838306514221e+00
1.249735556279821935e+01
-2.598675236007602507e+01
-8.412946507422333298e+00
2.371865728204484114e+01
-1.108964773039582496e+01
8.798431182235759707e+00
1.881012906936585694e+01
-1.631290522606320792e+00
6.157687152046048595e+01
-7.717585883329036278e+00
-1.746958651396869300e+01
1.759206445776982264e+00
-1.356683102127655616e+01
3.016311136582571351e+01
-2.339918675427945516e+01
6.721015064533162331e+00
3.130737912489078667e+01
-6.961092217399311721e+00
6.528679221543836775e+01
7.065747535908815280e+01
-3.662441077689709346e+01
3.255046107964540170e+01
1.201524374071647117e+01
-3.072597455149799828e+01
9.150454910449106194e+00
2.319494974994832148e+01
2.369858510226663384e+01
1.266564899554538215e+00
9.385909669659326937e+00
4.105402972856802535e+01
-1.296671713427974737e+01
7.883488614969554220e+00
3.956980815807554563e+01
-2.038759816620300569e+01
-1.098979057523641245e+01
3.087643851787354521e+01
1.583403248369081240e+01
4.173543720746283725e+01
1.662554413286136423e+01
5.988279480121832421e+00
1.469447011549094384e+01
2.231321564936794744e+01
-2.955875881105836811e+01
3.780386254908592036e+00
1.366268011531813187e+01
6.422140752768598304e+00
1.305330843387740458e+01
-3.374789891682249987e+01
1.764340340299844456e+01
-2.355647239125551096e+01
-1.836498455015352960e+01
1.179428807722422334e+01
-6.416104197656025576e+00
3.191855512127705197e+01
-9.189899885561601423e+00
1.658643640885838977e+01
1.786992165016704348e+01
4.282320852900581798e+01
3.004901929993994258e+01
2.685918298030927787e+01
-1.788762910826790176e+00
-4.634941983074838845e+00
-1.760166655315509843e+01
4.401662613154277892e+01
4.377259204531003434e+01
2.151835553804515655e+01
-1.385840763139037790e+01
2.742389236806229746e+01
-2.813668281089235279e+00
9.802512375173265013e+00
3.640616752828435665e+01
-6.499912681411927906e-01
-4.357625124139161699e+00
-1.110237107946267088e+01
-3.224515496051378705e+01
5.264953670716212741e+01
2.789124808419961710e+01
-3.291844065314942469e+01
-9.070763409583733505e+00
1.448819381921516225e+01
-5.469339753167986373e+00
3.496759488618236844e+01
6.917649044570566730e+00
4.407106341484706036e+01
1.914469266477243181e+01
-1.251919864267495086e+01
1.104385520130900034e+01
-3.446652096965777901e+00
-1.513534740039298754e+01
8.667639687823879058e+00
8.269311228659773860e+00
5.178785197919084737e+01
4.349971132170389865e+01
3.059538596486403605e+01
3.678617141000404445e+01
4.789119303347689538e+00
-1.430986267489515740e+01
7.912646383420820939e+00
-1.841372580772168277e+01
-2.960924712568047568e+01
-3.068843034545045612e+01
-1.721613152349272013e+01
-6.002708044319763303e+01
-1.927615164036224371e+01
-4.782677438221570299e+01
1.297553890830704049e+01
-2.555743653725068398e+01
2.571059338945528339e+01
-5.466197288337578186e+01
-1.647424076759624256e+01
2.363813898010462822e+01
1.157383849274044962e+01
-4.905689476826680817e+01
3.125449783823665939e+01
-1.427363041087352258e+01
2.970565808113247641e+01
-1.276756879703916070e+01
-4.327705340308347104e+01
7.895206985432565716e+00
-3.593667055224233309e+01
-4.097398661016541155e+00
-1.666575251901881494e+00
2.254640573108378021e+01
6.962638258674945746e+01
-2.382614497088516714e+01
-1.930564640399022380e+01
-2.320964169596237525e+00
-6.275375999189236609e+00
-4.461199205914689969e+01
-3.075750500088946637e+01
2.641071485871920288e+01
-1.172205257053343530e+01
1.121686271609897290e+01
-2.711381527579760586e+01
-9.082305221593742317e+00
-2.290520437751972338e+01
2.850627931928472236e+01
5.239145485051494688e+00
-1.233163833487998318e+01
-9.406424070688132133e+00
6.565731983816554873e+00
-4.486824304077259740e+00
2.378599841025825867e+01
-1.422533593488452652e+01
5.519522745943277187e+00
1.961028935569255793e+01
7.567401084526693467e+00
-1.175041721721893850e+01
8.496040956761390817e+01
3.249495505195854150e+01
2.351042138589910735e+00
5.663735059954831286e+00
-3.459045682504449815e+01
1.858978451086557016e+01
-4.224290728874352396e+01
-1.607141332467418238e+01
-3.041040965015542952e+01
-1.095329684106422974e+01
3.140379240247557391e+01
-3.131760298964978517e+01
1.323836473792458435e+01
-2.132573683281151489e+00
1.150005261187459382e+00
-1.980916104806394173e+01
-2.452558762612460441e+01
-3.131072173505515366e+00
-1.972217451791313891e+01
-1.091385555478365177e+01
-2.284092318107997244e+01
-5.124813651494193323e+00
-1.918767201865567529e+01
-2.773032765379743125e+01
1.150124796283786566e+01
-7.912349468268914165e+00
1.354900336322782550e+01
4.679572555109213994e+00
-4.209000426819448393e+01
-2.899527012689489425e+01
-2.524948287459112350e+01
1.787108484351153948e+01
-1.366353176044214024e+00
-3.423329812952820816e+01
3.257498036522564888e+01
-2.162744878573054308e+01
3.160308947042459948e+01
-1.748903505713892059e+01
-2.668612562850412928e+01
1.308037948856542698e+01
-3.754452417763860694e+01
-1.901328451524491925e+01
3.423208753261712900e+01
1.043000188407768292e+01
-2.429825312093186085e+01
2.998763276458258531e+01
-1.001953627470044239e+01
-2.101340802260585860e+01
-1.679305686502243589e+01
-2.769785876952789749e+01
1.533980372766028921e+01
-4.972106021690547095e+01
-4.377357055787479112e+01
-5.625757664870434382e+00
-1.666186941455242732e+01
-3.268169185315272784e+01
4.064320679805729242e+01
7.420150361731117528e+01
-1.518663614290741748e+01
-2.017182821076801247e+00
-3.348014302364640571e+01
3.628156307006383940e+01
1.125731827185717293e+01
-1.324002151110079240e+01
-2.015105303132828851e+01
8.156018866043822868e+00
-3.207904335746873414e+01
-9.776375984775228289e+00
-4.805726916739192234e+01
2.014749398899851940e+01
6.081057082100670641e+00
-9.642674158089903358e-01
-5.761341611524528616e+00
-2.213597842923081771e+01
-6.084356132329702405e+00
7.255979063766154979e+01
-1.016700411427513018e+01
-2.658826994494154405e+01
-3.867361934695804848e+01
7.716744144990144605e+00
-2.076553725388890115e+01
6.025003028026723939e+00
1.676926734120644369e+01
4.246641867539835857e+00
1.730242006487177875e+01
8.358684046028145076e+00
3.241990196337923180e+01
1.456280304247627555e+01
-1.937970799186005877e+01
2.656595004622946021e+01
1.931452966826878992e+01
6.837477541715273333e+00
2.345566903769832834e+01
-1.573638631481585293e+01
4.082423574053746052e+01
1.305462299776726809e+01
-1.754883397368926268e+01
-3.238405441595775258e+00
-9.997676966763094697e+00
1.132424003708425175e+01
-1.287930864257138808e+01
-4.385052873464161394e+00
-7.070141433338051229e+00
4.483383907687431247e+01
3.056438160208330146e+01
-3.589689900922199683e+01
-4.497869139926763182e+00
-2.920439277525204602e+01
-8.040381960382774196e+00
-1.305417748913828291e+01
4.742411893048284810e+00
-5.470113365774125214e-01
-1.590740129926655300e+01
9.419810685786984550e+00
-4.560805119750568792e+00
-5.164431985468191044e+00
4.771022700149615048e+01
7.978467923231608694e+00
-4.571726399440928645e+01
-2.196988706737420216e+01
5.306329131683833111e+01
1.508811050204394633e+01
-5.276726508669185023e+00
5.910501472458238936e+01
-8.906424867302177972e+00
-5.068250962640632906e+00
-4.480428499894003380e+00
8.548747388109461554e+00
1.727438743272043098e+01
2.429775859313451747e+00
1.603486621864814765e+01
-7.085795281141315627e+00
-1.947845019235062125e+01
-2.307251156871356557e+01
-2.651323569939830804e+01
2.280213493929753099e+01
7.164195525345100179e+00
2.109709099771799146e+01
7.701351070787495701e+00
4.940273006539641187e+01
1.034069533661975271e+01
-4.465840634821370259e+01
-1.897597828164614953e+01
3.375434529481019297e+00
-1.611485332227614720e+01
3.496188008181130158e+01
-7.659137278869138754e+00
9.297514896842955068e+00
2.917833628777962929e+01
-4.130929276278584439e+01
8.276290903507387497e+01
1.147904983512481181e+01
1.321313972461894082e+01
2.000939994431668367e+01
4.094118539962124714e+00
-2.374407252453067940e-01
1.938755713090935728e+01
-2.049408957652855179e+01
4.593301047577368479e+01
4.061324665314585047e+01
-2.305921931358457755e+01
8.852073753113927523e+00
3.869996684591211533e+01
-1.137633606338044956e+01
9.686731692654291237e+00
2.084491553531118058e+01
2.242110421665447006e+01
-4.222880856948992800e+01
-5.685117282626947599e+00
-1.693290135010692410e+01
-1.671349809337158376e+00
-4.384731629984536028e+00
9.653599450746241928e-01
-6.888374861247996250e+00
-1.756957764378512366e+01
7.304244990989076314e+00
3.797347178134515389e+00
2.933634348516892487e+01
-2.422562235300010514e+01
2.414265529865195958e+01
2.612735332598738580e+01
-6.873887474596983793e+00
4.505159792840039756e+01
-3.766597710448175462e+01
-5.703634592749077825e+01
-4.808106346395714326e+00
-4.387401601754902458e+00
-6.823385695460615352e-01
4.424477197866396239e+01
-2.689182072144895130e+00
2.369179127845868038e+01
2.970830631429475943e+01
2.067882496747745336e+01
-6.402421136756458964e+00
3.295901018718842579e+01
-8.795746869319685857e+00
-1.959148970966685965e+01
-2.259987224754547697e+01
5.990579382772700967e+00
1.950936421487617167e+01
-7.378382012544477675e-01
1.924365953616364777e+01
2.820366903532658398e-01
3.351317648384453207e+01
9.551459085423744000e+00
5.007114073963421674e+00
-2.087829199117379630e+00
1.779919126647703109e+01
2.076233565518643331e+01
9.505721429036924519e+00
-9.866552580189562605e-01
-3.040979418625695985e+01
1.609537249254900360e+01
1.051226912729086393e+01
1.961244876682921046e+01
1.554766073887358857e+01
1.999669485001502522e+01
-4.798479770130001043e+00
1.722041090128021779e+01
-1.486020584412813150e+01
-3.681189964062241415e-01
-2.994431253359164202e+01
-1.698382078244401328e+01
2.221396152543982794e+01
-4.977597941228407308e+01
1.464575188529937577e+01
8.762976066954195176e+00
4.588317836314644182e+01
-1.043747093789583857e+01
1.841939719395220365e+01
-5.514923863423234707e+00
-2.676810407182838958e+01
-3.753687015489828127e+01
-6.475310669522123419e+00
-4.882427456759320705e+01
6.488372433588324384e+00
-1.095791512326525918e+01
1.704840112842678934e+01
1.304767467108757728e+01
-1.577167936733246734e+01
-1.614112030558106881e+01
2.261240314465816326e+01
-3.399707797157970646e+01
-6.745077435030992774e+00
-1.045058549058822450e+01
1.511377950939215609e+01
5.300051961372105325e-01
1.497022968832538936e+00
-1.041869682385845408e+01
3.027306174793289983e+01
-3.064547013220021654e+01
3.725853583530067681e+00
3.324878294124670219e+01
-2.031596664863698720e+01
1.711981196755615997e+00
-1.453089132725153831e-01
-3.591789129072488862e+01
-2.207343464656199217e+01
-2.737800889508871904e+00
1.560290755027588716e+01
1.825440150629970049e+01
3.371413208995420518e+00
-5.347656581223077410e+00
9.821011750242405469e+00
-2.347784573728503688e+01
-1.086994507059671378e+00
-2.864098873722278427e+01
-1.543759689094649445e+01
2.683402979009096612e+01
-1.575803162009921721e+01
3.746898270139953979e+01
-1.327913036431337446e+01
1.805815561221392329e+01
1.394600577529251240e+01
-3.500741374606414524e+01
-1.384972807994827804e+01
4.857036664058469455e+00
-2.309500323773841046e+01
-2.079140437176289424e+01
-4.826596053972582467e+01
-2.982457293543154719e+01
-2.818047619007131743e+01
-2.425198179971485501e+01
4.449081802494987414e-01
1.006257859385914344e+01
3.777519786905884303e+00
1.346129910957919051e+01
-3.134273774453588146e+01
8.416235602189033216e+00
1.490640125526905990e+01
-3.717084874844744036e+01
-3.432972632555933501e+01
-2.332972002212613916e+01
-1.501018837809388629e+01
8.947403620574846173e+00
-7.293592220950131377e-01
-2.322968992442846314e+01
1.651579730935947055e+01
-1.319445187615963277e+01
2.771468771398110675e+01
-4.912368490485195593e+01
3.494302355188879972e+01
-5.008596413305184569e+00
-2.210376863938125780e+01
-1.381873587189924990e+01
1.040122293712379076e+00
2.468459587396878163e+01
-4.066904417729706722e+01
-6.527198828736871405e+00
-1.117156337823406176e+01
2.467294845601499276e+01
4.612314786146554013e+01
-5.483670566607173669e+01
5.129065673784788260e+01
2.292012837167540340e+01
-4.116624656517051051e+01
-1.760584397068367934e+01
4.370859676755164003e+01
3.278852071241732347e+01
-1.146639553232023445e+01
-3.225532564112540967e+00
7.896280434088630784e+00
4.116878509132752129e+01
-3.129723965368045668e+01
6.979619624634864294e+00
-4.614451151186756306e+00
1.503664305982431415e+01
-4.002814691268378056e+01
-1.824529332834675444e+00
-1.675516298589136710e+01
2.633868226206307384e+01
2.322072475760421639e+01
-4.815874121754939097e+01
-2.633453414707973650e+01
-1.190452154661028317e+01
-2.349417493025235615e+01
-6.417069776624316546e+00
-1.119111404379600572e+01
2.480410959077320854e+01
2.315987390139679292e+01
-1.148630968987191636e+00
-2.534172733746569151e+01
-4.692847735070776594e+01
2.624717835150221390e+01
-2.707584105331341817e+01
-2.006906016485584132e+01
3.269003073049809416e+00
-1.981492586471485851e+01
-2.155322875849734032e+01
-1.577701977766267305e+01
-2.639275702508942345e+01
-1.429342853132029134e+01
-2.863626596146771419e+01
3.082364229139102463e+01
3.382708458873064217e+01
-3.657233779047487587e+00
-1.208272257815247031e+01
-2.370116292238435562e-01
2.505690629264029212e+01
-4.736131612185751294e+01
-1.092732570432897887e+01
2.713628287723162202e+01
3.911382418303323050e+01
-9.247553979470950480e+00
5.422353795959452327e+00
3.025425696921251983e+01
9.149160336343015842e+00
-5.533209418832711890e-01
-2.453469032674416894e+01
1.112709029951810180e+01
-1.910316835589685525e+01
-5.741198690823665629e+00
-1.073302043428489583e+01
-9.066747782717129667e+00
1.252885470278420144e+01
4.360824952804858867e+01
-1.307519345139297684e+00
1.895832687283018458e+00
-5.018916923598011692e+01
-1.041310038473318400e+01
-1.982563540925801249e+01
-1.220691381876690684e-01
-2.594226018255197630e+01
4.706758646406177604e+01
4.474002587171787582e+01
7.723162989140327284e+00
-1.089483116898711046e+01
9.192900093289551933e+00
1.135103938719132088e+01
-2.632742136470167793e+01
-4.667301211328265254e+00
1.046078070821283745e+01
7.336047176414140836e+00
3.038872405484212891e+01
2.227778345480194844e+01
-1.165838142441131708e+01
1.432781764311299355e+01
-5.467614386337768195e+01
-6.458781619421003484e-01
4.811847442629849070e+01
6.573883613990204822e+00
-1.156766660791447521e+00
1.684826073862564044e+01
-1.583114241581408521e+01
4.956837548985508590e+01
-9.178884610208456252e+00
4.436876108336980451e+01
2.163127839378351069e+01
-2.233441267055803792e+01
1.786117128432388768e+01
-1.690563787972052978e+01
-3.990824460518393835e+01
-3.555120242395389596e+00
-3.072607056139329273e+01
-2.900058180662125551e+01
-2.741097182828568180e+00
1.994022248115709317e+01
-5.383644037388137349e+00
-1.727335505455954490e+01
4.955520139897828358e+00
-3.822417061481212386e+01
-3.887118516992543960e+00
-4.581928102470635622e+01
2.690957069568936788e+01
-6.419422826247824787e-01
-2.755905823863291459e+01
-9.110157847107160478e+00
1.022830686860169180e+01
-1.954166331838908377e+01
-2.520832534581450091e+01
5.210427361645957944e+01
-1.336235167112272393e+01
-2.222921472371797336e+01
1.509261700519520133e+01
-9.769442450222612706e+00
3.024072860971279653e+01
-2.530895383365418638e+00
3.871834570719670410e+00
5.975898504642935904e+01
-6.858509006409036601e+00
-2.025411181971088581e+01
-2.376355648398657650e+01
-2.811698407413831546e+01
-1.891602632581094667e+01
1.496314561060603410e+01
1.501652674203694460e+01
1.229519521386849590e+01
4.065311064046403544e+01
1.854686981939750012e+00
1.156446884922999629e+01
-3.514491369762131967e+01
1.485456097456221869e+00
-1.026276338506033881e+01
-1.475451628448217889e+01
-1.920623909286405251e+00
1.862371845319898966e+01
2.113937623149320189e+01
-3.716708236877312999e-01
6.789797180105324514e+00
1.523969122043375179e+01
1.929026858179339854e+01
-1.357408933755880298e+01
-7.013958638717781469e+00
3.780696964987555475e-01
-1.277758875377406866e+01
-2.769417695299466686e+00
-1.986771650416653756e+01
4.396057656156892790e+01
3.561629860613470555e+01
-9.043003359699127941e+00
8.867167511427624049e+00
-2.566820076668706818e+00
-1.660976000696504684e+01
1.974251396281530546e+01
-5.298250177942009032e+00
2.216004524599171077e+01
-2.900677560697097590e+01
9.967528976093092297e+00
-5.516997238448652752e+00
-2.986129478262444081e+01
-1.355832991286911238e+01
1.482909296880535521e+01
-5.056878934834487893e+01
2.383777341382506165e+01
2.582547575026242725e+01
-5.539428107438478577e+00
-3.330150916879588863e+00
-1.782771162873018511e+00
1.383644211645980704e+01
-1.813237964671745317e+01
2.001240911853121673e+01
1.688445238501159906e+01
-5.449060291262776445e+01
-1.963618515863032599e+01
1.317952114611004788e+01
-4.690978640342564177e+00
2.406347970061659680e+01
-3.532144043953741175e+01
-3.010651662414659313e+00
-2.322132027535598553e+01
-7.131034691679181492e+01
4.264467726114024515e+01
-3.232590534717297714e+01
-3.392552205424122036e+01
4.945395725145957044e+00
7.188024831826299987e+01
6.490582988630677619e-01
-1.558164259762432380e+01
-1.744043695037532871e+00
-3.040677679864884908e+00
-4.748305335398826799e+01
-3.394758510775285743e+01
4.542670630800746778e+01
-5.687143794819036202e+00
-2.090394460085451556e+01
2.735621730832576759e+01
-1.989812525923073494e+01
2.044176188249929282e+01
2.954225516432070719e+01
-3.165050180842044369e+01
-1.554359590022085058e+01
-1.926692987721395411e+01
-9.961759539394535068e+00
-9.743819007745877059e+00
-5.770278983691355279e+00
7.942671069001221440e+00
-1.893039469776904582e+01
1.572784172098619138e+01
3.210883818266933076e+01
-4.985127155741903238e+00
-1.130884151006611660e+01
8.097830556220714016e+00
3.105978520894814210e+01
2.893103799662344500e+01
5.450574640526951953e+00
-3.074179836314243630e+00
-4.829994859614060942e+00
-2.813563587603370308e+01
2.131927804023122519e+01
-1.235401382090335431e+01
1.101716610749247138e+01
-7.768695319433106761e+00
1.498096474827829638e+01
1.013709423083626859e+01
-4.462591307925717388e+01
-1.477952747271268663e+01
-4.357725846596174790e+01
-1.977355396090575823e+01
2.916954875117482970e+00
-9.539206516034397509e+00
1.812103304314356933e+01
-1.665366603875415308e+01
2.064976360266470579e+00
5.953013653887751389e+00
3.921344238794307557e+01
1.986690471526344481e+01
-1.676110021458113408e+01
-6.884668606274146896e-01
6.716542852218793769e+00
2.126388105657924754e+01
1.835555204993966072e-01
3.027258436958840093e+01
1.243135427111191404e+01
5.021582578096479210e+01
1.048810133500609254e+00
3.629242406676377186e+01
-1.499843028040949378e+01
-2.088843820173954668e+01
2.434763880423304272e+00
5.168471532173100513e+00
1.484501410727708048e+01
-7.858662101515449194e+00
-7.575229444407433732e+00
1.439135635194499585e+01
-2.685067287571382622e+01
-3.056781533669598616e+01
4.392900190643871383e+01
-3.314870146055000077e+00
-2.164227817730659353e+01
-2.233415032367034314e+00
-7.480937741515504058e+00
2.358753998542474051e+01
1.833450325395835989e+01
-1.120041070920285620e+01
4.757981734399550078e-01
-1.464126055196734910e+01
-1.955730527291166254e+01
-1.480039199765656122e+01
-5.356905673589014327e+01
4.559542145597106355e-02
-3.564756312054326770e+01
-3.086513562192851623e+01
-2.064086688799159219e+01
1.063039317006234796e+01
-2.020197774381708200e+01
1.280351988443540989e+01
-3.394438700494291794e+01
5.780225878615397050e-01
-2.294440444384441946e+01
4.775216739539104083e+00
6.232954837057818054e+00
1.848772209182661186e+01
-1.163818630410978017e+01
-8.810848262722799973e+00
1.638299242321014404e+01
3.281150866183452308e+01
1.819284325273295622e+01
4.629015683368265854e+00
-3.975561841817950892e+01
-9.445808166934483552e+00
-1.753257863190611943e+01
-3.346145004821164548e+01
2.241044678497399900e+01
-2.011863459618695060e+01
-1.814799474879507102e+00
-1.553823746559982055e+01
-5.523726456567152354e+01
2.863086693414118145e+01
-9.746102595127013046e+00
2.245696339308022971e+01
-3.954648476951476255e+01
3.735186921799106585e+01
2.034114693449765809e+00
-1.592948948137686926e+01
4.807404430002748086e+00
-1.154276377815369869e+01
-3.628629145707131443e+01
7.993714149776693034e+00
1.976363280385525911e+01
9.689926938402777523e-01
-2.006590998491827804e+01
-9.076841751934580316e+00
9.703661801914108764e+00
1.769578905887308906e+01
3.490392388523208922e+01
1.312510784786366003e+01
-1.286874287117925064e+01
5.290297259328795576e+01
1.327388529992977340e+01
2.352352047286329650e+01
-1.014277488477029010e+01
1.548227767363118801e+01
1.086638029318424969e+01
-3.434190881935299444e+01
-1.143502980681702752e+01
-2.266613386373462902e+01
-2.046475937509076459e+01
-6.700769431901392181e+00
-7.680576222325498748e+00
-2.338635732791141209e+01
-6.136708578861539820e+01
-1.599428567113818467e+01
6.902202237418919140e+00
5.042131298950494056e+00
7.708158832660927828e+00
2.570439314935097741e+01
7.748817304720603261e+00
1.800497076212420211e+01
-2.303340125626640145e+01
2.533823091998215205e+01
-2.517583344980994298e+01
-3.986326966126875959e+01
1.216768412753759776e+01
-2.393656022720116994e+01
-2.173460197662485882e+01
-8.783096137446369767e+01
-6.407020725321885379e+00
4.519543819599005019e+01
2.347542710908007280e+01
-5.686611582627904227e+00
-7.652854510802512777e+00
2.095055161117082321e+01
3.684773854625866818e+01
-2.305869682337190341e+01
-5.952366337275577735e+00
-1.886031221743411379e+01
-1.947171118795836264e+01
-1.700078396235694811e+01
6.996117314311653956e+00
3.920254268207216342e+01
-3.610257587694619019e+01
-3.107087160785115998e+01
1.823777934322038163e+00
-5.908013006554085678e+00
-7.352564925456068323e+00
-4.997993489870009398e+01
3.487182199089868107e+01
1.329405170525575386e+01
5.224384755888216603e+00
2.681745491274081417e+01
-1.818481101376458042e+01
1.713903782433052925e+01
1.539509908242123970e+01
1.982707376517566900e+00
-3.360519687117736964e+00
4.876440405313747561e+00
-8.746164056779463181e+00
2.813690762988400706e+01
-2.218697609601136378e+01
2.388074443073580255e+01
5.324413923769100165e+00
8.002905090184412984e+00
1.262727748633443525e+01
-4.820242857049059637e+01
4.694912718456691891e+00
-3.711862014917687702e+01
-2.713162344715245311e+01
-2.713803414623649246e+01
-2.768095555496736893e+01
2.877258099257460344e-01
9.295687018255549106e+00
2.761410987272942918e+01
4.788693189330686550e+00
7.966725433819068058e+00
-3.891075723383869445e+01
-1.412815149028170936e+01
1.884498755213527943e+01
-1.140705869406033912e+00
-2.752222462535769409e-02
-4.896605072254260449e+00
1.941545079602117596e+01
-5.057180853700606349e+01
6.241140918645083246e+00
1.122312118616372345e+01
2.395200472015356041e+01
2.047752945828022320e+01
-3.135712968484773455e+01
6.226820293149785357e+00
3.234077701506862468e+00
2.594166529448699521e+00
3.314615363907648771e+00
-1.041899890077021951e+01
-1.953855565890508217e+01
1.048438675716943180e+01
3.332925948314738207e+01
-2.760480019636474935e+00
6.389939352076567047e+00
9.424620269769292236e+00
-1.419948988157541692e+01
-1.506271399371738084e+01
-6.610080993766786150e+01
-2.040861877308266514e+01
-3.023659467594224282e+01
-3.693181431948374893e+00
-3.739125998002839424e+01
4.158809440653431011e+01
-1.734236232989030668e+01
-2.971573950595310976e+01
-8.568556478065318061e+01
3.678074531354499754e+01
7.385727764165750386e+00
3.414009675234922270e+00
-3.470999932673998956e+01
4.879692077231538860e+00
-1.106552588964981965e+01
-1.814820291558848098e+01
6.507257773777681109e+00
1.870115028741253127e+01
4.039626252047767707e+00
-1.177102421874735683e+01
-1.308104465763904045e-01
1.525848135009482576e+00
8.724460920690546573e+00
-3.515994088647406102e+01
3.996639136650977520e+01
-2.375304597143516361e+01
-1.658077809520713330e+01
-2.711188971680047644e+01
-5.758979671504003761e+01
4.983055028105468409e+00
-2.901170384564215965e+01
-1.053447083780772431e+01
1.806843380399232046e+01
-1.431607302919326230e+01
-1.911157104206154145e+00
-6.505750300863624602e+00
-1.109150954509243547e+01
1.773669983968368058e+00
3.003701140118057822e+01
-2.781745418360276290e+01
5.507455257218586553e+01
-1.253100107338286762e+01
1.849715244984238893e+01
-7.617341379089722864e+00
6.296512110588185607e+00
-6.039486619901111908e+00
2.426745345081934602e+01
3.391332532865466476e+01
1.059133975867952415e+01
2.543728438978875062e+01
-1.970080747974665769e+01
-3.679772903395537753e+00
-1.233003046387329960e+01
3.801388801904960246e+01
3.189405088351008999e+01
2.410974244422965285e+01
-8.466323069329234841e+00
-1.539070620681121682e+01
1.377187862908360216e+01
-1.557159453835130591e+01
-6.876715334559492021e+00
-3.184177011423123815e+00
-1.631979165135606991e+01
2.747935744011667225e+01
-4.564632187053483392e+00
2.100788007702498561e+01
1.084954975699833568e+01
9.554682120594023331e+00
-1.830278639748534886e+01
1.464553721754097637e+01
-1.014836033843090490e+01
-6.527759716438851001e+00
-1.727618829898688091e+00
-2.660577574385598609e+01
4.125592822624764722e+01
-1.471265063036936027e+01
-1.781952853266318471e+00
1.231055361815461424e+01
1.064300471087344135e+01
4.101180637973997989e+01
-9.477110503119860141e+00
4.168320980133088938e+01
3.737946856662691175e+01
-5.179325911578320074e+01
2.803822510033249671e+00
-1.028352584034853123e+01
8.691043453224281734e+00
3.297142539842781161e+00
1.099567546558557751e+01
3.447658651613478753e+01
5.402886218821870301e+01
-4.153128513606233696e+01
4.183980408296201858e+01
-5.416544270981117393e+01
-4.493645853212845509e+01
-7.987827608791604916e+00
2.110873102120081057e-02
4.026389322293515249e+01
1.979590278716199236e+01
-6.655052622573350618e+00
-4.932526816114477697e+01
3.904051684629746433e+01
-2.306780437356758284e+01
9.698253977118156399e-01
-3.961019412931690908e+00
6.961051306657890336e+01
-1.399818738212709945e+01
-5.906245392236968428e+01
1.730510765071812784e+01
-8.996969926867038225e+01
6.354782442564484768e+00
-2.017294711440059984e+01
-1.019244867810530764e+01
-1.501257946888532047e+01
-3.234568394482963072e+01
2.117537456825739639e+01
-2.103897612796984973e+01
-6.492743308209242059e+00
-4.362845315353524711e+01
-2.411042532190890597e+00
-2.891726201547739805e+01
-4.129080147616900831e+01
-6.281353757656262360e+01
5.069094078837167672e+00
-1.970509851627016928e+01
3.482866748898743481e+00
-7.819676996789723944e+00
-4.494800769245034644e+01
-3.595572637213947331e+01
-3.016430639396651259e+01
-3.137676690248122213e+01
2.947135659425989473e+01
2.796995160120218316e+00
-2.757750978544615350e+01
-1.202794808325779741e+01
-1.359258527512227488e+01
2.227511174032017749e+01
-1.717207117018576668e+01
-4.228079394348899456e+00
-1.554342875313469108e+01
-1.975590601501326660e+01
-2.239439570570766591e+01
2.042142357149043619e+01
-8.623579846205842614e+00
-5.124692482137774618e+01
4.264139950476615581e+01
2.435007140929767289e+01
1.464484753575050036e+00
-4.322814931104227298e+01
-4.141432809992306829e+01
3.772715888939330853e+00
3.859280876491766321e-01
-1.747086968763198911e+01
-2.531037057796921630e+01
1.734499069399515747e+01
-3.047612809509814724e+00
1.455079600603221479e+01
2.714521890664673265e+01
1.755925581419145942e+01
1.767682634909948547e+01
1.322405946694339107e+01
-1.154796609386264095e+01
-8.253674853874301220e+00
-1.204158088787330527e+01
-2.032876224774747698e+01
-2.364928997415557888e+01
-3.524859534509616310e+01
-2.061605657928895852e+01
-5.668808008421194700e+00
-4.255280196071680621e+01
-7.911927615160266214e+00
2.023110825613147412e+01
-4.370924055565291155e+01
1.649699599696332086e+01
1.489066306642990867e+01
-3.985904796300161479e+01
-3.140770945565822103e+01
-9.512867333713543871e+00
9.731355512291941068e+00
-2.182927422949319407e+01
4.005786819816609068e+01
3.555163602352121188e+01
-4.282942715783860876e+01
2.476377374608063064e+01
1.928311597847329040e+01
4.854046692207219849e+00
1.202932956559575928e+01
-2.372686230335297353e+01
-7.218819720608379953e+00
4.601188072890408876e+00
1.066907487912638430e+01
2.344138449265442858e+01
-2.839832978247637385e+01
-3.312946347776573930e+00
8.297398816304109914e+00
3.026119898203404546e+00
-1.649727606277660641e+01
1.211457513605764547e+01
-1.416792933705680468e+01
-1.139205856302582731e+01
6.468563296494380666e-01
-3.375647769909780038e+01
1.655885276429394537e+00
-9.352958720542005722e+00
-7.673165242320891366e+00
4.669381514555823287e+00
-3.013100924165487982e+01
3.293552887897718051e+01
-1.399025544393693110e+01
-7.398889165568061799e+01
-4.736039203893673744e+01
2.053668606065123470e+01
-2.248131952545352874e+01
-1.042551062962201058e+01
-1.454641085663686084e+01
-1.019536004147423114e+01
-5.592267684208147216e+01
-3.514495449350988565e+00
-3.459801814174090850e+01
-1.915152590347707928e+01
1.177681582838275176e+01
4.371047387319291033e+01
1.579794290361203224e+00
-5.728651979117103110e-01
3.307234681552399991e+01
-3.079734223895742673e+01
1.774160873964481056e+01
4.231601332644643776e+00
-2.649450912457228924e+01
-1.417036740852071830e+01
1.235657190455981436e+01
3.625617290232554524e-01
6.752018274838466283e+00
5.732209006636992399e+00
-1.313760243161445374e+01
-1.808125175643749571e+01
-2.780343932149702368e+01
2.736091136236856869e+01
-3.583282387742318775e+01
-2.661329722942379306e+01
6.908060183255813058e+00
-4.829951956409283298e+01
1.252634374925438010e+01
3.565520388361483128e+01
-4.010703963854361120e+00
6.472569385344911552e+00
-1.602949687879581120e+01
-1.224064743085165219e+01
5.770643694450541261e+00
2.111766566888091390e+01
-2.157878692301578383e+01
1.503088883971607004e+01
-5.895544865114601407e+00
1.728827829041904351e+00
1.286402911390295856e+01
8.267856401765357077e+00
-7.172636046880306537e+00
1.222872937396459747e-01
1.063958222996035374e+01
1.590583504517806546e+01
-3.992550186200433870e+01
1.851527976854185908e+00
2.861042888503077464e+01
-5.131450906413778057e+01
1.687471900755928544e+01
-6.481793402281014949e+01
-5.983909522865664243e+00
-8.235473539784692321e+00
-2.912188245927382013e+00
-6.776099207177651351e+00
-1.395749414981906966e+01
-5.305589025540029979e+00
6.624383489139120229e+00
-1.483120571401834198e+01
6.688119783568126309e+00
4.868893918276148725e+01
-3.367104311645988446e+01
-1.466808074534077377e+01
2.215482392442476112e+01
1.337667364806461023e+01
2.430992351214925407e+01
1.174308276638748083e+01
1.169361538557974711e+01
-8.940616873825376842e+00
-2.724422711121079033e+01
-2.512466851873753626e+01
-1.500596301255733067e+01
2.572841205250725238e+00
-2.348199527975765477e+01
-7.774921309307778472e+00
4.046172281070397503e+00
1.320834706545105064e+01
-5.677901693210312573e+00
3.312347901507027359e+01
-3.212003540743890539e+01
-2.178218015471315994e+00
-1.690099701114711195e+00
1.526362140302788362e+01
-2.176954906369616083e+01
-1.379232083275346099e+01
1.039970615373037077e+01
2.492167196407572760e+01
4.145439583312398213e+01
1.770352458151464248e+01
2.320150553845992647e+01
-1.548580061376103600e+01
3.496490077255742790e+01
3.662674816756978657e+01
-1.414143561967875939e+00
1.894461109684863231e+01
2.089540585667533890e+01
-1.305094880720554329e+01
4.727593226474368748e+00
3.364106632640437056e+01
-1.337186142370453013e+01
-5.066989324604946887e+00
-3.336656857975797408e+01
1.317395330295303779e+01
-7.136176833082316762e+00
1.090251933122635819e+01
3.237136549950577091e+00
-2.203747741661625525e+01
2.522541993082074896e+01
2.221664229911007737e+01
-1.491387124656519347e+01
1.058029037123912275e+01
-3.384462180284396027e+01
-2.940162958380737379e+01
1.369003523639690911e+01
-3.770704402163384827e+01
-1.703184164452909855e+01
2.847258594259585607e+00
4.574894599707232601e+01
-1.410973538535509419e+01
-6.792328113296434822e+00
-9.968000097175973906e+00
6.202815629759658123e+01
7.693305957759640989e+00
-2.385038663761679345e+01
3.920302355356818680e+01
3.470520251814778590e+01
1.736150659242838401e+01
4.156747431891096767e+01
4.756430959702014860e+01
-4.125218994462528599e+00
-1.531830948691137451e+01
-1.602893385574003560e+01
1.598831695985198564e+01
2.079342083162458721e+01
-3.804608376833499506e+00
-1.278622393831184922e+01
-3.377999200709384553e+01
-1.394702705659328501e+01
-2.498456087822427207e+01
1.667097857889000068e+01
9.469300957989844392e+00
3.525449271475014257e+01
4.115347154790043760e+00
-1.302409181271434591e+01
-4.684857636407109283e+00
2.180499982288438332e+01
6.917859644406405550e+00
3.010424059466976132e+01
3.080778678606276344e+01
-6.669943045656225422e+00
-5.982713025017361019e+00
-5.552502450241343013e+01
2.797521118927826933e+01
-6.635055022492792887e-01
2.995550956551615229e+01
-1.196372933733817234e+01
-3.447382982989984157e+01
1.167021899108436322e+01
4.025145397443408513e+01
-1.445114261390526167e+01
3.649797327213116205e+01
-4.020410456324839288e+01
-1.272037653034232108e+01
-4.490164321326147956e+01
1.050908435908203842e+01
4.441942390012002306e+00
2.986317338912044761e+00
-3.433260541824228085e+01
5.003717081463355498e+01
2.991309092593689911e+01
4.882316518315349185e+00
-2.849208469831850721e+01
1.196121586541755732e+01
-1.284818491855521927e+01
-6.852319740733321396e+00
-1.323854323090478147e+01
1.010120991873448304e+01
-8.002593744446443225e+00
-1.111648289589167860e+01
1.148244469213528873e+01
1.427376534108298500e+01
-4.719214033100041661e+01
1.096955858933858963e+01
3.720323092542408006e+01
2.214587008471451668e+01
-5.746607135695821711e+00
8.273156376311732174e-01
-1.931856657001739563e+01
3.192668768478807806e+01
8.559914323377029177e+00
-2.303079865238601087e+00
-4.137533998950914338e+00
5.882244221134612872e+01
-1.757187023944624116e+00
1.338166467541046245e+01
4.109256195135745315e+01
5.288283544695440952e+01
3.420331018500019127e+01
2.229267431243329156e+01
-3.656892342817673125e+01
-2.491817345118008120e+01
1.893244645547549965e+01
3.845176932771465772e+00
1.738600642925604234e+01
8.756434255667386424e+00
3.378561373854779504e+01
-4.251757415647122684e+01
-2.677852245866904468e+01
-6.341872802255295483e+00
-4.696422658189738542e+01
1.050290262098494054e+01
2.417632958953518596e+01
3.732322264041442850e+00
-1.218166127230705342e+01
1.274061254554584366e+01
7.582509261503207654e+01
1.693062380932860833e+01
8.630554910442981509e+00
-2.575246591969593624e+01
-3.284882493691276295e+01
-8.031612827334797089e+00
1.813801663442924905e+01
-3.252496755447111809e+00
1.302151489660133876e+01
1.915520369904595555e+01
-3.126222163505462959e+01
1.428480132112275669e+01
2.423539509696223604e+01
3.090169524336187123e+01
-3.613570202142597054e+00
2.591734501358132547e+00
-5.508388925283895787e+00
-2.648378111690593073e+01
-3.801012234090771358e+01
4.350309464545046012e+01
-4.231944094192016337e+00
-3.024225991184771090e+01
3.000312066675348888e+00
-1.417468690283500621e+01
4.971110680203457832e+01
-1.280110652735595522e+01
-1.963442019706377550e+01
1.905425572014164004e+01
-8.990057755414170515e+00
2.436992229718873659e+01
7.340944556684689815e-01
5.320380478969229898e+01
2.890829558488599815e+01
2.202128114807372583e+00
-2.038026052889895823e+01
1.502636015815375004e+01
-2.948898897251312690e+01
-4.791662755843631771e+00
3.353092450208299624e+01
-1.531016835640056684e+01
-2.457516967224071891e+01
-1.328917536741920458e+01
2.738214628569181741e+01
6.915621121202605082e+00
-4.534426317423340436e+01
1.817869894912806217e+01
5.060112061655843263e+00
5.042864354750506095e+00
-2.757440218455633385e+01
1.577230094505125635e+00
1.848571372839434446e+01
2.618801596312549407e+01
3.609056565884324641e+01
1.579659395635737162e+01
2.137576350849258233e+00
-2.961428336344866352e+01
-2.561156629907560500e+01
-3.777323872144170025e+01
-7.203394361129369372e+00
1.735181416524469000e+01
-1.338848041289317337e+00
2.809104312686514504e+01
-1.789499912324242814e+01
8.996927016229221863e+00
-9.530422506168164887e+00
-1.636357546159047871e+01
3.349639913809897251e+01
3.879695209609991480e+00
3.444744747326359402e+01
2.591771711028229674e+00
1.218015550045963380e+01
-9.863575108759704335e+00
3.325509666563978328e+01
-9.119694989041875033e+00
3.582027556649087785e-01
-4.277376487366601054e+01
-5.251048664713138692e+00
3.915992849546336174e+01
3.497471425545680290e+01
1.477414566459759726e+01
-9.108829880766094789e+00
3.078300834391924923e+00
-1.150050788083854059e+01
-7.621262250651199111e+00
5.066960508481328418e+01
2.774119868814295842e+00
-1.436424267923359821e+01
-5.936843956805095246e+01
-2.601351411819999981e+01
-2.106050279988740215e+01
-3.512667687297187058e+01
-3.182429639847222802e+01
-3.790308884856023042e+01
-2.516309770044798455e+01
-1.744778827873301452e+01
-2.713585236607057993e+01
2.572907896139209072e+01
-1.140612278903194010e+01
-4.841096221072001526e+01
2.201386519462269575e+01
-1.669165190798026543e+01
-4.456024253242973998e+01
5.327266715276191178e+01
-1.428681849000865611e+01
9.414153061134470590e+00
2.197254100175473468e+01
4.940203934464278746e+00
1.465173138102318262e+01
1.786621221253966496e+00
1.097575457410915334e-01
-8.157779105687467336e+00
-4.141075045687557576e+01
6.525103441395138759e+00
-6.843740278333541482e+01
3.900503669752902169e+01
-2.340230022438220203e+01
-9.742700700770797084e+00
-1.005006242050933452e+01
8.223957739431858371e+00
-9.383529658621057479e+00
1.482035712611930478e+01
-3.038001113996462266e+01
1.966835420507774757e+01
2.372202026921049622e+01
5.729875235063872196e+00
6.304249232880096088e+00
1.187794594559485972e+01
5.011644199322802251e+00
1.516548837047392340e+01
-4.353775305462846745e+00
-3.868910114198351380e+01
5.260642842024651600e+00
-1.363276671556502606e+01
-2.982739548300969545e+00
3.043677579185785476e+01
-4.420819094499409374e+01
7.701555298598350419e-01
1.169060064342517080e+00
5.054722290298428788e+00
1.725469338011907894e+01
-6.700146246482141521e+00
4.578781526278754654e+01
2.425182333235973431e+01
-8.457720020323726828e+00
-4.142423838180832263e+00
2.084497090748300252e+00
4.241878070202096751e+01
-2.920776404159386175e+01
-5.679936253118177092e+01
1.700229579647938749e+01
-6.766719660067820996e+00
-9.223075102443729634e+00
9.123581758643425133e+00
4.191407500425165722e+01
2.447727268506554310e+01
-8.847998457446237808e+00
-2.903453433750578938e+01
-4.718248814247793632e+00
1.559018859382779709e+01
-8.449880711488106044e+00
-4.124753654954497506e+01
-3.370449109929680276e+00
-5.274433300225469168e+01
-2.809424587097282711e+01
4.543140677864900567e+01
-2.885180313649503603e+01
-3.779905015252717249e+01
-2.851872840767543238e+01
-2.046310485688032088e+01
2.005756496242455000e+01
4.670568225539263096e+01
-3.685192606162473794e+00
1.434099809753709565e+01
-1.180333943907159266e+01
-3.858002055551348519e+01
2.602881493776965982e+01
-2.618158336943236009e+01
1.446262203568784344e+01
1.772646248811400227e+01
-5.880958673083227950e+00
2.092415600881531645e+01
2.287565810330212912e+01
6.308911369178127870e+01
-6.592275730938581546e+00
-2.880572260069808976e+01
-3.495736025535080671e+01
-9.550321051236764447e+00
-1.863217735412192511e+01
5.254758728297318271e+01
-2.438239562311085251e+01
6.440476516619860092e+00
2.719996744182026305e+00
-1.225254958848336884e+01
-4.726733046242264891e+01
-3.480127735563200986e+00
5.487010594067574232e+01
9.674091893542467346e+00
4.170895972573589461e+00
-3.221219963510610285e+01
-3.205567254067659633e+01
-7.855496338462234718e+00
2.561538997365300929e+01
-1.413931489192597724e+01
5.727396731998436508e+01
-2.699547150503221360e+01
1.047073317398496783e+01
-7.614660372160415136e+00
-3.615694786696087704e+01
2.399083480084442499e+00
-2.856203206309714915e+01
-4.117795243366242630e+01
6.194418487637676662e+00
1.068347086424196846e+00
2.914382383860193215e+01
1.314975963230113365e+01
-1.872071959890045179e+01
1.195624275904424394e+01
-4.877853761872292182e+01
-2.667318749399561284e+01
4.969442240278643652e+01
4.599747689431367803e+00
-5.916278597276175333e+00
-1.659106224526539108e+01
-2.453927313838050850e+00
-5.542928905095948267e+00
4.961861896523453197e+01
2.319895615362392505e+01
-6.591313565256768925e+00
-1.938673545545384513e+00
-2.190878050839525670e+01
-8.724996517241777383e+00
-3.510281573109770648e+01
2.750369635278539704e+01
3.895624081410915096e+00
5.751590091782020409e+00
1.001929891091396030e+01
-4.462431281925123727e+00
-1.146364044455578224e+01
3.067985577043777390e+00
-6.032978955750265015e+01
-8.632383452360187448e+00
-5.735899705557386596e+00
-4.319642448153011571e+00
2.682475612874651461e+01
3.624901381438351677e+01
9.671180744262926510e+00
-5.306498231778982699e+01
3.467107220935309897e+01
-1.190872594719826338e+01
-2.086518191851325810e+01
-4.857974051201051680e+01
-1.673601474211275786e+01
3.465675828516057067e+01
1.699684960943881151e+01
5.551065438729722246e+00
1.876576998399440299e+01
-3.254771005247465610e+01
-2.594122458950549515e+01
3.141008125631532266e+01
2.166508847361066614e+01
2.676207707715516904e+01
2.779469572663884946e+00
4.689215135450950811e+00
3.039673728531374763e+01
5.376598056630959377e+01
-1.162226191772301576e+01
2.144744387223744297e+01
-1.447724021718954646e+01
-2.440877392364268417e+01
-1.930672739635109281e+01
-1.943225646820519614e+01
-8.096214833834551428e+00
-2.649965536730391591e+01
-1.089790392035246214e+01
-7.561360030051400827e+01
1.890139917156250249e+01
1.233153381265885784e+01
-2.661565996281986202e+00
-2.161820734396792432e+01
-1.027998341619345979e+01
-3.060347149795919108e+01
5.456690839698978834e+00
4.487383836999822506e+01
-1.233208370365559858e+01
-9.389320423216219069e+00
1.169658320369080684e+01
-2.845868550653698037e+01
4.710155485677719156e+01
8.161096299538563414e+00
7.791179067449832019e+00
2.753301691201420454e+01
-1.382334899861234589e+00
3.116417574313868499e+01
1.053561993939636920e+01
-2.175243998758176645e+00
4.559199428160951584e+00
-3.506525787348579115e+00
3.682875327984777414e+01
4.770233762971287206e+00
1.010725188154358989e+01
-6.464996850403366579e+00
7.827445151456785766e+00
-5.133405945270862958e+01
-1.953970916720993500e+01
-2.715780241218806168e+01
2.634452634748316768e+01
-1.779377105805392034e+01
-3.339051858093637293e+01
3.217487010256866142e+01
-6.758083128048156141e+00
2.251792892852188288e+01
-5.007091793931499524e+01
1.028270297874498063e+01
2.884348933789155467e+00
3.444520250086213764e+00
-6.501148469370633620e+00
-4.043637992939238757e+00
2.821694475542417635e+01
9.995896896321596614e-01
-2.824610397792423555e+01
-1.041075383976308899e+01
1.222059971664174327e+01
-6.389351748999244762e+01
-4.886232477609921432e+01
7.177159991996404642e-01
7.815226651884209730e+00
-2.611769542695490998e+01
-1.048063073534137857e+00
5.841113565288156906e+01
1.550197540512584737e+01
-2.989313996692436604e+01
5.198891318716192700e+00
-5.160300657685731096e+00
6.936768626055162201e+00
-1.977698450482944281e+01
1.222874449131015950e+01
1.461631728483865800e+01
-3.847198001226388442e+00
6.193519206979129876e+01
-4.383631543238863060e+00
-1.750450186433477029e+01
1.319751870058718168e+01
2.381519334612062266e+01
-1.870442167866039540e+01
-1.016854436738746870e+00
5.428696932073803794e+01
-1.558958330090490563e+00
3.260705508047269063e+01
8.087056344686260445e+00
-3.865771387688766936e+00
-1.261639604800615189e+01
2.893152991880221236e+01
-3.096633700481783791e+01
-5.629978867623748329e-01
-1.008556121902117297e+01
-2.198429648127294911e+01
8.338069138363723098e+00
1.474477602224811612e+01
2.392292666635000842e+00
-2.000055837422678451e-01
-2.207286516925617548e+01
8.977188280513502150e+00
-1.825004511022072506e+00
-1.256022294520175109e+01
-1.116039999086074630e+01
9.125994267952336259e+00
-2.035631573855255283e+00
-2.095447707553427108e+01
-6.041388796266517147e+01
5.834856015592265521e+00
1.066161920345061276e+01
-2.689699650364117645e+01
-1.325265232212296951e+01
4.582884639229295942e+01
6.235314164139268200e+00
2.185999337139452336e+01
4.800616629246633238e+00
2.208878795668249495e+01
3.173713588690304732e+00
-2.157400216323574682e+01
-6.061383069799020973e+00
3.013497084118569092e+00
1.745915599251628691e+01
4.176925017698306419e+01
2.728766856153802678e+01
1.681346486128688866e+00
9.476176114683283913e+00
3.357758027920961297e+01
1.465074867169944284e+01
-3.840401981197848613e+01
-1.528738985600358546e+01
6.153992262261937185e+00
4.733465219430598836e+00
1.367199449253497079e+01
-2.870339512357088552e+01
3.916357731305687651e+00
2.399002311357013184e+01
2.652325205570348032e+01
-2.383867038474471656e+01
2.356669302628233709e-02
-1.229517333765272724e+00
-9.419736676335190850e+00
-1.575501729616541979e+01
-8.579333657141660296e+00
-4.907664679343085368e+00
5.610109727957791392e+00
2.345922083736419950e+01
-1.713888883377225625e+01
4.487322140177650454e+01
1.817349692952234363e+01
1.487106200201907313e+01
1.962963592466162766e+01
1.500839827275341065e+01
2.018704154723929634e+01
3.034424863141001083e+01
-2.523563463996013212e+01
3.453649912711630776e+01
-6.327449773588254800e+01
1.755927534927698019e+01
-5.930280202990542193e+01
4.630873498025079016e+01
4.177605465568215948e+01
-5.225090303232690303e+00
-2.671082314586880102e+01
-2.355476586141375606e+01
-3.049886100128316002e+01
-3.514471721849565711e+01
3.139216788793856949e+01
2.333144473691920950e+01
1.326224907266708897e+01
1.568475633778592737e+01
2.482639118313792892e+01
-2.174051641713435856e+01
-9.853710340672051871e+00
3.058840968048084363e+01
-7.240541098408030507e+00
2.963314268619659231e+01
4.133057134572212021e+01
-3.220395893864598236e+00
-4.062585527463329527e+01
2.778887980733088625e+00
-1.469029839548934291e+00
-5.659241129955773886e+00
5.282622401151115810e-02
-3.616440292950954927e+01
-6.970903019533352563e+00
4.894850501254222053e+00
7.390496524676251511e+00
2.710783032855837860e+01
-2.370652472127119381e+01
3.087666716061499983e+01
-2.212794145100458820e+01
1.423071561095912330e+01
2.240183337429944288e+01
