---------------------
  #    meV     cm^-1
---------------------
  0    7.4      59.6
  1   16.4     132.0
  2   20.0     161.2
  3   22.6     182.1
  4   24.5     197.4
  5   28.1     226.5
  6   30.7     247.3
  7   37.4     301.8
  8   41.8     337.0
  9   70.1     565.3
 10   72.6     585.2
 11   76.6     618.0
 12   82.4     664.3
 13   88.5     713.5
 14  103.4     834.2
 15  136.9    1104.2
 16  153.0    1234.3
 17  171.5    1382.9
 18  177.5    1431.8
 19  189.6    1529.3
 20  377.4    3043.9
 21  399.4    3221.3
 22  414.6    3343.7
 23  470.9    3798.1
---------------------
Zero-point energy: 1.607 eV
