-3.465005408999999759e+01
-2.026647319999999919e+00
-7.138742760000000409e+00
2.405102176999999841e+01
-1.189979078000000001e+01
-9.206906740000000866e+00
-2.402827403999999945e+01
-5.025893061000000017e+01
-2.143669582000000062e+01
-2.259230493999999823e+01
-2.100602504000000081e+01
4.255331260000000171e+00
1.997659419999999963e+00
-1.071325050000000001e+00
1.724927529999999987e+00
2.649476062000000098e+01
-1.019464276999999974e+01
-7.200479480000000265e+00
1.176121915000000051e+01
-6.186790958999999646e+01
3.103973252999999843e+01
-1.332393912999999941e+01
-2.398090579999999861e+00
-5.588395900000000083e+00
-9.804521499999999667e-01
-2.118610519999999831e+00
4.796977300000000355e+01
-1.505064095000000002e+01
-3.997118710000000075e+00
-3.037133341999999914e+01
3.922490155999999928e+01
-4.328879849999999863e+00
-2.135763298999999904e+01
1.120933010000000074e+01
-2.051124759999999991e+00
1.303206250999999938e+01
-5.405545999999999962e-01
2.711117310000000113e+00
1.894237681999999978e+01
-5.459676572000000050e+01
3.041529934000000068e+01
8.124740989999999385e+00
-6.258550679999999922e+00
-1.746057403000000008e+01
6.895522660000000137e+00
-1.094091099000000078e+01
2.489367379000000113e+01
1.987808864000000142e+01
-1.281110675999999948e+01
-1.637293069000000045e+01
-1.731970726000000127e+01
-2.077490290000000073e+01
1.055399038999999917e+01
-2.705875774000000078e+01
8.284833250000000149e+00
3.458086672000000306e+01
3.988924618000000066e+01
1.856049615999999958e+01
8.273644790000000526e+00
1.732684589999999858e+01
5.086747829000000110e+01
8.589723040000000864e+00
-2.982310070999999851e+01
-6.021377529999999645e+00
-1.407095679999999938e+01
3.324759964999999795e+01
-3.933395328999999663e+01
-3.432865781000000283e+01
-1.748732623000000075e+01
-9.787300919999999849e+00
-2.237651340000000033e+01
1.569157099999999971e+01
5.198778869999999941e+00
7.826569110000000329e+00
-2.165592429999999879e+01
-1.895653220000000161e+01
-3.271900816000000134e+01
1.802459865000000150e+01
-1.877099992000000128e+01
1.693825156999999848e+01
-5.407777860000000381e+00
-1.487955400999999966e+01
-2.865015749000000156e+01
-8.526711569999999796e+00
-6.120406359999999601e+00
-6.860044219999999804e+00
2.234738487999999990e+01
4.190461463999999836e+01
-2.462062986000000109e+01
-4.293429708000000034e+01
-1.076883793000000011e+01
5.944822569000000101e+01
-3.245279493999999687e+01
1.792924942999999871e+01
-6.520135579999999820e+00
-3.334366717999999707e+01
1.376958014000000041e+01
1.953721360000000118e+01
-9.694160659999999652e+00
1.836831001999999913e+01
-1.343803349000000047e+01
-3.127316204999999982e+01
5.253511478000000068e+01
2.506764705000000149e+01
1.416175025999999981e+01
7.883394919999999750e+00
1.498946418999999963e+01
4.519270462000000066e+01
-1.473622920999999941e+01
3.346787459999999825e+00
-7.570571565000000192e+01
8.774718280000000092e+00
-3.709301023999999813e+01
7.769077700000000419e+00
1.221028405999999933e+01
-1.998273937000000089e+01
-2.834720048999999875e+01
1.233092440000000067e+00
-1.688076082999999983e+01
2.138440050999999897e+01
-2.782144405000000020e+01
-3.095999130000000044e+00
-2.013633975000000120e+01
-1.959297429999999896e+00
1.105421750000000092e+00
1.248230801000000056e+01
4.498385599999999984e-01
-2.872246849999999796e+00
3.563642471000000000e+01
5.046522652000000164e+01
2.726581373999999869e+01
3.938501638999999699e+01
-6.459137079999999642e+00
5.586330229999999730e+00
2.942988816000000085e+01
-5.108229800000000376e-01
-4.214037835999999970e+01
-2.258705760000000140e+01
-2.809953471000000036e+01
-1.534968718999999915e+01
1.589546516999999959e+01
-6.588387084999999388e+01
-9.303221410000000802e+00
2.458703768999999895e+01
-2.076520487999999887e+01
-1.733060727000000156e+01
3.308127395000000348e+01
2.468037671000000088e+01
-1.836727269000000007e+01
1.544090169000000046e+01
-1.408933968999999919e+01
1.893885815999999878e+01
1.833218779999999937e+00
7.332388390000000200e+00
-4.731057673000000108e+01
-2.623717612000000088e+01
-4.780227799999999583e+00
-9.053149700000000522e-01
-2.264265905999999973e+01
6.036226667999999762e+01
-9.687013289999999444e+00
-1.791002759999999938e+01
1.974115212999999969e+01
-2.549079508999999888e+01
-2.032332352999999969e+01
1.815131651000000090e+01
7.123202169999999889e+00
8.507085820000000354e+00
8.743442070000000399e+00
-6.146285050000000361e+00
8.849124290000000670e+00
3.234569712999999780e+01
-1.468812287000000083e+01
1.065935821999999966e+01
5.049166478000000069e+01
1.817190169999999938e+01
-4.190365309999999788e+00
-1.138193193999999941e+01
8.641940640999999346e+01
-1.185852904999999957e+01
2.081088375999999940e+01
1.436909042999999997e+01
1.634073719999999952e+01
4.907890041000000281e+01
2.661852654000000129e+01
-1.497580150000000110e+00
1.347105258999999933e+01
2.727902582999999836e+01
1.998553950000000157e+01
-3.229248371999999989e+01
5.231710714999999823e+01
-4.654616640999999788e+01
-6.833185630000000010e+00
3.056080761999999851e+01
8.329000979999999998e+00
4.211425099999999588e+00
1.570789369000000057e+01
1.243569336000000014e+01
1.909594591000000108e+01
-3.474865061999999938e+01
2.222116989999999959e+00
-1.476115356000000034e+01
-3.729684119999999936e+00
-2.494725310000000196e+00
-5.966869479999999726e+00
-3.192458199999999913e+00
4.646240668000000085e+01
-4.696220699999999582e+00
-1.441306578999999921e+01
-1.419402129999999929e+00
7.222465200000000252e+00
-3.309322206000000222e+01
-2.840923765000000145e+01
-2.012919988999999887e+01
-3.432643691999999902e+01
-8.897537720000000760e+00
-2.317179811999999828e+01
1.010899928999999986e+01
7.167656000000000027e-01
-6.930645199999999839e+00
-4.577276999999999596e+00
3.183863629999999834e+00
-8.109179700000000324e+00
3.778519282999999973e+01
-4.797555168000000236e+01
-8.425140660000000281e+00
-7.483391789999999766e+00
8.831754939999999721e+00
1.253043959000000029e+01
-2.608701264000000108e+01
-8.452573010000000053e+00
2.381260434000000004e+01
-1.113001792000000023e+01
8.826194149999999183e+00
1.888348200000000077e+01
-1.640546690000000085e+00
6.182342706000000021e+01
-7.759460569999999890e+00
-1.753973054000000076e+01
1.774410580000000071e+00
-1.361306330999999936e+01
3.028295715000000143e+01
-2.347837142999999926e+01
6.735130960000000222e+00
3.144575413000000097e+01
-6.989921169999999684e+00
6.554596003000000337e+01
7.093523238999999592e+01
-3.676075775000000334e+01
3.267307665999999955e+01
1.205865151999999973e+01
-3.084765093000000036e+01
9.185764810000000224e+00
2.327222499999999883e+01
2.378788304000000053e+01
1.271444940000000079e+00
9.402690939999999387e+00
4.120493416000000053e+01
-1.301463706999999914e+01
7.912117710000000415e+00
3.973128944999999845e+01
-2.047107936000000095e+01
-1.102363114999999993e+01
3.098960409000000027e+01
1.588848465000000054e+01
4.190363409999999789e+01
1.668204520000000102e+01
6.004361829999999678e+00
1.475473447000000071e+01
2.239577822000000040e+01
-2.966130688000000148e+01
3.792313089999999942e+00
1.370563547999999976e+01
6.447936340000000044e+00
1.309981720000000038e+01
-3.386801066000000304e+01
1.771336106000000044e+01
-2.365155681999999970e+01
-1.843147822999999974e+01
1.183218047999999989e+01
-6.439163790000000276e+00
3.203415466999999950e+01
-9.232968939999999236e+00
1.665512513999999911e+01
1.793415575999999945e+01
4.298677986999999945e+01
3.016015210999999852e+01
2.696085410999999965e+01
-1.809911449999999977e+00
-4.652526789999999579e+00
-1.766423693999999855e+01
4.417844003999999813e+01
4.393978584999999981e+01
2.160484294000000105e+01
-1.391194023999999985e+01
2.752699772000000067e+01
-2.823750889999999902e+00
9.849067310000000575e+00
3.654032886000000246e+01
-6.491362999999999994e-01
-4.370873470000000260e+00
-1.114734188000000081e+01
-3.235517686000000026e+01
5.285735138999999805e+01
2.799261972000000043e+01
-3.304181292999999897e+01
-9.109244229999999831e+00
1.455056319000000009e+01
-5.491303359999999856e+00
3.510130645000000271e+01
6.947744700000000329e+00
4.423964044000000229e+01
1.921507714999999905e+01
-1.258173299000000078e+01
1.109828925000000055e+01
-3.461674040000000119e+00
-1.520415827999999969e+01
8.707679329999999496e+00
8.305517639999999702e+00
5.197492093000000324e+01
4.366892109999999860e+01
3.070867567999999892e+01
3.692943759999999997e+01
4.801120530000000386e+00
-1.436241189999999968e+01
7.943235259999999798e+00
-1.848592761999999823e+01
-2.972110092000000137e+01
-3.081114502999999871e+01
-1.727746250999999944e+01
-6.025113470000000149e+01
-1.934608350999999971e+01
-4.800838248000000164e+01
1.302590499999999984e+01
-2.565135477999999836e+01
2.580219316999999890e+01
-5.486758165999999903e+01
-1.654037321999999932e+01
2.373993680999999967e+01
1.161896781999999995e+01
-4.924358276000000245e+01
3.137630675000000124e+01
-1.432731738000000021e+01
2.981847824000000102e+01
-1.282409866000000065e+01
-4.345241484999999670e+01
7.926433630000000008e+00
-3.607699860999999686e+01
-4.114676740000000166e+00
-1.662350299999999947e+00
2.263736190999999920e+01
6.989314104999999699e+01
-2.392187391999999946e+01
-1.938171370999999965e+01
-2.323556270000000090e+00
-6.304719040000000163e+00
-4.478295159999999697e+01
-3.087612375999999870e+01
2.650913240999999942e+01
-1.177711627000000050e+01
1.125414525000000054e+01
-2.721955007000000037e+01
-9.115657860000000667e+00
-2.298934682000000151e+01
2.861132386999999966e+01
5.271207200000000093e+00
-1.237773802000000067e+01
-9.435392999999999475e+00
6.586120720000000262e+00
-4.502429829999999633e+00
2.388213290999999927e+01
-1.428194678999999923e+01
5.534429049999999961e+00
1.968832328999999959e+01
7.603185530000000192e+00
-1.178735381999999987e+01
8.528853024000000005e+01
3.260736691999999692e+01
2.362084499999999920e+00
5.681857909999999734e+00
-3.472153270999999819e+01
1.865326355999999919e+01
-4.241283803000000319e+01
-1.613827407999999863e+01
-3.052558584999999880e+01
-1.099248376000000071e+01
3.152410904999999985e+01
-3.144142345999999932e+01
1.328623787999999983e+01
-2.139513050000000138e+00
1.152616019999999963e+00
-1.988346401000000085e+01
-2.461662931000000043e+01
-3.124365839999999839e+00
-1.980993102000000050e+01
-1.096645091000000072e+01
-2.292617561999999864e+01
-5.149345339999999993e+00
-1.926453264999999959e+01
-2.784098755999999852e+01
1.155054550999999918e+01
-7.950462980000000179e+00
1.359672214000000068e+01
4.704066290000000095e+00
-4.225382232999999843e+01
-2.910889660999999862e+01
-2.533772572000000167e+01
1.794602945999999832e+01
-1.369806660000000065e+00
-3.437182435999999797e+01
3.269155460000000346e+01
-2.171077252999999985e+01
3.172124536999999833e+01
-1.755861484000000061e+01
-2.679425331999999926e+01
1.313805525999999979e+01
-3.769240411999999907e+01
-1.909000530999999867e+01
3.435902363000000292e+01
1.046305450999999920e+01
-2.438399675000000144e+01
3.009550594999999973e+01
-1.005644397000000012e+01
-2.109855078000000006e+01
-1.685630009000000129e+01
-2.780339182000000164e+01
1.538844102000000014e+01
-4.990430553000000202e+01
-4.394257422999999818e+01
-5.654562359999999899e+00
-1.672424566000000112e+01
-3.279873096000000032e+01
4.080187039999999854e+01
7.448340869000000453e+01
-1.525561788000000085e+01
-2.025210389999999805e+00
-3.360732030999999864e+01
3.642081178000000108e+01
1.130280287999999977e+01
-1.328032068999999993e+01
-2.022819172999999893e+01
8.200180209999999192e+00
-3.220683170000000217e+01
-9.816060789999999869e+00
-4.824387351000000024e+01
2.022792785000000038e+01
6.104602950000000305e+00
-9.672144799999999876e-01
-5.778179360000000209e+00
-2.221566543999999865e+01
-6.103460939999999724e+00
7.283239247999999577e+01
-1.020796746000000077e+01
-2.668839544000000075e+01
-3.881660579999999783e+01
7.740111249999999998e+00
-2.084235917000000171e+01
6.046462309999999896e+00
1.683592545000000129e+01
4.255642749999999808e+00
1.736611665999999943e+01
8.382972710000000660e+00
3.254011297000000269e+01
1.462469912000000072e+01
-1.945225737999999893e+01
2.666860240000000104e+01
1.938586207000000172e+01
6.861186830000000292e+00
2.354150390999999942e+01
-1.579330324999999924e+01
4.097605126999999925e+01
1.309734665999999947e+01
-1.761520426999999955e+01
-3.244769989999999993e+00
-1.003769044000000044e+01
1.137520128000000064e+01
-1.293789046000000020e+01
-4.396076309999999765e+00
-7.100527249999999846e+00
4.501156437000000210e+01
3.068069313999999892e+01
-3.604512580000000099e+01
-4.511181080000000065e+00
-2.931716181999999904e+01
-8.077551870000000633e+00
-1.309568001000000059e+01
4.761597349999999729e+00
-5.570536499999999558e-01
-1.596456335000000060e+01
9.457369429999999966e+00
-4.571518760000000015e+00
-5.183706619999999710e+00
4.789482513000000097e+01
8.016406849999999196e+00
-4.589320433999999693e+01
-2.205475463000000147e+01
5.326010097000000343e+01
1.514639569999999935e+01
-5.293975230000000032e+00
5.934272201999999652e+01
-8.949127089999999285e+00
-5.094241020000000120e+00
-4.490783269999999661e+00
8.579787039999999365e+00
1.733381771000000171e+01
2.428313950000000165e+00
1.609261808999999843e+01
-7.114074940000000069e+00
-1.954133510000000129e+01
-2.316017809999999955e+01
-2.661405742999999902e+01
2.288347043999999997e+01
7.186662990000000306e+00
2.117489063000000016e+01
7.729792980000000036e+00
4.959435625999999786e+01
1.037913988999999937e+01
-4.482832097000000005e+01
-1.904672460000000100e+01
3.392704629999999888e+00
-1.617083128000000158e+01
3.509273378999999693e+01
-7.695741570000000031e+00
9.342753650000000576e+00
2.929375581000000039e+01
-4.147433252999999809e+01
8.308117928000000063e+01
1.152275297000000087e+01
1.326016088999999987e+01
2.008432098000000110e+01
4.117944699999999791e+00
-2.369727899999999887e-01
1.946296810999999849e+01
-2.056368348999999895e+01
4.610763751000000354e+01
4.076515892999999835e+01
-2.315238653000000113e+01
8.881111940000000260e+00
3.884809106000000156e+01
-1.142530930999999939e+01
9.714808370000000082e+00
2.093214138000000091e+01
2.251336045000000041e+01
-4.239810563000000343e+01
-5.706165900000000235e+00
-1.701092033999999842e+01
-1.677491309999999958e+00
-4.389003259999999962e+00
9.645557900000000240e-01
-6.923313000000000272e+00
-1.763223096000000112e+01
7.327084659999999694e+00
3.812592809999999943e+00
2.945139097999999933e+01
-2.431491678000000078e+01
2.423061155999999983e+01
2.621360557999999941e+01
-6.905456260000000235e+00
4.524122670999999940e+01
-3.781043900000000235e+01
-5.725788555999999829e+01
-4.821510729999999967e+00
-4.411973760000000411e+00
-6.866175300000000314e-01
4.441372232999999881e+01
-2.697764410000000002e+00
2.378288582000000062e+01
2.981606750999999988e+01
2.076352548999999925e+01
-6.426921150000000083e+00
3.309167039999999815e+01
-8.830804020000000421e+00
-1.966623703999999861e+01
-2.269253915000000177e+01
6.012109660000000133e+00
1.959296928999999921e+01
-7.396439900000000289e-01
1.932149665000000027e+01
2.785574699999999737e-01
3.365108161999999936e+01
9.601527060000000446e+00
5.026063309999999618e+00
-2.090794470000000072e+00
1.787195399000000151e+01
2.084867466000000036e+01
9.545078880000000154e+00
-9.931643999999999473e-01
-3.052386452000000006e+01
1.616301118999999886e+01
1.055881538999999947e+01
1.968990004000000127e+01
1.561487918000000086e+01
2.006940201999999829e+01
-4.816844299999999635e+00
1.728217726000000098e+01
-1.491105250999999932e+01
-3.625796399999999808e-01
-3.005898657999999912e+01
-1.705618510000000043e+01
2.229774560999999977e+01
-4.996389319000000029e+01
1.470235111000000039e+01
8.797260599999999542e+00
4.605048905999999675e+01
-1.048804810000000032e+01
1.847983732999999873e+01
-5.537785490000000088e+00
-2.687601652000000030e+01
-3.768588611999999927e+01
-6.493697069999999627e+00
-4.900538320999999797e+01
6.512908119999999634e+00
-1.099916301000000018e+01
1.711179028999999829e+01
1.308548056999999964e+01
-1.582959066999999997e+01
-1.619644608000000119e+01
2.269562860999999998e+01
-3.412033238000000068e+01
-6.767221609999999998e+00
-1.049596829999999947e+01
1.516981273999999935e+01
5.272400600000000104e-01
1.509110340000000106e+00
-1.046313995999999946e+01
3.039091373999999846e+01
-3.075116421999999972e+01
3.750863390000000130e+00
3.337345910999999887e+01
-2.039762782000000030e+01
1.714578949999999935e+00
-1.439230400000000021e-01
-3.606345931999999976e+01
-2.216976817000000111e+01
-2.750554559999999871e+00
1.565522432999999936e+01
1.832351381999999873e+01
3.374700209999999867e+00
-5.370310080000000319e+00
9.869648619999999539e+00
-2.356995303000000064e+01
-1.085682880000000017e+00
-2.874510989999999921e+01
-1.549048574999999950e+01
2.694094438000000125e+01
-1.581814714999999971e+01
3.760948116000000141e+01
-1.331948137000000010e+01
1.813977125999999984e+01
1.399381911000000045e+01
-3.513815187000000151e+01
-1.390955083000000059e+01
4.873519530000000266e+00
-2.318090825000000166e+01
-2.087042089999999916e+01
-4.845146995999999717e+01
-2.994630422999999908e+01
-2.829593046999999828e+01
-2.434422718000000074e+01
4.507953499999999836e-01
1.009888858000000056e+01
3.781204129999999886e+00
1.350935293999999942e+01
-3.146227985000000160e+01
8.447902629999999746e+00
1.494750750000000039e+01
-3.731196509000000106e+01
-3.446447603000000015e+01
-2.341000761000000097e+01
-1.506714563999999967e+01
8.992322820000000050e+00
-7.306884500000000449e-01
-2.333135379000000142e+01
1.658957477999999952e+01
-1.323727811999999915e+01
2.781790949999999896e+01
-4.931569052999999769e+01
3.507120720999999719e+01
-5.022664810000000202e+00
-2.218128232999999838e+01
-1.387608585000000083e+01
1.049317559999999983e+00
2.478957331999999880e+01
-4.082804236999999858e+01
-6.556783519999999754e+00
-1.121280755000000084e+01
2.476753962000000087e+01
4.629340174000000019e+01
-5.504511234999999658e+01
5.149337578000000093e+01
2.301574643000000009e+01
-4.132528976999999770e+01
-1.768019526999999869e+01
4.387143125000000055e+01
3.290652298999999914e+01
-1.150381518999999919e+01
-3.235081140000000133e+00
7.920111310000000238e+00
4.132440888000000001e+01
-3.141549790999999914e+01
7.013172700000000148e+00
-4.632818969999999759e+00
1.509615278000000060e+01
-4.018381346999999693e+01
-1.841218859999999902e+00
-1.682270752999999885e+01
2.643884989000000019e+01
2.330535281999999953e+01
-4.834328250000000082e+01
-2.644202364999999944e+01
-1.195157434000000052e+01
-2.357850434999999933e+01
-6.450841229999999982e+00
-1.123743044000000069e+01
2.489135745999999827e+01
2.325304446000000169e+01
-1.157709579999999905e+00
-2.543882155000000012e+01
-4.709567744999999661e+01
2.634376480999999970e+01
-2.718168775999999909e+01
-2.014189663999999880e+01
3.276630180000000170e+00
-1.989144547000000074e+01
-2.164039922999999987e+01
-1.583577951000000006e+01
-2.648797240000000031e+01
-1.435639950000000020e+01
-2.875073237999999876e+01
3.094559290000000118e+01
3.396103185999999852e+01
-3.670506630000000214e+00
-1.212746532000000066e+01
-2.363189400000000051e-01
2.515083132999999904e+01
-4.754535369999999972e+01
-1.097869868999999987e+01
2.724113141000000127e+01
3.925909270999999734e+01
-9.279539970000000082e+00
5.450877349999999844e+00
3.036653670000000105e+01
9.174711390000000577e+00
-5.665274500000000435e-01
-2.463010724999999823e+01
1.116606690999999962e+01
-1.918384110999999947e+01
-5.764286249999999612e+00
-1.077520746999999979e+01
-9.106693469999999735e+00
1.257261410999999995e+01
4.376690128999999985e+01
-1.311308460000000009e+00
1.899194190000000004e+00
-5.038054078999999774e+01
-1.045169444999999975e+01
-1.991245389999999915e+01
-1.161582899999999974e-01
-2.603411361999999940e+01
4.724321290000000317e+01
4.491513228000000169e+01
7.748861690000000024e+00
-1.092523725999999940e+01
9.225544019999999179e+00
1.139894278000000050e+01
-2.642183567000000011e+01
-4.680837490000000045e+00
1.049091841000000080e+01
7.369016170000000088e+00
3.051127314000000013e+01
2.237103959999999958e+01
-1.170993009000000029e+01
1.439130963999999935e+01
-5.488287350000000231e+01
-6.571449999999999791e-01
4.830235013000000066e+01
6.599634879999999981e+00
-1.160391479999999920e+00
1.691281962000000050e+01
-1.589479328000000002e+01
4.976587008999999995e+01
-9.207360729999999549e+00
4.454072255999999896e+01
2.170543389999999917e+01
-2.241647044000000122e+01
1.792728072999999966e+01
-1.696610237999999882e+01
-4.005608939999999762e+01
-3.572655580000000164e+00
-3.084992919000000100e+01
-2.911196526999999890e+01
-2.750094080000000218e+00
2.001076950999999937e+01
-5.397424799999999578e+00
-1.734056340000000063e+01
4.969478020000000384e+00
-3.836949305000000265e+01
-3.905201910000000165e+00
-4.598864618999999720e+01
2.702850276999999934e+01
-6.484193700000000504e-01
-2.766898579000000069e+01
-9.157096519999999629e+00
1.027058448999999918e+01
-1.961502789000000035e+01
-2.531166802999999987e+01
5.229569622999999723e+01
-1.341443583999999944e+01
-2.232081862000000072e+01
1.514304568000000017e+01
-9.799086219999999514e+00
3.035487833999999907e+01
-2.527210020000000057e+00
3.889933570000000174e+00
5.998031924000000004e+01
-6.891130659999999963e+00
-2.033060310000000115e+01
-2.385256671000000139e+01
-2.822424904000000012e+01
-1.899183354999999906e+01
1.503130928000000033e+01
1.506471351999999975e+01
1.234677394000000028e+01
4.081833269999999914e+01
1.862582030000000000e+00
1.160307298000000031e+01
-3.527927214000000333e+01
1.494228850000000053e+00
-1.030658808999999998e+01
-1.480454882999999988e+01
-1.926895129999999901e+00
1.870111002000000155e+01
2.122299270999999976e+01
-3.708071299999999848e-01
6.809114890000000031e+00
1.530070725000000031e+01
1.936714811999999952e+01
-1.362785080999999998e+01
-7.041505840000000127e+00
3.823047399999999763e-01
-1.283072145999999947e+01
-2.784189989999999781e+00
-1.993200331999999975e+01
4.412238907999999782e+01
3.574901290999999759e+01
-9.066601569999999555e+00
8.889941540000000586e+00
-2.573332329999999946e+00
-1.666057818000000168e+01
1.982095513000000153e+01
-5.317910440000000349e+00
2.224370710999999901e+01
-2.911768474999999867e+01
1.000721170999999998e+01
-5.536428100000000185e+00
-2.997954916999999853e+01
-1.360557159000000027e+01
1.488407467000000040e+01
-5.075469439999999821e+01
2.392957257000000126e+01
2.593518733999999881e+01
-5.553050540000000090e+00
-3.344946559999999902e+00
-1.788156999999999996e+00
1.389526086999999954e+01
-1.819450352000000137e+01
2.007999592999999905e+01
1.695335666000000074e+01
-5.470142375999999729e+01
-1.971508439999999851e+01
1.322449456000000012e+01
-4.716901860000000113e+00
2.414768806000000012e+01
-3.545311264000000051e+01
-3.011837289999999889e+00
-2.331278951999999904e+01
-7.157177369999999428e+01
4.280543626000000046e+01
-3.246019883000000306e+01
-3.404896124999999785e+01
4.957117850000000381e+00
7.215610295000000463e+01
6.519118499999999594e-01
-1.562904707000000037e+01
-1.743670140000000091e+00
-3.054098240000000075e+00
-4.767684735999999646e+01
-3.407974502999999800e+01
4.559189521999999783e+01
-5.698346560000000061e+00
-2.098884071000000162e+01
2.746774519999999953e+01
-1.996939813999999913e+01
2.052168056000000007e+01
2.965037171000000171e+01
-3.177696900999999841e+01
-1.560528236000000035e+01
-1.934942484000000107e+01
-9.989694610000000807e+00
-9.778276729999999972e+00
-5.785369700000000392e+00
7.979867969999999922e+00
-1.900186088999999967e+01
1.579034393999999963e+01
3.223902841000000308e+01
-5.022929740000000365e+00
-1.135497690999999953e+01
8.121847159999999732e+00
3.118440474999999878e+01
2.904544161999999830e+01
5.453339920000000340e+00
-3.079995209999999872e+00
-4.839038219999999946e+00
-2.824954508000000075e+01
2.140092259000000041e+01
-1.240542770000000061e+01
1.106209729000000053e+01
-7.793930559999999730e+00
1.504127450999999915e+01
1.018198892999999927e+01
-4.479375940999999983e+01
-1.483124955000000078e+01
-4.374210275000000081e+01
-1.984854951000000156e+01
2.937512149999999878e+00
-9.584096979999999988e+00
1.818690140000000000e+01
-1.671599787999999975e+01
2.068694460000000124e+00
5.973612740000000088e+00
3.937766384999999758e+01
1.994605106999999933e+01
-1.681844643000000161e+01
-6.803356799999999982e-01
6.737435419999999731e+00
2.134900109999999884e+01
1.815218799999999966e-01
3.037962655999999839e+01
1.248757136000000045e+01
5.040730651999999878e+01
1.052631120000000031e+00
3.643058300999999943e+01
-1.505176039000000010e+01
-2.096940516000000088e+01
2.444494329999999938e+00
5.188231830000000322e+00
1.491215893999999942e+01
-7.872519249999999857e+00
-7.605024389999999634e+00
1.443970855000000064e+01
-2.694648069999999862e+01
-3.068312257999999915e+01
4.410091118999999793e+01
-3.327734679999999834e+00
-2.172643018000000126e+01
-2.240004789999999968e+00
-7.505356660000000346e+00
2.366175665000000095e+01
1.841079214999999891e+01
-1.124209820999999998e+01
4.774771500000000168e-01
-1.469879760999999974e+01
-1.962489577999999923e+01
-1.486462114000000057e+01
-5.377860107000000056e+01
4.269927999999999918e-02
-3.579037335000000297e+01
-3.098243397999999971e+01
-2.072326255999999844e+01
1.067202995000000065e+01
-2.028409741000000110e+01
1.285658736999999974e+01
-3.406559650999999889e+01
5.764867399999999975e-01
-2.303862378000000177e+01
4.789594809999999647e+00
6.253085429999999612e+00
1.854875973000000045e+01
-1.167672761000000037e+01
-8.845365170000000887e+00
1.643599353000000107e+01
3.293413292000000325e+01
1.826518485000000069e+01
4.644163879999999800e+00
-3.990080246000000130e+01
-9.469735289999999139e+00
-1.759183390000000102e+01
-3.359475084000000322e+01
2.248760801999999970e+01
-2.019497159000000153e+01
-1.830511430000000050e+00
-1.558498950000000072e+01
-5.545741473000000354e+01
2.874515102000000155e+01
-9.779844139999999797e+00
2.254110342999999972e+01
-3.970228537999999929e+01
3.748394722999999829e+01
2.046256790000000159e+00
-1.599669787000000021e+01
4.819501940000000317e+00
-1.158967490000000033e+01
-3.643000550000000004e+01
8.026402550000000247e+00
1.982460378000000034e+01
9.680104099999999878e-01
-2.014315574999999825e+01
-9.104433039999999977e+00
9.740615050000000608e+00
1.776558315000000121e+01
3.504092139000000117e+01
1.317322524999999978e+01
-1.291913109999999953e+01
5.309313960000000066e+01
1.333958636000000020e+01
2.360881498999999906e+01
-1.017900324000000012e+01
1.554946512000000070e+01
1.090638490000000083e+01
-3.447006542999999823e+01
-1.148025999999999947e+01
-2.275112580000000051e+01
-2.053347493000000057e+01
-6.721788130000000194e+00
-7.713502189999999814e+00
-2.346444703999999959e+01
-6.160347628000000242e+01
-1.606286508000000168e+01
6.935039879999999712e+00
5.062092559999999963e+00
7.732005820000000362e+00
2.581204695999999998e+01
7.788560160000000288e+00
1.807598567000000145e+01
-2.312256204999999909e+01
2.542975672000000031e+01
-2.528178357000000176e+01
-4.001705883000000341e+01
1.220996507999999992e+01
-2.402444038000000148e+01
-2.182126058000000057e+01
-8.816819814999999494e+01
-6.432891749999999575e+00
4.536709557999999731e+01
2.356980498000000068e+01
-5.702364239999999640e+00
-7.676095779999999813e+00
2.101525841999999855e+01
3.699447244000000268e+01
-2.313838147999999961e+01
-5.983793519999999866e+00
-1.893636749999999935e+01
-1.954433006000000006e+01
-1.707799105000000139e+01
7.028450549999999630e+00
3.935655110999999806e+01
-3.623546129000000349e+01
-3.118855607000000063e+01
1.830973439999999952e+00
-5.934307269999999690e+00
-7.385963199999999951e+00
-5.017807284999999951e+01
3.499522547000000117e+01
1.334087685999999984e+01
5.246077679999999965e+00
2.693411195999999919e+01
-1.825276901000000151e+01
1.720773306999999974e+01
1.545706990999999952e+01
1.995736369999999926e+00
-3.370219520000000024e+00
4.901822329999999894e+00
-8.785295819999999978e+00
2.824578119999999970e+01
-2.228253647000000015e+01
2.397765672999999964e+01
5.341671559999999985e+00
8.026490830000000187e+00
1.267162566000000012e+01
-4.838522087999999854e+01
4.703520710000000271e+00
-3.725557641999999703e+01
-2.723765501000000100e+01
-2.724202525999999835e+01
-2.778061539999999852e+01
2.906350799999999901e-01
9.331344350000000176e+00
2.771663116999999943e+01
4.812530910000000439e+00
7.992664000000000435e+00
-3.906177560999999798e+01
-1.418397829999999971e+01
1.891415186000000048e+01
-1.137117539999999982e+00
-2.759017999999999887e-02
-4.916566519999999940e+00
1.949607092999999836e+01
-5.076637810999999800e+01
6.265615839999999714e+00
1.127072423000000079e+01
2.404923246999999975e+01
2.056412157999999835e+01
-3.147761135000000010e+01
6.246913430000000211e+00
3.241398660000000209e+00
2.601776790000000172e+00
3.318529410000000013e+00
-1.045663580999999986e+01
-1.961648691999999983e+01
1.052308868999999980e+01
3.346068003999999974e+01
-2.772750569999999914e+00
6.417757280000000009e+00
9.458570749999999805e+00
-1.425704518000000043e+01
-1.512189290000000064e+01
-6.635732000000000141e+01
-2.049321815000000058e+01
-3.034341745000000046e+01
-3.707392800000000044e+00
-3.752767156000000170e+01
4.174603927999999797e+01
-1.740813079999999857e+01
-2.982612848999999855e+01
-8.601557689000000551e+01
3.692530227000000309e+01
7.417043940000000113e+00
3.416608520000000038e+00
-3.484661660999999810e+01
4.892076440000000304e+00
-1.109262713999999939e+01
-1.821886518999999893e+01
6.533937560000000033e+00
1.876734564999999932e+01
4.057323839999999571e+00
-1.180966927999999960e+01
-1.372288799999999975e-01
1.526907309999999907e+00
8.763169089999999883e+00
-3.528999524999999693e+01
4.011302051999999918e+01
-2.384274424999999908e+01
-1.663693870999999902e+01
-2.720388639000000097e+01
-5.780129200999999739e+01
5.006812120000000199e+00
-2.912164509999999851e+01
-1.057865871999999996e+01
1.813486295999999953e+01
-1.437251256000000055e+01
-1.916127850000000077e+00
-6.531566149999999737e+00
-1.114745633999999974e+01
1.777800849999999988e+00
3.014477914000000069e+01
-2.792600370999999981e+01
5.527689758999999725e+01
-1.257118924999999976e+01
1.856931764999999857e+01
-7.645666659999999837e+00
6.319798229999999961e+00
-6.062445659999999847e+00
2.436768766000000142e+01
3.404928178000000116e+01
1.063967944999999915e+01
2.554910349000000025e+01
-1.978121351000000061e+01
-3.688225779999999787e+00
-1.237944897000000033e+01
3.815053825999999759e+01
3.201154344999999779e+01
2.419783892999999964e+01
-8.498087820000000292e+00
-1.545498991000000011e+01
1.382786813000000059e+01
-1.562370920999999946e+01
-6.907054900000000330e+00
-3.199339950000000155e+00
-1.638299998000000102e+01
2.759299859000000055e+01
-4.578466080000000105e+00
2.109434556000000072e+01
1.087960823999999960e+01
9.590727040000000869e+00
-1.837746757000000031e+01
1.470774856000000064e+01
-1.018774707000000035e+01
-6.544444160000000288e+00
-1.735938470000000011e+00
-2.670939964000000089e+01
4.141756912999999685e+01
-1.477826783000000077e+01
-1.794394739999999988e+00
1.235530956999999930e+01
1.067584978999999912e+01
4.116398423999999778e+01
-9.521949579999999358e+00
4.184364149999999682e+01
3.752238055000000116e+01
-5.199837941999999913e+01
2.825625520000000002e+00
-1.032573952000000084e+01
8.721373840000000044e+00
3.305000999999999856e+00
1.103993466999999917e+01
3.460922777999999767e+01
5.423548329999999851e+01
-4.169576965000000257e+01
4.200597316999999720e+01
-5.436680658000000221e+01
-4.510248735999999781e+01
-8.013991620000000538e+00
2.220302000000000039e-02
4.041494776999999772e+01
1.987505462000000023e+01
-6.696416339999999856e+00
-4.952178808000000032e+01
3.919669008000000332e+01
-2.315693861999999825e+01
9.723617300000000352e-01
-3.968564230000000137e+00
6.988306366000000480e+01
-1.405924768999999941e+01
-5.928631602000000100e+01
1.737550637000000009e+01
-9.032204892000000029e+01
6.378274430000000272e+00
-2.025275622999999925e+01
-1.022943064999999940e+01
-1.507844193999999938e+01
-3.247118947999999961e+01
2.126203380999999837e+01
-2.111731452000000075e+01
-6.519638030000000306e+00
-4.379184553000000335e+01
-2.424139680000000130e+00
-2.902766513999999987e+01
-4.144925263999999743e+01
-6.306052687999999762e+01
5.082749689999999987e+00
-1.977537669999999892e+01
3.488192760000000003e+00
-7.840289430000000337e+00
-4.511547715999999753e+01
-3.608990917999999937e+01
-3.027429525999999882e+01
-3.149129895000000090e+01
2.958369164999999867e+01
2.821800810000000048e+00
-2.768441736999999847e+01
-1.207136777999999921e+01
-1.363635015999999922e+01
2.235340173999999891e+01
-1.725186311999999944e+01
-4.251770740000000437e+00
-1.559699187000000009e+01
-1.983590900000000090e+01
-2.247617955000000123e+01
2.050879262000000125e+01
-8.658086720000000014e+00
-5.143910976000000090e+01
4.280719504999999714e+01
2.445270260999999934e+01
1.474923449999999914e+00
-4.338781105999999710e+01
-4.158251019000000070e+01
3.789966610000000014e+00
3.881700399999999940e-01
-1.753599679999999950e+01
-2.541518986999999896e+01
1.742011235000000013e+01
-3.067191890000000143e+00
1.460884758999999988e+01
2.724998878999999974e+01
1.762821375000000046e+01
1.774872636999999997e+01
1.328165785000000021e+01
-1.159219799999999978e+01
-8.280861639999999468e+00
-1.208327902999999992e+01
-2.041247753000000031e+01
-2.375055401999999916e+01
-3.538626384999999885e+01
-2.070088004000000126e+01
-5.689610680000000364e+00
-4.271638217999999654e+01
-7.937248460000000172e+00
2.029493384999999961e+01
-4.386423759000000189e+01
1.655721398000000022e+01
1.492848994999999945e+01
-4.000741335000000021e+01
-3.153707993000000087e+01
-9.546972589999999315e+00
9.774741280000000643e+00
-2.191149267999999850e+01
4.020835038999999966e+01
3.569135254999999773e+01
-4.298802444999999750e+01
2.487120407999999827e+01
1.935181053000000162e+01
4.857263920000000290e+00
1.208224650999999916e+01
-2.381328059999999880e+01
-7.249699960000000054e+00
4.614876129999999854e+00
1.070749670999999914e+01
2.353626166999999825e+01
-2.850222713000000141e+01
-3.325738649999999907e+00
8.336776049999999216e+00
3.017933179999999993e+00
-1.654779844000000111e+01
1.215288216999999982e+01
-1.422371294000000042e+01
-1.142669225000000033e+01
6.536386600000000380e-01
-3.388686178999999754e+01
1.664427440000000091e+00
-9.398106079999999807e+00
-7.705655290000000157e+00
4.678780830000000002e+00
-3.025028671999999830e+01
3.305337656999999751e+01
-1.404096636999999959e+01
-7.427247031999999649e+01
-4.753891245999999882e+01
2.061536252999999874e+01
-2.256170567999999932e+01
-1.046659383999999982e+01
-1.460597135000000080e+01
-1.023537843999999986e+01
-5.613125769999999903e+01
-3.531933490000000120e+00
-3.473250278999999807e+01
-1.921981132000000159e+01
1.182936989000000061e+01
4.386680016999999765e+01
1.580867830000000085e+00
-5.687585400000000346e-01
3.319936395999999945e+01
-3.091216252999999980e+01
1.781693746999999917e+01
4.252783240000000298e+00
-2.658384703000000115e+01
-1.421213241999999966e+01
1.240606312000000067e+01
3.650946899999999995e-01
6.772310739999999996e+00
5.759561899999999568e+00
-1.319438440999999962e+01
-1.813932670999999885e+01
-2.791406420999999938e+01
2.747200896000000014e+01
-3.596674124999999833e+01
-2.671385623000000109e+01
6.932422629999999586e+00
-4.849131721999999911e+01
1.257090093000000053e+01
3.578191699999999997e+01
-4.023294909999999724e+00
6.492560369999999637e+00
-1.608273652999999825e+01
-1.229190930999999942e+01
5.798668509999999721e+00
2.120215303999999890e+01
-2.166516758999999936e+01
1.508694539000000034e+01
-5.920732690000000353e+00
1.728588290000000027e+00
1.291470512999999976e+01
8.297220649999999864e+00
-7.186925829999999848e+00
1.218628900000000015e-01
1.068825254999999963e+01
1.596479670999999989e+01
-4.007930560999999869e+01
1.854943430000000060e+00
2.873052858999999870e+01
-5.152091214000000008e+01
1.694165991999999932e+01
-6.506506901000000198e+01
-6.006564019999999893e+00
-8.267659509999999656e+00
-2.920828919999999940e+00
-6.792760359999999942e+00
-1.401398954000000074e+01
-5.317773569999999950e+00
6.671556619999999604e+00
-1.488447382000000019e+01
6.717534940000000176e+00
4.887294115000000261e+01
-3.380222327999999976e+01
-1.472707899999999981e+01
2.223291053999999889e+01
1.341561208999999977e+01
2.439561352999999855e+01
1.178166996999999938e+01
1.174564164000000055e+01
-8.978249010000000752e+00
-2.734985268999999874e+01
-2.520640028000000044e+01
-1.505757052999999956e+01
2.575572559999999900e+00
-2.357216442000000001e+01
-7.804040429999999695e+00
4.063959800000000122e+00
1.325687257000000052e+01
-5.701770960000000166e+00
3.324246313999999813e+01
-3.223760653000000076e+01
-2.185759560000000157e+00
-1.700295560000000039e+00
1.532672299000000038e+01
-2.186463923000000165e+01
-1.385188355000000016e+01
1.045389233000000040e+01
2.502128890999999911e+01
4.161008070999999831e+01
1.777355521000000138e+01
2.329343735999999865e+01
-1.555109187000000048e+01
3.509133995999999911e+01
3.677013175999999817e+01
-1.428063400000000094e+00
1.903201290000000157e+01
2.098173703999999873e+01
-1.310814481999999970e+01
4.735146170000000154e+00
3.377281577000000112e+01
-1.342303953999999955e+01
-5.093035350000000072e+00
-3.349451736999999696e+01
1.323471903999999988e+01
-7.149876250000000155e+00
1.094330337999999969e+01
3.250716989999999917e+00
-2.212912967000000108e+01
2.532052939000000080e+01
2.230376370999999835e+01
-1.497096952999999964e+01
1.061931359000000086e+01
-3.396780951000000215e+01
-2.951449080000000080e+01
1.374467536000000045e+01
-3.785670497000000267e+01
-1.709510622000000168e+01
2.865483670000000149e+00
4.592178563000000224e+01
-1.416417719000000019e+01
-6.807512439999999998e+00
-1.000218448000000038e+01
6.226951861999999949e+01
7.729008839999999658e+00
-2.394424508999999901e+01
3.935244784999999723e+01
3.483533652999999930e+01
1.742428625000000153e+01
4.172729602999999798e+01
4.774347964999999760e+01
-4.143666089999999969e+00
-1.538566503000000019e+01
-1.608850636000000023e+01
1.604706004000000164e+01
2.087892642999999993e+01
-3.816315400000000135e+00
-1.282892904000000023e+01
-3.390576821999999879e+01
-1.401541044999999919e+01
-2.508400699999999972e+01
1.673985524000000069e+01
9.499739160000000737e+00
3.538304193999999825e+01
4.133192329999999970e+00
-1.308232929000000055e+01
-4.710514469999999676e+00
2.189375331999999830e+01
6.950566460000000113e+00
3.021804587000000097e+01
3.092992789999999914e+01
-6.694433159999999994e+00
-5.996476630000000085e+00
-5.573165511999999921e+01
2.808560591999999900e+01
-6.772773800000000399e-01
3.006216944999999896e+01
-1.200453485999999970e+01
-3.460209135000000202e+01
1.171332858999999971e+01
4.039858602000000332e+01
-1.450409546999999932e+01
3.664387081999999651e+01
-4.035399029999999954e+01
-1.277401884999999915e+01
-4.507845301999999776e+01
1.055478259000000030e+01
4.462398620000000093e+00
2.994678060000000031e+00
-3.445967972999999773e+01
5.022482117999999929e+01
3.002247167000000161e+01
4.899969510000000028e+00
-2.859903655000000100e+01
1.200328155999999957e+01
-1.290054051000000079e+01
-6.876249920000000238e+00
-1.329233170000000008e+01
1.014327916999999957e+01
-8.022078490000000173e+00
-1.115621153000000021e+01
1.153159291000000053e+01
1.433130588999999944e+01
-4.737712383000000216e+01
1.101141499999999951e+01
3.734928398000000271e+01
2.223765580999999969e+01
-5.776768320000000401e+00
8.300205000000000499e-01
-1.939406127000000168e+01
3.205005469000000318e+01
8.599923280000000503e+00
-2.309848469999999931e+00
-4.150032730000000392e+00
5.905498776000000305e+01
-1.761807469999999931e+00
1.344736632000000043e+01
4.124703459999999922e+01
5.309187087000000105e+01
3.433405780999999735e+01
2.238303428000000039e+01
-3.670095161999999789e+01
-2.500767520000000133e+01
1.901048409999999933e+01
3.847725200000000179e+00
1.745255009999999984e+01
8.791214560000000233e+00
3.390656169999999747e+01
-4.267836814000000345e+01
-2.689448647000000037e+01
-6.355415289999999828e+00
-4.715070851000000118e+01
1.054546301999999969e+01
2.427089073000000141e+01
3.758917789999999925e+00
-1.223038722000000078e+01
1.278454636000000022e+01
7.612159957999999449e+01
1.698682790999999881e+01
8.671061720000000861e+00
-2.585850710000000063e+01
-3.298841479000000021e+01
-8.057033060000000191e+00
1.819850677999999888e+01
-3.264380829999999900e+00
1.306613270999999976e+01
1.922937214999999966e+01
-3.140119105999999860e+01
1.434118291999999961e+01
2.433292735999999934e+01
3.103359581000000134e+01
-3.629312580000000121e+00
2.593596939999999851e+00
-5.523482640000000110e+00
-2.658793929000000134e+01
-3.815140851999999683e+01
4.368394684999999811e+01
-4.258106569999999813e+00
-3.037049335000000028e+01
3.005637640000000221e+00
-1.422017718000000031e+01
4.989955273999999719e+01
-1.284692461999999935e+01
-1.970885361999999930e+01
1.911969065999999984e+01
-9.029527509999999424e+00
2.446515009999999890e+01
7.236047799999999475e-01
5.341145689999999746e+01
2.902080274000000060e+01
2.199075890000000033e+00
-2.046137853999999834e+01
1.508365487999999921e+01
-2.960843381000000107e+01
-4.813889750000000411e+00
3.365655344000000326e+01
-1.536806741000000009e+01
-2.467380371000000139e+01
-1.334016422999999918e+01
2.749007036000000070e+01
6.944707290000000199e+00
-4.551856401999999946e+01
1.824837794999999829e+01
5.086385599999999840e+00
5.060722550000000375e+00
-2.767706852999999967e+01
1.587100849999999896e+00
1.855727785999999924e+01
2.629194754999999972e+01
3.622252552999999864e+01
1.585629222999999932e+01
2.158389709999999795e+00
-2.971897558999999944e+01
-2.570440117000000058e+01
-3.792644287000000247e+01
-7.227478259999999821e+00
1.741618197000000023e+01
-1.340999660000000038e+00
2.819748359000000093e+01
-1.795824788999999910e+01
9.037086410000000569e+00
-9.553667040000000554e+00
-1.642638025000000113e+01
3.361831346000000309e+01
3.887514980000000175e+00
3.457524029000000354e+01
2.597335320000000003e+00
1.223175834999999978e+01
-9.900468719999999223e+00
3.338978730000000184e+01
-9.144625259999999756e+00
3.533338100000000259e-01
-4.293865085000000192e+01
-5.271112480000000211e+00
3.930728349000000321e+01
3.511620908999999813e+01
1.482658613999999986e+01
-9.149794249999999352e+00
3.082434660000000104e+00
-1.153573072000000010e+01
-7.639990710000000185e+00
5.085265577999999920e+01
2.775592889999999979e+00
-1.442122192999999974e+01
-5.960340147000000144e+01
-2.612544246999999942e+01
-2.113583209000000096e+01
-3.527197310999999758e+01
-3.194196992999999907e+01
-3.805764493000000215e+01
-2.526316212000000050e+01
-1.751276305000000022e+01
-2.724191426999999877e+01
2.582379264000000063e+01
-1.145438131999999953e+01
-4.861556256000000076e+01
2.209576085999999862e+01
-1.675197009000000037e+01
-4.473510405999999762e+01
5.348202541999999937e+01
-1.434551687999999992e+01
9.445368679999999628e+00
2.205512196999999830e+01
4.944355340000000432e+00
1.470374995999999967e+01
1.783009099999999902e+00
1.092239700000000036e-01
-8.178396069999999796e+00
-4.156601440000000025e+01
6.550207689999999694e+00
-6.870572697000000062e+01
3.914346554000000111e+01
-2.349217080000000024e+01
-9.775766750000000727e+00
-1.008652885999999960e+01
8.254237979999999197e+00
-9.416397299999999859e+00
1.488383274000000078e+01
-3.050286931000000124e+01
1.974712217000000081e+01
2.380855829000000057e+01
5.763951089999999944e+00
6.319187860000000434e+00
1.192101946999999917e+01
5.035641469999999842e+00
1.522812416000000013e+01
-4.375872840000000430e+00
-3.883020016999999768e+01
5.278345380000000198e+00
-1.369117987999999997e+01
-2.998902760000000001e+00
3.054551879999999997e+01
-4.437383515999999872e+01
7.701174299999999917e-01
1.169636679999999984e+00
5.070971029999999935e+00
1.732832232000000161e+01
-6.726832960000000305e+00
4.596425235000000242e+01
2.435389810999999938e+01
-8.495426569999999344e+00
-4.171399669999999560e+00
2.089007169999999913e+00
4.258457236000000279e+01
-2.932119892000000050e+01
-5.701648017000000124e+01
1.705253096999999940e+01
-6.786301909999999715e+00
-9.252757600000000693e+00
9.159031770000000350e+00
4.207589698999999683e+01
2.457719896000000048e+01
-8.882417849999999504e+00
-2.914521463000000168e+01
-4.731596749999999574e+00
1.565232551000000072e+01
-8.479738019999999210e+00
-4.140253598999999696e+01
-3.378675110000000092e+00
-5.294406261000000313e+01
-2.820169977000000117e+01
4.559934507999999909e+01
-2.896019270000000034e+01
-3.794788794000000109e+01
-2.862493783000000036e+01
-2.054113192000000154e+01
2.011885346000000041e+01
4.687897215000000273e+01
-3.695042009999999877e+00
1.439423633000000002e+01
-1.184049959000000030e+01
-3.872788446999999934e+01
2.612257444000000106e+01
-2.627819539000000049e+01
1.451597426000000013e+01
1.780179010999999889e+01
-5.900009780000000426e+00
2.101577826000000115e+01
2.297251965999999967e+01
6.332355642000000273e+01
-6.620829999999999771e+00
-2.890395219999999910e+01
-3.509335297999999881e+01
-9.587807090000000088e+00
-1.869933736999999851e+01
5.275971037000000052e+01
-2.447463796999999985e+01
6.463196120000000100e+00
2.731669469999999933e+00
-1.230306219000000034e+01
-4.743829827999999793e+01
-3.491326949999999929e+00
5.507702462999999682e+01
9.705678250000000062e+00
4.187027060000000134e+00
-3.232735430999999693e+01
-3.217873874000000001e+01
-7.880463879999999754e+00
2.571466954999999999e+01
-1.418940916999999935e+01
5.749641751000000056e+01
-2.708493316999999934e+01
1.051171889999999998e+01
-7.654551040000000306e+00
-3.629196378000000323e+01
2.406098849999999789e+00
-2.867682165000000083e+01
-4.133478917000000052e+01
6.213734220000000086e+00
1.076085560000000108e+00
2.925036718999999863e+01
1.320239735000000003e+01
-1.879082894000000081e+01
1.200431745999999933e+01
-4.895382355000000274e+01
-2.678083055000000101e+01
4.988367807000000198e+01
4.629800870000000401e+00
-5.940488779999999913e+00
-1.665521675999999829e+01
-2.460179249999999929e+00
-5.558494510000000055e+00
4.979477829999999727e+01
2.328482323000000065e+01
-6.622600870000000306e+00
-1.952409229999999996e+00
-2.198874314000000041e+01
-8.763551420000000647e+00
-3.524079027999999880e+01
2.760841612000000111e+01
3.904323399999999999e+00
5.772732330000000189e+00
1.005113972000000011e+01
-4.474316520000000352e+00
-1.150536948999999964e+01
3.068956089999999914e+00
-6.056040665999999817e+01
-8.670556839999999710e+00
-5.746429299999999962e+00
-4.336440890000000437e+00
2.694473471999999958e+01
3.638705167999999901e+01
9.702694010000000091e+00
-5.326689530000000161e+01
3.480600128999999754e+01
-1.195745344000000010e+01
-2.094733340999999882e+01
-4.877151460000000327e+01
-1.680066718000000137e+01
3.477885085999999859e+01
1.705347374000000116e+01
5.565672280000000249e+00
1.883896413000000081e+01
-3.267146200999999905e+01
-2.604288865999999913e+01
3.153030902000000069e+01
2.174767737999999895e+01
2.687435518999999928e+01
2.778122769999999964e+00
4.706190359999999906e+00
3.050868287000000123e+01
5.397823148999999887e+01
-1.165968808000000045e+01
2.153246705999999833e+01
-1.451301512999999943e+01
-2.450621115999999944e+01
-1.938531395000000046e+01
-1.949545219000000174e+01
-8.127025670000000090e+00
-2.660756161000000120e+01
-1.094926189999999977e+01
-7.590680641999999523e+01
1.897029351000000119e+01
1.237464618999999999e+01
-2.669650120000000015e+00
-2.170902024999999824e+01
-1.032993695000000045e+01
-3.072526878000000039e+01
5.475446159999999729e+00
4.504797987999999975e+01
-1.236986397000000082e+01
-9.427752090000000251e+00
1.174370852000000021e+01
-2.855635721000000160e+01
4.728529891000000163e+01
8.198404509999999590e+00
7.823443400000000381e+00
2.764812687999999952e+01
-1.381995089999999982e+00
3.128649598999999881e+01
1.057685065000000080e+01
-2.186367440000000162e+00
4.578742000000000090e+00
-3.517844709999999875e+00
3.697411152000000101e+01
4.786282510000000379e+00
1.013394712000000020e+01
-6.479236069999999792e+00
7.854846799999999796e+00
-5.153491949000000005e+01
-1.962391347000000152e+01
-2.726016784000000115e+01
2.645655272000000124e+01
-1.785831405000000061e+01
-3.352588409999999897e+01
3.230508478000000139e+01
-6.785988380000000042e+00
2.260508812000000134e+01
-5.026805033000000122e+01
1.033325868999999919e+01
2.902331489999999903e+00
3.453642710000000005e+00
-6.522996140000000054e+00
-4.060317839999999734e+00
2.832016647000000020e+01
9.994918000000000413e-01
-2.835414271000000141e+01
-1.044342016999999956e+01
1.227753857000000082e+01
-6.413713203000000362e+01
-4.905720712000000105e+01
7.211191300000000526e-01
7.843734920000000166e+00
-2.620366894000000002e+01
-1.056441790000000047e+00
5.863679118000000301e+01
1.557660300000000042e+01
-3.000510354000000035e+01
5.219784530000000089e+00
-5.181070550000000274e+00
6.955969460000000382e+00
-1.984983052999999842e+01
1.226659994999999981e+01
1.468049384999999951e+01
-3.868526150000000108e+00
6.217557065999999821e+01
-4.395673859999999600e+00
-1.757300448000000159e+01
1.325139403999999921e+01
2.389956540000000018e+01
-1.877477663999999891e+01
-1.024483480000000002e+00
5.448377433999999653e+01
-1.565027699999999911e+00
3.273052727000000317e+01
8.122745030000000810e+00
-3.888430730000000057e+00
-1.266180836999999926e+01
2.905108510000000166e+01
-3.109026606000000115e+01
-5.669828599999999774e-01
-1.012111840000000029e+01
-2.207183440000000019e+01
8.369571600000000444e+00
1.479146616000000058e+01
2.406407970000000063e+00
-2.038133000000000028e-01
-2.215960005999999893e+01
9.019048980000000881e+00
-1.819672579999999984e+00
-1.260997051000000013e+01
-1.120777026999999926e+01
9.163703130000000030e+00
-2.047505940000000191e+00
-2.103381558999999967e+01
-6.064135302999999766e+01
5.855351999999999890e+00
1.071174811999999932e+01
-2.700234259999999864e+01
-1.329788392000000030e+01
4.600478236000000010e+01
6.251023059999999631e+00
2.194920803999999848e+01
4.819857790000000364e+00
2.217588346000000143e+01
3.185914760000000179e+00
-2.166132121000000055e+01
-6.071696750000000087e+00
3.028156529999999957e+00
1.752320964000000103e+01
4.193749494000000055e+01
2.738886371999999980e+01
1.686032769999999958e+00
9.507179250000000081e+00
3.370057869000000039e+01
1.471051289000000040e+01
-3.855266355999999917e+01
-1.534373592000000031e+01
6.178323989999999988e+00
4.754974500000000326e+00
1.373381097000000040e+01
-2.881519486999999913e+01
3.940782369999999979e+00
2.407724994999999879e+01
2.663179354000000032e+01
-2.393708734999999876e+01
1.558001000000000004e-02
-1.239515050000000063e+00
-9.453622899999999163e+00
-1.582384223000000034e+01
-8.616847579999999951e+00
-4.913900940000000439e+00
5.631337069999999834e+00
2.354637995999999944e+01
-1.721056292999999826e+01
4.504219090000000136e+01
1.825749915999999828e+01
1.493152670999999998e+01
1.969399491000000069e+01
1.507426768999999922e+01
2.025232529000000170e+01
3.045790026999999967e+01
-2.533071087000000077e+01
3.466435565999999824e+01
-6.351203785999999951e+01
1.762682742999999874e+01
-5.953725984999999810e+01
4.648721383000000174e+01
4.193921801999999843e+01
-5.251385230000000348e+00
-2.681433364000000097e+01
-2.363732058000000080e+01
-3.061960563999999962e+01
-3.527570606999999825e+01
3.150991760000000141e+01
2.342375236999999899e+01
1.331364332999999966e+01
1.575161409999999940e+01
2.491932292999999987e+01
-2.182048800000000099e+01
-9.892975090000000193e+00
3.070383392999999828e+01
-7.264813590000000154e+00
2.974020330000000101e+01
4.148898777000000138e+01
-3.221754629999999953e+00
-4.078212271999999672e+01
2.774743289999999973e+00
-1.464105030000000029e+00
-5.680967680000000186e+00
5.835285999999999945e-02
-3.630203527999999835e+01
-7.001114270000000417e+00
4.906150910000000032e+00
7.415522679999999589e+00
2.721416071000000159e+01
-2.380029182999999904e+01
3.100236686999999947e+01
-2.221483041000000114e+01
1.428381554999999992e+01
2.248428678999999875e+01
