---------------------
  #    meV     cm^-1
---------------------
  0    6.4      51.3
  1   11.1      89.2
  2   15.0     121.0
  3   20.0     161.4
  4   22.4     180.8
  5   23.8     191.6
  6   29.1     234.9
  7   31.9     257.5
  8   35.3     284.7
  9   47.3     381.4
 10   49.3     397.3
 11   66.6     537.3
 12   69.7     561.9
 13   86.3     695.7
 14   93.2     751.3
 15  101.5     818.3
 16  118.7     957.3
 17  133.6    1077.8
 18  140.2    1130.9
 19  147.6    1190.9
 20  168.2    1356.4
 21  176.7    1425.4
 22  181.0    1460.1
 23  181.9    1467.1
 24  186.2    1502.1
 25  199.8    1611.1
 26  355.4    2866.2
 27  371.8    2998.9
 28  378.0    3049.0
 29  407.4    3286.1
 30  420.3    3390.2
 31  436.5    3520.3
 32  471.4    3801.7
---------------------
Zero-point energy: 2.592 eV
