-3.445087100019235038e+01
-2.022692305088725107e+00
-7.095180520464261065e+00
2.391763455559149776e+01
-1.183630414876313353e+01
-9.153992047617492744e+00
-2.387732581164533485e+01
-4.996880746241724580e+01
-2.132519829971577963e+01
-2.247819679284174299e+01
-2.089858525462362593e+01
4.228605371090210951e+00
1.986962168748448221e+00
-1.052438565724116870e+00
1.709407118005543680e+00
2.634572426833392456e+01
-1.013340770823083403e+01
-7.170392633581386121e+00
1.169859479668741642e+01
-6.152495729202389896e+01
3.086186817442386143e+01
-1.326864220616880630e+01
-2.384085215696222448e+00
-5.554505597651981930e+00
-9.915541692503211380e-01
-2.107580341923934952e+00
4.770302157945695853e+01
-1.496864822281187912e+01
-3.969450578147643682e+00
-3.020030315903578355e+01
3.901968555655082582e+01
-4.317497063285500758e+00
-2.123061412656869607e+01
1.115346968786345627e+01
-2.045261474968810944e+00
1.295036371319733348e+01
-5.439692077025313210e-01
2.715902953145331367e+00
1.883239889306580039e+01
-5.428630406732173697e+01
3.024406079781050494e+01
8.082257324688967515e+00
-6.223128387112183191e+00
-1.736074217752116766e+01
6.861104305017704519e+00
-1.087667326608763574e+01
2.474030675398569201e+01
1.976894556161335004e+01
-1.274644909639658863e+01
-1.628543059158403139e+01
-1.722863345637989596e+01
-2.066092890745233746e+01
1.048258451880484188e+01
-2.690020209615948943e+01
8.235537532735577315e+00
3.438838327866665168e+01
3.965453861437269723e+01
1.846552995922766627e+01
8.224109766699484680e+00
1.722164512632957667e+01
5.058484848144621537e+01
8.547536287981017722e+00
-2.965412015556868397e+01
-5.986284732277340481e+00
-1.398287624348228064e+01
3.305905591339764271e+01
-3.911083892530767514e+01
-3.415004432289225633e+01
-1.738245466993498667e+01
-9.720208089334448687e+00
-2.225846996566878033e+01
1.561052934325714148e+01
5.163677533774546191e+00
7.778951969252858589e+00
-2.153815246203398459e+01
-1.884728338984825768e+01
-3.253428472321520815e+01
1.792660204356928944e+01
-1.865992023268105271e+01
1.683573999244289610e+01
-5.382087621011367951e+00
-1.479799290929724975e+01
-2.850344605838803602e+01
-8.487508024962323816e+00
-6.076904911154372257e+00
-6.818011593106803048e+00
2.222060487523233263e+01
4.166207527657768139e+01
-2.448144169252123348e+01
-4.268533049073346319e+01
-1.071389269662793708e+01
5.911391691182291197e+01
-3.227362707584450163e+01
1.783797651733075895e+01
-6.481437428121125777e+00
-3.316664837830188617e+01
1.369050874432123521e+01
1.943914477357313331e+01
-9.644743684813064988e+00
1.827727090606214233e+01
-1.336907985949687827e+01
-3.108670028581110500e+01
5.223510134249369230e+01
2.491903508685498991e+01
1.408844972276654062e+01
7.849004556879435768e+00
1.490882042401121055e+01
4.494381497844170781e+01
-1.465341452477090378e+01
3.335193963104003956e+00
-7.528509032394561018e+01
8.721741571223773803e+00
-3.689639240080457228e+01
7.728468256038041773e+00
1.213857247626724245e+01
-1.987160086402423076e+01
-2.819138538505833935e+01
1.234618972870066500e+00
-1.679152895098965814e+01
2.125087880136072727e+01
-2.767338845806902725e+01
-3.078140925872332900e+00
-2.002596299584852346e+01
-1.944312935070939830e+00
1.092478688292302991e+00
1.240812434077622584e+01
4.578958998567372873e-01
-2.855786516257637686e+00
3.542792104828180300e+01
5.018195814111891195e+01
2.711604231180413649e+01
3.917684524654100642e+01
-6.417758557388829388e+00
5.565791224101815260e+00
2.926251278698379110e+01
-5.219735980924156138e-01
-4.190098133251987633e+01
-2.244970451335806416e+01
-2.795182305809092327e+01
-1.526298885204661104e+01
1.581455043059548871e+01
-6.551798407171253302e+01
-9.263955245646371850e+00
2.445104876002977790e+01
-2.065363610682294393e+01
-1.725081810902094048e+01
3.290370173121868902e+01
2.454481071795896696e+01
-1.827100414896261782e+01
1.534233192612410335e+01
-1.400770656808890635e+01
1.882526541792434926e+01
1.822979997553261455e+00
7.303419753801975389e+00
-4.706317261713783040e+01
-2.609654546266310149e+01
-4.747188941038473331e+00
-8.982629633293992555e-01
-2.250824725859104092e+01
6.003165378957601206e+01
-9.637622157977659754e+00
-1.782334302185148545e+01
1.962694749627291912e+01
-2.535230376887768244e+01
-2.020595787080121397e+01
1.805680388789920698e+01
7.082677320175882585e+00
8.466810703515307068e+00
8.696208825300487888e+00
-6.108107522706035297e+00
8.814866002442101944e+00
3.216604437006985506e+01
-1.459959632408828156e+01
1.059600212862167723e+01
5.021487209346564384e+01
1.806883146337085577e+01
-4.169888800652586269e+00
-1.132519369382224284e+01
8.593579556886095361e+01
-1.178256439344707474e+01
2.069859132747174613e+01
1.427945238735253497e+01
1.626046300335727324e+01
4.879525345039490958e+01
2.647335921523233537e+01
-1.476769771670701559e+00
1.339389887234756316e+01
2.712389999143715613e+01
1.985960502302586406e+01
-3.209694926578555396e+01
5.203332718850555239e+01
-4.627601512290752339e+01
-6.800745761128140998e+00
3.039303954500037719e+01
8.277281556180312805e+00
4.193872178967353648e+00
1.561629709353136519e+01
1.238903004005442199e+01
1.899008012376708621e+01
-3.455492451542357912e+01
2.218873767329228031e+00
-1.468201408208193470e+01
-3.710459947430706507e+00
-2.493504187475991785e+00
-5.929703629183931568e+00
-3.173134086144074217e+00
4.620487041037912945e+01
-4.684926683934236280e+00
-1.432676918896082441e+01
-1.419043509259015678e+00
7.178523974707701427e+00
-3.290299127161661374e+01
-2.823854909923826995e+01
-2.002510539443623827e+01
-3.413627418440731276e+01
-8.844722346745573560e+00
-2.304321536914005719e+01
1.004550135497009933e+01
7.087230143978473507e-01
-6.882038807387971246e+00
-4.549963466468184947e+00
3.166109378153834086e+00
-8.077304514337157570e+00
3.758711727376446277e+01
-4.770304968542836832e+01
-8.375405801896196323e+00
-7.445983690216273487e+00
8.785680532344912308e+00
1.246745427943459106e+01
-2.594152147231761774e+01
-8.410457800796393713e+00
2.366936240878088427e+01
-1.106869976852996729e+01
8.781993644514557218e+00
1.878165727622283043e+01
-1.634162514720770787e+00
6.147429621915966891e+01
-7.722239825509859656e+00
-1.743890378593346213e+01
1.765512857348227271e+00
-1.353133512231116242e+01
3.011176897582636514e+01
-2.333956351075896407e+01
6.702746391019388739e+00
3.127823800340084404e+01
-6.946925260278334235e+00
6.517725195932507631e+01
7.053789515946448319e+01
-3.655457754874339571e+01
3.249682500357462800e+01
1.198495195817514514e+01
-3.067081123784076624e+01
9.136851155506533928e+00
2.313918857998609724e+01
2.364368973541934338e+01
1.267921847111239231e+00
9.356007402713089505e+00
4.097191420306927512e+01
-1.294341247623103186e+01
7.878822967600257243e+00
3.952141763376829431e+01
-2.036021615619853264e+01
-1.095361787695645717e+01
3.081147962347909441e+01
1.580111903514122673e+01
4.167227903975174286e+01
1.658609584526769254e+01
5.960459224486044150e+00
1.467256815693257010e+01
2.226809960320342441e+01
-2.949483456932611602e+01
3.762333268497144445e+00
1.362584352417731992e+01
6.412011201004190752e+00
1.302438752992490834e+01
-3.367942986046003995e+01
1.762130632081391468e+01
-2.352354251919285844e+01
-1.832904775270961295e+01
1.176655640451244977e+01
-6.413515284531754901e+00
3.185566955602857320e+01
-9.194583907010979829e+00
1.655837287781969280e+01
1.784902315534446871e+01
4.275111502696123722e+01
3.000401807497530626e+01
2.680216174337170543e+01
-1.802405894842252110e+00
-4.621810155635159845e+00
-1.756813518593918388e+01
4.393335675632391712e+01
4.369555388287329833e+01
2.147970888848471560e+01
-1.382461480545552490e+01
2.738074709466360446e+01
-2.821102035003178798e+00
9.795313507150325449e+00
3.633406245266343149e+01
-6.408793979414326714e-01
-4.342581968014968652e+00
-1.108934921507739091e+01
-3.217111337547225958e+01
5.255731628976349157e+01
2.782849952691117323e+01
-3.284936831706841076e+01
-9.047805354128243494e+00
1.447519762635124252e+01
-5.460079564021455667e+00
3.490759048903527173e+01
6.901199273213080687e+00
4.400172218329487350e+01
1.911155473247144698e+01
-1.251166646063154531e+01
1.104163299251983688e+01
-3.438187636248926538e+00
-1.512661428050029144e+01
8.658797638320749002e+00
8.262083475906308649e+00
5.169644188269299434e+01
4.343551533930803998e+01
3.053279962207430742e+01
3.673285392055504417e+01
4.777408514946984042e+00
-1.428536168846198962e+01
7.902631119942896021e+00
-1.838460171993498449e+01
-2.954793804232065213e+01
-3.063918876275909042e+01
-1.718055164282290548e+01
-5.992711567430893638e+01
-1.923518321838183454e+01
-4.773945867532107457e+01
1.295663412452066154e+01
-2.551283865562990272e+01
2.565295785846194576e+01
-5.456052179263343760e+01
-1.644871511366510219e+01
2.361538309761400001e+01
1.155905596717821027e+01
-4.896890281877796980e+01
3.122248391299490322e+01
-1.423648446160333947e+01
2.965154536976353938e+01
-1.274932681045822846e+01
-4.320522332789050779e+01
7.880006514477955193e+00
-3.587395157984809657e+01
-4.107330792773552730e+00
-1.659998353479188005e+00
2.251150244200806583e+01
6.950660303468646362e+01
-2.379057243671911692e+01
-1.927007016401833539e+01
-2.310899738865828112e+00
-6.273892561310020710e+00
-4.453764880143995697e+01
-3.070339501381025116e+01
2.636700618132468321e+01
-1.170870340224115580e+01
1.119012450898262045e+01
-2.707027240596954698e+01
-9.065608497839235724e+00
-2.286616959747186684e+01
2.846625478736626746e+01
5.240573818935843065e+00
-1.230594491657501521e+01
-9.382092723331140860e+00
6.552637971804209371e+00
-4.478475287988175069e+00
2.375615812606798727e+01
-1.420331823038839048e+01
5.490949332005470751e+00
1.957541314270476107e+01
7.568529208063694114e+00
-1.171712531496643805e+01
8.481902185058362420e+01
3.242772473301474179e+01
2.335843712154591856e+00
5.667402658652520131e+00
-3.452849618809483445e+01
1.855810306669229703e+01
-4.216960700112878158e+01
-1.603401716620950879e+01
-3.035306199790062465e+01
-1.093410169155492895e+01
3.134060202690307051e+01
-3.126213303218128203e+01
1.320409172763779537e+01
-2.122790907121952841e+00
1.153386829129843250e+00
-1.978494492215452283e+01
-2.449335778508950057e+01
-3.114383201830264625e+00
-1.970830765057768730e+01
-1.089461745126709502e+01
-2.280174293127197416e+01
-5.124620500867763440e+00
-1.916002354663129381e+01
-2.768712088188451048e+01
1.148164487510670284e+01
-7.906735985482825413e+00
1.352604025911779217e+01
4.670198280756167719e+00
-4.201576875411395662e+01
-2.895369669093158649e+01
-2.518393595138425667e+01
1.784409139310821502e+01
-1.353576744389599185e+00
-3.418082196936657624e+01
3.251531145831940961e+01
-2.158429709361642779e+01
3.154188136984066659e+01
-1.745203033490225408e+01
-2.664591394462257767e+01
1.306794290415410842e+01
-3.747509704576266643e+01
-1.898781998828448536e+01
3.417833845186791564e+01
1.040635633693403861e+01
-2.424708896046900009e+01
2.993036045295252023e+01
-9.998762893360037651e+00
-2.097565075836200776e+01
-1.676620310650758938e+01
-2.764688925100654160e+01
1.530752875402646396e+01
-4.963550531328991156e+01
-4.370770537840814995e+01
-5.614803784275011367e+00
-1.663462907839522131e+01
-3.261498865306376871e+01
4.057216794701895424e+01
7.406916895792429045e+01
-1.517588039241027786e+01
-2.010979941351791922e+00
-3.342167213409428683e+01
3.622296166206967882e+01
1.123017529784860358e+01
-1.320889141965574254e+01
-2.011512106945559708e+01
8.145700984632640029e+00
-3.202582118248763265e+01
-9.767395970064740141e+00
-4.797915990011995291e+01
2.011377340774305367e+01
6.070937191553554158e+00
-9.554659814487536096e-01
-5.740666523242509811e+00
-2.208130410441941649e+01
-6.067747073991995421e+00
7.241818189091468128e+01
-1.015833398889299133e+01
-2.653030701493176480e+01
-3.860641823694180630e+01
7.700978151125383420e+00
-2.072319007981223393e+01
6.011756342339005244e+00
1.673558007440398399e+01
4.238201741599979755e+00
1.725856744094215500e+01
8.331963542010541346e+00
3.236472084002247129e+01
1.454774034247850523e+01
-1.934142300736553466e+01
2.649995818238491552e+01
1.928250623150350407e+01
6.826214242855712655e+00
2.342002027909103390e+01
-1.569998492254522660e+01
4.076050724175360074e+01
1.302492450852668604e+01
-1.751628074175636840e+01
-3.227755932917485637e+00
-9.980635568661114121e+00
1.131880143354385382e+01
-1.286464880935427146e+01
-4.364206899216156899e+00
-7.054248655700348536e+00
4.476625769419086964e+01
3.050640463932202806e+01
-3.584711119540418167e+01
-4.482508894323970594e+00
-2.916535460504468347e+01
-8.042333272600330929e+00
-1.302692058082690352e+01
4.731081128423227256e+00
-5.481218800533191882e-01
-1.587606360987732046e+01
9.401640570578564393e+00
-4.555711844141391964e+00
-5.159764071714214140e+00
4.763007955158289519e+01
7.969055130718839308e+00
-4.562975865216546367e+01
-2.193647013455165506e+01
5.296265804820296808e+01
1.506436611450931196e+01
-5.268766768945170043e+00
5.899417938371392722e+01
-8.902127310414243766e+00
-5.066010253509858785e+00
-4.461891733733125420e+00
8.530151674399888861e+00
1.723428283052043142e+01
2.424978505728454081e+00
1.600679459147301031e+01
-7.084340013455687313e+00
-1.942512493937353213e+01
-2.303435197761555742e+01
-2.646676717726751349e+01
2.277002012929403918e+01
7.149514049326768372e+00
2.105767530777298546e+01
7.684251132478294721e+00
4.931411483489799252e+01
1.032055819842594957e+01
-4.458948371943409938e+01
-1.894721795455198787e+01
3.378379529071004583e+00
-1.609171971666616230e+01
3.489842480231237687e+01
-7.640003975044010076e+00
9.285752117870892164e+00
2.912055097785145108e+01
-4.123041166612227926e+01
8.262350907453952686e+01
1.145704078283935701e+01
1.318890459882271671e+01
1.996575621489309071e+01
4.086676434039844708e+00
-2.400878151005372274e-01
1.936632834003472681e+01
-2.045449241074260271e+01
4.584577341733738365e+01
4.053515728392942208e+01
-2.302173417034055092e+01
8.826901838395599498e+00
3.862843604330163316e+01
-1.135888599050764469e+01
9.663903927426815699e+00
2.082703671065900863e+01
2.238611616420519113e+01
-4.215710260332275539e+01
-5.683265738983322990e+00
-1.691700349099615153e+01
-1.660387138024390197e+00
-4.366270170139102902e+00
9.427001159304495559e-01
-6.883589821862841518e+00
-1.752677416555695800e+01
7.272373389920744557e+00
3.797111696482176058e+00
2.928158931162268175e+01
-2.417708178785542827e+01
2.408261524655449648e+01
2.607506738276782698e+01
-6.879819426224401013e+00
4.499225317334938268e+01
-3.760201256651285462e+01
-5.694207843787160073e+01
-4.798829053047706239e+00
-4.381134715987911932e+00
-6.845571868107640512e-01
4.416745607927540362e+01
-2.691035957167891013e+00
2.364414934244939559e+01
2.963969203800159846e+01
2.064506780361648453e+01
-6.402894647326888844e+00
3.291552619370662569e+01
-8.779677005067810569e+00
-1.954569938501941806e+01
-2.257325072522226606e+01
5.974563575588426545e+00
1.948537117903546800e+01
-7.391470448090728951e-01
1.922119285742024886e+01
2.740749058966116536e-01
3.346918080851500577e+01
9.546400785546765633e+00
5.001742318923454889e+00
-2.092139666221726202e+00
1.777599910340374834e+01
2.072299934990576276e+01
9.497195167556810702e+00
-9.827715677814410355e-01
-3.035336994061758986e+01
1.606656697409526657e+01
1.049138424264080527e+01
1.958597129949604465e+01
1.551763676163010075e+01
1.996111418187985009e+01
-4.790513890558926846e+00
1.717641881693535311e+01
-1.482524818914305342e+01
-3.626284560306203275e-01
-2.989910510418593503e+01
-1.695434767366444362e+01
2.217266404437033600e+01
-4.969197852032796447e+01
1.462750510145210114e+01
8.751046146365240475e+00
4.579225264987179855e+01
-1.044066052028358627e+01
1.838115537607983185e+01
-5.505966128159286654e+00
-2.672381020965253740e+01
-3.748414062751817255e+01
-6.450054643057526960e+00
-4.872720620205385700e+01
6.488442549842375229e+00
-1.093295307043240783e+01
1.701119141182037708e+01
1.301757454152408400e+01
-1.573674653670298085e+01
-1.609675639963558069e+01
2.257180091444278958e+01
-3.393703899428191306e+01
-6.726453305587369869e+00
-1.043789640625698922e+01
1.508674991509998620e+01
5.112020641061008064e-01
1.497977528019490023e+00
-1.041265409816445242e+01
3.022791520173490198e+01
-3.057214459488903913e+01
3.716871664548250465e+00
3.318540494866334711e+01
-2.027745138710827177e+01
1.705058664264981871e+00
-1.516578183948809055e-01
-3.585962023334113979e+01
-2.205197199155728072e+01
-2.742905784924355217e+00
1.557211350872656652e+01
1.821987166335526354e+01
3.357364660005941914e+00
-5.340321200156211034e+00
9.815973919101963929e+00
-2.344836782578983048e+01
-1.078077120165687575e+00
-2.858343847688414030e+01
-1.540781924530665492e+01
2.678078109597615253e+01
-1.572858973074428945e+01
3.739354345214238151e+01
-1.324690541502093311e+01
1.803076612478629670e+01
1.391956880789540918e+01
-3.494798499981156681e+01
-1.383150551701281472e+01
4.850509341847839551e+00
-2.305229152575904550e+01
-2.075228382903082291e+01
-4.818408240660949104e+01
-2.977116956181814089e+01
-2.813406819558417737e+01
-2.420662131300187525e+01
4.461795259644389944e-01
1.003153137443072751e+01
3.750057593425466962e+00
1.342852799327566871e+01
-3.128950244697482219e+01
8.400734930629312203e+00
1.486088424914014183e+01
-3.710308533171654233e+01
-3.427753638875719844e+01
-2.329122513187633103e+01
-1.496842427158229327e+01
8.938457357556444549e+00
-7.232862901359453645e-01
-2.320120655952762689e+01
1.649725998999792864e+01
-1.317004291887521106e+01
2.766327507626309057e+01
-4.904245467239090317e+01
3.487297719079953140e+01
-4.986654727300290801e+00
-2.205172070726561628e+01
-1.380073848752420673e+01
1.041533476909513922e+00
2.463301596432085105e+01
-4.060119378288688807e+01
-6.521450079360832319e+00
-1.115521690436631275e+01
2.463950638076838118e+01
4.604494788379695080e+01
-5.473151889625029298e+01
5.120773485501462119e+01
2.289283838944733418e+01
-4.109627659489096629e+01
-1.757949129365361784e+01
4.363047345730410598e+01
3.273667801932180055e+01
-1.143411950797298005e+01
-3.214661098660712923e+00
7.874269637289451396e+00
4.108707606855666938e+01
-3.123223938438991354e+01
6.972991637596422265e+00
-4.608096402377896084e+00
1.501503632917359710e+01
-3.996288670154753220e+01
-1.827616902356879791e+00
-1.673653032216085279e+01
2.629068856699085188e+01
2.318932989944711665e+01
-4.806926107905815115e+01
-2.628840278309712630e+01
-1.188870636022545568e+01
-2.344515610854517718e+01
-6.409856658532802953e+00
-1.118260348289095418e+01
2.476008943480763946e+01
2.312596549950941949e+01
-1.156057973218111101e+00
-2.530187232444677647e+01
-4.683579577085043866e+01
2.619418799790025787e+01
-2.704042449998053144e+01
-2.002295867272894725e+01
3.261585833977889592e+00
-1.977468712049437727e+01
-2.151824770330435399e+01
-1.573822311968994825e+01
-2.632648646157392136e+01
-1.427777185005812655e+01
-2.859352198588258887e+01
3.077668656613050047e+01
3.377807890806028013e+01
-3.642062166214486751e+00
-1.206389364611663950e+01
-2.427324200563134582e-01
2.500858780935925552e+01
-4.728398619824541527e+01
-1.090293785678920813e+01
2.709447247709277917e+01
3.902958360281141381e+01
-9.244154387805878059e+00
5.412687922676866492e+00
3.020146192092718707e+01
9.128834451351167445e+00
-5.705923159530641442e-01
-2.449190781387159177e+01
1.111080558468063373e+01
-1.907289187642325601e+01
-5.742958095791095730e+00
-1.071297064179111658e+01
-9.054124266014525801e+00
1.249830735166446516e+01
4.352711199627531613e+01
-1.293538213255430946e+00
1.896044768175187301e+00
-5.009820956958817817e+01
-1.038871811801277545e+01
-1.979748015137164430e+01
-1.063953535195878430e-01
-2.589431827037640232e+01
4.697047861529694046e+01
4.465814862897292414e+01
7.704442419779020668e+00
-1.085949592101152916e+01
9.169071884071072986e+00
1.133915979004328278e+01
-2.628234890127980350e+01
-4.653904059746935218e+00
1.042998199293111838e+01
7.324267886225669599e+00
3.034072118831085163e+01
2.224579032696044578e+01
-1.164154480295928806e+01
1.431617949544785517e+01
-5.457378104505934857e+01
-6.502633808996449716e-01
4.803232552643751774e+01
6.551197847240786132e+00
-1.148188788896050028e+00
1.682064899401083835e+01
-1.580921443531073756e+01
4.949107735172322009e+01
-9.150339245335146643e+00
4.430162652107503618e+01
2.159297994252131048e+01
-2.228191557201409978e+01
1.782751281740385707e+01
-1.688414641918063808e+01
-3.983494593178579635e+01
-3.545069207164459613e+00
-3.067458019655524026e+01
-2.895579918336176206e+01
-2.744742362929059709e+00
1.989077013692138962e+01
-5.360758871276075865e+00
-1.725264727048130453e+01
4.944520386638686205e+00
-3.817054962717128319e+01
-3.890707496846987468e+00
-4.573185238685960030e+01
2.686873386168240074e+01
-6.420413057877993879e-01
-2.750994014313100422e+01
-9.097965114215867288e+00
1.020801369246854051e+01
-1.949687090957348090e+01
-2.517132060806383720e+01
5.200621281190890954e+01
-1.333003758600591482e+01
-2.220573470062549859e+01
1.505348522762310637e+01
-9.732694688593589660e+00
3.017862772795063009e+01
-2.521054719333562844e+00
3.879694986169454296e+00
5.964842893314602179e+01
-6.857722482432421884e+00
-2.021519885371051828e+01
-2.370592493426056535e+01
-2.807527188665113727e+01
-1.887692552111275290e+01
1.493603896008789889e+01
1.497382644211853631e+01
1.226641160747973913e+01
4.058917026779988646e+01
1.851639801782766881e+00
1.153165189274594127e+01
-3.509560172178427706e+01
1.481894579197927442e+00
-1.025110452282663687e+01
-1.472427089337173811e+01
-1.900891138416341164e+00
1.859076489895861073e+01
2.110112110868163882e+01
-3.648504379206443105e-01
6.776560407376223338e+00
1.521268463169749907e+01
1.926693412955218321e+01
-1.355763600683273751e+01
-7.010009786110231289e+00
3.799663066409664225e-01
-1.275433847251571251e+01
-2.776172844193695255e+00
-1.981717156508594258e+01
4.387941209801277864e+01
3.555504271824634088e+01
-9.015031758825671204e+00
8.840065474578722160e+00
-2.555542380423904802e+00
-1.656562180529265049e+01
1.970208270930613281e+01
-5.291696271113437433e+00
2.212276337499045553e+01
-2.896691663266344818e+01
9.953900613185396651e+00
-5.512184512448754958e+00
-2.981867852328537083e+01
-1.354363570369491754e+01
1.480583317092620632e+01
-5.046704538024830811e+01
2.379878552358326260e+01
2.578313306661721072e+01
-5.527810107763624359e+00
-3.320971530835976182e+00
-1.781068829420036082e+00
1.381209422620668192e+01
-1.809948406392365428e+01
1.998253665587543537e+01
1.685129071508066545e+01
-5.441608680455959757e+01
-1.960025290257081565e+01
1.315586106533689303e+01
-4.680828651206155655e+00
2.400225215142395996e+01
-3.525583196982995560e+01
-2.993024034410893819e+00
-2.318655742916378770e+01
-7.117814544023772783e+01
4.256814276414399956e+01
-3.226880153367892490e+01
-3.385657875597338062e+01
4.935568601479403128e+00
7.175412608911483403e+01
6.414954480551386951e-01
-1.553699622321283869e+01
-1.738625405696666348e+00
-3.047644274335702619e+00
-4.740892412873851924e+01
-3.389831591602870731e+01
4.533898563454425101e+01
-5.665009884474017099e+00
-2.087620499170737531e+01
2.731565029288321966e+01
-1.986879542279242372e+01
2.041114103017059733e+01
2.949846698266584610e+01
-3.161015955629878249e+01
-1.551198238387738115e+01
-1.923374303279206288e+01
-9.941328925154067520e+00
-9.725914357624951379e+00
-5.740007287537082448e+00
7.926309323498060166e+00
-1.889264176988177013e+01
1.570285434726157803e+01
3.205589896442567976e+01
-4.989822256009329493e+00
-1.128456901716020866e+01
8.083436080198822538e+00
3.101343755114220357e+01
2.887469662782018531e+01
5.430191982947974338e+00
-3.055055926394715016e+00
-4.811029726898794934e+00
-2.808252924725584876e+01
2.127633441212762477e+01
-1.233319108208961268e+01
1.098923342948927484e+01
-7.758457722798596023e+00
1.496374926863080645e+01
1.011885251718639012e+01
-4.454521195733059358e+01
-1.475758127306244205e+01
-4.350089041269851009e+01
-1.973213517996742894e+01
2.914904390679119217e+00
-9.518347637582394327e+00
1.808668387202520478e+01
-1.662656575119525826e+01
2.055469566012462224e+00
5.943995678915428016e+00
3.915869934622526216e+01
1.983252427138873486e+01
-1.672717950632738493e+01
-6.784389220054833913e-01
6.697861491371298825e+00
2.122528593865079927e+01
1.829598889195835909e-01
3.021307660737846845e+01
1.240686453551204238e+01
5.013553930592132701e+01
1.049795711558388689e+00
3.623684534827607706e+01
-1.497627141170073628e+01
-2.085448614080491581e+01
2.439641898240438422e+00
5.150797461630531870e+00
1.483390613702422911e+01
-7.815579538752331246e+00
-7.573443232736657649e+00
1.436785209554705389e+01
-2.679529298852918373e+01
-3.050663932324512473e+01
4.385448107293530029e+01
-3.310196558583299975e+00
-2.161422387018360070e+01
-2.227550388806037063e+00
-7.475669091980876146e+00
2.353125241875102347e+01
1.830644732495261451e+01
-1.117698501733900684e+01
4.695088174191823782e-01
-1.461311393625126698e+01
-1.952048887885814565e+01
-1.478487358346546898e+01
-5.348373250907809506e+01
3.078423851657419164e-02
-3.558817357087457367e+01
-3.081081822950426385e+01
-2.061419932418488088e+01
1.060632389353895633e+01
-2.016852219959054082e+01
1.277558914348818320e+01
-3.387602380499106403e+01
5.731924677606912155e-01
-2.290482992348000124e+01
4.765520208723103224e+00
6.227848398263105878e+00
1.843728925766248494e+01
-1.161441195687808658e+01
-8.788565922379802942e+00
1.634540934656244104e+01
3.274943702099163545e+01
1.816146204014776799e+01
4.623752334160485589e+00
-3.967560889989177042e+01
-9.423372191503844419e+00
-1.750955645963597362e+01
-3.340317559652913815e+01
2.236910315054734610e+01
-2.008283910629626234e+01
-1.806492882518881515e+00
-1.549867326728734440e+01
-5.514892409720349065e+01
2.857152509377397109e+01
-9.725358114872108217e+00
2.242119536664137058e+01
-3.947536673042561972e+01
3.728451902931564632e+01
2.025568852833231404e+00
-1.590762189566829576e+01
4.791641688120449771e+00
-1.153445190923125097e+01
-3.623287361624898040e+01
7.974478956386946038e+00
1.970705270247252372e+01
9.734179647481369102e-01
-2.002747837224779914e+01
-9.052192756129215923e+00
9.675703357544563232e+00
1.765899192140818741e+01
3.484516700804319100e+01
1.310600764707186272e+01
-1.284786716242658144e+01
5.279069258769131068e+01
1.326631022709278795e+01
2.346724431546098799e+01
-1.012606016363332628e+01
1.545590215345941942e+01
1.083658898760209865e+01
-3.427921112121566694e+01
-1.141370230558476351e+01
-2.262558729921350675e+01
-2.041175297359527008e+01
-6.682607340096296866e+00
-7.683950408862187942e+00
-2.332874111842539833e+01
-6.126286245535527542e+01
-1.596805246006898393e+01
6.898216508241205247e+00
5.037935648014581602e+00
7.680213229058722391e+00
2.568032246594520984e+01
7.752635095929338860e+00
1.797580574990450941e+01
-2.299045115393587935e+01
2.529868545767152455e+01
-2.514788349919521693e+01
-3.981015034454941315e+01
1.214453264277540256e+01
-2.388974172392497053e+01
-2.170158269839350851e+01
-8.768024326060461249e+01
-6.400388263820644852e+00
4.511153782588331751e+01
2.344017740886052792e+01
-5.675684124461838564e+00
-7.642725554052503867e+00
2.089098632856664040e+01
3.678780564993107305e+01
-2.301552609542038397e+01
-5.942728292395372591e+00
-1.882431277649925505e+01
-1.944642616374920863e+01
-1.697638635205071722e+01
6.997838366760323225e+00
3.914476778804350943e+01
-3.603819675695444857e+01
-3.101231852034902658e+01
1.815755635667670731e+00
-5.891645021854657216e+00
-7.335698314672903564e+00
-4.990186813777546604e+01
3.480145442741597606e+01
1.328088760195868190e+01
5.215004131795502929e+00
2.676846034780538730e+01
-1.814744880079991063e+01
1.710700758743152505e+01
1.536610171307808059e+01
1.986502366256530649e+00
-3.352421831239098537e+00
4.872951992167536162e+00
-8.729760285897310013e+00
2.808582101775978401e+01
-2.215869952545423871e+01
2.383305940400896361e+01
5.311174151800173604e+00
7.979304405353133234e+00
1.261457926608130720e+01
-4.812311976579167094e+01
4.682314162750543574e+00
-3.704910103371997820e+01
-2.708618120285464670e+01
-2.709645427070883272e+01
-2.762387206590210553e+01
2.911269614392608673e-01
9.272517511934623258e+00
2.756637839164926618e+01
4.784868072875362088e+00
7.948184364039370564e+00
-3.884796003324942149e+01
-1.410856199797434840e+01
1.880618937694113413e+01
-1.133747834473730620e+00
-1.981794341918430291e-02
-4.879399870475538137e+00
1.939216367422561405e+01
-5.048818042725429223e+01
6.229615779946563237e+00
1.120843448060445269e+01
2.391533103474569444e+01
2.044807616374862391e+01
-3.130584826700977885e+01
6.199027977082437246e+00
3.223879193581410618e+00
2.584340406584942684e+00
3.299201584017367850e+00
-1.039460528512060478e+01
-1.949211705050386456e+01
1.046215582100093400e+01
3.327741876589129788e+01
-2.767066914687802637e+00
6.372619486900077845e+00
9.409384032569732881e+00
-1.415996075545476174e+01
-1.502527995315239195e+01
-6.597534070668280037e+01
-2.037250894324584749e+01
-3.016635907031054842e+01
-3.686160815133405322e+00
-3.732076705547456186e+01
4.151849647209405703e+01
-1.730600355593230688e+01
-2.966313181699089796e+01
-8.554155144084018048e+01
3.671357731156496129e+01
7.368842559130570180e+00
3.389270322980962646e+00
-3.464924791070149013e+01
4.869911084737623241e+00
-1.104664913397198234e+01
-1.811904423272325815e+01
6.505936834262419310e+00
1.866616251051920017e+01
4.035257412516891407e+00
-1.174202457276612677e+01
-1.457867902860243703e-01
1.519300449930085506e+00
8.731662681490149680e+00
-3.508614619193112816e+01
3.989025851551602386e+01
-2.371624628619752428e+01
-1.655073287232491808e+01
-2.704651181412424421e+01
-5.746633535113663527e+01
4.981084643837967008e+00
-2.894558951017231152e+01
-1.052453727738364364e+01
1.803989095547927946e+01
-1.428664893118281043e+01
-1.891430743870159858e+00
-6.491165820255261565e+00
-1.108202705499769536e+01
1.772146877153009115e+00
2.998290661275748903e+01
-2.777080423421431021e+01
5.496290370256167535e+01
-1.249211867060006398e+01
1.846927270963539058e+01
-7.589065589365354469e+00
6.291481347414361380e+00
-6.032703465104788165e+00
2.422682948386932367e+01
3.385916742742881524e+01
1.057244662206659314e+01
2.540737551778576631e+01
-1.967902194122956416e+01
-3.664714210522081572e+00
-1.231122642349760099e+01
3.795517938726456464e+01
3.184170026497605477e+01
2.407627461887352638e+01
-8.447653827656097292e+00
-1.536977941968362416e+01
1.374885510622632268e+01
-1.554122351418614301e+01
-6.863521148413212813e+00
-3.180413608870836129e+00
-1.627778512515286025e+01
2.743724789509153084e+01
-4.548709006668183008e+00
2.098213524041786116e+01
1.081907620197142705e+01
9.542892254123252371e+00
-1.827747196992999079e+01
1.463229511483145018e+01
-1.014241496949583166e+01
-6.522686831943303787e+00
-1.728296558381686054e+00
-2.656661566291967347e+01
4.119010332744284142e+01
-1.469359134632640362e+01
-1.780348795272459483e+00
1.228343958098694344e+01
1.061731038065721577e+01
4.092959359704083511e+01
-9.453132744696517875e+00
4.161728107622215589e+01
3.731593330322648683e+01
-5.170896661892408019e+01
2.804638725109072084e+00
-1.027654700534012022e+01
8.676097147181607738e+00
3.293906206605271336e+00
1.097008271428319404e+01
3.441708223123380606e+01
5.392102187961195625e+01
-4.146327961221223291e+01
4.177607104049582176e+01
-5.406305435084611588e+01
-4.483909932828925804e+01
-7.968009066688608755e+00
1.882508925987735893e-02
4.017586156257509344e+01
1.977223771354630344e+01
-6.653144655444862110e+00
-4.925363492778492969e+01
3.897823311890420683e+01
-2.302589421838473527e+01
9.581992311719318423e-01
-3.951785810437435487e+00
6.947982602769462801e+01
-1.398254325743835125e+01
-5.896599412807233875e+01
1.727582642339052654e+01
-8.981759985591335749e+01
6.339622813550221281e+00
-2.013366447171763696e+01
-1.017583412606365556e+01
-1.499506627570968931e+01
-3.228956906630767776e+01
2.114934852533352938e+01
-2.100102978050030345e+01
-6.479208645273615730e+00
-4.355566820631463543e+01
-2.410783417548145735e+00
-2.885967977656783745e+01
-4.121963201649305120e+01
-6.272615604203031126e+01
5.059609962243200698e+00
-1.966031194540153137e+01
3.458534357736994025e+00
-7.801701917943262288e+00
-4.486390655542146533e+01
-3.589062218201027576e+01
-3.010753261923321134e+01
-3.131318811132504720e+01
2.941934818710164734e+01
2.795409760989755910e+00
-2.753077690712062520e+01
-1.199990300351174710e+01
-1.356305898088966444e+01
2.223015670523966492e+01
-1.715230513987549443e+01
-4.233068122876765926e+00
-1.550011828366899636e+01
-1.972116294044741380e+01
-2.235013284198386430e+01
2.038507620038245705e+01
-8.621520622064622330e+00
-5.115891453336632821e+01
4.257438074526757532e+01
2.430964154813267442e+01
1.468784647283911227e+00
-4.314338051783931860e+01
-4.134795438729787520e+01
3.768570633674187320e+00
3.890458918121453280e-01
-1.742469834874964363e+01
-2.527501782004048536e+01
1.732248360318834557e+01
-3.047563590718283422e+00
1.451964658663405316e+01
2.710516101301703884e+01
1.752930888517599328e+01
1.765998873068384967e+01
1.320524849174343096e+01
-1.152776941866221705e+01
-8.232877693727459700e+00
-1.202117967833468271e+01
-2.029018291413495945e+01
-2.361281741727890449e+01
-3.519411235094554513e+01
-2.058892594371759088e+01
-5.661689742866485631e+00
-4.249376200359347422e+01
-7.885019615269584392e+00
2.018377795708512679e+01
-4.360854651590886988e+01
1.645121015753456106e+01
1.484753302657458107e+01
-3.979157868030148393e+01
-3.136181731401282491e+01
-9.486488688573928130e+00
9.728541417720123263e+00
-2.179256580191571402e+01
3.997767354945983698e+01
3.548609288081382829e+01
-4.275322332698311811e+01
2.473749686901345513e+01
1.925425152592532640e+01
4.838154956647713334e+00
1.202400675889039405e+01
-2.368404792444039231e+01
-7.198151748648641046e+00
4.585225507573852610e+00
1.064639341633720448e+01
2.340613624327257014e+01
-2.834569498936256693e+01
-3.292433239154092917e+00
8.286326016799918648e+00
3.001733878825319835e+00
-1.645754547991968764e+01
1.209402698801041964e+01
-1.414983409524226943e+01
-1.137112675241774440e+01
6.557051917155831688e-01
-3.369624450628604961e+01
1.663381290949530467e+00
-9.360180370455736920e+00
-7.656870699307603445e+00
4.635757090759454968e+00
-3.008910369598453372e+01
3.287092858093842551e+01
-1.396990900719902129e+01
-7.385223976642058119e+01
-4.727820327815933865e+01
2.050665073587295240e+01
-2.243424515482703896e+01
-1.040420082805508173e+01
-1.453099642794839497e+01
-1.017147981953283420e+01
-5.581425533241485937e+01
-3.526521621340634738e+00
-3.454178966655001659e+01
-1.910977183346506081e+01
1.177289240716700647e+01
4.362336691202770567e+01
1.568506909012647554e+00
-5.781291568901423261e-01
3.301316328277657419e+01
-3.072570494486394921e+01
1.772246674136812317e+01
4.234549653109453971e+00
-2.643636765629298679e+01
-1.412912025047356224e+01
1.234021395878875182e+01
3.589436838598487611e-01
6.725581758915438968e+00
5.727169463357682844e+00
-1.311448654600334862e+01
-1.804322019740652649e+01
-2.776186381310554907e+01
2.730587712060054173e+01
-3.576280080798812122e+01
-2.655889786792228335e+01
6.893869306212579318e+00
-4.822181201477972934e+01
1.249164035089256686e+01
3.559504340679325196e+01
-3.990973857880142361e+00
6.445526499918273089e+00
-1.598610570501870143e+01
-1.221863012350090116e+01
5.758607678187161127e+00
2.108204173777517809e+01
-2.154763440105931593e+01
1.501663156944192679e+01
-5.883062692057762888e+00
1.703977906695541833e+00
1.284868982544438154e+01
8.265100093973359208e+00
-7.150954414699697281e+00
1.232687124921767463e-01
1.063933862067710834e+01
1.587692886907603906e+01
-3.986009372130338591e+01
1.864921489378730257e+00
2.856909431883470774e+01
-5.124324345707526618e+01
1.684273968839958258e+01
-6.471331068205719816e+01
-5.969788097334026489e+00
-8.222338165755303407e+00
-2.913087224158175559e+00
-6.757479942476862789e+00
-1.393329831259697471e+01
-5.283014605144728648e+00
6.626951142399093442e+00
-1.479373669653525170e+01
6.676694407488014349e+00
4.859681889689636591e+01
-3.362390118546025519e+01
-1.464247884749764239e+01
2.211049667354819803e+01
1.336173554581823453e+01
2.425842116671086046e+01
1.171284143711981685e+01
1.169135399376868634e+01
-8.931602187966063866e+00
-2.720056804242851456e+01
-2.507951143321793097e+01
-1.496022786302175689e+01
2.556003637197434841e+00
-2.344720441767600505e+01
-7.766203499517878583e+00
4.042158883960894400e+00
1.318226136993138198e+01
-5.673184556503645837e+00
3.305944673183590510e+01
-3.203908493063613605e+01
-2.181305528730234755e+00
-1.683462229953663680e+00
1.523126688143469920e+01
-2.173352654219940661e+01
-1.376972047967601043e+01
1.040382295554252856e+01
2.488863237203747758e+01
4.137258419931310982e+01
1.768272111291869919e+01
2.315439531779514937e+01
-1.546588957846722678e+01
3.490417607299031033e+01
3.656402168238435024e+01
-1.425226181985294716e+00
1.893515753092597720e+01
2.086510165469701406e+01
-1.303596810620544488e+01
4.704231835904749914e+00
3.358424738320206870e+01
-1.335601476757869932e+01
-5.071164528161716589e+00
-3.330538107568654027e+01
1.316261450365598762e+01
-7.115432202736897693e+00
1.087411790599810502e+01
3.243071806232805443e+00
-2.200017943157969569e+01
2.517971071344001643e+01
2.218374491137421956e+01
-1.488196513191576287e+01
1.056512901212563094e+01
-3.378265977628456085e+01
-2.934835617274509190e+01
1.366544051686469174e+01
-3.764053306684300537e+01
-1.699838950186335396e+01
2.856724181947981833e+00
4.566218775134087338e+01
-1.408474837176947858e+01
-6.777284708896615939e+00
-9.939548717273197553e+00
6.191977861299454844e+01
7.673965192481041697e+00
-2.380967208346980613e+01
3.912570831782977621e+01
3.464402653116704300e+01
1.732592725213172002e+01
4.148580673837159338e+01
4.747189859875084039e+01
-4.132173892314423114e+00
-1.529612758723936849e+01
-1.600809933387108686e+01
1.595862616723492522e+01
2.075929611746931869e+01
-3.796029498772469424e+00
-1.276079294939012243e+01
-3.372944278756123282e+01
-1.393753350578467121e+01
-2.494504622812212347e+01
1.663861101012112442e+01
9.449996321483865813e+00
3.519012833891969194e+01
4.094868510305474274e+00
-1.300013330950412183e+01
-4.677753468161583328e+00
2.176608530173065503e+01
6.907708923423967917e+00
3.003432224602167366e+01
3.075801483215332155e+01
-6.668306258324349756e+00
-5.969984211866716350e+00
-5.541395069712370969e+01
2.793264751700449722e+01
-6.709912572327425551e-01
2.988872466728376764e+01
-1.192951345403981378e+01
-3.440282143015693350e+01
1.165315803991257937e+01
4.017630647618338458e+01
-1.442621104518978825e+01
3.644504232551793166e+01
-4.013791930610244663e+01
-1.269190814703007675e+01
-4.481582535018128510e+01
1.050424254113451639e+01
4.443446534818775717e+00
2.969268393614669321e+00
-3.427241511003779806e+01
4.994333826902914097e+01
2.985951650274614622e+01
4.881058448277030948e+00
-2.842666165149964286e+01
1.194085941421002417e+01
-1.284118119930195689e+01
-6.834476443419930547e+00
-1.321261204729552219e+01
1.008971104335511981e+01
-7.976359337585876119e+00
-1.109830023188786186e+01
1.145748454868095223e+01
1.424820996240480753e+01
-4.710148336601270103e+01
1.095298732200416225e+01
3.714024196839069702e+01
2.210739728404135462e+01
-5.738590151493263569e+00
8.317842121522076582e-01
-1.928194609708089047e+01
3.187155891627497795e+01
8.559768982522257375e+00
-2.302304094365581477e+00
-4.133489801334633285e+00
5.872132069058721981e+01
-1.741671797444951153e+00
1.337076396510806831e+01
4.101624612666142866e+01
5.279293131146361873e+01
3.415257448947019725e+01
2.225735869396305588e+01
-3.650362843139218683e+01
-2.487193979601909177e+01
1.890550790470251741e+01
3.826317167071607628e+00
1.735328571857431257e+01
8.752098624365089563e+00
3.371545192142519909e+01
-4.243555266524379732e+01
-2.673300446844885414e+01
-6.326128775721144848e+00
-4.688299910721052299e+01
1.048375243486341901e+01
2.412072531147491361e+01
3.750048956009209178e+00
-1.216448177773600037e+01
1.272083734854976456e+01
7.571379299526063278e+01
1.689325808397421724e+01
8.611841706042525857e+00
-2.571453782396810084e+01
-3.280652544352773248e+01
-8.012616935332843582e+00
1.810411040522882331e+01
-3.244141291440598707e+00
1.298519960351449498e+01
1.912154605298553633e+01
-3.121374523693108927e+01
1.425313409916554974e+01
2.422572567401039123e+01
3.086056207205598412e+01
-3.604426719446024663e+00
2.583445524388821468e+00
-5.504625238056632952e+00
-2.645173057360742064e+01
-3.793142486462269858e+01
4.344062183344128414e+01
-4.220105779529944812e+00
-3.019476421454618276e+01
2.986684390908337150e+00
-1.414192556106875998e+01
4.963575566810169448e+01
-1.278174195236897503e+01
-1.959381649839667716e+01
1.900786781265043146e+01
-8.971182285763347863e+00
2.432627424080010314e+01
7.138083910610930616e-01
5.312649345352932073e+01
2.885403899804941830e+01
2.180598382461809592e+00
-2.034261100255231725e+01
1.499418376114394391e+01
-2.943781043105288120e+01
-4.795732721069271065e+00
3.346983426858345467e+01
-1.528640750998397380e+01
-2.454495628555969233e+01
-1.326739138102493598e+01
2.734109105737127265e+01
6.915931447811061616e+00
-4.526733151116711440e+01
1.813935271249529535e+01
5.056020383582961131e+00
5.022096858162925059e+00
-2.753105213892115444e+01
1.564418895881061644e+00
1.846010375820613092e+01
2.615227203934426825e+01
3.602136248924820450e+01
1.575763428551234213e+01
2.135913570974949494e+00
-2.955497303690026456e+01
-2.556930086488441134e+01
-3.772479347820096507e+01
-7.181169943643510578e+00
1.731343573879021847e+01
-1.336319705900805843e+00
2.804681871601007970e+01
-1.786064328705350590e+01
8.988733084235889237e+00
-9.495185109229211662e+00
-1.633464115386165005e+01
3.343935869188459975e+01
3.878155093636337369e+00
3.437950009390476680e+01
2.578035436096342892e+00
1.216639400368375590e+01
-9.857701114494261674e+00
3.320571098057233428e+01
-9.093936176301724572e+00
3.540874691105742045e-01
-4.269955746683402253e+01
-5.247927206965570690e+00
3.910159261197702563e+01
3.491728320661204066e+01
1.475086999643982466e+01
-9.095985337910448720e+00
3.067435382877292227e+00
-1.147251452896381352e+01
-7.590049026068953708e+00
5.057987823723350829e+01
2.763755524787484319e+00
-1.433146016801822498e+01
-5.927323257611722340e+01
-2.598570818765593771e+01
-2.102106023531544565e+01
-3.507663560073186204e+01
-3.175852906491911654e+01
-3.783871140291435609e+01
-2.511866139140511223e+01
-1.742976479249949762e+01
-2.709204490461135606e+01
2.568379554991909686e+01
-1.140054843452605837e+01
-4.835148781575327348e+01
2.196525141493521005e+01
-1.665284344429500862e+01
-4.449729804268453393e+01
5.317779336170418958e+01
-1.426077873847423305e+01
9.406720722002518187e+00
2.194112750427458991e+01
4.909923790818538691e+00
1.462656084677828972e+01
1.782837771082185441e+00
1.084046669532661156e-01
-8.139606777326008569e+00
-4.133298962426295020e+01
6.510249482249555797e+00
-6.833788915046284274e+01
3.892254615321566291e+01
-2.336099336359566792e+01
-9.719984236769960262e+00
-1.003461449733151767e+01
8.190697281825542575e+00
-9.370071054269601518e+00
1.479552586479699272e+01
-3.032160061667281070e+01
1.964042041910460057e+01
2.366770871458518144e+01
5.731630554775648534e+00
6.290532207771633466e+00
1.185542833728055712e+01
4.996768209692220353e+00
1.514041506776987944e+01
-4.353041602290446122e+00
-3.859985647919435792e+01
5.252753426380223800e+00
-1.359382694803713321e+01
-2.978611439769082381e+00
3.036797209107646722e+01
-4.413394092749125974e+01
7.590730329709174384e-01
1.164054257344929511e+00
5.042902454050107508e+00
1.723165418673573868e+01
-6.689426544341273484e+00
4.571144366637281564e+01
2.423452601629328740e+01
-8.448176524322079217e+00
-4.143873525466176488e+00
2.074155234927388847e+00
4.234758475080241169e+01
-2.917199132613586698e+01
-5.670809698694176859e+01
1.697383001721578921e+01
-6.754304160233303378e+00
-9.196711156554599143e+00
9.106724786049596787e+00
4.184339025270213597e+01
2.443976744653008382e+01
-8.837095619245530997e+00
-2.897544351386741823e+01
-4.699229314184769635e+00
1.556338284361646984e+01
-8.427807161098684219e+00
-4.117643464276045506e+01
-3.351809302115498213e+00
-5.264704664105495624e+01
-2.804307738308474995e+01
4.533849178179936246e+01
-2.880154520083269176e+01
-3.772429432445855468e+01
-2.846736527680693740e+01
-2.042164913921406821e+01
2.001751681794129922e+01
4.662090368392156137e+01
-3.666359795592455839e+00
1.431448601624747141e+01
-1.178119984332249714e+01
-3.851635263524997299e+01
2.597207051877203554e+01
-2.612783551614177213e+01
1.444435073432916283e+01
1.770918093842061580e+01
-5.855463079585462083e+00
2.089894691287125283e+01
2.284760413527233425e+01
6.296023564719664023e+01
-6.594253975126321166e+00
-2.873633778656241589e+01
-3.489777529445728987e+01
-9.534632493906968875e+00
-1.857746263321969238e+01
5.246669325296414854e+01
-2.433054818870445501e+01
6.433533404173591208e+00
2.726837855463628557e+00
-1.224397987559840573e+01
-4.717363339359297925e+01
-3.468609975634905140e+00
5.477145534587694442e+01
9.641512251935495215e+00
4.164721081805765834e+00
-3.214988174144444599e+01
-3.201301155339194793e+01
-7.832217391697955833e+00
2.557903185614151198e+01
-1.410861009749493178e+01
5.718549560600010295e+01
-2.693569817562254798e+01
1.045343356720231043e+01
-7.612569451832769118e+00
-3.609974542397776531e+01
2.388769705327348447e+00
-2.849971588153209723e+01
-4.110841516732108403e+01
6.179411123730858435e+00
1.069668404431752151e+00
2.910113521333038022e+01
1.311876209687459749e+01
-1.868304761593851993e+01
1.193126679283074054e+01
-4.868021924826169311e+01
-2.663729074582352041e+01
4.960156508294863897e+01
4.611027591123011860e+00
-5.922599984652208605e+00
-1.657410060827163534e+01
-2.454703590753354092e+00
-5.533297676805318588e+00
4.951006379937314250e+01
2.315268704766127783e+01
-6.596987230976992578e+00
-1.946297622455745113e+00
-2.187484167293098736e+01
-8.721510604154843804e+00
-3.505447268930601012e+01
2.745076035230107436e+01
3.889006997267358656e+00
5.750077946483486357e+00
9.997598562870578576e+00
-4.445558296940944842e+00
-1.143819660599908516e+01
3.049367162871833514e+00
-6.022046309532738917e+01
-8.624756144219276166e+00
-5.719347976686776747e+00
-4.317455037945542529e+00
2.679116600959443417e+01
3.618143095840704859e+01
9.655410522012743968e+00
-5.297861334074588058e+01
3.461481164645749686e+01
-1.188306103087592192e+01
-2.083200549866828055e+01
-4.849483372742367493e+01
-1.671428742443796978e+01
3.458892299439254714e+01
1.694952117901215161e+01
5.525245639536876752e+00
1.872773702891134917e+01
-3.249906353484311694e+01
-2.588646274348850795e+01
3.134258557595615002e+01
2.162387337622315897e+01
2.672238209899884964e+01
2.756785701816994560e+00
4.669420525237342190e+00
3.034819601043582793e+01
5.367003608832490613e+01
-1.161200042349242523e+01
2.140033065515825683e+01
-1.442918860513418622e+01
-2.436480195018318540e+01
-1.926577534674967751e+01
-1.939200275043239685e+01
-8.088012327924104738e+00
-2.645831665315620285e+01
-1.088709529863933767e+01
-7.549217903550467668e+01
1.886850009249894811e+01
1.229936637324794191e+01
-2.655837083715937297e+00
-2.158588301917882291e+01
-1.027048584020752742e+01
-3.054367314814399492e+01
5.452357942648376365e+00
4.480051688146960487e+01
-1.231685706803210678e+01
-9.367854580237420237e+00
1.167550140171312023e+01
-2.840318229459894184e+01
4.701758632060118259e+01
8.151759903799622009e+00
7.799361659910118760e+00
2.748946066608090177e+01
-1.362281193041695815e+00
3.110939731656452523e+01
1.051428096112327637e+01
-2.181834589679368719e+00
4.549806069347624771e+00
-3.483129660900772251e+00
3.677205036034962404e+01
4.757744512336643083e+00
1.007832471499293092e+01
-6.450531145469824423e+00
7.815543399456856832e+00
-5.124797653238886141e+01
-1.950842201912121254e+01
-2.710601783492285222e+01
2.630206525431813702e+01
-1.775310428459928858e+01
-3.334583385623642471e+01
3.211571562705637461e+01
-6.749363237842999297e+00
2.248058972196500349e+01
-4.998531312525869907e+01
1.027382725019509735e+01
2.887564006171757569e+00
3.437183423277360816e+00
-6.484935612453256226e+00
-4.033300725021376820e+00
2.816912298199578046e+01
9.965118463006490401e-01
-2.819247349336245634e+01
-1.038156854492629577e+01
1.220974056658980089e+01
-6.377906390691850902e+01
-4.878296543071871127e+01
7.183910455528916827e-01
7.794211980964760755e+00
-2.605943307705553735e+01
-1.054174895381834176e+00
5.832088367853123145e+01
1.548445832970486435e+01
-2.984437578342993902e+01
5.191931774632820407e+00
-5.150421116451134651e+00
6.917667306890329826e+00
-1.973726394558207176e+01
1.219682579982028159e+01
1.459654678984162501e+01
-3.843497771985369127e+00
6.182901079213772277e+01
-4.381941493726955628e+00
-1.747339794789525058e+01
1.315766495177035722e+01
2.376980605217238463e+01
-1.867576413540831481e+01
-1.021188290654940545e+00
5.418738642625925195e+01
-1.561532278151332775e+00
3.256207623639633653e+01
8.070198323637612248e+00
-3.870213382854714723e+00
-1.261186929299509529e+01
2.889814558157958402e+01
-3.090581857887048045e+01
-5.618909016383497601e-01
-1.006179838951135253e+01
-2.194892075854527747e+01
8.327313529806239956e+00
1.471285096316641905e+01
2.398854166323303616e+00
-1.973706885900128327e-01
-2.203008864051724913e+01
8.971155519555466640e+00
-1.824078742958278099e+00
-1.254862725610639274e+01
-1.114568704545390432e+01
9.121326875453689809e+00
-2.032211429675555792e+00
-2.091547853582409289e+01
-6.030464050332804504e+01
5.828829971071073146e+00
1.065584394905322085e+01
-2.685336911838790286e+01
-1.322809720217168206e+01
4.574831051938826931e+01
6.215010784060439164e+00
2.180843437243265726e+01
4.789567669082174461e+00
2.205258807865043025e+01
3.171544197043971280e+00
-2.153454761485814117e+01
-6.038164959352258165e+00
3.012488783254269720e+00
1.742236999036722978e+01
4.170917676550283204e+01
2.724396760715166010e+01
1.677919860387191875e+00
9.458945421036872858e+00
3.351710619059051055e+01
1.462290688273354533e+01
-3.833948444274014378e+01
-1.525726165093072950e+01
6.143183738510032299e+00
4.725505554815015330e+00
1.365195492977695579e+01
-2.865594103026398898e+01
3.922631187259916885e+00
2.394503679044368027e+01
2.647780601688387492e+01
-2.380367298464591386e+01
1.054167413383311214e-02
-1.223493875679963594e+00
-9.395047584907644023e+00
-1.574216477240565837e+01
-8.574897640806341315e+00
-4.883613506182797437e+00
5.596443612684822710e+00
2.341757793615055760e+01
-1.711227599314506165e+01
4.479266559719866336e+01
1.814454340711048985e+01
1.484159648147550570e+01
1.958282267779807384e+01
1.499103227526327942e+01
2.014270906897442259e+01
3.029467155874077378e+01
-2.518867045218678413e+01
3.447731926524667045e+01
-6.315330624110021063e+01
1.753297248084509619e+01
-5.920896032311259205e+01
4.623992560039351929e+01
4.169598494901140384e+01
-5.220899317241816107e+00
-2.667196372548929162e+01
-2.351067738427627773e+01
-3.044985791890223936e+01
-3.507472406836686218e+01
3.133900612686790055e+01
2.329600411078345701e+01
1.324500915142894542e+01
1.566450787687290358e+01
2.477944456896477732e+01
-2.170058408616853285e+01
-9.844224253717698048e+00
3.053588532182631354e+01
-7.225698671481779911e+00
2.958288331724609321e+01
4.125291844274734387e+01
-3.211699524430692065e+00
-4.055212535095506610e+01
2.763844103576673206e+00
-1.469715908216087996e+00
-5.651775946401869533e+00
5.453000305772093270e-02
-3.610956638913830830e+01
-6.979484697383071534e+00
4.870565633445860243e+00
7.365458293226510023e+00
2.705616491123052469e+01
-2.366564397812156528e+01
3.084036135506607934e+01
-2.209034548985282242e+01
1.419376798191416356e+01
2.235939959470163529e+01
