---------------------
  #    meV     cm^-1
---------------------
  0   10.0      80.7
  1   11.0      88.4
  2   14.6     117.9
  3   15.5     125.2
  4   17.5     141.3
  5   22.8     183.6
  6   25.3     204.3
  7   34.1     275.0
  8   34.7     280.2
  9   44.3     357.2
 10   47.7     384.5
 11   50.6     408.0
 12   52.3     422.1
 13   67.3     542.6
 14   69.8     563.3
 15   92.6     747.2
 16  109.5     883.5
 17  136.6    1102.1
 18  142.7    1150.7
 19  147.2    1187.0
 20  158.4    1278.0
 21  180.6    1456.4
 22  185.5    1496.2
 23  187.8    1514.5
 24  198.7    1602.3
 25  199.2    1606.8
 26  337.0    2718.3
 27  379.6    3061.8
 28  382.5    3085.3
 29  400.4    3229.5
 30  402.3    3244.4
 31  423.4    3415.0
 32  473.2    3816.7
---------------------
Zero-point energy: 2.527 eV
