-3.493870402602216529e+01
-2.033991321900288085e+00
-7.197118846326368669e+00
2.425059886147081301e+01
-1.199729978542222852e+01
-9.287903630707063485e+00
-2.423870496509869099e+01
-5.069068536768007505e+01
-2.161014132355653317e+01
-2.278151244445729162e+01
-2.116469016741734777e+01
4.270821016568405071e+00
2.008263803015438498e+00
-1.070438253048365596e+00
1.742445158251356929e+00
2.670705033927737304e+01
-1.029418080873004726e+01
-7.265480449039401378e+00
1.185564785174523195e+01
-6.238059114110707526e+01
3.129442609931319907e+01
-1.342194670011662083e+01
-2.428508155130346680e+00
-5.633232047167396672e+00
-9.795378515287893606e-01
-2.143311742780227291e+00
4.838242502367495490e+01
-1.514281985572847589e+01
-4.040361749877263264e+00
-3.062374653225138843e+01
3.956107593692820501e+01
-4.369310079760680310e+00
-2.154344550123266799e+01
1.129620852082187810e+01
-2.064050131208546190e+00
1.314255041591272288e+01
-5.457253818735807727e-01
2.723308087166387281e+00
1.909919049646644140e+01
-5.506276757324405935e+01
3.067892393950572227e+01
8.181612430434100247e+00
-6.299351706117960248e+00
-1.760028513583404930e+01
6.952412708886186010e+00
-1.101335600877985144e+01
2.511193398456515524e+01
2.003504933736235216e+01
-1.291511729016383470e+01
-1.650713360277285346e+01
-1.745756502764061224e+01
-2.094487534230090375e+01
1.064489577137423737e+01
-2.729720216456314574e+01
8.356796988907944979e+00
3.485640388058061490e+01
4.021438359243902028e+01
1.871422961988177747e+01
8.358964221717315013e+00
1.747197682904402427e+01
5.129217463615998440e+01
8.680421088311561562e+00
-3.007834956489249123e+01
-6.072722595495179121e+00
-1.420030680613399454e+01
3.353438496746244368e+01
-3.968100827476291670e+01
-3.460764201277532948e+01
-1.763320400739010552e+01
-9.855162860484711018e+00
-2.256317824491816282e+01
1.582112407657878350e+01
5.259191324020036973e+00
7.886963800292448923e+00
-2.183818192992654872e+01
-1.912074695722270690e+01
-3.298243725352521238e+01
1.818090956586490847e+01
-1.891658260962621796e+01
1.708154413394618132e+01
-5.443484931371608937e+00
-1.502074458731536311e+01
-2.889507725297192309e+01
-8.594058885388903946e+00
-6.183894885194661128e+00
-6.925998756101805043e+00
2.253755276890096582e+01
4.224526270092339075e+01
-2.481390247886979239e+01
-4.330055967182259735e+01
-1.085992193915268444e+01
5.995457229313268499e+01
-3.271509810510370642e+01
1.807794518722994326e+01
-6.566809065874110729e+00
-3.362856327183769167e+01
1.389590567879827177e+01
1.968849826346038867e+01
-9.762544110016207810e+00
1.850878681911672174e+01
-1.355782374036505189e+01
-3.153247518463473398e+01
5.297358818033404759e+01
2.527283010052866530e+01
1.428233667803121421e+01
7.934357182059642355e+00
1.508259240425601888e+01
4.556933757513186833e+01
-1.486127286685108473e+01
3.364757052672942450e+00
-7.635071205716781151e+01
8.866940827379551138e+00
-3.740334267966596826e+01
7.830317716323179411e+00
1.230878324220429931e+01
-2.014623350325007323e+01
-2.858735673527201016e+01
1.246944025301331749e+00
-1.701993408669326868e+01
2.157074157324265684e+01
-2.803502860276969955e+01
-3.125370059376393783e+00
-2.030751182975248526e+01
-1.972744972471531355e+00
1.117732038220893287e+00
1.257653005605203589e+01
4.488499992788206328e-01
-2.900023033913441850e+00
3.593320711304779991e+01
5.088774153676055789e+01
2.749101600201141338e+01
3.971205372978701575e+01
-6.523862249207482478e+00
5.619342132262687528e+00
2.967435638406328735e+01
-5.148339406001838370e-01
-4.249097683695629257e+01
-2.278062192996028301e+01
-2.832657797397901334e+01
-1.548557542458793534e+01
1.601896723438073877e+01
-6.643095780410357065e+01
-9.367623699190914976e+00
2.478907183698382255e+01
-2.094979075219731612e+01
-1.747727276851753686e+01
3.334108347732347966e+01
2.489618327194779113e+01
-1.850928817820467032e+01
1.556690605089792712e+01
-1.421370639513875744e+01
1.911348639014800455e+01
1.870061832431645144e+00
7.395271620671806545e+00
-4.769648061409946393e+01
-2.645922861091946032e+01
-4.830219151360665819e+00
-9.216455800367384654e-01
-2.283298797715843875e+01
6.086199559763122124e+01
-9.761167408385404087e+00
-1.805172690649577305e+01
1.993317313511948896e+01
-2.570466748580255967e+01
-2.049118435971010399e+01
1.828823437661230855e+01
7.172366020669393549e+00
8.560458996015938737e+00
8.809919202153835727e+00
-6.199841877253533085e+00
8.908381171671322818e+00
3.261733511515622297e+01
-1.482195045612039053e+01
1.074639132960737697e+01
5.090649972163596715e+01
1.832022247640792045e+01
-4.216646839027077931e+00
-1.146802284403113248e+01
8.712253060841426588e+01
-1.196303619488489289e+01
2.098649165098174763e+01
1.449461534946232177e+01
1.648413619477901193e+01
4.950469861734978849e+01
2.683630269608551089e+01
-1.514411453247641148e+00
1.358134196245794101e+01
2.750916179997125255e+01
2.015820307160458924e+01
-3.257072915178025596e+01
5.275165999605718525e+01
-4.694651272112985652e+01
-6.897382182936134143e+00
3.082224034463723683e+01
8.381662126256959056e+00
4.228821654572470834e+00
1.584448477819616130e+01
1.252102846008307324e+01
1.925223488407274886e+01
-3.503178594872105123e+01
2.233386572969550343e+00
-1.487376385163793202e+01
-3.756300575800636921e+00
-2.494237759641748653e+00
-6.023061707208839266e+00
-3.221657201709973606e+00
4.685249493092896955e+01
-4.722760477198022500e+00
-1.454788868998633689e+01
-1.425364337392910130e+00
7.286943270829439712e+00
-3.337433334621783843e+01
-2.863176313992966016e+01
-2.028509585610891008e+01
-3.461506214020573680e+01
-8.978869278061555548e+00
-2.336726728297206179e+01
1.019031387037692582e+01
7.167364910398390521e-01
-6.991992202883039909e+00
-4.618926105680685623e+00
3.213547888340087866e+00
-8.200084523943672821e+00
3.808282755414457199e+01
-4.837342019856885145e+01
-8.481520730625902615e+00
-7.557220662363274499e+00
8.909200661825082079e+00
1.262074032711944938e+01
-2.630579878654452841e+01
-8.520587481681673125e+00
2.401910501300825729e+01
-1.123666289487588799e+01
8.893590949785618704e+00
1.904927009499063217e+01
-1.642325503248997620e+00
6.234696418657927097e+01
-7.827212995158106423e+00
-1.769657227103914465e+01
1.784086162489700200e+00
-1.373939097848955271e+01
3.052417976874095018e+01
-2.368573115296675269e+01
6.793348720402661911e+00
3.169092145396280102e+01
-7.056227823193637505e+00
6.608529891234343268e+01
7.152147243182929515e+01
-3.708043803535395000e+01
3.293693998583768234e+01
1.215016510672003847e+01
-3.109561747938298026e+01
9.281810384998586017e+00
2.346226960464269951e+01
2.398717996430193011e+01
1.284751792818084937e+00
9.486751239641932898e+00
4.154343525169394979e+01
-1.312386977572430169e+01
7.963703178745120681e+00
4.004920228120408865e+01
-2.063209565908753262e+01
-1.111700906622691321e+01
3.125123526982329025e+01
1.602648415095384138e+01
4.225215570013313027e+01
1.682052055441846505e+01
6.064499221557809960e+00
1.487162722416648819e+01
2.258850632408363879e+01
-2.989165459935996694e+01
3.820408082498346403e+00
1.380708125453660884e+01
6.494154942496379590e+00
1.321035333643008869e+01
-3.415439412244381145e+01
1.786616439659127309e+01
-2.384550371102750432e+01
-1.858142181506698876e+01
1.191854573519572824e+01
-6.493346162905240249e+00
3.230280300784053793e+01
-9.320020790742177041e+00
1.678569767320658457e+01
1.807451751595323231e+01
4.335376633488439779e+01
3.040940329041766432e+01
2.719735615706281351e+01
-1.838522435148149725e+00
-4.689889647107577275e+00
-1.781302560027199888e+01
4.454635046346427885e+01
4.431341482111128016e+01
2.178036533246540785e+01
-1.403059988782371192e+01
2.775502457305694293e+01
-2.850111009454593614e+00
9.939322216382180386e+00
3.684530043384734199e+01
-6.626684645316629485e-01
-4.422321761258046990e+00
-1.125990611546859554e+01
-3.262532078480643349e+01
5.330059041463348990e+01
2.822244679810387424e+01
-3.333013355107198095e+01
-9.196110767142172904e+00
1.466499794233462239e+01
-5.548908995150640067e+00
3.539129515621858957e+01
7.017299438903677355e+00
4.460122336858739800e+01
1.934591961558927409e+01
-1.269342500785649008e+01
1.118871867400035569e+01
-3.490200351848670834e+00
-1.532398406466305119e+01
8.786181472754208244e+00
8.392173934257584733e+00
5.239206344581234021e+01
4.401774858761123710e+01
3.097037605115718861e+01
3.724281710054731320e+01
4.840382351574163522e+00
-1.448834894454506639e+01
8.004878480313976752e+00
-1.864470711338258369e+01
-2.996364623650327985e+01
-3.107455852710774025e+01
-1.742265805540918677e+01
-6.075096310098388130e+01
-1.950827440938628854e+01
-4.840535668388324098e+01
1.311516854680938238e+01
-2.586631344907847918e+01
2.601841477281047332e+01
-5.530975923574554542e+01
-1.668050779900701741e+01
2.394166398596254908e+01
1.171693186159556888e+01
-4.964549797338350601e+01
3.162641184052006338e+01
-1.445632949567598757e+01
3.006642067109015670e+01
-1.295205845718723481e+01
-4.380993621012413541e+01
7.999172192011116067e+00
-3.637231698469469166e+01
-4.154363878386419628e+00
-1.666206396808333601e+00
2.283132744825806526e+01
7.046851425526193680e+01
-2.412807326771667249e+01
-1.955511321134196123e+01
-2.348814737266764041e+00
-6.351172557491537418e+00
-4.515136975232107375e+01
-3.114388446913352482e+01
2.674451066327412718e+01
-1.187907006020790845e+01
1.133970790189766831e+01
-2.744014126915814700e+01
-9.185718291853959272e+00
-2.318587379813550342e+01
2.884242502034634015e+01
5.333834257935620826e+00
-1.248457994773502833e+01
-9.504463125241329635e+00
6.635823381724321735e+00
-4.544100190096827419e+00
2.406518661732684450e+01
-1.439893506309556415e+01
5.577140813707103462e+00
1.983876285879175327e+01
7.666069107474015709e+00
-1.188996128183543988e+01
8.599999848629744292e+01
3.287097781858473411e+01
2.396743217244846846e+00
5.715836745960189091e+00
-3.500038598199839157e+01
1.879942245500532749e+01
-4.275108733229262725e+01
-1.627865832288802039e+01
-3.079078851671656025e+01
-1.107654314585153088e+01
3.179122331216677821e+01
-3.170368900373814824e+01
1.338613672750938122e+01
-2.156188230819736873e+00
1.163770611196511595e+00
-2.003894250498055385e+01
-2.481267921169046531e+01
-3.144422206627893956e+00
-1.998014505541807040e+01
-1.107211026860909442e+01
-2.310542609612569720e+01
-5.180975286563747062e+00
-1.941533342908502391e+01
-2.807094447850779773e+01
1.165940992957792588e+01
-8.016758886750665170e+00
1.369987444400302934e+01
4.752353874354650287e+00
-4.259672555364507218e+01
-2.935506374616434044e+01
-2.555473843618003116e+01
1.810876530026166620e+01
-1.390502104850256160e+00
-3.466091663002112000e+01
3.295836361037224549e+01
-2.190656464834770389e+01
3.197530650807999564e+01
-1.770001509918200355e+01
-2.701339177781790113e+01
1.325486772472572738e+01
-3.801853631191152516e+01
-1.924769094148015824e+01
3.465175731387847691e+01
1.055820144504076552e+01
-2.457320213312385704e+01
3.034717671172514741e+01
-1.013963226692203534e+01
-2.126681153238502020e+01
-1.699868419061732538e+01
-2.803742639873223652e+01
1.550701550342653690e+01
-5.032093699912317675e+01
-4.430651205495715317e+01
-5.692839067987677026e+00
-1.686064905316476370e+01
-3.307548534367209925e+01
4.113781798474178686e+01
7.510886237034151236e+01
-1.537924920202522117e+01
-2.035654682361553114e+00
-3.390097413559053052e+01
3.672065645951096258e+01
1.139862936793218751e+01
-1.337440703899869732e+01
-2.040851348141556798e+01
8.267405766950886914e+00
-3.248422590898641715e+01
-9.879987990930942487e+00
-4.865385941805922698e+01
2.037978020723880945e+01
6.173302165726113344e+00
-9.822020230982388966e-01
-5.818590942237563013e+00
-2.239259496857209797e+01
-6.158038160603979350e+00
7.345187583447548718e+01
-1.028527154335108662e+01
-2.690745381190529883e+01
-3.913093921318099433e+01
7.805129039985502004e+00
-2.101379828378371073e+01
6.082709155277228774e+00
1.697860669918944154e+01
4.285137841905509504e+00
1.752325835836835921e+01
8.459515011487127367e+00
3.281679288101918246e+01
1.475838337444461956e+01
-1.961130302919942636e+01
2.689174010747393595e+01
1.955035701427303252e+01
6.919013833274604508e+00
2.373410351740935198e+01
-1.591756576304329940e+01
4.130301355916213879e+01
1.320177860254410263e+01
-1.776326828402548585e+01
-3.282562543236112518e+00
-1.011711048167958893e+01
1.146097763083017185e+01
-1.305681278089286934e+01
-4.430875692336854854e+00
-7.158156042847053868e+00
4.538016790239441889e+01
3.094206399539305608e+01
-3.635303488677210737e+01
-4.538637160200863718e+00
-2.955956240776635013e+01
-8.139821066375787950e+00
-1.321053029360429321e+01
4.800035823412144964e+00
-5.684499465493058068e-01
-1.608837742000777382e+01
9.517842527870357117e+00
-4.603714198067208940e+00
-5.228680672761790049e+00
4.829145767892205754e+01
8.093789848690178701e+00
-4.627159510996623482e+01
-2.224707867853356902e+01
5.369999681154740756e+01
1.526235332235421538e+01
-5.332418683145078830e+00
5.984320053148400120e+01
-9.025366766172936650e+00
-5.134163523840157950e+00
-4.540558547117370836e+00
8.649833220687924040e+00
1.747567612036413820e+01
2.450095070395832408e+00
1.622197726586591671e+01
-7.176201232771816763e+00
-1.970837427334792835e+01
-2.334020470811560699e+01
-2.684197334900096621e+01
2.308695863748280885e+01
7.258458364953398245e+00
2.135133057670233825e+01
7.802894532000749450e+00
5.000411796900965555e+01
1.045921420323308837e+01
-4.518013990874828778e+01
-1.920090422359138671e+01
3.426797083182322012e+00
-1.629859358836013428e+01
3.538298767641842346e+01
-7.760223259870372203e+00
9.412934426386485143e+00
2.953783512902160169e+01
-4.182739192490265623e+01
8.376312061425244337e+01
1.161906970330748834e+01
1.337313288873423289e+01
2.025871854937730632e+01
4.148345963060364738e+00
-2.483429442714282231e-01
1.961390591746430800e+01
-2.073332079718679211e+01
4.649150892811923086e+01
4.110757206649246598e+01
-2.332845542702084174e+01
8.971654722420510097e+00
3.917591157570464588e+01
-1.152627896395803475e+01
9.800598396176098959e+00
2.110294674124158121e+01
2.270884243141753700e+01
-4.274797982418800757e+01
-5.755509296603634084e+00
-1.715004197450828372e+01
-1.703944750720410184e+00
-4.425334667375221187e+00
9.796525710802939102e-01
-6.992490056735761073e+00
-1.777612575552575436e+01
7.393550613713216535e+00
3.854485323989223389e+00
2.970095498376672793e+01
-2.451518963864205602e+01
2.442938955890434727e+01
2.644011577066770258e+01
-6.960768497573099012e+00
4.560425268381439423e+01
-3.812248094346904281e+01
-5.773590175872536179e+01
-4.848804786285532131e+00
-4.444493440141457086e+00
-6.774966336366787800e-01
4.477196506550457400e+01
-2.716532134630725182e+00
2.398037065989697680e+01
3.006675400397909925e+01
2.093576135613807310e+01
-6.446082102750381182e+00
3.337114128853511374e+01
-8.907675909175992501e+00
-1.983420807314558942e+01
-2.288785947716522173e+01
6.042725701648919312e+00
1.976116401930173083e+01
-7.588711077057155308e-01
1.948256388584633214e+01
2.807180404280984476e-01
3.392454686415737797e+01
9.678748319077158158e+00
5.061561968450199345e+00
-2.106097795158802910e+00
1.801309981289555395e+01
2.103257708059764752e+01
9.623519303262952462e+00
-1.003769139705383395e+00
-3.077188272531323321e+01
1.629397500964955725e+01
1.064842105594965460e+01
1.985115235139817713e+01
1.575845779276909298e+01
2.023675028358079686e+01
-4.850967768871200292e+00
1.742382049116264398e+01
-1.504458169525037192e+01
-3.788529767533646009e-01
-3.031074398631147915e+01
-1.720877170028009573e+01
2.248815744522173787e+01
-5.038229297904074144e+01
1.482878408531206560e+01
8.862962250083455729e+00
4.644876151475658332e+01
-1.058401978000620147e+01
1.862827041104402781e+01
-5.599929323036121787e+00
-2.709912183025319976e+01
-3.800405895727021743e+01
-6.549948857445464512e+00
-4.943065491062040451e+01
6.569814894293813268e+00
-1.110140430629262909e+01
1.726314207118852551e+01
1.319175364523215421e+01
-1.595614602557287753e+01
-1.633432701571496182e+01
2.289064907552272388e+01
-3.438193232847273606e+01
-6.830674361368267000e+00
-1.057473439441383789e+01
1.527538985061818977e+01
5.214873370181294376e-01
1.525517651201838021e+00
-1.054181549125716089e+01
3.063682999211863489e+01
-3.099736716995846564e+01
3.798285257623831512e+00
3.364973803606861225e+01
-2.055158260288158090e+01
1.727247838480479913e+00
-1.595367501338955663e-01
-3.637761329016608158e+01
-2.236423976119328927e+01
-2.773063238842651046e+00
1.578559202564643016e+01
1.847462536374931119e+01
3.414794212386084382e+00
-5.399904800148078721e+00
9.950514113307775688e+00
-2.376373304197764469e+01
-1.094650186167967831e+00
-2.899044205317122191e+01
-1.562034402932026467e+01
2.716714067087821149e+01
-1.595184322571014945e+01
3.792196136686203545e+01
-1.342686881115230335e+01
1.829845121410085085e+01
1.411626683045875552e+01
-3.542387595955739243e+01
-1.403862800014564982e+01
4.911171030830246309e+00
-2.335786946011613452e+01
-2.105146023861898641e+01
-4.884308017434216254e+01
-3.020615382501051727e+01
-2.853181753548963684e+01
-2.454815082916553592e+01
4.555703611645469664e-01
1.019132597320160016e+01
3.819788848859857922e+00
1.361931994137520974e+01
-3.172586475187388544e+01
8.510173453875324867e+00
1.507003815945697056e+01
-3.762745350388478727e+01
-3.474455288477776094e+01
-2.359039898934992152e+01
-1.519096588263045788e+01
9.073570815204789142e+00
-7.379182484741022563e-01
-2.352241882449756361e+01
1.673396601421478636e+01
-1.333285166541827493e+01
2.806067786975953027e+01
-4.971806178132322884e+01
3.535818874068230855e+01
-5.058953154339747016e+00
-2.238002042585154783e+01
-1.399336824490720232e+01
1.051323763753664764e+00
2.499004199703136919e+01
-4.115831663061486267e+01
-6.613792084976509500e+00
-1.129532416324695276e+01
2.497777255752711767e+01
4.667005533946414175e+01
-5.549997451382353120e+01
5.191863115069708101e+01
2.320703608243265137e+01
-4.167754333979110015e+01
-1.783757974979930339e+01
4.422716915146027361e+01
3.317744339664915287e+01
-1.160541282933013463e+01
-3.266939208358394353e+00
7.986739845800308046e+00
4.166234519658850388e+01
-3.167516441856146514e+01
7.076584378518447238e+00
-4.658262082691450701e+00
1.523519740157433944e+01
-4.051367825202238038e+01
-1.859224675934683546e+00
-1.696666028511408797e+01
2.665963968183656618e+01
2.349091413262252104e+01
-4.874279623466259181e+01
-2.666157696136467337e+01
-1.205407264257615907e+01
-2.376372306526950950e+01
-6.508395196370472036e+00
-1.133322271600364672e+01
2.510255047712777809e+01
2.344341530971647103e+01
-1.179264821721972112e+00
-2.562862939893827985e+01
-4.749301951006222566e+01
2.655943608751573493e+01
-2.740565074994709960e+01
-2.029973984808182763e+01
3.309848767209707887e+00
-2.005479742093419304e+01
-2.182353297303868089e+01
-1.597340264683814581e+01
-2.671026387475606612e+01
-1.446848920119569826e+01
-2.897822351418341214e+01
3.120572527222677550e+01
3.424561807774365718e+01
-3.697396098983233514e+00
-1.223711452273846589e+01
-2.344465724030442288e-01
2.535257849216060322e+01
-4.794462480240171942e+01
-1.107829472164263507e+01
2.747887075556087666e+01
3.957734268406817080e+01
-9.351903746654301131e+00
5.502785776434166110e+00
3.061205536297507024e+01
9.255708803367625137e+00
-5.734392246846198304e-01
-2.481784347626523868e+01
1.126015235294960348e+01
-1.934281138435326852e+01
-5.826768333255103016e+00
-1.086021432045779989e+01
-9.183154894477581820e+00
1.267717387718033706e+01
4.414412305063824249e+01
-1.333871052865390538e+00
1.918499671702662113e+00
-5.080287989003196003e+01
-1.054040973659283509e+01
-2.007719184753833019e+01
-1.113159802945915544e-01
-2.623083932097148363e+01
4.762796448517744352e+01
4.530477308332342545e+01
7.830975960425071491e+00
-1.102108475242013697e+01
9.302309203438170471e+00
1.150830102839614710e+01
-2.663573756812006366e+01
-4.716535520779075341e+00
1.056734126523332407e+01
7.432367726455396451e+00
3.075582294115973525e+01
2.256488422416873618e+01
-1.180272413687760036e+01
1.450964192524536145e+01
-5.533643753373370089e+01
-6.690471272716322915e-01
4.870931885524348104e+01
6.669922975437430068e+00
-1.162820939362404715e+00
1.705091880700854290e+01
-1.601173637315751819e+01
5.018857629867177650e+01
-9.284303198856804329e+00
4.491784701962438930e+01
2.188092958345326622e+01
-2.261460520240211736e+01
1.807117281780725193e+01
-1.709755743470191192e+01
-4.037785980515434403e+01
-3.601530890049900790e+00
-3.110750692686569607e+01
-2.935498665524744411e+01
-2.764217029329756770e+00
2.017473766332352625e+01
-5.444203052998517478e+00
-1.749271227515293958e+01
5.009027199068839309e+00
-3.868300142326012292e+01
-3.928101090076349777e+00
-4.638692895116656700e+01
2.727244598468745096e+01
-6.579059035617973450e-01
-2.789597134323884120e+01
-9.250544381395741311e+00
1.035432670175151770e+01
-1.977407305347662003e+01
-2.551339000680215463e+01
5.270957970168859674e+01
-1.353684459199345724e+01
-2.251022455800341504e+01
1.528356548523046854e+01
-9.881786782460878271e+00
3.059886250790606255e+01
-2.533530030928773158e+00
3.911107725085599895e+00
6.046413983691485328e+01
-6.956387922656830369e+00
-2.050053954118962452e+01
-2.404481943296718782e+01
-2.847309825547239370e+01
-1.915587027195363135e+01
1.516061628664328964e+01
1.518586818719069242e+01
1.246658326091969826e+01
4.115215226059632414e+01
1.867960721191735729e+00
1.169859951425624445e+01
-3.556868673467016606e+01
1.499557651164792560e+00
-1.041095395900268272e+01
-1.493715433970015738e+01
-1.931162778190866902e+00
1.885854525616898059e+01
2.139688008512717943e+01
-3.759301898469136205e-01
6.853087596493651290e+00
1.544357757266551268e+01
1.954239133262575479e+01
-1.372313297280200572e+01
-7.085222605631940951e+00
3.867393055203507402e-01
-1.294073558397371926e+01
-2.813570301873141943e+00
-2.008202923654761207e+01
4.446904152209827998e+01
3.604137982559331022e+01
-9.147813691305827888e+00
8.959380871995278994e+00
-2.597365992504872878e+00
-1.678863706255209820e+01
1.997982381924757433e+01
-5.357205053495022185e+00
2.240718447434176142e+01
-2.935102785184189145e+01
1.008768267968304144e+01
-5.579404515713065393e+00
-3.022350832707502377e+01
-1.370969323500162318e+01
1.500413676532640750e+01
-5.118667907414045715e+01
2.411004284388138785e+01
2.615211288503547848e+01
-5.593749586656047157e+00
-3.373963182812644845e+00
-1.798415000145695331e+00
1.401036556694964474e+01
-1.835387957804823600e+01
2.024314516928348340e+01
1.709383935794193121e+01
-5.516458857602771104e+01
-1.987744023438571617e+01
1.333530816729113155e+01
-4.764630903235996584e+00
2.435091725057784373e+01
-3.574137595817020951e+01
-3.033708451962240815e+00
-2.350357827434049440e+01
-7.216063366656263156e+01
4.316505413851388084e+01
-3.273619971074691648e+01
-3.434175339068654154e+01
4.999897562740123647e+00
7.274666677948866322e+01
6.675217213593782617e-01
-1.576065502004041718e+01
-1.755648860731298555e+00
-3.068885955435732171e+00
-4.808437920672748334e+01
-3.434968380256860598e+01
4.597821970675303760e+01
-5.754012607142215074e+00
-2.116584912312529809e+01
2.770308147933872078e+01
-2.012704967877628803e+01
2.069088136295113145e+01
2.989304768216504726e+01
-3.204073315972219405e+01
-1.573173785065779384e+01
-1.949538305123112991e+01
-1.006135856578313792e+01
-9.875134764478829652e+00
-5.841826572681043217e+00
8.046559535757012327e+00
-1.916445165166626197e+01
1.592135189098942760e+01
3.251222046309391800e+01
-5.070131446822433219e+00
-1.143814119521309181e+01
8.188731837582281514e+00
3.143613161841230408e+01
2.928059135937407120e+01
5.486620348936611435e+00
-3.114654763024844897e+00
-4.876950153917150033e+00
-2.849111247137158642e+01
2.158603599900169456e+01
-1.252240281111448894e+01
1.116105311551996238e+01
-7.866654938055887669e+00
1.516663835331868881e+01
1.026077202831293533e+01
-4.516656321621852044e+01
-1.495811179363386145e+01
-4.410815911116476684e+01
-2.001787256301264506e+01
2.964561743850566700e+00
-9.659113673769923025e+00
1.833211475196877416e+01
-1.684676732720026848e+01
2.078868541036939632e+00
6.015948637775863972e+00
3.970762438620840840e+01
2.012049915934700550e+01
-1.694704794338852949e+01
-6.911817620189708578e-01
6.802923089770729348e+00
2.152826692659918706e+01
1.844236995954418035e-01
3.063219042954705174e+01
1.261616808308472315e+01
5.081580963842503706e+01
1.074174034518634357e+00
3.674377799309991133e+01
-1.516616047526909483e+01
-2.115037242071251455e+01
2.470380461935263838e+00
5.225115688571065675e+00
1.503382369921018835e+01
-7.944704395555163501e+00
-7.665265040012400277e+00
1.455645029813247504e+01
-2.717335871892200316e+01
-3.093370350317593420e+01
4.444849388793792855e+01
-3.356198789006782590e+00
-2.191536770142376156e+01
-2.257936443478456567e+00
-7.564279227764131974e+00
2.384416203885589880e+01
1.856768258231878121e+01
-1.133409179247718157e+01
4.801607043030458044e-01
-1.482792560752977806e+01
-1.978006248170970593e+01
-1.498790286896576163e+01
-5.421328399928204078e+01
3.967879211195679545e-02
-3.610196162796955832e+01
-3.124041732869881116e+01
-2.090403690796534875e+01
1.075684132324755637e+01
-2.046391723837152199e+01
1.295810079018729510e+01
-3.434710625632774139e+01
5.848208330962449963e-01
-2.322810759835606831e+01
4.819021448450413914e+00
6.295843283097489973e+00
1.870848126901361752e+01
-1.177525643590675486e+01
-8.934393589410660752e+00
1.657054808910526944e+01
3.322850406498722009e+01
1.841198974272623445e+01
4.680627610539431771e+00
-4.023610808055707366e+01
-9.540426468004667981e+00
-1.772353983675282052e+01
-3.388339603073734452e+01
2.268685125442209483e+01
-2.035534454483320133e+01
-1.853390916564237045e+00
-1.571429230369329844e+01
-5.591558831253604467e+01
2.899773142320569264e+01
-9.859930825708374869e+00
2.272570350674476458e+01
-4.003870795906486535e+01
3.779168795164184758e+01
2.066603066341315298e+00
-1.613286541915916317e+01
4.849040496934378552e+00
-1.169167506309767646e+01
-3.674392789669252579e+01
8.106154913566285813e+00
1.998266284648872215e+01
9.774140525806842561e-01
-2.031074500567353880e+01
-9.173465913623999768e+00
9.832314369279430366e+00
1.791444545920711562e+01
3.533600378202382331e+01
1.328602913582142264e+01
-1.302653740557107653e+01
5.352779608222235197e+01
1.344978537791107343e+01
2.381077146726560301e+01
-1.025156231487454761e+01
1.567470950510485750e+01
1.099685808977720569e+01
-3.476517705152733129e+01
-1.157451605142195206e+01
-2.292992247646731130e+01
-2.070348279097407840e+01
-6.776227106523037946e+00
-7.767008172104283403e+00
-2.365794204220151187e+01
-6.213092541635647592e+01
-1.619228945159895261e+01
7.001454228593331663e+00
5.092575385636166629e+00
7.794273693086651633e+00
2.601308384897214410e+01
7.851172177148733056e+00
1.821851098209447173e+01
-2.332675577338862638e+01
2.563593261330504447e+01
-2.547520710917407882e+01
-4.034300079682952855e+01
1.229538822897279715e+01
-2.421144425848794413e+01
-2.200972914718282425e+01
-8.890751647720662731e+01
-6.479799894540889227e+00
4.574373363277635463e+01
2.377630940238488932e+01
-5.757894238490337102e+00
-7.720467046148741019e+00
2.118214540646869182e+01
3.729028491945059898e+01
-2.333532165437384265e+01
-6.031237608199376155e+00
-1.908503547154384705e+01
-1.970270811613380602e+01
-1.722757763381188312e+01
7.082648102279470947e+00
3.968531714508887376e+01
-3.654740414871238841e+01
-3.144024237935613542e+01
1.844725909985243106e+00
-5.983306826183621752e+00
-7.468637834871330483e+00
-5.059467354525224891e+01
3.527128484309592693e+01
1.345134146199558245e+01
5.274493846548324427e+00
2.716729384569326555e+01
-1.839873948824799399e+01
1.735798653458280327e+01
1.558744735778438439e+01
2.015819106720954323e+00
-3.401783876802515039e+00
4.950966491216043153e+00
-8.855027962805145592e+00
2.846267586711672948e+01
-2.247294833199188702e+01
2.417209137070125280e+01
5.393151696138772877e+00
8.092047730302340369e+00
1.276737753557063115e+01
-4.876943716635949500e+01
4.736841148761413933e+00
-3.756157964846084951e+01
-2.746874938980090519e+01
-2.746504504738543062e+01
-2.800547330318138961e+01
2.985951950695380219e-01
9.402618979190435766e+00
2.794216210393780386e+01
4.852207582193482693e+00
8.059135867601089132e+00
-3.938585022815630055e+01
-1.430200757745071627e+01
1.907565844656889453e+01
-1.135342925936633662e+00
-3.370233730530003413e-02
-4.965144689914950504e+00
1.965802348140053368e+01
-5.119200020032428711e+01
6.320550410007996334e+00
1.138404527368260233e+01
2.424784885126769041e+01
2.073317212723426906e+01
-3.173960677134087405e+01
6.310952535778938000e+00
3.267680033405838458e+00
2.634297251778065174e+00
3.340298796551962823e+00
-1.055881323045090880e+01
-1.978961028668494748e+01
1.060213426518626534e+01
3.373921807509810833e+01
-2.799309848453845007e+00
6.473988279296719384e+00
9.525225054419792059e+00
-1.439054203050940828e+01
-1.524813908505228710e+01
-6.691040171278409332e+01
-2.067281112560071676e+01
-3.059776036745833494e+01
-3.748778236605602387e+00
-3.783271346339046204e+01
4.209670991462806455e+01
-1.755757488486358397e+01
-3.007303798387331994e+01
-8.674574329118320293e+01
3.724018602925912091e+01
7.479222917625094169e+00
3.435189058112143812e+00
-3.512726324878050832e+01
4.934621034706253795e+00
-1.116883099217956499e+01
-1.836574888155101704e+01
6.565549315070544623e+00
1.891593008928438735e+01
4.092001721101524936e+00
-1.189834491816293394e+01
-1.296115837210436439e-01
1.536047178839368144e+00
8.823613744033650619e+00
-3.559836764068741388e+01
4.044481080131262019e+01
-2.403117577940064109e+01
-1.676460143878236053e+01
-2.742393272516665093e+01
-5.828093570304917392e+01
5.036324498515512005e+00
-2.936609592037041239e+01
-1.067087448618856627e+01
1.829007267513395618e+01
-1.448754723918381160e+01
-1.945302117405162790e+00
-6.580831414326098638e+00
-1.125325044413500564e+01
1.784196735582270321e+00
3.039312217114510872e+01
-2.817445704268390472e+01
5.573210337681891247e+01
-1.268099784184468604e+01
1.873034456797131497e+01
-7.699460127812322696e+00
6.379475781299920101e+00
-6.115457053699316248e+00
2.458370962024986284e+01
3.434147415401764647e+01
1.072694894363953466e+01
2.578344263312678208e+01
-1.993789190424547542e+01
-3.710925306304712734e+00
-1.249070373318272686e+01
3.844932418337927515e+01
3.227308168140740463e+01
2.438996078600376904e+01
-8.573128573940095976e+00
-1.558158545393268923e+01
1.394682152090538807e+01
-1.574922676078483619e+01
-6.971745576652892851e+00
-3.233531651987640032e+00
-1.652841877692111439e+01
2.782444278541723293e+01
-4.625050338073378953e+00
2.125696822783564954e+01
1.096299421285461761e+01
9.669219123976745323e+00
-1.852911694188001945e+01
1.484343830265049746e+01
-1.025370649143107471e+01
-6.591991071585283635e+00
-1.743916822852071391e+00
-2.694197768985912944e+01
4.177582469092891415e+01
-1.490451242637350227e+01
-1.798336695712350775e+00
1.245379137810743941e+01
1.076695619056579289e+01
4.151175779979205060e+01
-9.613165359978040669e+00
4.219268738920970918e+01
3.784000195840741299e+01
-5.244055051006228041e+01
2.851909047992052137e+00
-1.041011703689252954e+01
8.778726515592524038e+00
3.337102248157592044e+00
1.112505481700378596e+01
3.489926455309702646e+01
5.467191278139259936e+01
-4.205144048163748494e+01
4.235697941130717936e+01
-5.480617510362041855e+01
-4.548071608455875037e+01
-8.076219466057153795e+00
2.710118929093141560e-02
4.076502585780889376e+01
2.004433368352431444e+01
-6.767258092189166518e+00
-4.992460031398508136e+01
3.950851190964210957e+01
-2.336634961595535742e+01
9.781978346258028978e-01
-3.995166851843592326e+00
7.047864874593543050e+01
-1.417668615146627076e+01
-5.976955711923727677e+01
1.751815776781631939e+01
-9.106340084142323121e+01
6.438015089322817630e+00
-2.042768247583977370e+01
-1.030649136647854291e+01
-1.519174634449372263e+01
-3.273946605176396929e+01
2.143456969462216932e+01
-2.128483753965686986e+01
-6.562559216986755928e+00
-4.415453603021234130e+01
-2.443419909321676187e+00
-2.926175803345519455e+01
-4.179621303268658039e+01
-6.359298495529577622e+01
5.137482625865800401e+00
-1.993868527265105683e+01
3.505251445649093966e+00
-7.902185819371482012e+00
-4.549295075737728666e+01
-3.638204551495438466e+01
-3.052902016349042924e+01
-3.174723474267642587e+01
2.983590147405008963e+01
2.856775203838282096e+00
-2.790415710370648128e+01
-1.217135906278446100e+01
-1.375623222076637830e+01
2.253091157331080296e+01
-1.739216038478281590e+01
-4.292111536302158470e+00
-1.572359387882480064e+01
-2.001235223086933956e+01
-2.265295414133707652e+01
2.068662624265652994e+01
-8.716593225031630254e+00
-5.184835962419452926e+01
4.316419320423173644e+01
2.466493632423867055e+01
1.493881294607717791e+00
-4.374196487869579641e+01
-4.192444011417080674e+01
3.834827861086182565e+00
3.978128367439808244e-01
-1.769804459179124478e+01
-2.562822761963398221e+01
1.757632388182003069e+01
-3.096165532636206308e+00
1.473660190523241909e+01
2.746629301840278004e+01
1.778960599706819323e+01
1.788317367535555036e+01
1.338603228191294825e+01
-1.168924194040729958e+01
-8.349157786718137686e+00
-1.217482042438977174e+01
-2.058155095704125870e+01
-2.395939909940636880e+01
-3.567774407600748532e+01
-2.086935578131340918e+01
-5.730157319590958309e+00
-4.307408791319869579e+01
-7.997316648060461830e+00
2.045800490920582249e+01
-4.422615062692369747e+01
1.670321908928755761e+01
1.506144489431210332e+01
-4.032610289193178232e+01
-3.179145952682699772e+01
-9.629922106648464819e+00
9.848600713819422481e+00
-2.209910360802177820e+01
4.055288292360344826e+01
3.599312360013246348e+01
-4.334888584955712076e+01
2.508554649461876807e+01
1.951557234848564804e+01
4.910991743183132030e+00
1.217386161804063249e+01
-2.401145758105985806e+01
-7.325744922036292905e+00
4.644817310180144432e+00
1.079277129058696971e+01
2.373749331442643751e+01
-2.875589872069485153e+01
-3.360602993214570233e+00
8.414327313855196167e+00
3.038939823181834754e+00
-1.669526154129560069e+01
1.225220482852197534e+01
-1.434178500986371319e+01
-1.151688834547822182e+01
6.608347921072379449e-01
-3.416947738573261972e+01
1.666920078917698333e+00
-9.473725310424697454e+00
-7.766872434275001069e+00
4.721475462302066717e+00
-3.049684984381201502e+01
3.331869941243326139e+01
-1.415292609329267748e+01
-7.487976587143828056e+01
-4.794059792131423592e+01
2.078611352373677335e+01
-2.273621937244419655e+01
-1.055557765521564306e+01
-1.472897828390551211e+01
-1.031459186794324978e+01
-5.661074255848734538e+01
-3.556828866313310300e+00
-3.502172857970469977e+01
-1.936982758605898880e+01
1.192860383156673265e+01
4.422671727035489653e+01
1.591028168972862034e+00
-5.700856513064991304e-01
3.346942726259638334e+01
-3.115807289348903453e+01
1.796204550690239188e+01
4.285321393508326082e+00
-2.679586586107046742e+01
-1.432680177991818482e+01
1.250627268825053307e+01
3.710567765311623134e-01
6.838096716257766161e+00
5.816661196815857693e+00
-1.330424022510374016e+01
-1.826895231631829120e+01
-2.813850280059216402e+01
2.770031207937807949e+01
-3.627312164420022356e+01
-2.694053002891831738e+01
6.992822298026851513e+00
-4.889126866811716354e+01
1.266838034922346878e+01
3.606130560785089756e+01
-4.066641668801025844e+00
6.553054987701159462e+00
-1.621816502555287798e+01
-1.238620033570097689e+01
5.847749778340357807e+00
2.137342675580162421e+01
-2.183804207984891477e+01
1.520634760755606862e+01
-5.976260267624979861e+00
1.731630402822048609e+00
1.302619395694770787e+01
8.373735893827870314e+00
-7.238971090050434043e+00
1.191478649074895202e-01
1.076522405472445598e+01
1.609472281740903554e+01
-4.040164869041812779e+01
1.862243409766847435e+00
2.897169989594069861e+01
-5.194261162606875359e+01
1.709070463505616999e+01
-6.560623798707067067e+01
-6.051158002927870427e+00
-8.337098174630781955e+00
-2.952958432732543770e+00
-6.842680011947948060e+00
-1.414070794634250205e+01
-5.351164435556825083e+00
6.730301906761219755e+00
-1.499705308240920232e+01
6.779885317246510112e+00
4.928531058225499351e+01
-3.407930416633698201e+01
-1.485463434922331771e+01
2.241457489687192606e+01
1.351716622759249731e+01
2.459340731418352277e+01
1.186063274981819049e+01
1.185363019730823453e+01
-9.048697750134664375e+00
-2.757682780235249709e+01
-2.541006092536434835e+01
-1.517930108111815457e+01
2.596060671390119978e+00
-2.375473293853679024e+01
-7.860563750468955391e+00
4.090044265309401794e+00
1.336646926382172751e+01
-5.739827199812857828e+00
3.351066067703597184e+01
-3.250790974542303502e+01
-2.204071082124528402e+00
-1.729146694184779065e+00
1.546272325205999465e+01
-2.205948969046126962e+01
-1.397104754520731262e+01
1.054347959639211219e+01
2.524820651597008236e+01
4.194203034585301992e+01
1.792685383584640135e+01
2.349276532865366107e+01
-1.567379688840949470e+01
3.538242325452017667e+01
3.706772176393599239e+01
-1.442495880206081438e+00
1.918253194224388380e+01
2.115569851706663940e+01
-1.320499024336979232e+01
4.770353042216697759e+00
3.406051774561177581e+01
-1.353632446034112036e+01
-5.137080033014626679e+00
-3.378944933756663005e+01
1.334073953947586233e+01
-7.203058895071976053e+00
1.104121910503474169e+01
3.279464187355188187e+00
-2.231517581234476921e+01
2.554099873428177148e+01
2.248402812993256816e+01
-1.509253277018028427e+01
1.069279567631647865e+01
-3.423575516997448176e+01
-2.976826783055294356e+01
1.385741950124383948e+01
-3.817312925811648938e+01
-1.723573503779123683e+01
2.882779612294598337e+00
4.631606864178418448e+01
-1.427343127245021037e+01
-6.863891205297164788e+00
-1.008183489140529332e+01
6.280092636120427585e+01
7.808735295565320200e+00
-2.413669150727723434e+01
3.967358272352481663e+01
3.512660445908850448e+01
1.757263721982565130e+01
4.208218058709309162e+01
4.812078911682363724e+01
-4.176623636786871430e+00
-1.551839411672517599e+01
-1.623003479521480585e+01
1.616802471000727337e+01
2.104665446507928550e+01
-3.844382622893334656e+00
-1.293128730498199275e+01
-3.418071785638191784e+01
-1.412507290790136949e+01
-2.528657270673062385e+01
1.687853598766143648e+01
9.572359190403176399e+00
3.566742936930756969e+01
4.176380285994952146e+00
-1.319658336316086888e+01
-4.743923722958619749e+00
2.207914433122637377e+01
7.007748801275056394e+00
3.048360602973440336e+01
3.119030696144898229e+01
-6.748519991568144860e+00
-6.032761072945241665e+00
-5.619124428544944294e+01
2.831889337303050524e+01
-6.880596093995450246e-01
3.031939587632945177e+01
-1.211426776713129527e+01
-3.488931668453440693e+01
1.179962793139927157e+01
4.072678915185416315e+01
-1.461904025669009144e+01
3.694432416900787075e+01
-4.068352704797237607e+01
-1.288653253399998277e+01
-4.545675410381380743e+01
1.064370105663070376e+01
4.510055311923906629e+00
3.015025253130488636e+00
-3.474229307170452330e+01
5.063954524735311225e+01
3.026425246988799245e+01
4.930519061956886162e+00
-2.882363048830546859e+01
1.210314725256824886e+01
-1.300587153886174008e+01
-6.929027909517799344e+00
-1.339132620272027907e+01
1.023419128739232065e+01
-8.083890918708874551e+00
-1.124752608418793898e+01
1.162513350633531672e+01
1.444737066749060261e+01
-4.778781066567029256e+01
1.109998433781780136e+01
3.765351138515735840e+01
2.242790792007258460e+01
-5.837815789503760122e+00
8.369587274112006980e-01
-1.956199919704019408e+01
3.232287619751309649e+01
8.657623141443195891e+00
-2.336810233012471372e+00
-4.175562311451926689e+00
5.955590838623061245e+01
-1.773866109143710901e+00
1.357151384612373590e+01
4.158476302625214771e+01
5.353643084869643332e+01
3.460925920042828352e+01
2.257601273961640231e+01
-3.698803199839227318e+01
-2.521521554290259814e+01
1.916399191400884661e+01
3.866878324860209659e+00
1.760240974136743830e+01
8.853690381750496385e+00
3.419709612223476825e+01
-4.304221453358300664e+01
-2.711695048569902156e+01
-6.400278463413854979e+00
-4.754427011376476742e+01
1.062828407055231139e+01
2.446509052884319146e+01
3.787264399498212697e+00
-1.232881058544450070e+01
1.288927524702700111e+01
7.674656270897673949e+01
1.712491960821051862e+01
8.745410561140488426e+00
-2.607735811551984284e+01
-3.326797453315867870e+01
-8.133737803686088341e+00
1.833732556180203233e+01
-3.291825122017542071e+00
1.317422024742674580e+01
1.938632588044674776e+01
-3.168077799364272096e+01
1.446264272557959885e+01
2.452664052315464005e+01
3.129180652797072071e+01
-3.668765154243487814e+00
2.604047962392940008e+00
-5.561937873665044663e+00
-2.680156863222995867e+01
-3.848658257162242080e+01
4.404189117161207889e+01
-4.294877255915977798e+00
-3.062721296660778592e+01
3.029638371148294596e+00
-1.434694743894913671e+01
5.030478864338905964e+01
-1.294293947614187346e+01
-1.987603163385384164e+01
1.928510472312672164e+01
-9.095631264338379651e+00
2.467336112960015271e+01
7.262326979664521787e-01
5.385324756031891980e+01
2.924704490870754725e+01
2.222588896680399273e+00
-2.062736497077202102e+01
1.520742382576494833e+01
-2.985858617606308485e+01
-4.845366732389592812e+00
3.394880210305683477e+01
-1.549365380388439917e+01
-2.487470078877171886e+01
-1.343672106666519994e+01
2.772543610616662590e+01
6.995539376726704006e+00
-4.590263780671519100e+01
1.840539233666649466e+01
5.138837216483608472e+00
5.109459901418247796e+00
-2.790486441009966256e+01
1.612502272875900644e+00
1.870851684853606400e+01
2.651479783650366073e+01
3.651145236044522591e+01
1.600066198217206193e+01
2.176239588476548192e+00
-2.996539267194947342e+01
-2.591156368887203598e+01
-3.824358976241595087e+01
-7.280639007115780714e+00
1.757151436876233674e+01
-1.359585475309785352e+00
2.843673075167993147e+01
-1.811089012393665598e+01
9.113673260939037846e+00
-9.640407342202848895e+00
-1.655109826511672821e+01
3.388474920283712777e+01
3.913643896874816619e+00
3.485970481578328872e+01
2.624607452721420486e+00
1.233978965640462455e+01
-9.970687743544971227e+00
3.366024780815178019e+01
-9.208441039573983744e+00
3.521733066875132323e-01
-4.329559156295664479e+01
-5.317097934250853086e+00
3.962932328404829718e+01
3.542395393050324515e+01
1.493523467328624577e+01
-9.207627341509862617e+00
3.099890307506811382e+00
-1.162971433314646674e+01
-7.692536856486839270e+00
5.126398211354383250e+01
2.793493352070356650e+00
-1.453669894128313445e+01
-6.010057856617898153e+01
-2.634874712543599884e+01
-2.130818499683942946e+01
-3.556204414314055384e+01
-3.221856052053965414e+01
-3.838624281966212948e+01
-2.547007925120303895e+01
-1.766517919983317597e+01
-2.745267607549118338e+01
2.604231998991998509e+01
-1.155528856861286613e+01
-4.903757630330193251e+01
2.229390435344541288e+01
-1.690399375247966418e+01
-4.509220170563241936e+01
5.394068938816582204e+01
-1.445773241499956896e+01
9.526206565103251478e+00
2.224238977594575317e+01
4.987413497993969713e+00
1.482029047805050936e+01
1.789294385819346189e+00
1.101367323300284085e-01
-8.243833989247463023e+00
-4.190434564805565287e+01
6.602647791109845343e+00
-6.927373427771823344e+01
3.946015241476885649e+01
-2.368837691489076747e+01
-9.848818705676677610e+00
-1.016629921145766957e+01
8.331669238775159414e+00
-9.501800808121657838e+00
1.501879758226501593e+01
-3.075926972459697595e+01
1.991952239675316605e+01
2.400106727587990463e+01
5.820951739849817841e+00
6.368742934017035395e+00
1.201772358674188013e+01
5.072126462149128656e+00
1.537534793863784444e+01
-4.406640361515457016e+00
-3.914521443094925246e+01
5.324053984514591775e+00
-1.382256698483635660e+01
-3.009038729834202286e+00
3.079053041066683249e+01
-4.475153252900186374e+01
7.798090435285871536e-01
1.173529244726523757e+00
5.114004216194132368e+00
1.747122133269861877e+01
-6.792598467861992617e+00
4.634910738318222911e+01
2.454410453077206000e+01
-8.567168880864556968e+00
-4.217165243223007565e+00
2.111161815790040919e+00
4.294292679152317760e+01
-2.955549528731489772e+01
-5.748987222443275868e+01
1.719261219574460142e+01
-6.828304936095946687e+00
-9.326872813441980270e+00
9.239295833874876962e+00
4.243361861353403697e+01
2.477986118045726016e+01
-8.957589329475581508e+00
-2.938972734788939078e+01
-4.781012992439855225e+00
1.578644837489527930e+01
-8.555762534388122731e+00
-4.174439553045431239e+01
-3.409144080875805116e+00
-5.337939722677290888e+01
-2.842568596662542291e+01
4.598666529038285944e+01
-2.919239565148973270e+01
-3.826668995906254622e+01
-2.887452297772847487e+01
-2.071580542650029599e+01
2.027991645134659393e+01
4.726169867607261210e+01
-3.730986502350049250e+00
1.452500589947332799e+01
-1.192507771993489030e+01
-3.903939337220158023e+01
2.636801023005932265e+01
-2.649630639550866817e+01
1.465017156990356284e+01
1.794375138553746751e+01
-5.956992251275778472e+00
2.119759209512577058e+01
2.315656624783682105e+01
6.384667846447260331e+01
-6.679299279964425295e+00
-2.914804634290621266e+01
-3.539001217101593966e+01
-9.652879357619404743e+00
-1.885733005843280807e+01
5.321240431251646896e+01
-2.469306955356799449e+01
6.505174100349540467e+00
2.752696806705671406e+00
-1.240452719107243951e+01
-4.782618477523021738e+01
-3.529913381363513736e+00
5.553342341191466858e+01
9.783105818702537704e+00
4.220675115532969812e+00
-3.258040939067447539e+01
-3.242764132695685930e+01
-7.941030012390662307e+00
2.592657733518302621e+01
-1.430609317116042689e+01
5.796697229410969499e+01
-2.730130733470147675e+01
1.058484377672846222e+01
-7.732123364311121350e+00
-3.658775632522105070e+01
2.434141201187060233e+00
-2.893287770513336454e+01
-4.167089519608197179e+01
6.253164621404323498e+00
1.081671017771526522e+00
2.947588133037172042e+01
1.331161772720471248e+01
-1.895140310439534659e+01
1.211871762799063390e+01
-4.934541131919493751e+01
-2.700489735344734754e+01
5.031575896167700535e+01
4.653522549477813186e+00
-5.981565685165946888e+00
-1.678343395157051532e+01
-2.466385175631899074e+00
-5.596747635035512758e+00
5.021133514554932731e+01
2.347811337678538024e+01
-6.667108122010745319e+00
-1.976367425633611674e+00
-2.217480142754376971e+01
-8.837957276012673447e+00
-3.553180565872989405e+01
2.784093644649655985e+01
3.939431506420405071e+00
5.825720334176594406e+00
1.012334548483224239e+01
-4.520053875402123111e+00
-1.160285417001140473e+01
3.080902386033193885e+00
-6.105829721151600609e+01
-8.739048939381689252e+00
-5.792349223997973695e+00
-4.372108053005874240e+00
2.717951768123091938e+01
3.668221457644536088e+01
9.780367190554500212e+00
-5.369843402383748554e+01
3.510219833447621340e+01
-1.206712004921416792e+01
-2.112090972903411057e+01
-4.917381342239346509e+01
-1.694576595870752556e+01
3.505587878513890132e+01
1.720674087964863475e+01
5.635252567662575984e+00
1.899339694222774710e+01
-3.292679810130618989e+01
-2.625850425051294224e+01
3.181142042266117187e+01
2.193809788714514752e+01
2.709820976304584406e+01
2.794547142926660399e+00
4.754744967396163702e+00
3.076051469503124736e+01
5.443536230104101037e+01
-1.176724002484601073e+01
2.171353981584559278e+01
-1.461700065671141147e+01
-2.470341941715184930e+01
-1.954321315836230610e+01
-1.964217045919167504e+01
-8.187729969632073335e+00
-2.682899538072919654e+01
-1.104621208730071658e+01
-7.652422149607511415e+01
1.912778945056419388e+01
1.249264840036145685e+01
-2.681196023727316913e+00
-2.188142447069219543e+01
-1.041626197297787826e+01
-3.097980634831415614e+01
5.521368324350248713e+00
4.541784774196183605e+01
-1.245925467568656586e+01
-9.508013995013740782e+00
1.183476540960413104e+01
-2.879028480799453860e+01
4.769358318181050294e+01
8.272223763083118797e+00
7.872255950030989879e+00
2.788208103823231454e+01
-1.399762865975588966e+00
3.155382889780338473e+01
1.065450605331898259e+01
-2.212994380592093080e+00
4.631133462783651566e+00
-3.551727635800830285e+00
3.729844731266337021e+01
4.828731843229348897e+00
1.022198029415710607e+01
-6.526192606046691935e+00
7.906412983432815622e+00
-5.196033441865054670e+01
-1.978996650023424309e+01
-2.747642518315109328e+01
2.669150132387227359e+01
-1.801300934275960230e+01
-3.380035805749372457e+01
3.257296785829339569e+01
-6.846821118047699883e+00
2.280823665049987881e+01
-5.068797777792389070e+01
1.043018053985696270e+01
2.923764208449114221e+00
3.477598583139808852e+00
-6.574223590101354375e+00
-4.092817909763368789e+00
2.854796682800074592e+01
1.011264963691644425e+00
-2.858009795655254948e+01
-1.053859304455417600e+01
1.237603506018250243e+01
-6.468442586821652185e+01
-4.947691785364806805e+01
7.331106674183729410e-01
7.904478702728539474e+00
-2.642575979307935086e+01
-1.061891896708317518e+00
5.912590095210532581e+01
1.572112491215125374e+01
-3.025997089525350248e+01
5.257789958120639540e+00
-5.223137595365791697e+00
7.013259376490928787e+00
-2.000791533394055932e+01
1.236616863786381515e+01
1.479510045006003338e+01
-3.896295049148420730e+00
6.268853380843626155e+01
-4.441036104426871134e+00
-1.771830169163717983e+01
1.336752305708705535e+01
2.410307537885006468e+01
-1.893704102918701437e+01
-1.024634084772579001e+00
5.493539796723941038e+01
-1.573662073896514357e+00
3.297445905180111936e+01
8.191948055587658928e+00
-3.921720521973838913e+00
-1.275029624095401459e+01
2.928428178288494621e+01
-3.135356340072074488e+01
-5.806083837339599540e-01
-1.020418938932220954e+01
-2.226448591783103836e+01
8.430674069539747961e+00
1.490375219932610129e+01
2.420716042386970912e+00
-2.154264683812243675e-01
-2.233791983047677832e+01
9.094986437498107534e+00
-1.830652448950729649e+00
-1.271036940994165576e+01
-1.130216528194237924e+01
9.248764343490393003e+00
-2.066010301763469670e+00
-2.120487442592511229e+01
-6.113296450485415789e+01
5.883558353206183256e+00
1.079870884417505295e+01
-2.720507588530162479e+01
-1.340619640979531368e+01
4.638061919958536805e+01
6.295608070121119226e+00
2.213347505807286097e+01
4.855964913083326451e+00
2.234100781567703109e+01
3.200484014983658199e+00
-2.184409172780169683e+01
-6.108280364439906407e+00
3.057604855331931049e+00
1.765909760622631097e+01
4.229244987077862561e+01
2.761572014910427697e+01
1.691415486469878715e+00
9.570468234077139869e+00
3.398154072478742194e+01
1.483212056456448735e+01
-3.889197844758984957e+01
-1.547024106298721335e+01
6.248023518693287315e+00
4.792497022546655217e+00
1.384818218529056821e+01
-2.905912623775918746e+01
3.967611246879357623e+00
2.426075480066911894e+01
2.685765482465338039e+01
-2.412855619227335069e+01
9.742296277266859761e-03
-1.252150255888238917e+00
-9.537189474396598143e+00
-1.595503548239958036e+01
-8.686297937779499989e+00
-4.947590730239141976e+00
5.670175865353002109e+00
2.373896955851608226e+01
-1.734736035649318353e+01
4.541757710142155702e+01
1.840829885922465792e+01
1.504587432291214100e+01
1.986922907425103446e+01
1.520240304764313777e+01
2.041064945953222676e+01
3.071192654326645766e+01
-2.554526545947385330e+01
3.495975227210846015e+01
-6.403979009396205413e+01
1.777187592677327999e+01
-6.002651918182348822e+01
4.685649876796821900e+01
4.228819069259425589e+01
-5.293451431869243606e+00
-2.703210972262334622e+01
-2.383876297979338688e+01
-3.088200686217732027e+01
-3.557734062001264874e+01
3.176016237306211565e+01
2.362172704607283436e+01
1.341950058530345302e+01
1.589318855744318171e+01
2.510459937111534146e+01
-2.200209760591906161e+01
-9.965438741024769342e+00
3.096549324974093764e+01
-7.325484689263959126e+00
2.998123403496656181e+01
4.183838512056539116e+01
-3.245447483195414762e+00
-4.111914983327466189e+01
2.797217032280173044e+00
-1.462427948343217210e+00
-5.728857876155814211e+00
5.896787798738500896e-02
-3.660617281368723752e+01
-7.061592774124008542e+00
4.962422387848942407e+00
7.466929242437117864e+00
2.744409601866820481e+01
-2.398885549648069571e+01
3.126786874909385006e+01
-2.239995144396633009e+01
1.440266655689197250e+01
2.267602054161829273e+01
