-3.904876881599597027e+01
-2.261906519417635764e+00
-8.060098586473635862e+00
2.710743053755346921e+01
-1.343524522337013138e+01
-1.039494441101584243e+01
-2.713731113124759986e+01
-5.669502450799140547e+01
-2.423378980397539806e+01
-2.547991292272644159e+01
-2.360838239901198676e+01
4.801678069982958874e+00
2.225524186617363398e+00
-1.178144899206330365e+00
1.955257540642847403e+00
2.983084126423534599e+01
-1.154386223234293141e+01
-8.137254330622553766e+00
1.315514334741635594e+01
-6.976790663438966078e+01
3.496724642435194141e+01
-1.495442150712744933e+01
-2.719704071697053749e+00
-6.324091340680951134e+00
-1.074679306809400714e+00
-2.424633661301498933e+00
5.411173730142854765e+01
-1.684455383573543941e+01
-4.566696179990003657e+00
-3.417742169033057564e+01
4.422472205220037722e+01
-4.917544809827830932e+00
-2.405831153696522051e+01
1.266865308484824482e+01
-2.309941605510431373e+00
1.462945999923158524e+01
-6.094515296243514513e-01
3.097098108116483672e+00
2.126259394284976878e+01
-6.160239804275713027e+01
3.430347299787553084e+01
9.141141240106605892e+00
-7.024577245833086181e+00
-1.971400377421876016e+01
7.743567175910669675e+00
-1.233707031194995807e+01
2.803478022877567355e+01
2.241740602765605672e+01
-1.444160505498444991e+01
-1.841409952139116513e+01
-1.942339128648183078e+01
-2.340863642409920331e+01
1.185717019365915803e+01
-3.054088380585386631e+01
9.355366613131991471e+00
3.900128024017587336e+01
4.492789657700429018e+01
2.096219984423458982e+01
9.398876669437385090e+00
1.952572473134250686e+01
5.731900817493760769e+01
9.717503913491725598e+00
-3.365029673720226810e+01
-6.821682895634694432e+00
-1.588322546455876250e+01
3.747585163303421041e+01
-4.446201028655488585e+01
-3.864866183706175207e+01
-1.967966167122676779e+01
-1.103815347425461368e+01
-2.525636963083326236e+01
1.768537141756014819e+01
5.853150231947779503e+00
8.811126493742222010e+00
-2.439517893095748491e+01
-2.137028202337387484e+01
-3.683601055239684285e+01
2.031697733977097187e+01
-2.112921382349485100e+01
1.906114554644761938e+01
-6.056434265632927527e+00
-1.679378615751409143e+01
-3.234473611674708593e+01
-9.565254807199892184e+00
-6.885912125987033505e+00
-7.793351816766971751e+00
2.520855689396694643e+01
4.719820608307020393e+01
-2.775828781571149406e+01
-4.844830854789272223e+01
-1.214713688821940707e+01
6.706403246525434270e+01
-3.655234669329212238e+01
2.016521653594134023e+01
-7.333681180231565122e+00
-3.764641423326852987e+01
1.558240227042111314e+01
2.204416397153738671e+01
-1.085082500579410691e+01
2.065425368738056022e+01
-1.514717076856231870e+01
-3.524621398986761278e+01
5.916238883537067750e+01
2.821268087525214696e+01
1.601148851502503589e+01
8.858591807509355931e+00
1.680604957327479099e+01
5.096049212070312251e+01
-1.664403266428293549e+01
3.762691165633441415e+00
-8.535824610501009602e+01
9.958514848636184524e+00
-4.179285013395325166e+01
8.766925847241139991e+00
1.376631352423198962e+01
-2.251937806459164904e+01
-3.195387354609431441e+01
1.371914467977035201e+00
-1.899597911904174907e+01
2.408554923820332760e+01
-3.131991608771604518e+01
-3.446298319166771762e+00
-2.270223417175776603e+01
-2.214555298041403830e+00
1.224385121003336963e+00
1.400664281497185470e+01
4.541093540909741932e-01
-3.288179184244881981e+00
4.016189787516510989e+01
5.688604763637398776e+01
3.068629326487183562e+01
4.443549660479169461e+01
-7.352140042548619192e+00
6.262632510431359378e+00
3.323800782510403451e+01
-6.003436812904112685e-01
-4.754968864262542638e+01
-2.546793683272371922e+01
-3.165304125989598560e+01
-1.733244008681904091e+01
1.786543376230457625e+01
-7.424253081894039497e+01
-1.041894190848216795e+01
2.769214581053699931e+01
-2.342930689929545451e+01
-1.946734461008736616e+01
3.721515820175625322e+01
2.784223082410460393e+01
-2.067835094101732807e+01
1.734223426524991396e+01
-1.588577499101543822e+01
2.138452147975310424e+01
2.129181087600528599e+00
8.307533825494715529e+00
-5.335660387711926234e+01
-2.962398023591693885e+01
-5.457541993169002126e+00
-1.021436452099237613e+00
-2.556738054560599949e+01
6.796987368182067257e+01
-1.092658801941536240e+01
-2.018828272642994648e+01
2.230623381861107646e+01
-2.873788878818756842e+01
-2.287160622401594878e+01
2.042838462569261537e+01
7.979615229354990902e+00
9.596538698642518739e+00
9.791979292595641482e+00
-6.908620567480227237e+00
9.981593048040394933e+00
3.649642512125571159e+01
-1.661581048905486568e+01
1.200427085613506506e+01
5.692660955388747368e+01
2.042885291030523831e+01
-4.739981922960623706e+00
-1.277301068633113346e+01
9.739772707743517799e+01
-1.331954402459550124e+01
2.344107039616881138e+01
1.619746192193480283e+01
1.845458942284520276e+01
5.535639689414614395e+01
2.996369221329661059e+01
-1.721099584413350314e+00
1.514575663408686523e+01
3.069424083444340567e+01
2.256325655734218572e+01
-3.644949246945645882e+01
5.894685797118717119e+01
-5.253089489612480634e+01
-7.718976730672267195e+00
3.446005076128315636e+01
9.324295873162501636e+00
4.647779315018055968e+00
1.776818303739318594e+01
1.396498136017947900e+01
2.155165366478740907e+01
-3.913583988213986231e+01
2.480415417525591693e+00
-1.661337132925422111e+01
-4.199004430846088098e+00
-2.744891835658847867e+00
-6.679345905870277988e+00
-3.601586566160875691e+00
5.242104249161860707e+01
-5.290386035410008958e+00
-1.628932321681199369e+01
-1.620866032049498529e+00
8.117807641651410222e+00
-3.728483527555917476e+01
-3.196960614649984223e+01
-2.266718518564807994e+01
-3.863929038721155962e+01
-9.999962177488285420e+00
-2.608915913485881077e+01
1.143329287002563888e+01
8.048511776713738186e-01
-7.832220339085267824e+00
-5.169563937869313008e+00
3.589995002239419364e+00
-9.195954620855559369e+00
4.254818252499973141e+01
-5.406627389058439803e+01
-9.475320592562276545e+00
-8.472220381860680050e+00
9.990727325231574696e+00
1.402290680532831857e+01
-2.937232928041385094e+01
-9.465027887295093478e+00
2.687676073883707062e+01
-1.259612753228696391e+01
9.909017868152858455e+00
2.134416123697035061e+01
-1.788406708438969872e+00
6.968058107866909268e+01
-8.734561611296385308e+00
-1.979346045379747920e+01
2.027956513621006707e+00
-1.533719891015297776e+01
3.411039121560307308e+01
-2.644011385558194860e+01
7.540686693649263361e+00
3.545621291667461605e+01
-7.955486564714249198e+00
7.384926633389034123e+01
7.996919789661899358e+01
-4.144663005915276699e+01
3.677529901976546967e+01
1.354329497655447767e+01
-3.476555689542107075e+01
1.038384646454980498e+01
2.618024740731388533e+01
2.682137932608654296e+01
1.465592967864040475e+00
1.052113839594454703e+01
4.645709335976943066e+01
-1.463856952365370034e+01
8.898569610751941639e+00
4.484361544126613808e+01
-2.311193359990139129e+01
-1.242598821942992515e+01
3.490270623453656640e+01
1.792285134583973161e+01
4.720468423611237085e+01
1.880761602334467852e+01
6.762889364922898494e+00
1.663560683524470107e+01
2.525325664630938149e+01
-3.337278730840290564e+01
4.250646871042874864e+00
1.537810608798385203e+01
7.231076940893103711e+00
1.474359549580786677e+01
-3.816084554671056850e+01
1.993583503453294270e+01
-2.664869516900461122e+01
-2.073965415886242880e+01
1.327173365015185880e+01
-7.286459970772114048e+00
3.601496561592486501e+01
-1.043476128660245195e+01
1.873516147364821904e+01
2.012772817420034244e+01
4.843474634600985951e+01
3.400906527354175779e+01
3.045214873986203230e+01
-2.130576594654513656e+00
-5.188080038210898692e+00
-1.993795835757254054e+01
4.975394059446355755e+01
4.953263533252561501e+01
2.433875258172864164e+01
-1.567410593737764657e+01
3.099582989240167308e+01
-3.214978712382077219e+00
1.116870011874297575e+01
4.119123066327983906e+01
-7.778768494384706855e-01
-4.982492386874071144e+00
-1.256961725154917531e+01
-3.643408053216919029e+01
5.954144026602537565e+01
3.151013948774902929e+01
-3.722477105284384891e+01
-1.025868069915424030e+01
1.643735105733890123e+01
-6.252100055747703777e+00
3.956325510738335538e+01
7.834006662788027597e+00
4.980576740015970927e+01
2.157204263300309677e+01
-1.418363772864461225e+01
1.249089461963856706e+01
-3.893966229623003983e+00
-1.713756678929334498e+01
9.795679595315618826e+00
9.356236311451368692e+00
5.849269686942920998e+01
4.920538684553247322e+01
3.460171448398050131e+01
4.161185086842681358e+01
5.399598598528925208e+00
-1.617105026409365109e+01
8.905834124061129842e+00
-2.087268861040136514e+01
-3.350271612800599996e+01
-3.478368855341773269e+01
-1.946796334532544392e+01
-6.791886085738167367e+01
-2.176289156431445804e+01
-5.412652730469076801e+01
1.462951289729045001e+01
-2.894000219167129728e+01
2.905424563522350923e+01
-6.180430205644975672e+01
-1.859697893413013503e+01
2.678918072610576928e+01
1.307325864705637741e+01
-5.544604093857557814e+01
3.533616151030003039e+01
-1.618263530721057464e+01
3.362787738224862721e+01
-1.454849233472029368e+01
-4.900474728150470582e+01
8.980482073814656019e+00
-4.069134487264273048e+01
-4.704687929000982649e+00
-1.849546569551293373e+00
2.556605451015242636e+01
7.874303337622870913e+01
-2.697238708496212212e+01
-2.182989393400281131e+01
-2.611845908908719593e+00
-7.172364543136438897e+00
-5.043539656485849321e+01
-3.485082206806876570e+01
2.989962053093725558e+01
-1.331549190443644193e+01
1.261250467582215151e+01
-3.068449831284490870e+01
-1.024177807280184993e+01
-2.590593716138275227e+01
3.220066177808652697e+01
5.979865237147009793e+00
-1.393952392543428687e+01
-1.060707151957544170e+01
7.407305662339055630e+00
-5.125439685643755183e+00
2.694187367586829396e+01
-1.610827604236465049e+01
6.219998995416062826e+00
2.216598318555560354e+01
8.584029155967073166e+00
-1.328602679834796163e+01
9.611100201243505126e+01
3.673319388886577030e+01
2.672585810936745077e+00
6.326938392277725143e+00
-3.915769919502446328e+01
2.097023201576783435e+01
-4.776149356082669328e+01
-1.818008489428191865e+01
-3.441702314482532188e+01
-1.234915865642147992e+01
3.548430220737429863e+01
-3.544074615746825430e+01
1.495384827224374646e+01
-2.390098515045167460e+00
1.296119524531093248e+00
-2.241071615836978026e+01
-2.769463418044639980e+01
-3.466937554434025515e+00
-2.238633969838258508e+01
-1.241179064110403374e+01
-2.583012048704239305e+01
-5.792153030197113139e+00
-2.171431377564438492e+01
-3.140464347136357048e+01
1.311353492333891779e+01
-9.017153000117843931e+00
1.526312386870407067e+01
5.349481431828866818e+00
-4.759933188449028307e+01
-3.282132889842404921e+01
-2.852314322590723350e+01
2.032286986351846281e+01
-1.510361823131603387e+00
-3.880783459283625803e+01
3.680496330510251823e+01
-2.450783236719499314e+01
3.569784750179277921e+01
-1.979004938126765012e+01
-3.022340431884146028e+01
1.483103713517988353e+01
-4.250002118727878297e+01
-2.156851542801305754e+01
3.876406834997936812e+01
1.180780078487947549e+01
-2.743815210269673344e+01
3.396093944946255760e+01
-1.135301746897062003e+01
-2.378693264802785734e+01
-1.904871906670612702e+01
-3.134078161080429936e+01
1.728396967512591686e+01
-5.620671925162326943e+01
-4.957234571621327746e+01
-6.342197894710579931e+00
-1.879118249893710413e+01
-3.696767942154985320e+01
4.597089243847932494e+01
8.391453434354735919e+01
-1.724263964182995323e+01
-2.216200933667437312e+00
-3.795173154601940269e+01
4.096772552053607797e+01
1.277900080379657766e+01
-1.496219574833446586e+01
-2.279402517271451245e+01
9.237575969906323792e+00
-3.633501795008723434e+01
-1.105724096042760607e+01
-5.443776110274461644e+01
2.281589673945484265e+01
6.931541416976358505e+00
-1.116889819454229382e+00
-6.447994810076977501e+00
-2.505389154169995436e+01
-6.844666736227964066e+00
8.211879497876594769e+01
-1.143127342094766163e+01
-3.007821036492666167e+01
-4.369151140670024347e+01
8.722907643938953015e+00
-2.345905019990266993e+01
6.787115605411344177e+00
1.900162066466718613e+01
4.759169166538754325e+00
1.960651821863572408e+01
9.454571002659477585e+00
3.664424415171180271e+01
1.649870557747216537e+01
-2.190119992792074299e+01
3.000396878044919902e+01
2.185929212545283917e+01
7.736269262181536988e+00
2.655718670911693380e+01
-1.774866561821297495e+01
4.617754645346394682e+01
1.470942717800903843e+01
-1.985728536693502377e+01
-3.704789905356719260e+00
-1.130003610301525896e+01
1.279987055995400169e+01
-1.461710864095697104e+01
-4.928305746373482066e+00
-8.052792991104468001e+00
5.067158896602501272e+01
3.460252041506359433e+01
-4.070025567404285027e+01
-5.075390947428061850e+00
-3.306532186844876264e+01
-9.077948770114574017e+00
-1.478284610684931977e+01
5.395460692499682409e+00
-6.612675581636544564e-01
-1.799813000762000570e+01
1.058953898032466157e+01
-5.161426408072308902e+00
-5.893865609745333245e+00
5.393883283901683967e+01
9.073768035690974898e+00
-5.165427643593085349e+01
-2.487417980594119626e+01
5.995914445770932844e+01
1.705932553114712391e+01
-5.936913328061905304e+00
6.693949733192275175e+01
-1.012929400363435661e+01
-5.715172927398896263e+00
-5.059026188787925093e+00
9.703427164788166692e+00
1.948884844110306247e+01
2.722795214629016414e+00
1.814234117050523309e+01
-7.996025683556524655e+00
-2.200632853401685907e+01
-2.607020994869603214e+01
-3.006364966228443336e+01
2.580499606961001291e+01
8.110234265892117378e+00
2.388896177144150812e+01
8.741069281039330008e+00
5.586487640919497721e+01
1.167238624847691852e+01
-5.044745573258234117e+01
-2.145664757956745206e+01
3.866696040320007910e+00
-1.822570892649638097e+01
3.953431980053838402e+01
-8.750375104262957393e+00
1.052704079642492729e+01
3.301049525489636949e+01
-4.676617689647412135e+01
9.364078258398112098e+01
1.297635605733648845e+01
1.490161417014365952e+01
2.263966530239810027e+01
4.717006757891454072e+00
-2.734838702695299162e-01
2.194193616518407453e+01
-2.318668815864080557e+01
5.193907009272811592e+01
4.593602088329565447e+01
-2.609627283091963079e+01
1.009522494801149151e+01
4.381124344253413483e+01
-1.289590509062634283e+01
1.089850621507815731e+01
2.362575200098555683e+01
2.540792536644298139e+01
-4.783088098088762763e+01
-6.448428521525386259e+00
-1.923587387591400955e+01
-1.978049100567034202e+00
-4.945837717300427983e+00
1.088247048575055942e+00
-7.862627591789362214e+00
-1.988034517425194281e+01
8.234357992823333916e+00
4.328980833370849268e+00
3.321656869711805626e+01
-2.739873969962647493e+01
2.727238783710271264e+01
2.956164985187429295e+01
-7.858066876536952350e+00
5.102046268655553263e+01
-4.258671320796636905e+01
-6.452638550672099882e+01
-5.356174597230559442e+00
-4.992679918903604630e+00
-7.408887311518128627e-01
5.000343142618788761e+01
-3.060171703569317003e+00
2.677125815107214635e+01
3.363221897811823169e+01
2.337617140014003780e+01
-7.144884427146621420e+00
3.732540947507197870e+01
-9.940304304471780483e+00
-2.218943119269812314e+01
-2.567921764678618501e+01
6.734392234455398807e+00
2.218402647847821640e+01
-8.575991602003369962e-01
2.180458165950670946e+01
3.624465685192888031e-01
3.791377000640734707e+01
1.086945003780007823e+01
5.616764807228868506e+00
-2.353750866312452672e+00
2.015479250569239156e+01
2.347901009563514663e+01
1.077109830212629049e+01
-1.114140647980761401e+00
-3.438031060408770401e+01
1.819619335160128060e+01
1.189684098489036046e+01
2.224596577930864072e+01
1.763868461079201211e+01
2.256455225512356577e+01
-5.381324946335894310e+00
1.947705370263327040e+01
-1.676051126111622125e+01
-4.640860174326917331e-01
-3.388898792357440470e+01
-1.921782901285484968e+01
2.516221004907937697e+01
-5.633401070995877546e+01
1.659306263196208420e+01
9.922554002785091143e+00
5.189452930280232579e+01
-1.187270952238993971e+01
2.081576680819710745e+01
-6.220233030035728916e+00
-3.026335671227759150e+01
-4.249041251593638435e+01
-7.288100452460000156e+00
-5.527262612660142338e+01
7.347596451505239656e+00
-1.244800838868412640e+01
1.926623111792586940e+01
1.466893916516670515e+01
-1.784883265328244306e+01
-1.828243479339278110e+01
2.558503432001457867e+01
-3.839354413284820566e+01
-7.631391732941523287e+00
-1.181802260597531529e+01
1.708282864621713060e+01
5.624370625230881160e-01
1.682402337588840169e+00
-1.181342177932293680e+01
3.422698890175084330e+01
-3.458515509575028091e+01
4.320465430826914144e+00
3.763618851772304197e+01
-2.297665912484060868e+01
1.930368836438162816e+00
-1.715713167088210866e-01
-4.072844545533624228e+01
-2.505852625252492771e+01
-3.116323471912423315e+00
1.762271830060480227e+01
2.058091469015812436e+01
3.826665342904647105e+00
-5.990397418638906402e+00
1.116140482228556152e+01
-2.658115699448714508e+01
-1.244366907821955692e+00
-3.241380286125144039e+01
-1.738763565461921701e+01
3.036639359177186748e+01
-1.782566908192373489e+01
4.238281352966617987e+01
-1.499001861305535499e+01
2.050416980131480216e+01
1.578280263568126429e+01
-3.958228888921200905e+01
-1.572905785730424100e+01
5.418368971328447969e+00
-2.604222365895635960e+01
-2.356169854196928526e+01
-5.450267914520009072e+01
-3.380386551320464150e+01
-3.191365503115400770e+01
-2.744141669341786383e+01
5.358413740036240824e-01
1.136047885971721882e+01
4.234990068647363159e+00
1.516943435861669620e+01
-3.546804542072828781e+01
9.531227859433954563e+00
1.681687762110334461e+01
-4.206831912765618853e+01
-3.883862115371684354e+01
-2.631791545189054204e+01
-1.697570459569494972e+01
1.018211958066603984e+01
-8.204822365203767731e-01
-2.634440485181293923e+01
1.874263427049316988e+01
-1.486504374892426483e+01
3.135826345614918864e+01
-5.553036117691334539e+01
3.944809288121854252e+01
-5.582437209669151912e+00
-2.506380767585420699e+01
-1.564879531982195005e+01
1.156880337144059467e+00
2.793149715319569282e+01
-4.602339240409857979e+01
-7.382533574543231225e+00
-1.262505037870477054e+01
2.793516807207537056e+01
5.212028290292433041e+01
-6.200471419839846021e+01
5.802659567323672718e+01
2.595148735740063728e+01
-4.657885875444942769e+01
-1.997172082563685080e+01
4.942573969434687342e+01
3.704198969532433239e+01
-1.301387241663132954e+01
-3.657912288717284355e+00
8.956929853054155899e+00
4.655342950551620618e+01
-3.542046180458927296e+01
7.958388453259146900e+00
-5.185693569401152558e+00
1.705931652583836922e+01
-4.529701531671852877e+01
-2.092014404631555635e+00
-1.900716648680708332e+01
2.979734768466377659e+01
2.625088317168444974e+01
-5.445245105704020716e+01
-2.981292264046884100e+01
-1.347712506195568949e+01
-2.651483843076685787e+01
-7.297717407374904042e+00
-1.272041253047716225e+01
2.804848906106684581e+01
2.623827831383678699e+01
-1.381778160619774098e+00
-2.860526506131841984e+01
-5.302351934582802073e+01
2.964292050114647736e+01
-3.064763466706787653e+01
-2.267550077297136113e+01
3.699308526767694616e+00
-2.238979982632226040e+01
-2.438544429403162894e+01
-1.787553383332130608e+01
-2.987437914096821601e+01
-1.617624429681366394e+01
-3.242723614493465334e+01
3.492484363577002426e+01
3.835535602964966984e+01
-4.094511771661132116e+00
-1.370353382556800170e+01
-2.905840424825782975e-01
2.838112731532726229e+01
-5.365854304794385143e+01
-1.243990318990512378e+01
3.069757212910906219e+01
4.419068496476720043e+01
-1.047364945403282377e+01
6.233043219644400779e+00
3.423859370328096929e+01
1.034316393650978227e+01
-6.362670970634098921e-01
-2.773631481147185696e+01
1.260607026701364930e+01
-2.166357499909719309e+01
-6.622532319375039833e+00
-1.209697000290600499e+01
-1.027168438072345680e+01
1.409506416327729994e+01
4.934447137157214058e+01
-1.491959810182493129e+00
2.116310793570590931e+00
-5.683092345209389862e+01
-1.185478385147081326e+01
-2.245733671280589760e+01
-7.089357706996679553e-02
-2.922516471216128764e+01
5.319233220069628487e+01
5.064477497924826821e+01
8.749480155417565186e+00
-1.231027238226880627e+01
1.033467553045898057e+01
1.289716548245722549e+01
-2.975299705492646751e+01
-5.218398833568812734e+00
1.181948368690859752e+01
8.312211477227521073e+00
3.439588566361203448e+01
2.526598020499076824e+01
-1.325910388638592963e+01
1.628393120801592886e+01
-6.188598113140757562e+01
-8.049097789372510192e-01
5.443845521925112507e+01
7.440068883327455751e+00
-1.289380877607925413e+00
1.910696234313351738e+01
-1.783733812796558738e+01
5.614738280057486008e+01
-1.036371532799810780e+01
5.022233179179966100e+01
2.443145083852229504e+01
-2.528725085125000760e+01
2.019107051422001575e+01
-1.906935664786905704e+01
-4.512359212378015627e+01
-4.030829855771116854e+00
-3.477910705160691407e+01
-3.284112553287803848e+01
-3.063201842276484399e+00
2.254521195485295948e+01
-6.030421232827706035e+00
-1.956526424973651501e+01
5.602466213646550841e+00
-4.322459649121452685e+01
-4.413580616580697225e+00
-5.179622750602703718e+01
3.056434119566738161e+01
-7.578506844582477697e-01
-3.120407533483599138e+01
-1.044392627475207291e+01
1.153015029555712090e+01
-2.207001096704948395e+01
-2.852406795985086774e+01
5.889473537645618251e+01
-1.512668554310474178e+01
-2.519045701679738158e+01
1.705113021136358498e+01
-1.101160987718828466e+01
3.413110427523857737e+01
-2.844372629674012387e+00
4.338559102853366767e+00
6.750387933622977243e+01
-7.823329930854782788e+00
-2.293028487643334756e+01
-2.693625606680313922e+01
-3.183864808745295250e+01
-2.138377549826759605e+01
1.697745732798938434e+01
1.693019245699480280e+01
1.395376965317907292e+01
4.596431482609727937e+01
2.030731001711842509e+00
1.306337919276190007e+01
-3.979469931067329469e+01
1.672165099950092326e+00
-1.169257473344509890e+01
-1.665998019586760392e+01
-2.140236258044865281e+00
2.111284121398429647e+01
2.389745294162196387e+01
-4.248919871343446175e-01
7.573506550283980232e+00
1.728663159728189669e+01
2.186731956839852842e+01
-1.526744757661275287e+01
-7.903529167165288527e+00
4.488718080518481202e-01
-1.446039948102412609e+01
-3.207223470586313852e+00
-2.242447504655044099e+01
4.963871919995625603e+01
4.022340248940787433e+01
-1.015205035266899358e+01
1.001140698915523330e+01
-2.881714299349455999e+00
-1.875043156601013550e+01
2.234990461936024531e+01
-5.962162991522745870e+00
2.500724043937242413e+01
-3.280458084753640691e+01
1.122977015366419096e+01
-6.205313061100582672e+00
-3.373594522793604256e+01
-1.524559847953719327e+01
1.671962376447544329e+01
-5.723122698570614375e+01
2.694295916655823930e+01
2.923491357771030152e+01
-6.236802090352808747e+00
-3.719973923072984689e+00
-1.953794237300400027e+00
1.567012788532093737e+01
-2.043340949948085949e+01
2.263250565900304068e+01
1.913892357652494525e+01
-6.168051726369026255e+01
-2.217439007067429202e+01
1.488547507598805808e+01
-5.365145511707112291e+00
2.719465061772768166e+01
-3.998024608170629790e+01
-3.283761027432774426e+00
-2.623322725432002045e+01
-8.062832692661588396e+01
4.822302686870388300e+01
-3.665291343846575955e+01
-3.835381190945474117e+01
5.587709467895571436e+00
8.136327351976480315e+01
7.100863134762249729e-01
-1.762263890692301516e+01
-1.950208129203190310e+00
-3.453609374737524718e+00
-5.378424299819304366e+01
-3.845509002297352197e+01
5.139579533488250007e+01
-6.406597338736446545e+00
-2.364234749316324269e+01
3.097217064168455636e+01
-2.249353826087438790e+01
2.317702903665900749e+01
3.338565673385962640e+01
-3.585186498034696001e+01
-1.763531650769323278e+01
-2.179568497623228041e+01
-1.120866339063820760e+01
-1.108241642368956548e+01
-6.507035869867934252e+00
8.942465344368031310e+00
-2.140830429612304897e+01
1.781307056919922616e+01
3.635769334488266935e+01
-5.695520055853123154e+00
-1.275841152885121232e+01
9.129687898486622544e+00
3.511571047763240472e+01
3.272851485108557767e+01
6.083585562442380024e+00
-3.475810521837530587e+00
-5.441274921035656575e+00
-3.187343626715638578e+01
2.414154565030774791e+01
-1.404625449885304533e+01
1.248429545690197529e+01
-8.741575354243082074e+00
1.694683783125202581e+01
1.147320231620312114e+01
-5.053511894722905140e+01
-1.670067738771462018e+01
-4.927687723155939636e+01
-2.238432089233236866e+01
3.359453372565027962e+00
-1.078167136022861428e+01
2.045438925426169874e+01
-1.880050911410100412e+01
2.285481388791410495e+00
6.732348182811449533e+00
4.442509290768475694e+01
2.253313429446450300e+01
-1.894888982167792335e+01
-7.429667001879636246e-01
7.624916874806615397e+00
2.403304029888566618e+01
2.336705362158397747e-01
3.421793786909410073e+01
1.415264321628333732e+01
5.677777027709282720e+01
1.214108197764176111e+00
4.109566734115466602e+01
-1.690507100868907742e+01
-2.363784512997197851e+01
2.785042555998813896e+00
5.887045128847148590e+00
1.684171683349853765e+01
-8.831448824763867833e+00
-8.584213192120657254e+00
1.621862947557967161e+01
-3.037468182465227073e+01
-3.452997843327834460e+01
4.965460617207747873e+01
-3.714860316883516589e+00
-2.454900798766162495e+01
-2.525753048933268019e+00
-8.446275624655470438e+00
2.660370299614135092e+01
2.074714639373988234e+01
-1.261030951817792811e+01
4.923816457415455261e-01
-1.659108282871497408e+01
-2.210466801568912842e+01
-1.680307871579111634e+01
-6.059263313720781241e+01
2.801801890913679927e-02
-4.039739933989375231e+01
-3.488942704456457022e+01
-2.337199775255442091e+01
1.198016338917449275e+01
-2.285633010905343099e+01
1.448396381281052925e+01
-3.835877838315124677e+01
6.771912898771859091e-01
-2.596400947625924616e+01
5.322511627747175567e+00
7.029539632854863385e+00
2.089206749021005294e+01
-1.312600794900237133e+01
-1.004048487175640503e+01
1.849231181791586565e+01
3.715930290899878230e+01
2.058574541133415892e+01
5.170942061730443129e+00
-4.492287602288583059e+01
-1.062912178678536179e+01
-1.976368353995115967e+01
-3.787962161756843216e+01
2.531914627153281572e+01
-2.273068082269793422e+01
-2.067341622946059942e+00
-1.755322181642871726e+01
-6.252824293312363579e+01
3.244095113568931765e+01
-1.103401768856429044e+01
2.538824061592060843e+01
-4.475615040060246486e+01
4.222510623456267354e+01
2.310346487920241998e+00
-1.806426117514044094e+01
5.356631237235831122e+00
-1.305418734631956568e+01
-4.110071693108136515e+01
9.085350674606914367e+00
2.228743480265445953e+01
1.100979531706343550e+00
-2.271456691061439415e+01
-1.022822851391049426e+01
1.101454354554959991e+01
1.999610169409862692e+01
3.951602499974594451e+01
1.482781737500022246e+01
-1.456917394326575277e+01
5.975794553573708612e+01
1.505242248108793035e+01
2.657207964074736140e+01
-1.139579005960132463e+01
1.756424705872107950e+01
1.227564286862160259e+01
-3.885269861593070573e+01
-1.291764679997862686e+01
-2.561119256046950099e+01
-2.308917844491622873e+01
-7.552677015729557297e+00
-8.710205141819642449e+00
-2.641072657322717987e+01
-6.948789451046184240e+01
-1.811558408517702645e+01
7.850865301745670877e+00
5.720283318298641007e+00
8.666960774931553146e+00
2.907687627283206666e+01
8.848870921670435763e+00
2.035351414267847758e+01
-2.613756433341616514e+01
2.863795896320289103e+01
-2.853137992810752621e+01
-4.506916442028028769e+01
1.376340368962974026e+01
-2.702214865476238970e+01
-2.463148198392745769e+01
-9.935746028960764420e+01
-7.256959129646958218e+00
5.108643503569089717e+01
2.659289878896353088e+01
-6.409642675279144441e+00
-8.650130376632404250e+00
2.358166489851106462e+01
4.169958049141690992e+01
-2.606597357404228887e+01
-6.765813233178732844e+00
-2.132642290621924985e+01
-2.198607055133896893e+01
-1.930715240918779330e+01
7.977793715679691644e+00
4.434757250584630128e+01
-4.090267829459241966e+01
-3.515860003955555158e+01
2.049890071342758802e+00
-6.685745490207267494e+00
-8.403409065112260379e+00
-5.652729472185632176e+01
3.937079846838811648e+01
1.501696031049846169e+01
5.863890857513027299e+00
3.035888048765383473e+01
-2.053252855335796312e+01
1.941303187491301685e+01
1.743834679078889849e+01
2.341745515524479515e+00
-3.832731813511713881e+00
5.567812424518159276e+00
-9.915253686866748239e+00
3.175595555812378734e+01
-2.513741191158112542e+01
2.697609993123776917e+01
6.074234557637367971e+00
9.040967055972089383e+00
1.421668699093447685e+01
-5.450571494500096037e+01
5.249368584372092528e+00
-4.199789860469027758e+01
-3.072556193421710091e+01
-3.072334181438077394e+01
-3.126494142884308758e+01
3.330612154544496661e-01
1.049196294985293321e+01
3.120004739077303668e+01
5.426662087665675926e+00
9.003297792706998592e+00
-4.400688867054230968e+01
-1.600988377392934581e+01
2.133017480384657460e+01
-1.236168188643667065e+00
-3.156265692734905315e-02
-5.574901827356370632e+00
2.197206157582732544e+01
-5.722304078700847185e+01
7.060887417201726635e+00
1.273976208516700126e+01
2.711468237884777821e+01
2.321762288251455431e+01
-3.547049051773122130e+01
7.059323248310477084e+00
3.654667630819503188e+00
3.016041019699116532e+00
3.689629140104727867e+00
-1.182275222224990330e+01
-2.212528054305535363e+01
1.184482193431762198e+01
3.766689850672992179e+01
-3.122265607584608915e+00
7.258274436308624900e+00
1.061841675717644762e+01
-1.609680774578180262e+01
-1.700932134483977620e+01
-7.479464902346620647e+01
-2.318000049268869134e+01
-3.420756624436261006e+01
-4.201567215773536645e+00
-4.228693777717660396e+01
4.703916448889708590e+01
-1.960014782207190365e+01
-3.357707482074769700e+01
-9.692168923839972194e+01
4.166223676217140337e+01
8.360634120209255116e+00
3.736862646927932019e+00
-3.925102015174661574e+01
5.536353364669366783e+00
-1.243779574633254015e+01
-2.053197130886855604e+01
7.299311964607753112e+00
2.111521571402099084e+01
4.608019423830057804e+00
-1.330421567128706783e+01
-1.533151549479043751e-01
1.726014833378030744e+00
9.837276673120527448e+00
-3.982127922693594968e+01
4.519044756100203841e+01
-2.684224516684876960e+01
-1.873004964954595408e+01
-3.064906086032954136e+01
-6.511420479961151386e+01
5.638275069439444565e+00
-3.275415285842467483e+01
-1.195312172441411747e+01
2.042135974919983710e+01
-1.620293349881433187e+01
-2.166231015937171378e+00
-7.375826055482434640e+00
-1.264061944733384735e+01
1.975295119823641699e+00
3.398755239729807442e+01
-3.153090177855952447e+01
6.231837633531151255e+01
-1.412699138878417671e+01
2.094008207216002404e+01
-8.580950033339341587e+00
7.154640944831172078e+00
-6.801032909055891196e+00
2.747906429044047627e+01
3.843111639558322423e+01
1.199441286542619878e+01
2.894240887794818917e+01
-2.229180881566450978e+01
-4.107384847096554381e+00
-1.400068834402446782e+01
4.292512165475565666e+01
3.604485332804443942e+01
2.723799200525229480e+01
-9.672177742419421520e+00
-1.743409415438375731e+01
1.557048002139570997e+01
-1.754933518372111223e+01
-7.776890241944045101e+00
-3.623942317848467098e+00
-1.849941670721620568e+01
3.111206411154245188e+01
-5.150438505583181836e+00
2.374617362926375819e+01
1.220218427488755530e+01
1.081541908097025839e+01
-2.071597899153735511e+01
1.661383551403670822e+01
-1.141749768569604839e+01
-7.368733897106466202e+00
-1.959000290790044119e+00
-3.013191122445499559e+01
4.667496434583540577e+01
-1.669862152075718242e+01
-1.966931156235602884e+00
1.394028697826930596e+01
1.201002541539213553e+01
4.637515661534972367e+01
-1.082943583629221962e+01
4.717215880210360979e+01
4.233629297782638901e+01
-5.866930567495393234e+01
3.196215411611177615e+00
-1.160496933859326418e+01
9.761084952528904068e+00
3.700914325130042926e+00
1.242347023464270706e+01
3.900257366928028802e+01
6.106401748300527998e+01
-4.702800333276195488e+01
4.733355023397234618e+01
-6.124932843607604127e+01
-5.078870962376198861e+01
-9.033138290123744696e+00
7.952553279253038454e-02
4.560556958020551122e+01
2.238094860619992232e+01
-7.561092103184535063e+00
-5.586778544280655012e+01
4.417778343087510962e+01
-2.617425344519818964e+01
1.156951365246413843e+00
-4.420802419085042345e+00
7.884223766322969595e+01
-1.587502167957623556e+01
-6.679172650298437475e+01
1.962361589825724195e+01
-1.018166924903019890e+02
7.212038422261528581e+00
-2.283885921179279421e+01
-1.149984039132465696e+01
-1.697637242954270675e+01
-3.656381817794868994e+01
2.394131955423726765e+01
-2.375028458130501008e+01
-7.360815832807872994e+00
-4.935601462718253174e+01
-2.748895769634742692e+00
-3.273110992540059527e+01
-4.664013776896570107e+01
-7.113784517608002034e+01
5.739905842312538198e+00
-2.224126081374110697e+01
3.862877445074673233e+00
-8.771172179477332520e+00
-5.082688189306657023e+01
-4.066267365000834388e+01
-3.412175279991924981e+01
-3.542328058448214279e+01
3.334528981701895844e+01
3.246104233408416917e+00
-3.115738332758745344e+01
-1.354944886553971628e+01
-1.534969856566458191e+01
2.514519188421067497e+01
-1.948371887436070082e+01
-4.812118753778545255e+00
-1.750472824254944726e+01
-2.238912081449433344e+01
-2.529339499655809220e+01
2.313656460518785707e+01
-9.707605537935478424e+00
-5.789551991235265405e+01
4.825863801156265254e+01
2.755589953765066724e+01
1.657773521717103904e+00
-4.883108086792390168e+01
-4.690265874130057000e+01
4.367532794318947253e+00
4.589007959123705405e-01
-1.984862791756961542e+01
-2.870917159422781140e+01
1.967763984888972573e+01
-3.490615771904202802e+00
1.648710037625602354e+01
3.064384921101338932e+01
1.991350974255007600e+01
1.998899998101828146e+01
1.497137264160227943e+01
-1.308099687691566260e+01
-9.307175224073432673e+00
-1.356641360379126127e+01
-2.298209973378970972e+01
-2.681951460082308358e+01
-3.990832162802638550e+01
-2.332100179326553757e+01
-6.370917340776145465e+00
-4.812270510933637979e+01
-8.928613452047216015e+00
2.280848332324730166e+01
-4.942437198282487998e+01
1.861460724488901519e+01
1.678470186629130012e+01
-4.499602142401232641e+01
-3.554968048720755291e+01
-1.075365594648465617e+01
1.102158784761104471e+01
-2.463931700032014760e+01
4.530691305839869187e+01
4.022842428628572975e+01
-4.841728649336937451e+01
2.803946504747557356e+01
2.178654333145692590e+01
5.465848767229147143e+00
1.357286811889275668e+01
-2.682542950774218582e+01
-8.199582155367224345e+00
5.198559466408767094e+00
1.205264699339889489e+01
2.654278152681045810e+01
-3.217679838695802630e+01
-3.769850368186382639e+00
9.394820285529988269e+00
3.274836388609514870e+00
-1.869664353678675184e+01
1.368358558666731284e+01
-1.603335153568390581e+01
-1.286910273477883493e+01
7.292404914912822278e-01
-3.817238488311352285e+01
1.845649354466402770e+00
-1.060111497295162053e+01
-8.695952865124070286e+00
5.279092899533367245e+00
-3.408866961227511183e+01
3.721919278041238499e+01
-1.583100612262649065e+01
-8.371930045869726200e+01
-5.358222321193341031e+01
2.324423484554536401e+01
-2.538670775704420635e+01
-1.184612136700400242e+01
-1.651716221841977728e+01
-1.150956990432091231e+01
-6.331406633132132811e+01
-3.981781291171444082e+00
-3.912611302983464157e+01
-2.160511033917856594e+01
1.337877122381513573e+01
4.939799237760755091e+01
1.755878591505531716e+00
-5.991554833071006669e-01
3.742848534209264244e+01
-3.477144155125188263e+01
2.006739209878964658e+01
4.781884689413971046e+00
-2.991925221304768456e+01
-1.598413185968439620e+01
1.402290695210700733e+01
3.996484860176536813e-01
7.611139692988899697e+00
6.506252157089278398e+00
-1.489957257751748898e+01
-2.031925739511677875e+01
-3.137825301351966800e+01
3.098518755346603371e+01
-4.054960667544518316e+01
-3.009364599785676830e+01
7.848221591370503347e+00
-5.470511442364879429e+01
1.411992821292204781e+01
4.026972248039606939e+01
-4.555316919541084530e+00
7.271660852319286050e+00
-1.806548762173798650e+01
-1.381920457492068977e+01
6.551532458143981330e+00
2.391863605288714112e+01
-2.440890196593683470e+01
1.696993897972920706e+01
-6.642748274305091627e+00
1.908238318033625092e+00
1.458924129803703806e+01
9.406330119100857701e+00
-8.044606850722679781e+00
1.624427415707430100e-01
1.210382428698375179e+01
1.794921099646535367e+01
-4.512433541443662932e+01
2.010457661571308563e+00
3.241254717871457558e+01
-5.807165722147641418e+01
1.910650164266800743e+01
-7.333697314356373909e+01
-6.764275438589109513e+00
-9.324231424635399890e+00
-3.236796296402758344e+00
-7.609966365421144019e+00
-1.582880672490443885e+01
-5.964466516255072293e+00
7.564647711503596383e+00
-1.672622461091278012e+01
7.592096526577435611e+00
5.505572525010100549e+01
-3.809397045148546113e+01
-1.662485322826523770e+01
2.498557942628337969e+01
1.506564160449696033e+01
2.745452274085126021e+01
1.322378512121337124e+01
1.330173728003641997e+01
-1.008999610873328834e+01
-3.083169029906247260e+01
-2.839336111051983380e+01
-1.694431115853981851e+01
2.930654221684449112e+00
-2.650919559499726574e+01
-8.766117470795173006e+00
4.576867220125379276e+00
1.494939556743241837e+01
-6.416933376526060329e+00
3.743519474408789449e+01
-3.631760773319103919e+01
-2.459341188055503835e+00
-1.950449163102769390e+00
1.729659387071438914e+01
-2.467610001772294481e+01
-1.561499061538461319e+01
1.184846125170113673e+01
2.824088580530042236e+01
4.686693523081365242e+01
2.008082898664022764e+01
2.625314867621553105e+01
-1.753466845845564137e+01
3.948930282661314095e+01
4.148280513960028770e+01
-1.623336266324258759e+00
2.144898479223004983e+01
2.367053901617397571e+01
-1.474208816355557872e+01
5.291033003333893703e+00
3.803757622959682294e+01
-1.512496033819246577e+01
-5.767500637375746919e+00
-3.781070231131157300e+01
1.492150677167137474e+01
-7.997746153125774526e+00
1.236470985290117142e+01
3.690234488814525093e+00
-2.496577657929558569e+01
2.855956544699009214e+01
2.513128503687195803e+01
-1.681112853983867694e+01
1.194407533898774432e+01
-3.820652646986485479e+01
-3.325066483487170643e+01
1.551084645765484993e+01
-4.268734402063172695e+01
-1.925212811368185584e+01
3.289946488957809834e+00
5.177530750979835972e+01
-1.591180964816476262e+01
-7.646984892465837902e+00
-1.126546380487056354e+01
7.018342881519322418e+01
8.791494886120361230e+00
-2.695151324675369153e+01
4.431452612945668079e+01
3.926357380406098940e+01
1.967851796130321418e+01
4.702910104680034920e+01
5.374368035009204192e+01
-4.711483283565009117e+00
-1.734946154832435639e+01
-1.817919889401059663e+01
1.804268735101125287e+01
2.345509606364166189e+01
-4.291841710180619884e+00
-1.447367070956349266e+01
-3.821214895718458138e+01
-1.583518697947832266e+01
-2.823694713475589424e+01
1.882568275024520688e+01
1.065998526418411529e+01
3.987563635419382990e+01
4.622740134971706993e+00
-1.472849699012664360e+01
-5.289563619340249545e+00
2.470342489598317570e+01
7.813138533510368688e+00
3.402927957781031409e+01
3.485517126881961758e+01
-7.565745180929923208e+00
-6.727654117100719589e+00
-6.280200387219917957e+01
3.164969887214409994e+01
-7.739279796990672367e-01
3.382284156203209591e+01
-1.352583426282126311e+01
-3.902743140020309909e+01
1.317967763927094538e+01
4.552576944917589685e+01
-1.637608366183387432e+01
4.130908969886235127e+01
-4.547819590931982248e+01
-1.437974632336408831e+01
-5.073568613466932220e+01
1.193468273207912489e+01
5.053725526955361147e+00
3.370763853186446113e+00
-3.879204438651191822e+01
5.649305766445093013e+01
3.381103392949734143e+01
5.481223215492150302e+00
-3.215282774336185412e+01
1.353431617449933810e+01
-1.456455050054145772e+01
-7.716607329502210177e+00
-1.491588548207755593e+01
1.145897442697334156e+01
-8.972164522953335108e+00
-1.258399104353719622e+01
1.299630509826590696e+01
1.615699880685043865e+01
-5.343442249601230287e+01
1.235413525072036123e+01
4.206444240069592411e+01
2.504737639480291023e+01
-6.548990426804717657e+00
9.758067507478216385e-01
-2.188716961053631849e+01
3.617976786942438139e+01
9.713534890333306748e+00
-2.610316688863832724e+00
-4.613640378294576294e+00
6.658661932526482019e+01
-1.996701212187304009e+00
1.528386751007801081e+01
4.644352592416188941e+01
5.990649554666755705e+01
3.868302079892518464e+01
2.525526838198902624e+01
-4.130304013379279127e+01
-2.817970819627782930e+01
2.142649188030893015e+01
4.279745236122948882e+00
1.965845212229436356e+01
9.886907730644082903e+00
3.820025356159871421e+01
-4.812387967008042722e+01
-3.031266208964751740e+01
-7.157967542668416172e+00
-5.312497824831906712e+01
1.184787813918380550e+01
2.734177452258828112e+01
4.252804444233220238e+00
-1.378008083415608098e+01
1.440899495933106778e+01
8.576018557704151135e+01
1.916370814776297493e+01
9.806199490397659702e+00
-2.916263835061985787e+01
-3.720716306997775291e+01
-9.102448649527659086e+00
2.050903339112144863e+01
-3.710850430963148483e+00
1.471602285853502678e+01
2.162766062482944562e+01
-3.546790345734856942e+01
1.621504551483769774e+01
2.741801586579930472e+01
3.502330690778580902e+01
-4.076866965259569042e+00
2.873913301126719944e+00
-6.210166581924909224e+00
-2.998375629088121741e+01
-4.299853490591459604e+01
4.926580655006581821e+01
-4.810532869057880134e+00
-3.429222090449401605e+01
3.323059077053173382e+00
-1.604649242288782318e+01
5.624684921064857690e+01
-1.441471089832964481e+01
-2.218309476032925431e+01
2.152265248881877824e+01
-1.018163712570407142e+01
2.760233088031472448e+01
7.583285778404160737e-01
6.022308392163722601e+01
3.262902471375483060e+01
2.422464972767478741e+00
-2.305038757937215621e+01
1.703874588452322314e+01
-3.339405765676136184e+01
-5.398880435899229724e+00
3.795038635248621972e+01
-1.731663079345710798e+01
-2.779335984293547313e+01
-1.496811485482206194e+01
3.097529239943577295e+01
7.838367229062910724e+00
-5.134414983384799314e+01
2.062578214238907037e+01
5.824791496628762388e+00
5.714394400127886797e+00
-3.114165834791390353e+01
1.821021461500265559e+00
2.092407315572890525e+01
2.971017218363589052e+01
4.076505652989053630e+01
1.789706610822776156e+01
2.445719666209114962e+00
-3.344938899422902523e+01
-2.892930638623406026e+01
-4.279261759594939463e+01
-8.111531511643306658e+00
1.964655955279147292e+01
-1.570138041217191471e+00
3.175455690598494130e+01
-2.024995093791108047e+01
1.013815214612804994e+01
-1.075662624525111255e+01
-1.851147882664780298e+01
3.788402210287236471e+01
4.364196301714571291e+00
3.894992299151277848e+01
2.997136319604010168e+00
1.381193237400496798e+01
-1.108837702197422459e+01
3.764409327723885212e+01
-1.028330135476785756e+01
3.703254393775194941e-01
-4.838393575224208121e+01
-5.951416419139377467e+00
4.431530912613669670e+01
3.965277690497376284e+01
1.663340874095182187e+01
-1.025957100976287961e+01
3.390593656831342173e+00
-1.295235917592887631e+01
-8.538836810925374721e+00
5.725205384970870170e+01
3.054315797574361113e+00
-1.625491317814760350e+01
-6.720671228981147749e+01
-2.949973408742137337e+01
-2.381091536851421608e+01
-3.980707122538274234e+01
-3.602482643180644573e+01
-4.294703034561482013e+01
-2.848237663761921112e+01
-1.972367492192893224e+01
-3.064062473182210056e+01
2.909495613037184114e+01
-1.293058014957927071e+01
-5.494140716287751047e+01
2.498462548875656353e+01
-1.889396175162185187e+01
-5.038820457286142585e+01
6.031018585008362720e+01
-1.614457527540879767e+01
1.065317815232901921e+01
2.492126863423288796e+01
5.538624389169598317e+00
1.648880467619181900e+01
1.994363380394744922e+00
1.108151306208586817e-01
-9.197766032550219961e+00
-4.686242040707995216e+01
7.413587787506244808e+00
-7.746280343473301855e+01
4.403769573399377180e+01
-2.645783192755800428e+01
-1.093477625897040184e+01
-1.128473708938736308e+01
9.334247909374496999e+00
-1.062478338477563966e+01
1.682598741435977985e+01
-3.435271944185301152e+01
2.232934066394088291e+01
2.683732769205154511e+01
6.545817704991833352e+00
7.111144513406600254e+00
1.344594571707344244e+01
5.657651635365567699e+00
1.722149047762997043e+01
-5.002521723689213218e+00
-4.368375830009345862e+01
5.980985172923880100e+00
-1.547661248409920631e+01
-3.389380178676049127e+00
3.437810646008387039e+01
-5.006284431197101981e+01
8.834653407105577116e-01
1.292574172453043957e+00
5.689054340932045761e+00
1.954290390616124284e+01
-7.587866651350942959e+00
5.174619550913922694e+01
2.748920848969896724e+01
-9.603510952335447826e+00
-4.741933851561668689e+00
2.360432903291410867e+00
4.800629612173105443e+01
-3.300369748972536854e+01
-6.427448507067424543e+01
1.921419373781083095e+01
-7.615262338077798177e+00
-1.043467234206163141e+01
1.031212593531071775e+01
4.747344183186407918e+01
2.772514609939184993e+01
-1.002307469688909691e+01
-3.281231166784925790e+01
-5.311980551389524408e+00
1.765462595706325644e+01
-9.565690213886853144e+00
-4.662220796733117822e+01
-3.792194430332330057e+00
-5.961745630208261559e+01
-3.171392221824001467e+01
5.136930176076546672e+01
-3.261842847004311352e+01
-4.280533792792661529e+01
-3.232495108314046206e+01
-2.313215566237542475e+01
2.267261695901359531e+01
5.283853332854116047e+01
-4.132777103038904443e+00
1.620990716374156193e+01
-1.331042005375574888e+01
-4.359217103244802161e+01
2.949815356088379659e+01
-2.962992752254638162e+01
1.641900950615601573e+01
2.010149064402833119e+01
-6.691214227530906555e+00
2.377858553952552256e+01
2.591440026866539625e+01
7.130248682010858374e+01
-7.512372483335866491e+00
-3.248530823631710973e+01
-3.954630544254695224e+01
-1.074823452150434377e+01
-2.109296608085738001e+01
5.953524046928350799e+01
-2.761592954626345886e+01
7.235260402166506566e+00
3.082766651696147164e+00
-1.387399281151687802e+01
-5.345530682771612874e+01
-3.951325915523852927e+00
6.207180477833456678e+01
1.089755246931891008e+01
4.739161505293736809e+00
-3.633753604861615827e+01
-3.617517495995753052e+01
-8.817500038034246757e+00
2.894250110990691383e+01
-1.602208516230783175e+01
6.478647870389505670e+01
-3.047694615963342812e+01
1.183451943165427167e+01
-8.670346724287810503e+00
-4.084612921530435869e+01
2.711798093012617983e+00
-3.230080138461630668e+01
-4.654982604217900644e+01
6.974388357416671624e+00
1.173927517187877356e+00
3.292764015839810554e+01
1.488835324398478832e+01
-2.117587118373770139e+01
1.358847750858836889e+01
-5.510802241293555426e+01
-3.017345743590072971e+01
5.624819678762106179e+01
5.229463938867525030e+00
-6.678968678856392671e+00
-1.878377779109587209e+01
-2.753454746216334570e+00
-6.205888670217120762e+00
5.613236052397195408e+01
2.625668507336833812e+01
-7.468811846193545989e+00
-2.229444452711163649e+00
-2.480922459882287257e+01
-9.934357111792564865e+00
-3.971717565039259057e+01
3.116445450520297200e+01
4.400232853892845242e+00
6.493813056813905860e+00
1.127378346127096620e+01
-5.029338767592939519e+00
-1.295122406288880690e+01
3.359589799371406116e+00
-6.818599337365185420e+01
-9.801904741931593890e+00
-6.438612704663029263e+00
-4.879585609820935588e+00
3.040287441956496650e+01
4.097224107941879367e+01
1.087680688416310204e+01
-6.001012859493098972e+01
3.920461147845594496e+01
-1.350408006316689580e+01
-2.359763314774068022e+01
-5.497164701988145907e+01
-1.901148760345520827e+01
3.911926547954280409e+01
1.926223468292471352e+01
6.392358814301815073e+00
2.123103965420023087e+01
-3.676178530462294702e+01
-2.932505525620615572e+01
3.556274852083615201e+01
2.452052415777797023e+01
3.028991877072377292e+01
3.051106598823650984e+00
5.333072757443062528e+00
3.434721692061737031e+01
6.089153893752560975e+01
-1.315995889512971218e+01
2.427786118901246937e+01
-1.624941371326099215e+01
-2.765712646524890062e+01
-2.184775072305041022e+01
-2.192067627106257532e+01
-9.121987394840402885e+00
-2.997875311069839199e+01
-1.237282796894882608e+01
-8.553369769262877753e+01
2.138215201580874236e+01
1.395272703432920736e+01
-2.970306768916259443e+00
-2.448241042757439345e+01
-1.170021696847049952e+01
-3.456379152851505410e+01
6.230169890507227137e+00
5.077518679428453652e+01
-1.386844753465209124e+01
-1.064194400939709340e+01
1.319492537641662011e+01
-3.216646033064119337e+01
5.335641953648395486e+01
9.297182014717719767e+00
8.781143911663377821e+00
3.118157052041800625e+01
-1.556937530841196349e+00
3.523854990709253343e+01
1.188865236923643920e+01
-2.516464583932091159e+00
5.159497416241293877e+00
-4.013059963569560296e+00
4.170710283790310768e+01
5.437991953128943123e+00
1.141911150292122556e+01
-7.303139342755912367e+00
8.847787100651203218e+00
-5.808534374270107037e+01
-2.219763062319407254e+01
-3.065506098345747432e+01
2.988868694151699401e+01
-2.011469188950539433e+01
-3.781034799498831944e+01
3.642845225411696219e+01
-7.693702479709273234e+00
2.550774412746781650e+01
-5.670648053899054730e+01
1.174483795135942010e+01
3.281833938064835365e+00
3.813577688775922070e+00
-7.285919225230543361e+00
-4.580798365967552854e+00
3.193846379534883795e+01
1.163691424739738522e+00
-3.189648612121371229e+01
-1.177819745927428130e+01
1.388310059356389559e+01
-7.234483311790248194e+01
-5.533868722088014636e+01
8.065992208443333311e-01
8.816163895163100506e+00
-2.950994623622049318e+01
-1.247484474636422647e+00
6.608427738042848887e+01
1.764468819152807555e+01
-3.380867519135301791e+01
5.867709906464824599e+00
-5.821990583602378422e+00
7.865178502504413416e+00
-2.233641872000828243e+01
1.378733790317426156e+01
1.652274807627225073e+01
-4.334379270202305179e+00
7.002318736785422004e+01
-4.969984171833019104e+00
-1.984254772823061330e+01
1.496271148706551912e+01
2.694348609306723574e+01
-2.123229116991979026e+01
-1.150293672640735565e+00
6.140229544903121450e+01
-1.775916040816696295e+00
3.682170779404111727e+01
9.200444987049650081e+00
-4.397868344646298056e+00
-1.421477758397691105e+01
3.275292415726785578e+01
-3.506358928128305763e+01
-6.939098452472762801e-01
-1.140619786710473704e+01
-2.492708017369213991e+01
9.414911760970827714e+00
1.663040706333859120e+01
2.739647372563752015e+00
-2.755230946299889183e-01
-2.492273639640654892e+01
1.016360978271220006e+01
-2.051030081626350920e+00
-1.419614477224489235e+01
-1.266026291063286635e+01
1.039505925663414132e+01
-2.384066862359588868e+00
-2.370304022007206868e+01
-6.836816190016057249e+01
6.517344313289655133e+00
1.214608592490178296e+01
-3.037936552468684681e+01
-1.493602749712488276e+01
5.185177091394642446e+01
7.011428551306266854e+00
2.472466075191073287e+01
5.404453013541044015e+00
2.495261557699370769e+01
3.605466549805498744e+00
-2.442024774030618062e+01
-6.771731704150852238e+00
3.428677159015478537e+00
1.970958810278870033e+01
4.734028515143171489e+01
3.084001380701550943e+01
1.912842347445405267e+00
1.068763787218819061e+01
3.797488805111663623e+01
1.656287309030346577e+01
-4.348469713980674101e+01
-1.731500575071066805e+01
7.054668448690563309e+00
5.336700939469778859e+00
1.546635943467889263e+01
-3.250334496054333044e+01
4.432674105590727720e+00
2.711353941607416118e+01
3.001289142770530560e+01
-2.696044685384666195e+01
-2.936696005093608619e-03
-1.410760197240790603e+00
-1.067835373629219475e+01
-1.782347259676859608e+01
-9.727098980590653809e+00
-5.466488223047932138e+00
6.355042770330328494e+00
2.653866213158285348e+01
-1.936515426115231264e+01
5.075558713431854585e+01
2.061194848456284490e+01
1.683816187516518426e+01
2.220857283017983619e+01
1.704084666649567836e+01
2.275902522599134414e+01
3.432227081755560505e+01
-2.858120240959758718e+01
3.906624137915314066e+01
-7.156735789200529041e+01
1.986951861745355075e+01
-6.707547635074331538e+01
5.233735509953623932e+01
4.731057186561041306e+01
-5.898881045985831406e+00
-3.024500165357218862e+01
-2.661315559762601879e+01
-3.456060686932903536e+01
-3.973568792377824366e+01
3.550638816197738379e+01
2.638973100832650687e+01
1.499973426207667160e+01
1.778597927514601906e+01
2.799212188701244486e+01
-2.457331927998211540e+01
-1.110617665843534496e+01
3.461274758824261255e+01
-8.194667460612905074e+00
3.346766581611773006e+01
4.671711204446035026e+01
-3.580237434358352289e+00
-4.594473693421895177e+01
3.110912027970243798e+00
-1.586512562887309130e+00
-6.401554925839604948e+00
7.100265291461482775e-02
-4.091125352316345243e+01
-7.911438677582253831e+00
5.558355201478562435e+00
8.336242152121400295e+00
3.064342276523926500e+01
-2.676283685031154391e+01
3.502272774709535952e+01
-2.503037513411102566e+01
1.608623444282014248e+01
2.533140382338071817e+01
