---------------------
  #    meV     cm^-1
---------------------
  0    7.7      62.2
  1   10.3      83.2
  2   11.5      93.0
  3   14.7     118.2
  4   16.4     132.6
  5   18.2     147.0
  6   21.1     170.4
  7   25.0     201.3
  8   29.4     236.8
  9   43.1     347.5
 10   53.8     434.3
 11   64.5     520.1
 12   67.6     545.2
 13   74.2     598.4
 14   90.3     728.5
 15  103.4     834.1
 16  112.1     904.5
 17  134.3    1083.1
 18  146.1    1178.6
 19  164.7    1328.4
 20  179.3    1446.2
 21  196.8    1587.0
 22  198.2    1598.4
 23  203.8    1643.9
 24  375.0    3024.9
 25  397.3    3204.7
 26  414.8    3345.2
 27  427.0    3443.8
 28  455.8    3676.3
 29  469.9    3790.1
---------------------
Zero-point energy: 2.263 eV
