---------------------
  #    meV     cm^-1
---------------------
  0    4.2      34.1
  1   10.6      85.8
  2   13.4     108.5
  3   17.6     141.6
  4   32.1     258.5
  5   42.8     345.1
  6   45.0     362.6
  7   68.0     548.1
  8   74.1     597.7
  9  120.1     968.3
 10  136.3    1099.4
 11  144.5    1165.7
 12  162.7    1312.5
 13  178.1    1436.7
 14  179.8    1450.2
 15  181.8    1466.1
 16  185.0    1492.2
 17  362.8    2926.1
 18  375.0    3024.5
 19  381.6    3077.9
 20  415.1    3348.4
---------------------
Zero-point energy: 1.565 eV
