[[-412.53651888]
 [ 359.50117606]
 [-273.84205222]
 [ 184.3310433 ]
 [-113.96344083]
 [  71.88806025]
 [ -54.33334581]
 [  51.12579871]
 [ -52.72742142]
 [  53.8686937 ]
 [ -53.35085079]
 [  51.75609851]
 [ -49.5224667 ]
 [  46.39024866]
 [ -41.99524043]
 [  36.53928268]
 [ -30.94365394]
 [  26.37867794]
 [ -23.66509217]
 [  22.91322469]
 [ -23.62671003]
 [  25.04484799]
 [ -26.48757538]
 [  27.47227181]
 [ -27.69284586]
 [  26.96228695]
 [ -25.24930094]
 [  22.74160816]
 [ -19.88408938]
 [  17.2747265 ]
 [ -48.56364556]
 [ -33.00649112]]