-3.493869193482542812e+01
-2.033994644051631440e+00
-7.197112445323355701e+00
2.425059673570778784e+01
-1.199729784972694802e+01
-9.287899962079762872e+00
-2.423869700969677865e+01
-5.069066641048122790e+01
-2.161013501151380467e+01
-2.278151582921702811e+01
-2.116469246455130815e+01
4.270828152321346494e+00
2.008257208189263565e+00
-1.070429437165188347e+00
1.742444856025457511e+00
2.670703770695359935e+01
-1.029417397898814102e+01
-7.265472602604205576e+00
1.185564212505141768e+01
-6.238057276335250378e+01
3.129442751257782618e+01
-1.342195031946334893e+01
-2.428508785684458715e+00
-5.633231857863108871e+00
-9.795426196970993260e-01
-2.143303611026695421e+00
4.838240880647364861e+01
-1.514281859006007380e+01
-4.040355220341837139e+00
-3.062373613646205683e+01
3.956106507307833908e+01
-4.369311191960903784e+00
-2.154343919648465544e+01
1.129620259351442257e+01
-2.064053295226386808e+00
1.314254674894743857e+01
-5.457234271977995377e-01
2.723308220863430051e+00
1.909918053370727620e+01
-5.506274650210153254e+01
3.067891003455818577e+01
8.181607866310969257e+00
-6.299352279811387234e+00
-1.760027933556873947e+01
6.952407330422005316e+00
-1.101336126428384432e+01
2.511192597282519046e+01
2.003504541682673334e+01
-1.291511731249391914e+01
-1.650713475308702982e+01
-1.745756130718564236e+01
-2.094486786421300195e+01
1.064489059773531210e+01
-2.729718440291384240e+01
8.356791915161238649e+00
3.485639177463252736e+01
4.021437611596466155e+01
1.871422701864830174e+01
8.358957876304259571e+00
1.747196774114286200e+01
5.129216366604100585e+01
8.680423304177338650e+00
-3.007833781932827577e+01
-6.072716131885101731e+00
-1.420029851463610271e+01
3.353436799757217557e+01
-3.968099378784576459e+01
-3.460763690677288196e+01
-1.763319931148548392e+01
-9.855164676492620401e+00
-2.256316709427898104e+01
1.582112430659203994e+01
5.259190510568885202e+00
7.886968001043157983e+00
-2.183817778206159232e+01
-1.912074308496929120e+01
-3.298243014079939428e+01
1.818090725610511527e+01
-1.891658263584889710e+01
1.708153932881265291e+01
-5.443486106110493772e+00
-1.502073718158462157e+01
-2.889507593974896338e+01
-8.594056795995129505e+00
-6.183891134205964590e+00
-6.925995892380967689e+00
2.253754735662982966e+01
4.224525334878111948e+01
-2.481389881168543354e+01
-4.330054149974688471e+01
-1.085991732937625898e+01
5.995455371879916129e+01
-3.271509131675738047e+01
1.807794222972077591e+01
-6.566803729713114990e+00
-3.362855571821521039e+01
1.389589858703516256e+01
1.968849214350072430e+01
-9.762543195290476206e+00
1.850878544767130052e+01
-1.355782150200957403e+01
-3.153246543871111385e+01
5.297357139165069384e+01
2.527282827659564646e+01
1.428233465089212473e+01
7.934354626301313829e+00
1.508259377979959481e+01
4.556932125391955424e+01
-1.486126499490301356e+01
3.364758393820430626e+00
-7.635068672564716508e+01
8.866933180952031535e+00
-3.740332727799378176e+01
7.830315971636110817e+00
1.230878284962864200e+01
-2.014622435105502518e+01
-2.858735211056441017e+01
1.246952314385396221e+00
-1.701993295056229272e+01
2.157073278805950167e+01
-2.803502363135010000e+01
-3.125378327794862798e+00
-2.030750427681434189e+01
-1.972746722303412525e+00
1.117727969451038916e+00
1.257652316400191239e+01
4.488568902554561646e-01
-2.900022983576150182e+00
3.593319655270602198e+01
5.088773155925400715e+01
2.749100697011336791e+01
3.971204336644882460e+01
-6.523865715465575477e+00
5.619340973880184720e+00
2.967435100925763436e+01
-5.148413711720536412e-01
-4.249096946297757427e+01
-2.278061239133050719e+01
-2.832657769511848755e+01
-1.548557101826812499e+01
1.601896351351774683e+01
-6.643094024718493529e+01
-9.367625917840257443e+00
2.478906633781183189e+01
-2.094978162277718070e+01
-1.747727973825641357e+01
3.334107302044304788e+01
2.489617886252054291e+01
-1.850928999633556771e+01
1.556690463705876937e+01
-1.421369996805674418e+01
1.911347925081079779e+01
1.870060353942420761e+00
7.395269012953733068e+00
-4.769647067863201073e+01
-2.645922629508355328e+01
-4.830215441432244461e+00
-9.216477460436589553e-01
-2.283297584404800773e+01
6.086198094058181596e+01
-9.761169049647776319e+00
-1.805172522889874642e+01
1.993315461123137311e+01
-2.570465563525129937e+01
-2.049117531074226406e+01
1.828823564472816088e+01
7.172359289348406719e+00
8.560461904986141235e+00
8.809919090382479112e+00
-6.199841136479449233e+00
8.908380982341498111e+00
3.261732177901646423e+01
-1.482194052455625410e+01
1.074638445972124146e+01
5.090648381183076054e+01
1.832021830205799517e+01
-4.216645569333934418e+00
-1.146802156005126960e+01
8.712250571381150621e+01
-1.196303157058012800e+01
2.098649054790411128e+01
1.449460300947603741e+01
1.648413209262313472e+01
4.950468249020116218e+01
2.683629181650326245e+01
-1.514404267381433300e+00
1.358133565778121010e+01
2.750915169031748064e+01
2.015819343371592254e+01
-3.257071526975289544e+01
5.275165778771338410e+01
-4.694649916283358237e+01
-6.897378818663206346e+00
3.082222635141218348e+01
8.381663613314138672e+00
4.228828033059301106e+00
1.584446951644866175e+01
1.252102755289112679e+01
1.925222347608541895e+01
-3.503177549998355289e+01
2.233388286229228470e+00
-1.487375839796038690e+01
-3.756301568389112333e+00
-2.494247392361444327e+00
-6.023061136687399397e+00
-3.221663155927728894e+00
4.685247900044396374e+01
-4.722763535207931795e+00
-1.454788721833176623e+01
-1.425364093875874261e+00
7.286938598948751178e+00
-3.337432338661110975e+01
-2.863175577014223450e+01
-2.028509311755277622e+01
-3.461505330822959081e+01
-8.978860433045593226e+00
-2.336725778645458362e+01
1.019031320672625895e+01
7.167368411833052733e-01
-6.991989780649305430e+00
-4.618920970367753398e+00
3.213546719573500354e+00
-8.200081262198281706e+00
3.808282062281486446e+01
-4.837340292320783419e+01
-8.481522576641680189e+00
-7.557218266007570406e+00
8.909204862938452152e+00
1.262073903650707507e+01
-2.630579074830177433e+01
-8.520583869175084146e+00
2.401909265033449259e+01
-1.123665753341519746e+01
8.893588420848402620e+00
1.904926827907137010e+01
-1.642328218741170076e+00
6.234694490904769282e+01
-7.827210871335296360e+00
-1.769655869185015717e+01
1.784088130524708049e+00
-1.373938428510743393e+01
3.052417535964480066e+01
-2.368572595354662269e+01
6.793344584093176763e+00
3.169091506330684638e+01
-7.056219549900362153e+00
6.608528516919716367e+01
7.152145360175785527e+01
-3.708042765984293965e+01
3.293692952358196635e+01
1.215015931469525867e+01
-3.109560783956564478e+01
9.281804914179474508e+00
2.346225867508078977e+01
2.398716910588098017e+01
1.284754949778971422e+00
9.486749374588612227e+00
4.154342517484883501e+01
-1.312386812082667120e+01
7.963706007094710770e+00
4.004919428310751073e+01
-2.063209334939867290e+01
-1.111700513566417214e+01
3.125122213976104035e+01
1.602647593938817749e+01
4.225213800211702164e+01
1.682051857632660585e+01
6.064493915028378979e+00
1.487161515447986915e+01
2.258850297279636266e+01
-2.989165205130736069e+01
3.820404878454240816e+00
1.380708171930979766e+01
6.494153341881940378e+00
1.321035635681035103e+01
-3.415438752177405490e+01
1.786616330769220440e+01
-2.384549846436459575e+01
-1.858141339584827278e+01
1.191854293938020959e+01
-6.493341244559601932e+00
3.230278969203138217e+01
-9.320018760384414236e+00
1.678568805940318498e+01
1.807450879490158968e+01
4.335374985576985551e+01
3.040939920998373225e+01
2.719735039146891609e+01
-1.838516443302495418e+00
-4.689888754418973349e+00
-1.781301854025338116e+01
4.454633721433205551e+01
4.431339943947693882e+01
2.178035720347408244e+01
-1.403059643373906340e+01
2.775501545217534272e+01
-2.850102710346419599e+00
9.939318817728448607e+00
3.684528886451170138e+01
-6.626679598666100901e-01
-4.422313020536705608e+00
-1.125990115958768456e+01
-3.262531100145736218e+01
5.330057798463798235e+01
2.822244317831933813e+01
-3.333011533970930884e+01
-9.196106094595251079e+00
1.466499465808787050e+01
-5.548903604656516109e+00
3.539128954075686551e+01
7.017286910602990702e+00
4.460121098895928071e+01
1.934591780943992845e+01
-1.269342291091578545e+01
1.118871288059982305e+01
-3.490197112671268087e+00
-1.532398704197271400e+01
8.786181960644569244e+00
8.392169557218267073e+00
5.239204936189534578e+01
4.401773791400196956e+01
3.097036644660003901e+01
3.724280988518398772e+01
4.840384401791681057e+00
-1.448834995212297372e+01
8.004880010289980419e+00
-1.864469316601534743e+01
-2.996363457810143416e+01
-3.107454210234010361e+01
-1.742264947711998957e+01
-6.075095274704523263e+01
-1.950827205087412608e+01
-4.840534962180022660e+01
1.311516942174211486e+01
-2.586630781069034057e+01
2.601840578619763278e+01
-5.530975042726859670e+01
-1.668049914890922025e+01
2.394165397862789746e+01
1.171693177585130741e+01
-4.964548310500384787e+01
3.162640716498827942e+01
-1.445631318086105921e+01
3.006641347065647096e+01
-1.295205048283423821e+01
-4.380992754456735838e+01
7.999166204062063912e+00
-3.637230501825473539e+01
-4.154364974761620033e+00
-1.666211667909839100e+00
2.283132171781089426e+01
7.046849735467964138e+01
-2.412806883124113710e+01
-1.955510169047261115e+01
-2.348811122503320803e+00
-6.351174902771901998e+00
-4.515135606449173622e+01
-3.114386977430584125e+01
2.674449626967496840e+01
-1.187906803230748665e+01
1.133970485669678396e+01
-2.744013769945888725e+01
-9.185713968995713685e+00
-2.318586608344509159e+01
2.884241758154205826e+01
5.333834386309092679e+00
-1.248457635718870051e+01
-9.504460791065724834e+00
6.635826529813911634e+00
-4.544104895399925681e+00
2.406518161255843324e+01
-1.439893274849413274e+01
5.577136997719492228e+00
1.983876396735426795e+01
7.666072410118431435e+00
-1.188995928674586366e+01
8.599997950627897580e+01
3.287096933309096869e+01
2.396735278880974818e+00
5.715837304998274249e+00
-3.500037595094013909e+01
1.879941349437658005e+01
-4.275107554538254817e+01
-1.627864522460697572e+01
-3.079078284724113246e+01
-1.107654182227557271e+01
3.179120351442810488e+01
-3.170368066836931575e+01
1.338613236398972361e+01
-2.156189698571949975e+00
1.163769532988396804e+00
-2.003893805388483429e+01
-2.481267038033911376e+01
-3.144421885707913589e+00
-1.998013899682634076e+01
-1.107210042193165123e+01
-2.310541934506699135e+01
-5.180972290677534176e+00
-1.941533255680752745e+01
-2.807093637843021838e+01
1.165941070455512829e+01
-8.016748201560716325e+00
1.369987554964836818e+01
4.752352714189537863e+00
-4.259671364404418625e+01
-2.935505448430114939e+01
-2.555472519587537761e+01
1.810875377188881430e+01
-1.390501941680255982e+00
-3.466090623983482999e+01
3.295835552159928739e+01
-2.190655289020364194e+01
3.197529622964002272e+01
-1.770000984020985868e+01
-2.701338919779738035e+01
1.325486433822675281e+01
-3.801852292547521728e+01
-1.924769039198815790e+01
3.465174984183727247e+01
1.055819965261690641e+01
-2.457319803646322498e+01
3.034717290371914800e+01
-1.013962617180493453e+01
-2.126681358828028579e+01
-1.699868282578239587e+01
-2.803741964224855110e+01
1.550700901355108385e+01
-5.032092693476553791e+01
-4.430650240574018994e+01
-5.692835486825288172e+00
-1.686064096441273819e+01
-3.307547229343219186e+01
4.113780530128542523e+01
7.510883785351595066e+01
-1.537924596934369958e+01
-2.035654543263888172e+00
-3.390096849258240042e+01
3.672064968403969942e+01
1.139862198950399375e+01
-1.337440421342682839e+01
-2.040850308222134402e+01
8.267403173167807040e+00
-3.248420956179363372e+01
-9.879988566182447585e+00
-4.865384074951006710e+01
2.037976930659442587e+01
6.173294042638730161e+00
-9.821943824593972749e-01
-5.818592565283722706e+00
-2.239258615995379387e+01
-6.158038582852213949e+00
7.345185751089809401e+01
-1.028527183479252471e+01
-2.690744714097064616e+01
-3.913092844303947970e+01
7.805126223526798412e+00
-2.101379852113103297e+01
6.082708200973321766e+00
1.697860057031246583e+01
4.285137365913200824e+00
1.752324982342776494e+01
8.459516682130370668e+00
3.281678395218523292e+01
1.475837541501914529e+01
-1.961129353820727772e+01
2.689172973650946119e+01
1.955034732302920020e+01
6.919008637861310262e+00
2.373409853314086604e+01
-1.591755972545129083e+01
4.130300335880002649e+01
1.320177307263439737e+01
-1.776326193949117283e+01
-3.282565401361212665e+00
-1.011710523037072562e+01
1.146097823918697145e+01
-1.305680426659496618e+01
-4.430876908700099648e+00
-7.158156130286727148e+00
4.538015812808794180e+01
3.094205673367204668e+01
-3.635301791839044938e+01
-4.538638140422293077e+00
-2.955955460994016448e+01
-8.139824606111346839e+00
-1.321052557644836156e+01
4.800032073891799200e+00
-5.684480922283423610e-01
-1.608837432199922546e+01
9.517844111959504971e+00
-4.603712511600448920e+00
-5.228678806597159223e+00
4.829144210748293631e+01
8.093785774690225310e+00
-4.627158287607867493e+01
-2.224707510657594867e+01
5.369997767475626915e+01
1.526235368157455241e+01
-5.332418593497038728e+00
5.984317600176711949e+01
-9.025359358629913231e+00
-5.134159980957264224e+00
-4.540560840279169952e+00
8.649830889269424006e+00
1.747567275130378306e+01
2.450097472081132821e+00
1.622196656588837982e+01
-7.176195961410755331e+00
-1.970836348184339215e+01
-2.334020332657372165e+01
-2.684196437855501927e+01
2.308695870265469807e+01
7.258453770422711671e+00
2.135132078185003834e+01
7.802893594965240709e+00
5.000410662602075718e+01
1.045920720465935005e+01
-4.518013075735490247e+01
-1.920089948166916116e+01
3.426797902992298361e+00
-1.629858717903759668e+01
3.538297923315994353e+01
-7.760212542928229595e+00
9.412933179858811172e+00
2.953782342634056590e+01
-4.182737393326357278e+01
8.376310136574716125e+01
1.161906685166651698e+01
1.337312469264679748e+01
2.025871065760213696e+01
4.148342197068018322e+00
-2.483458380280865185e-01
1.961390583645930974e+01
-2.073331918900757387e+01
4.649149894338918898e+01
4.110755850393842081e+01
-2.332844636466825250e+01
8.971648956339265624e+00
3.917589476916822377e+01
-1.152627430613554793e+01
9.800596897793383278e+00
2.110294401439855250e+01
2.270883431462058866e+01
-4.274796403988253246e+01
-5.755510637999918799e+00
-1.715003784557148236e+01
-1.703945340000814213e+00
-4.425328379480230723e+00
9.796467332047882337e-01
-6.992485403353555284e+00
-1.777611929987585881e+01
7.393545707725266425e+00
3.854481379230719540e+00
2.970094075090652197e+01
-2.451518281931001297e+01
2.442937829014778117e+01
2.644011089077528709e+01
-6.960768805801762937e+00
4.560424928387290322e+01
-3.812246955412516058e+01
-5.773588913971405390e+01
-4.848804868026594050e+00
-4.444497070868067112e+00
-6.775024417945587629e-01
4.477195644440521249e+01
-2.716528578839124464e+00
2.398035868538738669e+01
3.006674590876899344e+01
2.093575740935375507e+01
-6.446087262659432326e+00
3.337113424519276350e+01
-8.907670217523929068e+00
-1.983419902846344485e+01
-2.288785568394527559e+01
6.042719273530636315e+00
1.976115689316853263e+01
-7.588753125672553779e-01
1.948256384764579252e+01
2.807095800852437151e-01
3.392453864465660729e+01
9.678745731616999137e+00
5.061559167917614843e+00
-2.106096277606468448e+00
1.801309539949871663e+01
2.103256614054197371e+01
9.623516056268556440e+00
-1.003765750530192236e+00
-3.077187537756320879e+01
1.629396853192245942e+01
1.064841980133616062e+01
1.985114827225625334e+01
1.575845249899792577e+01
2.023673976309800082e+01
-4.850963931579769906e+00
1.742381181336290297e+01
-1.504457327022544177e+01
-3.788502504459074771e-01
-3.031074390343380287e+01
-1.720876297505617458e+01
2.248815024200560231e+01
-5.038227852097341497e+01
1.482877893911242495e+01
8.862967871065166037e+00
4.644874895453509112e+01
-1.058401635928709084e+01
1.862826181418249050e+01
-5.599923912964129613e+00
-2.709911099253472955e+01
-3.800405160352676148e+01
-6.549944920532077219e+00
-4.943063991874137031e+01
6.569812935202662629e+00
-1.110139425989548911e+01
1.726313300708858378e+01
1.319175582814784775e+01
-1.595614241732431537e+01
-1.633432017890612542e+01
2.289063770440066747e+01
-3.438193219795335409e+01
-6.830674166557912486e+00
-1.057473177850550172e+01
1.527538919443640353e+01
5.214853514601145434e-01
1.525518001623794362e+00
-1.054181528417836944e+01
3.063682340455707731e+01
-3.099736079581668946e+01
3.798285675298359365e+00
3.364973504611151611e+01
-2.055157693046498935e+01
1.727245655728182783e+00
-1.595331469212624143e-01
-3.637760300680687209e+01
-2.236423295956569746e+01
-2.773063136824832853e+00
1.578559061585629308e+01
1.847462453592103770e+01
3.414795391625546017e+00
-5.399908213762955711e+00
9.950517451863362339e+00
-2.376372970890486158e+01
-1.094648620923379667e+00
-2.899043547420666300e+01
-1.562034133268508640e+01
2.716712501466776075e+01
-1.595183552566490448e+01
3.792194811578934832e+01
-1.342686489916920323e+01
1.829843789396927889e+01
1.411626551806374152e+01
-3.542386407804664827e+01
-1.403862345361982022e+01
4.911168260269704433e+00
-2.335786893569984102e+01
-2.105145191161261664e+01
-4.884306723697432062e+01
-3.020614624122021041e+01
-2.853180668769385875e+01
-2.454814649628042389e+01
4.555765941470468761e-01
1.019131893306565928e+01
3.819780539701966404e+00
1.361932221219963957e+01
-3.172585660333278668e+01
8.510171689656601757e+00
1.507003484769956003e+01
-3.762744074609853584e+01
-3.474454096658442381e+01
-2.359040151673269747e+01
-1.519096663873749264e+01
9.073564720397826022e+00
-7.379135362392048592e-01
-2.352241203014124338e+01
1.673396307848290121e+01
-1.333284812251389440e+01
2.806066503857812222e+01
-4.971805494217977639e+01
3.535817362166670819e+01
-5.058952183520382562e+00
-2.238001361814959012e+01
-1.399336433479004427e+01
1.051323533661388865e+00
2.499003241366098393e+01
-4.115831029454649581e+01
-6.613795976152374578e+00
-1.129532467268342089e+01
2.497777284758568328e+01
4.667004639070391647e+01
-5.549996290279170807e+01
5.191861775640688847e+01
2.320703078896087845e+01
-4.167753062150692500e+01
-1.783758261016500057e+01
4.422716217452651222e+01
3.317743325891007089e+01
-1.160540918360254636e+01
-3.266931704121816438e+00
7.986740553449109825e+00
4.166233279851842042e+01
-3.167515161496660880e+01
7.076583744747779292e+00
-4.658263737489669154e+00
1.523519395214009364e+01
-4.051367040973630651e+01
-1.859229848582302225e+00
-1.696665916629150672e+01
2.665963479124314972e+01
2.349090676788360099e+01
-4.874278070012348962e+01
-2.666157033404280696e+01
-1.205407004235382828e+01
-2.376371989965078768e+01
-6.508393479144402249e+00
-1.133322038477389526e+01
2.510254944157011892e+01
2.344340799888504989e+01
-1.179265271279433591e+00
-2.562863303846695828e+01
-4.749300692281184411e+01
2.655943067845174710e+01
-2.740564046770680307e+01
-2.029973236149140803e+01
3.309846270220504039e+00
-2.005479174127545150e+01
-2.182352822789735569e+01
-1.597339728143220583e+01
-2.671025530466047826e+01
-1.446848435948299638e+01
-2.897821918749870918e+01
3.120571717219011276e+01
3.424560750293159117e+01
-3.697388773301270248e+00
-1.223710549661035429e+01
-2.344524511726717719e-01
2.535256645580864188e+01
-4.794461195212325322e+01
-1.107829121804780925e+01
2.747886505286317060e+01
3.957732943536782955e+01
-9.351905961016029778e+00
5.502781270401442271e+00
3.061205458496064580e+01
9.255705692555324049e+00
-5.734389890614295382e-01
-2.481783761860049253e+01
1.126014569062454029e+01
-1.934280429836101689e+01
-5.826768689914359811e+00
-1.086021854248102159e+01
-9.183157065915281692e+00
1.267717046180069929e+01
4.414410521665274700e+01
-1.333861527175841388e+00
1.918496047653803771e+00
-5.080286742107246312e+01
-1.054040365432081217e+01
-2.007718933192950317e+01
-1.113118415001679296e-01
-2.623083430467869448e+01
4.762795114070920022e+01
4.530476076822026243e+01
7.830970755248891635e+00
-1.102108102083613517e+01
9.302309163014029991e+00
1.150829735483527827e+01
-2.663573329084813679e+01
-4.716534429880425705e+00
1.056733676763622043e+01
7.432360648042603657e+00
3.075581713739944689e+01
2.256487855262068365e+01
-1.180272080296785475e+01
1.450963426056210892e+01
-5.533642447109239981e+01
-6.690501485108697466e-01
4.870930436416691123e+01
6.669916977366227684e+00
-1.162822520581414665e+00
1.705091520474312006e+01
-1.601173415011766821e+01
5.018855714832761805e+01
-9.284303422752515189e+00
4.491783289904037701e+01
2.188092451057401888e+01
-2.261459781640957090e+01
1.807116808970506838e+01
-1.709754790146480730e+01
-4.037784739222496455e+01
-3.601526175986037970e+00
-3.110749978020817252e+01
-2.935497588882208220e+01
-2.764217226320482723e+00
2.017473261478039603e+01
-5.444202864632870842e+00
-1.749270610692474293e+01
5.009023483957975031e+00
-3.868299428503971171e+01
-3.928104934524835556e+00
-4.638691378377075125e+01
2.727243383307997249e+01
-6.579028524994043892e-01
-2.789596519225291615e+01
-9.250537059193220557e+00
1.035431725547465476e+01
-1.977406873931708731e+01
-2.551338679854600855e+01
5.270956764429944030e+01
-1.353683665104836109e+01
-2.251022548694413672e+01
1.528356325783217073e+01
-9.881785885672059067e+00
3.059884987516387866e+01
-2.533532590951949715e+00
3.911103576167363371e+00
6.046412273582507169e+01
-6.956388149402414456e+00
-2.050053000544781412e+01
-2.404480714333124070e+01
-2.847309144966976646e+01
-1.915586426458401093e+01
1.516061010013305577e+01
1.518586888257965484e+01
1.246657349967676254e+01
4.115214358575263986e+01
1.867962460659725821e+00
1.169859447165018196e+01
-3.556868293137739556e+01
1.499556926359446152e+00
-1.041095017347132057e+01
-1.493715629903215358e+01
-1.931157719131533668e+00
1.885854160899665999e+01
2.139688009467010943e+01
-3.759257464748806399e-01
6.853090786837810811e+00
1.544357416343220812e+01
1.954238701631393837e+01
-1.372312812205072419e+01
-7.085224978864175682e+00
3.867374840262556290e-01
-1.294073553151997658e+01
-2.813569306013874893e+00
-2.008202366823468310e+01
4.446902774812730286e+01
3.604137276981805371e+01
-9.147810546117796093e+00
8.959379852139278455e+00
-2.597364257179204827e+00
-1.678863284730900318e+01
1.997982025923826654e+01
-5.357199712354542953e+00
2.240718379799005788e+01
-2.935101594113022117e+01
1.008767638354751739e+01
-5.579406508304373347e+00
-3.022349874543226633e+01
-1.370968726812077421e+01
1.500413074508600175e+01
-5.118665326077800160e+01
2.411003345792386199e+01
2.615210749065721529e+01
-5.593746711681561123e+00
-3.373956291599398583e+00
-1.798413482388468765e+00
1.401036123001296119e+01
-1.835387597789016922e+01
2.024314029376242274e+01
1.709383332745119333e+01
-5.516457664598561905e+01
-1.987743178827338397e+01
1.333530086901292933e+01
-4.764627074989391531e+00
2.435091072803989221e+01
-3.574136839311321978e+01
-3.033707121872737389e+00
-2.350356818241948886e+01
-7.216061416905023407e+01
4.316504110563543861e+01
-3.273618890185360897e+01
-3.434173668455855477e+01
4.999892186063391364e+00
7.274664524284823131e+01
6.675210669282165554e-01
-1.576064732643692423e+01
-1.755651067703240642e+00
-3.068892284211109711e+00
-4.808436978614543023e+01
-3.434967441455702186e+01
4.597820049390876562e+01
-5.754007596401635283e+00
-2.116584121033338306e+01
2.770307181069131275e+01
-2.012704404545280923e+01
2.069087431208203043e+01
2.989303839646155581e+01
-3.204072299348518982e+01
-1.573173199658168642e+01
-1.949537307199778979e+01
-1.006136335505007651e+01
-9.875132305365013963e+00
-5.841826387564765355e+00
8.046550300843250625e+00
-1.916444564192632072e+01
1.592134817128803093e+01
3.251220784356708293e+01
-5.070130347903067047e+00
-1.143813547330779556e+01
8.188731265480811317e+00
3.143612687572201025e+01
2.928057857665405095e+01
5.486624511339414312e+00
-3.114649083393061346e+00
-4.876950785927803622e+00
-2.849110728122299463e+01
2.158603279025290078e+01
-1.252240155578621739e+01
1.116105315207357762e+01
-7.866654917371420197e+00
1.516663485910038389e+01
1.026076976089446902e+01
-4.516655241544614796e+01
-1.495810772346084150e+01
-4.410814739329475742e+01
-2.001786421919399572e+01
2.964567102089553430e+00
-9.659108316679208883e+00
1.833210391756729507e+01
-1.684676095489214731e+01
2.078864546907404076e+00
6.015950802475799719e+00
3.970761095117654804e+01
2.012048466242200107e+01
-1.694704823224413914e+01
-6.911809659674759132e-01
6.802915192043087700e+00
2.152826265524961258e+01
1.844204761907235479e-01
3.063217989742514646e+01
1.261616482100292203e+01
5.081580548607877290e+01
1.074167668285440413e+00
3.674376628228246489e+01
-1.516615608844062990e+01
-2.115036407077622016e+01
2.470378567978031015e+00
5.225115618255529171e+00
1.503382392545535140e+01
-7.944698926156547714e+00
-7.665265285824546027e+00
1.455645124761068132e+01
-2.717334881126032542e+01
-3.093369253086910931e+01
4.444848475451303216e+01
-3.356201081254425844e+00
-2.191536261800441565e+01
-2.257932282304409455e+00
-7.564282820431799337e+00
2.384415975769820761e+01
1.856767648922959779e+01
-1.133408649621094355e+01
4.801593157502566100e-01
-1.482791587587334448e+01
-1.978006215137168056e+01
-1.498789760376268987e+01
-5.421326725948948422e+01
3.968248115707240231e-02
-3.610194415359988795e+01
-3.124040779014857350e+01
-2.090402538737555460e+01
1.075684521593399268e+01
-2.046391025880654979e+01
1.295810396035447098e+01
-3.434709168637808574e+01
5.848193566427255519e-01
-2.322810472276998084e+01
4.819020681445010723e+00
6.295845875572595673e+00
1.870847329178690188e+01
-1.177525457131261533e+01
-8.934383998071666610e+00
1.657053852528132154e+01
3.322849511094429431e+01
1.841198568547829950e+01
4.680633844659610077e+00
-4.023609490213628703e+01
-9.540431477201494204e+00
-1.772353485290028630e+01
-3.388338884928850803e+01
2.268684513025124261e+01
-2.035533803113736440e+01
-1.853388526355558952e+00
-1.571428940509910888e+01
-5.591557710349241006e+01
2.899771574169973576e+01
-9.859936031774907406e+00
2.272569671881439035e+01
-4.003869084831542580e+01
3.779167482759399377e+01
2.066598421659563201e+00
-1.613285943193519500e+01
4.849041955532499060e+00
-1.169167278371355678e+01
-3.674391071714242685e+01
8.106150817557463029e+00
1.998265675657299312e+01
9.774158738963478754e-01
-2.031074035840367742e+01
-9.173463615887271771e+00
9.832309678848531576e+00
1.791444283950252725e+01
3.533599592643404463e+01
1.328602857900688150e+01
-1.302653526551489449e+01
5.352778600960630229e+01
1.344977926632791210e+01
2.381076070063508610e+01
-1.025155706013839563e+01
1.567470064286644060e+01
1.099685988786447410e+01
-3.476516181860569077e+01
-1.157451081179526398e+01
-2.292991532877952920e+01
-2.070347655231827844e+01
-6.776221998457174323e+00
-7.767013809726336149e+00
-2.365793674835992988e+01
-6.213090640373883389e+01
-1.619228446937474786e+01
7.001452393014687914e+00
5.092580082522715657e+00
7.794271889172676993e+00
2.601308476293303329e+01
7.851173941937783951e+00
1.821850140556199449e+01
-2.332675069574331417e+01
2.563592508137725190e+01
-2.547520495022911291e+01
-4.034299904890849575e+01
1.229538838579412641e+01
-2.421144080474337557e+01
-2.200972634262416250e+01
-8.890749112844193291e+01
-6.479796086733429661e+00
4.574372531364309680e+01
2.377629956007878320e+01
-5.757896798996625876e+00
-7.720470236163436084e+00
2.118213280822192246e+01
3.729027877740897168e+01
-2.333531108564159240e+01
-6.031226706058816944e+00
-1.908502922958263071e+01
-1.970270195728380713e+01
-1.722757099203372633e+01
7.082643591537177485e+00
3.968530116013192810e+01
-3.654739270958251041e+01
-3.144022966013557152e+01
1.844721623373118291e+00
-5.983311227759884332e+00
-7.468627303159188102e+00
-5.059466512154233442e+01
3.527127343645753399e+01
1.345134588099284656e+01
5.274497457822103996e+00
2.716728165371704051e+01
-1.839873337275091103e+01
1.735798002840714105e+01
1.558744084352011328e+01
2.015814286398978084e+00
-3.401778629908250196e+00
4.950959248428858928e+00
-8.855028525846663001e+00
2.846267061181632130e+01
-2.247294528933366564e+01
2.417208541332323080e+01
5.393152888239313825e+00
8.092041892932314795e+00
1.276737218678613317e+01
-4.876942268550206450e+01
4.736842375739286126e+00
-3.756156569737487416e+01
-2.746874175442580679e+01
-2.746503626020076183e+01
-2.800546737217726445e+01
2.985936807755251721e-01
9.402613369676743105e+00
2.794215446208787057e+01
4.852203974309592382e+00
8.059136493243894250e+00
-3.938583823677259943e+01
-1.430200250498536718e+01
1.907564791589960862e+01
-1.135349797947270645e+00
-3.370133342735925908e-02
-4.965136858607991144e+00
1.965801972378248763e+01
-5.119198918470721082e+01
6.320549666396686916e+00
1.138404117034301066e+01
2.424784756961914667e+01
2.073316993273311226e+01
-3.173959961618696468e+01
6.310943278624506547e+00
3.267678421422061774e+00
2.634296936597365857e+00
3.340298944151953719e+00
-1.055880480002974764e+01
-1.978960215773490461e+01
1.060212872658736671e+01
3.373921424559091520e+01
-2.799309562577150245e+00
6.473981397090909695e+00
9.525226441808570144e+00
-1.439053782295394512e+01
-1.524813163480843059e+01
-6.691037851782579082e+01
-2.067280458725426229e+01
-3.059775539444383696e+01
-3.748776681053385573e+00
-3.783270012969012441e+01
4.209669421087940577e+01
-1.755756723592020307e+01
-3.007303144134823469e+01
-8.674571804586310009e+01
3.724017051890655239e+01
7.479226078976381586e+00
3.435191924163348176e+00
-3.512725306859690022e+01
4.934621948231324495e+00
-1.116882880606755180e+01
-1.836573902528963131e+01
6.565553434036718983e+00
1.891592137085885383e+01
4.092003426392622600e+00
-1.189834264229824612e+01
-1.296156028124642035e-01
1.536044444301950307e+00
8.823608707741811941e+00
-3.559835507522172549e+01
4.044479786631388407e+01
-2.403117112951691325e+01
-1.676459667634408035e+01
-2.742392847131185363e+01
-5.828091473995366556e+01
5.036326087522738248e+00
-2.936607935644687473e+01
-1.067086509346089684e+01
1.829006770159060125e+01
-1.448754160546218372e+01
-1.945292567495641833e+00
-6.580829617833927614e+00
-1.125324331958381663e+01
1.784195144085856555e+00
3.039311878440700809e+01
-2.817444936711022763e+01
5.573209136772030092e+01
-1.268098898947917519e+01
1.873033132917402099e+01
-7.699459039583835818e+00
6.379475025751116135e+00
-6.115457794298094996e+00
2.458369463791416365e+01
3.434146820175575243e+01
1.072694641713439978e+01
2.578343805099748209e+01
-1.993788600996471416e+01
-3.710922082238816699e+00
-1.249070332153513618e+01
3.844931473157856772e+01
3.227307777023867175e+01
2.438995857820356150e+01
-8.573121132099686292e+00
-1.558158551197786323e+01
1.394681758711508479e+01
-1.574921822230015778e+01
-6.971750072421002642e+00
-3.233526802438220216e+00
-1.652841652017573892e+01
2.782443222448083020e+01
-4.625048275827673194e+00
2.125696641583301272e+01
1.096298984353084727e+01
9.669207204267834754e+00
-1.852910946543757120e+01
1.484343693347473447e+01
-1.025370436579018474e+01
-6.591995743748327641e+00
-1.743916650128511492e+00
-2.694196759760041004e+01
4.177580763134568542e+01
-1.490450521358465252e+01
-1.798334802255851628e+00
1.245378694768839978e+01
1.076694701399893006e+01
4.151174007302206803e+01
-9.613156295987579369e+00
4.219267537766799592e+01
3.783999301986580122e+01
-5.244053772148976122e+01
2.851903639484895336e+00
-1.041011552870563150e+01
8.778732303360897049e+00
3.337108206832340329e+00
1.112505210137277345e+01
3.489925479370852202e+01
5.467189670858211059e+01
-4.205143046376994675e+01
4.235697023547720619e+01
-5.480615880137236218e+01
-4.548070295675253050e+01
-8.076219397580160830e+00
2.709664704264014290e-02
4.076501342150935159e+01
2.004432790088850425e+01
-6.767250935320362260e+00
-4.992458901142664729e+01
3.950850234839763431e+01
-2.336633618450559879e+01
9.781962930814529500e-01
-3.995159436650425278e+00
7.047862667564982075e+01
-1.417668019963818438e+01
-5.976953921346859033e+01
1.751814923721383366e+01
-9.106337395638333021e+01
6.438009356550551843e+00
-2.042767957569213877e+01
-1.030648881697874231e+01
-1.519173773721668397e+01
-3.273945394178093693e+01
2.143456243327109689e+01
-2.128483423338197866e+01
-6.562559039170992037e+00
-4.415452584183739759e+01
-2.443416085823713502e+00
-2.926175041788538778e+01
-4.179620321186700949e+01
-6.359297139017587597e+01
5.137479078036847113e+00
-1.993868222880146845e+01
3.505249328166314626e+00
-7.902184077575839183e+00
-4.549293847861980566e+01
-3.638203737606841059e+01
-3.052900843371224937e+01
-3.174722797816392017e+01
2.983589648815915041e+01
2.856772292852298278e+00
-2.790415133768453870e+01
-1.217134887764598261e+01
-1.375622763351407229e+01
2.253090270753092383e+01
-1.739215772309992758e+01
-4.292107921457265718e+00
-1.572358931601081622e+01
-2.001234236801550992e+01
-2.265295063380665397e+01
2.068661928386669047e+01
-8.716592149656207766e+00
-5.184835193012594345e+01
4.316417722999000262e+01
2.466492512719538155e+01
1.493882198721593113e+00
-4.374194407647405569e+01
-4.192443374193697991e+01
3.834821922355672541e+00
3.978103070007819042e-01
-1.769803329658577695e+01
-2.562822373975252788e+01
1.757631436446996531e+01
-3.096164541537604009e+00
1.473659670473148253e+01
2.746629216255769279e+01
1.778960047904018893e+01
1.788317538195084921e+01
1.338602978478434835e+01
-1.168924053374504979e+01
-8.349153901676118039e+00
-1.217481677772895665e+01
-2.058154591956105151e+01
-2.395939649767802848e+01
-3.567773195035466927e+01
-2.086935043333468798e+01
-5.730157466888059048e+00
-4.307407803531896207e+01
-7.997308504827230990e+00
2.045800318404714346e+01
-4.422613826630595213e+01
1.670320537341262934e+01
1.506144480966545984e+01
-4.032610096102592934e+01
-3.179144883368772412e+01
-9.629923101913533401e+00
9.848597941136517875e+00
-2.209909742088950679e+01
4.055286685961083037e+01
3.599311534921005773e+01
-4.334886998699818150e+01
2.508553857124218212e+01
1.951556591227696913e+01
4.910986713872489418e+00
1.217385729059154187e+01
-2.401145087676033540e+01
-7.325741690359322433e+00
4.644817707762911141e+00
1.079277001279152159e+01
2.373748722394240218e+01
-2.875588972125524734e+01
-3.360597304388193152e+00
8.414319553642926053e+00
3.038941114951001055e+00
-1.669525758564608964e+01
1.225219518112510997e+01
-1.434178187064895837e+01
-1.151688910489154694e+01
6.608341399278003792e-01
-3.416946683012365327e+01
1.666919594828087270e+00
-9.473725038562918144e+00
-7.766872033993792002e+00
4.721472877174022642e+00
-3.049684257704959123e+01
3.331869533913013015e+01
-1.415292382430361329e+01
-7.487974850416568984e+01
-4.794057728246619376e+01
2.078611057727708555e+01
-2.273621613326068314e+01
-1.055557236401244836e+01
-1.472897338294738745e+01
-1.031458146630362194e+01
-5.661072605199655072e+01
-3.556830490142033341e+00
-3.502172806400091076e+01
-1.936982420604897470e+01
1.192860509653920076e+01
4.422670757899504679e+01
1.591030131033033257e+00
-5.700888304814526464e-01
3.346941749554771661e+01
-3.115806152452226740e+01
1.796203764625037280e+01
4.285324929704444230e+00
-2.679586005240776103e+01
-1.432679648261179750e+01
1.250627293803586326e+01
3.710578250224330077e-01
6.838086753471532830e+00
5.816657446032294843e+00
-1.330423128544387623e+01
-1.826894814107538423e+01
-2.813849901128452302e+01
2.770030841329634086e+01
-3.627311197824276690e+01
-2.694051723036258750e+01
6.992810900106988470e+00
-4.889126069193657997e+01
1.266837572604453044e+01
3.606130339075139091e+01
-4.066636990976064681e+00
6.553054501841188539e+00
-1.621816269341343286e+01
-1.238619927063433579e+01
5.847748494118661711e+00
2.137341787565830487e+01
-2.183803727020597307e+01
1.520634399938916204e+01
-5.976254388020606712e+00
1.731633533543345038e+00
1.302619063342423544e+01
8.373737575485861839e+00
-7.238971399337593482e+00
1.191492190126552941e-01
1.076522146772555288e+01
1.609471529046538762e+01
-4.040163589131435629e+01
1.862244922531886004e+00
2.897168860916733735e+01
-5.194260028650444383e+01
1.709069839735106910e+01
-6.560622027067520889e+01
-6.051160707929259530e+00
-8.337092531706105092e+00
-2.952962173027231074e+00
-6.842676700577698057e+00
-1.414070561673250381e+01
-5.351157256681688068e+00
6.730298678011450875e+00
-1.499704626380818340e+01
6.779888740161041483e+00
4.928529792137010190e+01
-3.407928929289082021e+01
-1.485463209787025107e+01
2.241457265549439626e+01
1.351716381045319793e+01
2.459340347505298041e+01
1.186063052011173369e+01
1.185363132656534901e+01
-9.048700223092453143e+00
-2.757682065453872156e+01
-2.541005464856033313e+01
-1.517929733650956337e+01
2.596060792706936127e+00
-2.375473025243172742e+01
-7.860564631636357547e+00
4.090038322871748733e+00
1.336646456997294763e+01
-5.739825445985832886e+00
3.351064836139039471e+01
-3.250789384386411029e+01
-2.204064684826164466e+00
-1.729141653557897840e+00
1.546272010418094567e+01
-2.205947562967482867e+01
-1.397104481421993682e+01
1.054347587043937651e+01
2.524819612062543683e+01
4.194201579123671308e+01
1.792684871486721931e+01
2.349276119332131429e+01
-1.567379116033920283e+01
3.538241108989211625e+01
3.706771509487163030e+01
-1.442501912187992730e+00
1.918252462945815751e+01
2.115568974274546576e+01
-1.320499419244777073e+01
4.770353872093807013e+00
3.406051078439054436e+01
-1.353632642399423958e+01
-5.137082320104241262e+00
-3.378943434258339096e+01
1.334073634121872942e+01
-7.203056718060580010e+00
1.104120871102315959e+01
3.279465189564191974e+00
-2.231516954293321575e+01
2.554098877334001827e+01
2.248402401977534737e+01
-1.509252764217490039e+01
1.069280173899934283e+01
-3.423574772244745645e+01
-2.976825043768846513e+01
1.385741207228090843e+01
-3.817311832768587010e+01
-1.723572213403333819e+01
2.882777381117023197e+00
4.631605051444650201e+01
-1.427343052199589124e+01
-6.863889952386756477e+00
-1.008183299956269252e+01
6.280090498024435419e+01
7.808730061246990317e+00
-2.413668496158831545e+01
3.967357232059930539e+01
3.512659725315015180e+01
1.757263050086456246e+01
4.208217128476465518e+01
4.812077445231973627e+01
-4.176619314006739359e+00
-1.551839417780202268e+01
-1.623003983575239317e+01
1.616801944718373818e+01
2.104664884103712552e+01
-3.844384674745640496e+00
-1.293127891605286095e+01
-3.418071155794544325e+01
-1.412507042564796222e+01
-2.528656236817954550e+01
1.687853216872896667e+01
9.572355635855956280e+00
3.566741933064599834e+01
4.176375495481607913e+00
-1.319657619356058831e+01
-4.743918510850257064e+00
2.207913348161773825e+01
7.007747878896680049e+00
3.048359949264133206e+01
3.119029828478494437e+01
-6.748516615397790019e+00
-6.032766039290038407e+00
-5.619122780826535291e+01
2.831888720756352029e+01
-6.880589939655123999e-01
3.031938406351238768e+01
-1.211426107305420174e+01
-3.488930396005429202e+01
1.179962842628866326e+01
4.072677676768117294e+01
-1.461903989197357845e+01
3.694431670627170661e+01
-4.068351766526836855e+01
-1.288652864313918656e+01
-4.545673994525907347e+01
1.064369732145999592e+01
4.510050879958470205e+00
3.015027065221289604e+00
-3.474228466865451992e+01
5.063953575471862223e+01
3.026424585257319677e+01
4.930517040676704710e+00
-2.882362891397178828e+01
1.210314937123118284e+01
-1.300586749208936510e+01
-6.929024283674777962e+00
-1.339132590791263056e+01
1.023418742713345608e+01
-8.083891937146773898e+00
-1.124752224167502845e+01
1.162513422784650174e+01
1.444736587373670034e+01
-4.778779365651979560e+01
1.109998072936653557e+01
3.765350024476516921e+01
2.242789833774915564e+01
-5.837810070799887896e+00
8.369570763469624808e-01
-1.956199670996474538e+01
3.232286660725543470e+01
8.657622109602272076e+00
-2.336814302811660582e+00
-4.175563927022608368e+00
5.955589245759207984e+01
-1.773867912060040908e+00
1.357151366823754302e+01
4.158475078867118668e+01
5.353641088063722009e+01
3.460925901217163414e+01
2.257600538862439521e+01
-3.698802839094081207e+01
-2.521520502004125319e+01
1.916398493530982705e+01
3.866882638873079259e+00
1.760240459012837277e+01
8.853688644731747104e+00
3.419708648538485818e+01
-4.304219721127560661e+01
-2.711694027943357810e+01
-6.400272844899831171e+00
-4.754425585921033814e+01
1.062828020600413481e+01
2.446508411933571381e+01
3.787261968042116678e+00
-1.232880479098849946e+01
1.288927255366982649e+01
7.674654808801665240e+01
1.712491326761039545e+01
8.745402664478660881e+00
-2.607734831442343193e+01
-3.326796820462556070e+01
-8.133736568302815328e+00
1.833732337432462600e+01
-3.291821007924227160e+00
1.317421555206392725e+01
1.938632187652541461e+01
-3.168076572476681463e+01
1.446263679914358136e+01
2.452663553811777319e+01
3.129180161845164321e+01
-3.668765914542092332e+00
2.604044790851446578e+00
-5.561942003142647195e+00
-2.680156716695853447e+01
-3.848656253370430136e+01
4.404188338551531956e+01
-4.294872155729294150e+00
-3.062720444989096791e+01
3.029638569836450301e+00
-1.434694147231785877e+01
5.030477832644896807e+01
-1.294294486712482239e+01
-1.987602052265336283e+01
1.928509713336734421e+01
-9.095626300639082729e+00
2.467335548221254271e+01
7.262277212327603593e-01
5.385323721211952375e+01
2.924703287764616988e+01
2.222587466811372536e+00
-2.062735921204371436e+01
1.520741718735314407e+01
-2.985857629380996769e+01
-4.845366099977724161e+00
3.394879533688373385e+01
-1.549365052122416841e+01
-2.487470157483434718e+01
-1.343671829215534785e+01
2.772542842956863751e+01
6.995535865904528805e+00
-4.590262157267756038e+01
1.840538589008652082e+01
5.138837192635918427e+00
5.109457279395897444e+00
-2.790486533623749210e+01
1.612503486568584776e+00
1.870851003949300662e+01
2.651478649825109812e+01
3.651143870143942394e+01
1.600065488412921155e+01
2.176238870226740119e+00
-2.996538707586626060e+01
-2.591156137535602966e+01
-3.824357975954036704e+01
-7.280637835360153076e+00
1.757150891257973058e+01
-1.359586261068741919e+00
2.843671909843760659e+01
-1.811088038209737761e+01
9.113669676904578409e+00
-9.640401145962229634e+00
-1.655109864797039876e+01
3.388474521418042684e+01
3.913647661474044526e+00
3.485969223485227531e+01
2.624603476115339618e+00
1.233978868144283148e+01
-9.970690623258576579e+00
3.366024130661965330e+01
-9.208439443342811614e+00
3.521761454122298574e-01
-4.329557675187803056e+01
-5.317102289105463342e+00
3.962931342646936628e+01
3.542394151931148372e+01
1.493523307236610265e+01
-9.207625034277839404e+00
3.099894861235881649e+00
-1.162971275175640073e+01
-7.692535528363265485e+00
5.126397093634998470e+01
2.793491770920070394e+00
-1.453669004607300508e+01
-6.010055731335764051e+01
-2.634873670700537218e+01
-2.130818283857098550e+01
-3.556203076783583583e+01
-3.221854853698980037e+01
-3.838623460986741520e+01
-2.547007129388703106e+01
-1.766517704389877963e+01
-2.745267464416149039e+01
2.604231836866434335e+01
-1.155528878155928396e+01
-4.903755967644406155e+01
2.229389087481189335e+01
-1.690399154074110299e+01
-4.509219350792770342e+01
5.394067320792817100e+01
-1.445772505509571815e+01
9.526204435210473775e+00
2.224238041691435797e+01
4.987416153192668844e+00
1.482028972412149415e+01
1.789293694883184571e+00
1.101307304139371723e-01
-8.243831883830608831e+00
-4.190433731355150826e+01
6.602636062069869638e+00
-6.927371695418901254e+01
3.946014675221995560e+01
-2.368836805825921488e+01
-9.848812367428223524e+00
-1.016630029206618246e+01
8.331665610885735873e+00
-9.501793124897289999e+00
1.501878803124901651e+01
-3.075925409486355022e+01
1.991951958070600881e+01
2.400106735917438172e+01
5.820943980771886572e+00
6.368742628364401526e+00
1.201772239440721535e+01
5.072126572990867999e+00
1.537534587180783774e+01
-4.406645551299320118e+00
-3.914519947147368839e+01
5.324048988137150218e+00
-1.382256298774797187e+01
-3.009042194184189611e+00
3.079052243989232807e+01
-4.475152131495342900e+01
7.798127078471850382e-01
1.173535628402788689e+00
5.114001473808883702e+00
1.747122055026714804e+01
-6.792598140659176664e+00
4.634909112054668867e+01
2.454410460746487388e+01
-8.567165432089694832e+00
-4.217163047750688065e+00
2.111156971114724001e+00
4.294291394759000013e+01
-2.955548926155205436e+01
-5.748986244532619594e+01
1.719260632763476337e+01
-6.828301356287298063e+00
-9.326873221632880018e+00
9.239293739094378566e+00
4.243360408359484381e+01
2.477985564231599369e+01
-8.957592900452624463e+00
-2.938971892524989471e+01
-4.781007497921919480e+00
1.578644001081615045e+01
-8.555760531922089740e+00
-4.174438847750911918e+01
-3.409139420772802964e+00
-5.337938316839579045e+01
-2.842568099837487239e+01
4.598665166084472844e+01
-2.919239071351807979e+01
-3.826667731893431323e+01
-2.887451478393786175e+01
-2.071580239873674145e+01
2.027991237201894137e+01
4.726168279869605016e+01
-3.730987913089336416e+00
1.452500192438895965e+01
-1.192507862192043433e+01
-3.903938523711126862e+01
2.636799688977936285e+01
-2.649629525915929662e+01
1.465015958328632451e+01
1.794374790194029856e+01
-5.956983415866574205e+00
2.119758384861242462e+01
2.315655917045452838e+01
6.384665611479601921e+01
-6.679301448620833526e+00
-2.914803988411048863e+01
-3.539000251423465215e+01
-9.652874437703090393e+00
-1.885732201742028380e+01
5.321239102058257231e+01
-2.469306391415707935e+01
6.505174955977309992e+00
2.752697618796531742e+00
-1.240452768400638206e+01
-4.782617125970267580e+01
-3.529911826394595664e+00
5.553340812046559449e+01
9.783095917758757309e+00
4.220665615121504288e+00
-3.258040019699451761e+01
-3.242764501839553759e+01
-7.941024155555528097e+00
2.592656975551756204e+01
-1.430608436220686031e+01
5.796695547054935105e+01
-2.730130384923270981e+01
1.058483996208587996e+01
-7.732120647315127826e+00
-3.658774674790012682e+01
2.434133462628409461e+00
-2.893286713753821005e+01
-4.167088854438424050e+01
6.253162344255144944e+00
1.081673041277767311e+00
2.947587468603265393e+01
1.331161467488465178e+01
-1.895139566923444718e+01
1.211870576191245163e+01
-4.934539842582784530e+01
-2.700489255257804189e+01
5.031574113246030322e+01
4.653520374850799612e+00
-5.981561166941617103e+00
-1.678343324655045876e+01
-2.466391209389257710e+00
-5.596747990670792205e+00
5.021132145575938921e+01
2.347810375549793349e+01
-6.667110648903076253e+00
-1.976363159615743825e+00
-2.217479677789904002e+01
-8.837957134586332586e+00
-3.553180178584045734e+01
2.784092874288834096e+01
3.939437745547067493e+00
5.825728088594814835e+00
1.012334256969604951e+01
-4.520054432326777061e+00
-1.160285271467917667e+01
3.080905039655100097e+00
-6.105828506029529024e+01
-8.739041943980595306e+00
-5.792349651265254806e+00
-4.372111572271947466e+00
2.717950725997695827e+01
3.668220112655372844e+01
9.780367722481003057e+00
-5.369841742093102255e+01
3.510218523825403736e+01
-1.206711256754002193e+01
-2.112090546256979451e+01
-4.917379876113933790e+01
-1.694575906062793536e+01
3.505587206735751948e+01
1.720673585497320346e+01
5.635246529100527368e+00
1.899339041818015517e+01
-3.292679773755043016e+01
-2.625849536370049009e+01
3.181141274017775800e+01
2.193808912253579990e+01
2.709819853969204928e+01
2.794549355357617060e+00
4.754742063082659342e+00
3.076050922115157960e+01
5.443534442583145960e+01
-1.176723532061883049e+01
2.171353049168249072e+01
-1.461700171910973722e+01
-2.470341394938556334e+01
-1.954320623684571956e+01
-1.964216441927041501e+01
-8.187738204088930161e+00
-2.682898765610087821e+01
-1.104621292184356207e+01
-7.652420058348396026e+01
1.912778825600102550e+01
1.249263727941427504e+01
-2.681200371110136871e+00
-2.188142011646948504e+01
-1.041626097454661704e+01
-3.097979786877817787e+01
5.521367540879566604e+00
4.541783910152912540e+01
-1.245925709241805635e+01
-9.508008745828675501e+00
1.183476071254642648e+01
-2.879027584952596897e+01
4.769356628402015019e+01
8.272222876172897088e+00
7.872259699570236080e+00
2.788207347938029557e+01
-1.399757806726455556e+00
3.155381931882465096e+01
1.065450547790619851e+01
-2.212997075671736980e+00
4.631131470791899574e+00
-3.551729728278019138e+00
3.729842560636859616e+01
4.828730015950924326e+00
1.022197881986232915e+01
-6.526189390656611522e+00
7.906418391776853127e+00
-5.196031893071457830e+01
-1.978996083431457009e+01
-2.747641870241693596e+01
2.669149164008010189e+01
-1.801299621495235215e+01
-3.380035011797724565e+01
3.257295664879274000e+01
-6.846815967321632002e+00
2.280822951444895352e+01
-5.068796306093514659e+01
1.043017938673245304e+01
2.923760645562452964e+00
3.477600689364749087e+00
-6.574221134542085565e+00
-4.092813794743335620e+00
2.854796390715356225e+01
1.011264323608941140e+00
-2.858009479470490533e+01
-1.053858541400541071e+01
1.237602396692990681e+01
-6.468440789107064859e+01
-4.947690790651118675e+01
7.331064530222874964e-01
7.904469954767343154e+00
-2.642575690775510822e+01
-1.061899718348598753e+00
5.912588243462175797e+01
1.572111625265318935e+01
-3.025996375385250303e+01
5.257789992270332391e+00
-5.223133318655271751e+00
7.013257143184446818e+00
-2.000791099574803411e+01
1.236615978686170791e+01
1.479510356134079530e+01
-3.896298514505275534e+00
6.268852199787842494e+01
-4.441038598595369535e+00
-1.771829223272163745e+01
1.336751631634007254e+01
2.410306445815854204e+01
-1.893703643310993812e+01
-1.024635587406269366e+00
5.493538166094801056e+01
-1.573668049913692357e+00
3.297445244797711439e+01
8.191945286372458668e+00
-3.921715798259036490e+00
-1.275029979771397848e+01
2.928427426012193280e+01
-3.135355110389842537e+01
-5.806049367831178643e-01
-1.020418339518579387e+01
-2.226448343253809981e+01
8.430677373040094125e+00
1.490375425949922494e+01
2.420715470891138921e+00
-2.154250560188870622e-01
-2.233791623924366831e+01
9.094980400424049094e+00
-1.830649019641413133e+00
-1.271036191499815260e+01
-1.130216533885143804e+01
9.248757769737437684e+00
-2.066013595220624666e+00
-2.120487051469353901e+01
-6.113295467135517924e+01
5.883560867474571410e+00
1.079870099860249866e+01
-2.720507800838510093e+01
-1.340619544429648613e+01
4.638060812432976832e+01
6.295606232914707334e+00
2.213345855173588461e+01
4.855969366554077737e+00
2.234100405157099090e+01
3.200480119348497965e+00
-2.184408122894195969e+01
-6.108278311783763570e+00
3.057603426228212129e+00
1.765908909750140765e+01
4.229243874185053187e+01
2.761571383695658710e+01
1.691415421929150398e+00
9.570472131401004390e+00
3.398152657843064617e+01
1.483212091930733934e+01
-3.889196488742359747e+01
-1.547024166160602476e+01
6.248019955623448141e+00
4.792499517616363391e+00
1.384817360685929089e+01
-2.905911805584182162e+01
3.967621331216520275e+00
2.426075547218671602e+01
2.685764213096550890e+01
-2.412854671907984994e+01
9.735226614310477089e-03
-1.252142544212233588e+00
-9.537179126769729010e+00
-1.595502835277230957e+01
-8.686294588598315158e+00
-4.947589542369954074e+00
5.670177644110367510e+00
2.373896228208796799e+01
-1.734735707558628803e+01
4.541756679552304377e+01
1.840829546154006380e+01
1.504587472680250926e+01
1.986922284554920282e+01
1.520239458116251541e+01
2.041064110318993485e+01
3.071191491221942726e+01
-2.554525581755179786e+01
3.495975044438602453e+01
-6.403977190378621742e+01
1.777186633292262385e+01
-6.002650631826699623e+01
4.685648971099089977e+01
4.228817980106009600e+01
-5.293453025966726955e+00
-2.703210182053530275e+01
-2.383875568439256654e+01
-3.088199419319829531e+01
-3.557732348571676084e+01
3.176016090376799639e+01
2.362171917536929300e+01
1.341949610491801081e+01
1.589318334124419607e+01
2.510459500990282322e+01
-2.200209114645451791e+01
-9.965439197219978951e+00
3.096548779650192529e+01
-7.325486452286241956e+00
2.998122919262223718e+01
4.183837562002528898e+01
-3.245446643783221674e+00
-4.111913937449651257e+01
2.797218097066661358e+00
-1.462432829967148962e+00
-5.728853917896969961e+00
5.896683697844196104e-02
-3.660616737676696175e+01
-7.061595060689370484e+00
4.962415985601563051e+00
7.466929872457654938e+00
2.744408622577583401e+01
-2.398884639245228811e+01
3.126786195407055402e+01
-2.239994101696223083e+01
1.440265657969985114e+01
2.267601877825257617e+01
