---------------------
  #    meV     cm^-1
---------------------
  0   13.9     111.8
  1   17.4     140.3
  2   20.3     163.4
  3   23.4     189.1
  4   28.5     229.9
  5   33.5     270.4
  6   47.1     380.0
  7   61.5     496.0
  8   68.3     550.9
  9  103.1     831.9
 10  118.1     952.8
 11  136.6    1102.1
 12  138.1    1114.1
 13  143.5    1157.0
 14  155.8    1256.9
 15  175.5    1415.2
 16  180.0    1451.6
 17  182.8    1474.1
 18  198.4    1600.5
 19  361.3    2914.2
 20  368.2    2970.1
 21  383.4    3092.0
 22  415.5    3351.5
 23  429.5    3464.4
---------------------
Zero-point energy: 1.902 eV
