---------------------
  #    meV     cm^-1
---------------------
  0   17.9     144.6
  1   21.8     175.9
  2   29.1     235.1
  3   37.1     299.2
  4   42.8     345.5
  5   53.8     434.2
  6   57.0     459.4
  7   59.7     481.2
  8   63.4     511.5
  9   68.8     554.8
 10   73.7     594.2
 11   76.3     615.2
 12   76.8     619.5
 13   82.1     662.0
 14  120.6     973.1
 15  134.5    1085.0
 16  189.1    1525.5
 17  190.3    1534.7
 18  321.7    2594.5
 19  425.5    3431.5
 20  428.2    3453.4
 21  438.1    3533.8
 22  440.0    3548.6
 23  461.9    3725.8
---------------------
Zero-point energy: 1.955 eV
