---------------------
  #    meV     cm^-1
---------------------
  0    7.6      60.9
  1   10.5      85.1
  2   13.6     109.8
  3   18.1     146.3
  4   22.8     183.6
  5   26.5     213.6
  6   38.4     309.5
  7   40.3     325.3
  8   49.1     396.4
  9   70.5     568.6
 10   72.9     588.0
 11  118.3     953.8
 12  130.9    1055.4
 13  141.8    1143.7
 14  165.9    1338.0
 15  172.5    1391.2
 16  179.9    1450.7
 17  351.7    2836.8
 18  357.6    2884.0
 19  369.9    2983.8
 20  473.1    3815.9
---------------------
Zero-point energy: 1.416 eV
