-5.496916185375428920e-01
-3.928744072882572880e-03
-1.137317812982194809e-01
3.757370932056718349e-01
-1.906668354175804492e-01
-1.426233316459204481e-01
-3.955119320247950654e-01
-8.217623123696125020e-01
-3.203192688817404488e-01
-3.555670187811044158e-01
-2.865646260145087165e-01
2.578630642491475111e-02
1.419436813627905636e-02
-3.946093501305814044e-04
3.279800390058662529e-02
4.030777237758140785e-01
-1.917219901902914581e-01
-1.144688391853911913e-01
1.976469158595799414e-01
-9.596928292278456007e-01
4.650646609623912964e-01
-1.847329960526078452e-01
-5.648237057006094686e-02
-8.984715619061733882e-02
7.177134194655820920e-03
-5.192544801623766304e-02
7.806301622262488138e-01
-1.650970163090264009e-01
-7.260734167532056915e-02
-4.658199666424549523e-01
6.367967551662623293e-01
-6.997750575127659189e-02
-3.615969437334749514e-01
1.601972033594966094e-01
-2.585248110097104757e-02
2.145312707710802513e-01
-9.130579166653607359e-03
2.058076494076899188e-02
2.987511676003929972e-01
-8.856530829116686654e-01
4.914887154732767716e-01
9.485263693048961997e-02
-7.964795526140244775e-02
-2.580289313533905005e-01
1.099416392386323160e-01
-1.346432431077073666e-01
4.228862998382769689e-01
3.083616208610431286e-01
-2.010031102238594158e-01
-2.594584442569196625e-01
-2.637888283480744889e-01
-3.233219427785076761e-01
1.857661830209773601e-01
-4.487182559586000430e-01
1.280271435384738865e-01
5.172273272760969931e-01
6.110000999537597011e-01
2.884712885593536669e-01
1.563808089073037699e-01
2.648133134758916540e-01
8.006638063134641214e-01
1.707587250974960114e-01
-4.832595318179744304e-01
-1.063783220253342598e-01
-2.570978306405171665e-01
5.400928943875937804e-01
-6.573569361586588666e-01
-5.297932961982878552e-01
-2.786368224465234356e-01
-1.267614375736707544e-01
-3.519271152565557337e-01
2.469303914450404758e-01
1.237649120188475393e-01
1.158365138902723857e-01
-3.431189659612308707e-01
-3.020511915898551614e-01
-4.882311806177090929e-01
3.032377295467272305e-01
-2.832074113204281485e-01
2.729706341714472906e-01
-6.738926078649377926e-02
-2.665699765375753039e-01
-4.526815588773338561e-01
-1.248268795941109843e-01
-1.311398099156129149e-01
-1.267347506182077144e-01
3.537671693860271471e-01
6.386082293109627273e-01
-3.645305764729084297e-01
-6.836715529804923142e-01
-1.645941064024742939e-01
9.578649729398160950e-01
-4.951408302155781982e-01
2.767248729407967289e-01
-7.368280693795892233e-02
-5.383664824167404550e-01
2.428933458098735398e-01
2.838138522964159804e-01
-1.243552899115329957e-01
2.659341272593325201e-01
-2.351721788947234160e-01
-4.861302786796604103e-01
8.409168547384249237e-01
3.889448504084258573e-01
2.147882388653368224e-01
9.056537587982749216e-02
1.590494480551227774e-01
7.091769069756814758e-01
-2.417723902910574596e-01
2.756652031193984609e-02
-1.217138654286411104e+00
1.794366569349361562e-01
-5.860335533600249391e-01
1.100135666024177894e-01
1.823269226312094204e-01
-2.941900687945180337e-01
-4.541348001785019406e-01
2.986576634711113343e-02
-2.650371435799425690e-01
3.568957918575152988e-01
-3.908299272968029925e-01
-5.813486321795480194e-02
-3.284425074300957315e-01
-1.559934114177341513e-02
1.655908645610604246e-02
1.698940710142236021e-01
4.878230388217552616e-03
-6.285427791502096184e-02
5.562662156162270222e-01
7.913951751593988337e-01
4.248677755926739685e-01
6.092804003526992584e-01
-1.263094413691226992e-01
6.283411552020634616e-02
4.516846659844029332e-01
5.498110193019378755e-03
-6.580555493906374842e-01
-3.732833253036405563e-01
-4.274007692234633726e-01
-2.553352860225144294e-01
2.285142058825186950e-01
-1.034877692436703356e+00
-1.122334982422894534e-01
3.742880637311860603e-01
-3.561549356573863179e-01
-2.783228937883954757e-01
4.669292627302663590e-01
4.201005006401987707e-01
-2.619330781959917642e-01
2.421207843373887059e-01
-2.297366475701696498e-01
3.318168019763491627e-01
6.891747868694553247e-02
1.149712142468035658e-01
-7.248526363124603300e-01
-4.154811168042112368e-01
-9.158518375024282676e-02
-4.017135700216370453e-02
-3.510218981757766699e-01
9.486963489615787282e-01
-1.164639231173048017e-01
-2.595013153333478595e-01
3.524238677121340757e-01
-3.947996553653335683e-01
-3.184167721918060856e-01
2.604999235820795178e-01
9.267009464554099019e-02
8.308317336411619181e-02
1.163986329640693818e-01
-1.009458333980495226e-01
1.062005683072118067e-01
5.105781552878299046e-01
-2.521104086180385728e-01
1.692969698730517614e-01
7.799639875109796172e-01
2.737629103117908969e-01
-3.347234278297683829e-02
-1.577945065781128919e-01
1.322902602866022015e+00
-2.047814154417544330e-01
3.373871405424324621e-01
2.455827360331390707e-01
2.630147607313024771e-01
8.122701752507852646e-01
4.049518663922579975e-01
-3.475689201622025881e-02
1.989457191998260654e-01
4.464192081454392280e-01
3.227273122469047628e-01
-5.227925196931932916e-01
8.176920252684443113e-01
-7.643732685502371282e-01
-1.179081248124196901e-01
4.869752837351033481e-01
1.054670308739066309e-01
3.162450758558765784e-02
2.604877878539776370e-01
1.554892354861920900e-01
2.802988794643610504e-01
-5.360162671979900040e-01
2.880989974307013313e-02
-2.089042224976305206e-01
-4.311500470643048200e-02
-4.338501610596345870e-03
-1.048029615131117476e-01
-5.335383067563359560e-02
7.399311982431502344e-01
-3.965619582852886182e-02
-2.585251528890051276e-01
-1.901143495490753565e-02
1.189238220919468514e-01
-5.357212581875576696e-01
-4.335681886665190277e-01
-2.878563665473643507e-01
-5.418094057195963487e-01
-1.516005286031714694e-01
-3.586119376242741241e-01
1.557292803552272620e-01
-4.017384869784201840e-03
-1.137258669726022298e-01
-7.650139878240458380e-02
5.706628672553271109e-02
-1.697100474774200229e-01
5.567468518073939165e-01
-7.480653746293328687e-01
-1.022707640066268797e-01
-1.312128156600307349e-01
1.468971495611617328e-01
1.639565865099630315e-01
-4.254979017409041830e-01
-1.214588756651258095e-01
3.932484822111592115e-01
-2.013012233643438342e-01
1.146508403927821718e-01
3.125577186478989411e-01
-4.416627054379951289e-04
9.963371628425461424e-01
-1.193511620639715609e-01
-3.194806782285821711e-01
3.538754658200637948e-03
-2.474442339043059214e-01
4.385767197976524479e-01
-4.006780962710363436e-01
1.217616879504115346e-01
4.429353368589024065e-01
-1.229349227873854922e-01
1.021135320893649556e+00
1.094449238894605436e+00
-6.238892563006901426e-01
4.982382666422913164e-01
1.802855644925469569e-01
-4.717609193473635276e-01
1.827941501563133953e-01
3.554659246424787256e-01
3.798538246121530015e-01
3.690500127011620002e-02
1.638891338729182579e-01
6.330303305940376823e-01
-2.015770337859106309e-01
8.516139202564104727e-02
5.812759222518346647e-01
-3.065405126114429946e-01
-1.816373397113824062e-01
5.025161645957738621e-01
2.665674925353367364e-01
6.661376905916673863e-01
2.712143275009779586e-01
1.108866908634635884e-01
2.084099261466410002e-01
3.688445360928023220e-01
-4.264849579966649706e-01
4.642408601412340019e-02
1.979864549977689292e-01
7.133119494404560612e-02
2.085325829108952700e-01
-5.397296496567925983e-01
2.937748599752847412e-01
-3.704917466589501274e-01
-2.801363769430769146e-01
1.599891944595295268e-01
-9.906179949126348028e-02
5.050376735449084720e-01
-1.661071676428758082e-01
2.397582753595153271e-01
2.582143344281204733e-01
6.804166213514529771e-01
4.653621598506834101e-01
4.496494069845229369e-01
-6.601897627108055389e-02
-7.385182892942054877e-02
-2.721541470654207373e-01
6.918956457165132967e-01
7.087052320048008447e-01
3.240173634364442723e-01
-2.264309410986755644e-01
4.276469538337241971e-01
-4.148494300337945973e-02
1.780437012944061648e-01
5.845788807943277376e-01
-2.747055238443230074e-02
-9.576999069355496275e-02
-2.188149729861432746e-01
-5.079606740510387297e-01
8.371241993550304628e-01
4.209783980242036705e-01
-5.472913452856438266e-01
-1.627967721162812964e-01
2.088457257792828425e-01
-1.099601939014640539e-01
5.413352010694033600e-01
1.444760740868966664e-01
6.823912113992038897e-01
2.356966808858267370e-01
-2.088097307918412859e-01
1.656933688570561003e-01
-5.984251557398190258e-02
-2.266746185242745071e-01
1.509754243441152610e-01
1.672260108393057720e-01
7.737580384685955881e-01
6.523632636478229330e-01
4.972493479684023665e-01
6.104303080031190376e-01
7.397165763527735471e-02
-2.435174931969692480e-01
1.115989376774233488e-01
-2.967435294084733166e-01
-4.618420880104787685e-01
-4.896025156391976552e-01
-2.713712790252125195e-01
-9.470317628919682207e-01
-3.084150988944478478e-01
-7.374588336478031803e-01
1.641749644212666948e-01
-4.008088822127244266e-01
4.172849077665075068e-01
-8.225018196434684681e-01
-2.613450546705089472e-01
3.774051461781722239e-01
1.811440632603742440e-01
-7.552512018336030586e-01
4.669198895591053500e-01
-2.456875812921008873e-01
4.681953531740848939e-01
-2.457480732577850269e-01
-6.612305673017049301e-01
1.438974931919452249e-01
-5.411573199047392535e-01
-6.111941891101668745e-02
-5.824784482774236771e-03
3.637543345584062227e-01
1.084613732721575907e+00
-3.867506732521608370e-01
-3.239931983504396040e-01
-6.239670230183325117e-02
-8.123673523861718593e-02
-6.877028974219761004e-01
-5.130426479263539008e-01
4.532393120851758717e-01
-1.803587845562515390e-01
1.641595992846083263e-01
-4.172244988867364057e-01
-1.149916600522211674e-01
-3.719039632099803150e-01
4.201278668683167128e-01
1.275994228148071841e-01
-2.128549655717488776e-01
-1.268310351442849537e-01
9.744565253195602850e-02
-6.658441493698674662e-02
3.339177885178163940e-01
-2.340695456870074409e-01
7.436526086636785493e-02
2.944534867440249393e-01
1.176019028913302122e-01
-1.890289803162086280e-01
1.349020024254992123e+00
4.967547250153396265e-01
6.577832122240012680e-02
5.928426713746137722e-02
-5.243939419469696439e-01
2.753434267148620052e-01
-6.442348969397619918e-01
-2.823961305727404891e-01
-5.135944961983121004e-01
-1.607319835822562659e-01
5.132139254285661423e-01
-5.008402807305083471e-01
1.971779324371555342e-01
-4.118521122383400623e-02
1.293287408770682489e-02
-2.902901825693531279e-01
-3.676986463616098710e-01
-5.165078417958035573e-02
-3.195205069260805830e-01
-1.980743587562607821e-01
-3.279336032947290924e-01
-5.423647540799692024e-02
-2.748322368325444298e-01
-4.253522535683678107e-01
2.072971397592330289e-01
-1.199733385462031787e-01
1.934069174222301513e-01
9.554213088874097259e-02
-6.492451453750686108e-01
-4.553173154494937203e-01
-4.171372180579497879e-01
2.898540527678044043e-01
-3.589426185257060808e-02
-5.386959651954523753e-01
4.938743165221196052e-01
-3.732867171112468352e-01
4.775924983333618146e-01
-2.632035238253291887e-01
-4.162689739913734144e-01
2.271249515850559675e-01
-6.143630256911111198e-01
-2.922540073136006278e-01
5.500799759975660841e-01
1.912850775471097720e-01
-3.412745311418392546e-01
4.792516784610689751e-01
-1.445385042830320543e-01
-3.080684188361662024e-01
-2.637313227638959923e-01
-4.573932457603122614e-01
2.203233363421526203e-01
-7.798254610029231593e-01
-6.836574944447431079e-01
-6.072882608519947212e-02
-2.529381693346981486e-01
-5.269326974899655180e-01
6.425814559787692559e-01
1.180799894148809592e+00
-2.247085397187797984e-01
-1.652614267109564494e-02
-5.495935979104089597e-01
5.645783536506634448e-01
1.802593776046927943e-01
-1.592508861293318034e-01
-3.354966809893751289e-01
1.178162162305145255e-01
-5.161229196539425246e-01
-1.029198743480903566e-01
-7.623490359720783704e-01
2.725474065302746496e-01
1.349097309375930642e-01
-2.420415863863212280e-02
-8.636746953415830319e-02
-3.315901395163889376e-01
-1.112065625729612428e-01
1.174658225737975847e+00
-1.393526906682867050e-01
-4.122569170322849530e-01
-5.886316045975492628e-01
1.182195090213897792e-01
-3.170100767563920341e-01
6.002178985561412716e-02
2.712455308811816401e-01
5.508438019204398017e-02
3.116303108770387409e-01
1.515644991699545141e-01
5.227401191652196744e-01
2.423049974332920353e-01
-3.019991252196055909e-01
4.201287025899105299e-01
3.109743063793863893e-01
1.094198543937665580e-01
3.538877692851909451e-01
-2.350150184803360687e-01
6.164573006816351786e-01
1.940593397516559293e-01
-2.802965623701629827e-01
-7.025357808397056369e-02
-1.447773096345335020e-01
1.591494077715243094e-01
-2.263902252755876088e-01
-7.200673188185935381e-02
-1.034845673770155017e-01
6.941284290593676687e-01
4.956457228381458968e-01
-5.857416550505128994e-01
-5.543068257216354766e-02
-4.563966943634873985e-01
-1.165614784312194452e-01
-2.082053647193334855e-01
7.334047517057529220e-02
-2.785475087711702935e-02
-2.386494445597269198e-01
1.141230612075356809e-01
-6.456020684805363619e-02
-8.550141287660462108e-02
7.423849670269984102e-01
1.428813482968771531e-01
-7.205894182329284359e-01
-3.709820071442759826e-01
8.197443362429792657e-01
2.027270402482783673e-01
-7.542779113326059104e-02
9.534320666731783689e-01
-1.556760549974463004e-01
-7.711784222391493415e-02
-1.024355157669187832e-01
1.310000826639559079e-01
2.682730038075206713e-01
3.448424767248858824e-02
2.517752223547002899e-01
-1.163326176041994398e-01
-3.154304014463458206e-01
-3.360450671064777461e-01
-4.257353118595528230e-01
3.840953986196122827e-01
1.314022580389037076e-01
3.306286206884045953e-01
1.456169693853377467e-01
7.715717596376099330e-01
1.452617319091161763e-01
-6.646112976757940771e-01
-2.891528875779889596e-01
5.352061146517927970e-02
-2.425833057316443275e-01
5.404936063885754649e-01
-1.169294817148536225e-01
1.300520791362629325e-01
4.597941176458029133e-01
-6.805479443722886046e-01
1.283847080829202181e+00
1.821321805767353030e-01
2.121845154804988809e-01
3.265861587334766281e-01
5.065356803008347342e-02
-3.061484910309397733e-02
2.809059050496873766e-01
-3.084233901642652320e-01
7.239955940249029887e-01
6.451289991812816371e-01
-3.285864893295975531e-01
1.651014618710147097e-01
6.074919092145818489e-01
-1.903428605705062004e-01
1.626097792715039958e-01
3.136417619086111497e-01
3.760258065477466438e-01
-6.488789993312820137e-01
-7.541383073153884453e-02
-2.492476250867229348e-01
-5.530740774019626826e-02
-7.005929722982745522e-02
3.641247100189914931e-02
-1.493970112836366937e-01
-2.520170564781309963e-01
1.248496580550721990e-01
7.395596896070388837e-02
4.679166093824230765e-01
-3.776277009698503218e-01
3.669698208316996002e-01
4.365488258433740665e-01
-9.652192457365860179e-02
6.630324706056800466e-01
-5.824093836624331111e-01
-8.932572098555713325e-01
-4.593936038189502802e-02
-5.123791275507638687e-02
3.414985795561964466e-02
6.695613665751179999e-01
-3.261513546303751454e-02
3.684235837285116943e-01
4.777876496552420083e-01
3.448088474670774062e-01
-3.179792370675649238e-02
5.341290174148358716e-01
-1.486846931343410727e-01
-3.146052978749258600e-01
-3.667314089182767134e-01
5.905788555032365217e-02
3.245899233477298473e-01
-3.840599521756216106e-02
3.092610340840638017e-01
6.667122374298894982e-03
5.034614234812095912e-01
1.527976660337317938e-01
6.772122419130421900e-02
-3.721591040691585306e-02
2.629938707465719894e-01
3.480384997031515937e-01
1.516206721411430536e-01
-2.218942756397512817e-02
-4.598014340991917748e-01
2.435707525891839254e-01
1.702142680456724122e-01
3.109279327939983295e-01
2.610050675334543158e-01
3.074166312021918701e-01
-5.970252254505004075e-02
2.675441442269037573e-01
-2.721754639799254250e-01
-2.195315252955509777e-02
-4.757668112384303427e-01
-2.938488960124963079e-01
3.642917176661784051e-01
-7.884196099710665262e-01
2.307236631030837870e-01
1.320927442510759775e-01
7.563046032321869561e-01
-1.703225979278115698e-01
2.839643409728667134e-01
-1.232695127408041103e-01
-4.204221992741055125e-01
-6.067270438852894188e-01
-1.095372839536256082e-01
-7.973957009534722307e-01
1.111614799297426792e-01
-1.979201456409065696e-01
2.794574629231030283e-01
2.100918936513274105e-01
-2.339450392646278409e-01
-2.583752037366977561e-01
3.754326507607501640e-01
-4.774291685693931031e-01
-1.181839412469902761e-01
-1.412635146225291738e-01
1.972307308417772242e-01
-9.417387874652849433e-03
3.571094666579632815e-02
-1.420723387436635399e-01
4.664754534666144536e-01
-4.803093407845104856e-01
8.782006352924121018e-02
5.168409310832946524e-01
-2.861317455753147332e-01
2.428278153400631467e-02
-3.371690285564099554e-02
-5.944161800970977350e-01
-3.759624969102430825e-01
-3.536453055453955829e-02
2.524258274094670629e-01
2.829411030937154514e-01
6.809799403869298828e-02
-6.488365742934920632e-02
1.477766573130336880e-01
-3.647274746813753410e-01
-1.184998396107772578e-02
-4.629865057699409370e-01
-2.412488294757739737e-01
4.290900789061034004e-01
-2.588757240419532479e-01
5.888547912709265475e-01
-1.967376803404343732e-01
2.991271622652287299e-01
2.277950730946605162e-01
-5.304532465977520594e-01
-2.389152545182433585e-01
6.743470398999962256e-02
-3.356508452906106221e-01
-3.555703750918646211e-01
-7.447296670626935011e-01
-4.957446969239858170e-01
-4.373897234840518067e-01
-3.747496923151070192e-01
5.881152090089436513e-03
1.857188316389990490e-01
8.144364563858808026e-02
2.032561988316301527e-01
-5.063289306720131222e-01
1.074448903381588494e-01
2.424387135333572196e-01
-5.949812060878889586e-01
-5.236983449803078727e-01
-3.396265503834143828e-01
-2.419711382610043038e-01
1.464021017052994367e-01
1.368612613194208905e-03
-3.525123527239626409e-01
2.747102729684951505e-01
-1.762811904336178959e-01
4.646433590128524749e-01
-7.517000254192516273e-01
5.315771950702932180e-01
-6.796460778225738020e-02
-3.897523415215278231e-01
-2.210290566960846359e-01
-1.087554304801185978e-02
3.784557818006386576e-01
-6.157980012970223349e-01
-1.039351479805230571e-01
-1.528497069595170510e-01
3.893562826808110167e-01
6.979713280493142769e-01
-8.700173997180566943e-01
8.051248366989263161e-01
3.487251720115098763e-01
-6.578340302360337066e-01
-2.941819933174223411e-01
6.699576927993247111e-01
5.108437352231636197e-01
-1.868208935375088586e-01
-5.748989699644146967e-02
1.284467060566824026e-01
6.367825216229954233e-01
-4.934354041217218212e-01
1.304140092682788410e-01
-4.577044961358345265e-02
2.624344521234256433e-01
-6.205792666131908497e-01
-3.266275183014932804e-02
-2.647137626968953938e-01
4.052902291214988129e-01
3.366506530087356452e-01
-7.723912683932940837e-01
-4.209173329763578053e-01
-1.961110783143968916e-01
-3.376699098534838850e-01
-1.109305420118273933e-01
-1.745839784422544838e-01
4.026490492957441880e-01
3.645609641611651242e-01
-4.098277303868158583e-02
-3.506961009054302414e-01
-7.478430178267938544e-01
4.171049983252821391e-01
-4.213620457268441033e-01
-2.908020697959448064e-01
6.786985791447386340e-02
-3.075975447570107324e-01
-3.480758676566009235e-01
-2.632504455826973899e-01
-4.179513591238772641e-01
-2.047071612236570914e-01
-4.181916012703854602e-01
4.922858505583734834e-01
5.309795641622560014e-01
-5.965675022155814133e-02
-1.936073481768820770e-01
-5.265951351738351605e-03
3.620958877023978673e-01
-7.515543224803211686e-01
-1.899132376305505687e-01
4.628209570284473884e-01
5.963774535497718965e-01
-1.327768304109353537e-01
8.921870639387829982e-02
4.529014027207063364e-01
1.434873374171125038e-01
-9.861588330612125475e-03
-3.354370075879904434e-01
1.591491134688483022e-01
-2.951587019826269476e-01
-1.203886453929108313e-01
-1.582594828518382180e-01
-1.417718927141056184e-01
1.940457026343014313e-01
7.070430566880993029e-01
-5.577235429395321908e-02
2.648981967021035722e-02
-7.958679610738967902e-01
-1.655741424429395536e-01
-3.161067202612639626e-01
9.483389362020977487e-03
-3.666176541684096346e-01
7.236406805154933508e-01
7.487765555205556645e-01
1.595513901910994292e-01
-1.816249131959732921e-01
1.392528318350052530e-01
2.164816565646192625e-01
-3.928840265875404025e-01
-7.641914129702787051e-02
1.376609180144123812e-01
1.117861588669224471e-01
4.479968493919659345e-01
3.543166628368841220e-01
-1.744710293743341190e-01
2.252060303704112032e-01
-8.604116023147904135e-01
-2.881955657313473029e-02
7.719793901830507288e-01
1.472874919041395891e-01
-5.200462318351029012e-04
2.474913637238054243e-01
-2.080731265186231693e-01
7.963810865448219811e-01
-1.507382056998962661e-01
7.113598924978883353e-01
3.235336680108493734e-01
-3.892262587451362776e-01
2.811223574321695118e-01
-2.422401797743647389e-01
-5.902031550925972425e-01
-6.252198305440792581e-02
-4.800801883241221368e-01
-4.731497204180143967e-01
-1.749359701966546332e-02
3.023361409858624782e-01
-8.730965950208124937e-02
-2.974378028235795668e-01
6.593728107362117896e-02
-5.854066249908589370e-01
-3.884035032218025041e-02
-7.550477581726253717e-01
4.698731264729087975e-01
-2.098736363922149017e-02
-4.236580796240871916e-01
-1.907909105104890202e-01
1.573318248287336463e-01
-3.025083383595090769e-01
-3.793877596474395375e-01
7.739196722627754710e-01
-2.282679526592792385e-01
-3.657930776595321731e-01
2.749224872119756524e-01
-1.617192816374654063e-01
4.515688371223313680e-01
-2.971887796112682167e-03
3.033459597615739689e-02
9.150610758829946789e-01
-1.193285535165453659e-01
-3.126264167208496758e-01
-3.612495934738344516e-01
-4.718857010876806868e-01
-3.116577909339115493e-01
2.346152433238746227e-01
2.363767633409530333e-01
2.352754308182347653e-01
6.315042877056828985e-01
1.664798688695734441e-02
1.797745507775134755e-01
-5.410547289133404991e-01
5.341383909883479220e-03
-1.927063941820434945e-01
-2.639651113597150101e-01
-5.734752072160453906e-03
2.894207396277339583e-01
3.357965310039130458e-01
-1.738229460998325093e-02
7.957176972454860220e-02
2.674189800489409352e-01
3.308279933510624993e-01
-1.749402986777366387e-01
-8.084943198443461654e-02
3.534203489528486841e-03
-2.245190250048176850e-01
-6.764204303457788114e-02
-2.870771207788944679e-01
6.545343219132491175e-01
5.423231468708689107e-01
-1.678609853655244066e-01
1.322836791819566038e-01
-4.706051803407504397e-02
-2.400109619856038989e-01
3.027662376882155337e-01
-7.414230714716030235e-02
2.926967497078574176e-01
-4.291493546710459239e-01
1.518886805441828081e-01
-8.575416573741634352e-02
-4.608382343297234840e-01
-2.123273084484793571e-01
2.117860275664755765e-01
-8.321867677426773025e-01
3.220867087176468857e-01
4.063546808861042692e-01
-7.246040456942778873e-02
-5.400526433996688525e-02
-2.219360184566498972e-02
2.109921301775408153e-01
-2.975604513664618089e-01
3.001686372211998521e-01
2.618761353846275064e-01
-8.632030966767008096e-01
-3.007341884318965874e-01
2.066793204105004667e-01
-9.072093444111306582e-02
3.844747943694006853e-01
-5.342304170239460248e-01
-5.578012280260580269e-02
-3.516362130408773878e-01
-1.111881693280607486e+00
6.737704825861718927e-01
-5.162505747181311833e-01
-5.524116329071337983e-01
7.370799297237151659e-02
1.112819087253541950e+00
3.258488638349210653e-02
-2.511635416800253040e-01
-8.268817976460507424e-03
-2.612522001361972102e-02
-7.607464893249296090e-01
-4.989428142084244566e-01
7.280195376578029176e-01
-1.064655844707171894e-01
-3.269535505783995877e-01
4.544321436479474841e-01
-2.876140338427292109e-01
3.079887144789150710e-01
4.509917228717051918e-01
-4.827875135422614594e-01
-2.382524557693299627e-01
-2.631827702837163940e-01
-1.336190275924278303e-01
-1.862966845746639732e-01
-1.214922555561415152e-01
1.374947742861873934e-01
-3.006931885590077291e-01
2.581906066308341519e-01
5.072038865611945280e-01
-8.511920500146064050e-02
-1.641246118077135385e-01
1.283177791943610480e-01
4.800682554329562812e-01
4.447681157549532305e-01
6.160587210522794344e-02
-6.483935233129223263e-02
-7.421934288291032189e-02
-4.602558078673593123e-01
3.595277156226499571e-01
-2.197752478651167074e-01
1.803600507900000594e-01
-1.390058113508878535e-01
2.329608945996977099e-01
1.480243667554645981e-01
-7.037376948047193714e-01
-2.436068418690711113e-01
-6.814454501397260167e-01
-3.124946241434951588e-01
4.124839443310357456e-02
-1.486335343128439845e-01
2.799702133456336561e-01
-2.456036928553857468e-01
2.087715856804484016e-02
7.076779506970343192e-02
6.326861970343946595e-01
3.251567842420826082e-01
-2.426107781874924374e-01
-2.450948467942115627e-02
1.249909306900454098e-01
3.300632657925186564e-01
3.597874982464333016e-03
4.857233377648322303e-01
2.482739123044430118e-01
7.705529470008993798e-01
4.512055155891026015e-02
5.865193024314085957e-01
-2.087294200567644253e-01
-3.378782291718376296e-01
5.137892502359342473e-02
5.707647173274565944e-02
2.256086895456355101e-01
-1.365435819155891295e-01
-1.172722117733806524e-01
2.099711690730918789e-01
-4.263921438768525363e-01
-4.800038846179877083e-01
6.553745098381087431e-01
-6.055138572651497242e-02
-3.564911976213749334e-01
-4.429406538702063134e-02
-1.162123308128251153e-01
3.390521811966729082e-01
3.154647473805374247e-01
-1.803665376882372939e-01
-1.179202672833001841e-03
-2.355872162200862707e-01
-3.030044471049144761e-01
-2.138367727905770010e-01
-8.217319144835510958e-01
-3.534732637097359742e-03
-5.873418175608842162e-01
-4.888438524704326049e-01
-3.469615735732816120e-01
1.695415720147241956e-01
-3.403537391651050292e-01
1.899610593407010661e-01
-5.354655531787888556e-01
3.647783600585707831e-03
-3.504992046630640012e-01
4.776570120055478874e-02
7.821531334998865770e-02
3.030457620174966671e-01
-1.919145790136180807e-01
-1.695391376183192911e-01
2.516867762911924045e-01
5.469054832270712208e-01
2.749924853010181636e-01
7.883769622281810996e-02
-6.323900462891540730e-01
-1.337244430768709247e-01
-2.477256594832679681e-01
-5.488894335519778345e-01
3.816731122360508266e-01
-3.061343304279890987e-01
-4.942284372224747813e-02
-2.460269412979854131e-01
-8.741413599532159573e-01
4.751759041299146169e-01
-1.676040308895405673e-01
3.466900587540022727e-01
-6.364623379534311010e-01
5.735126272156381155e-01
3.231139798015369990e-02
-2.464695581490200793e-01
5.504295281771609538e-02
-1.915101871469739869e-01
-5.967156312566856968e-01
1.538454002880182969e-01
3.012825240377714486e-01
7.325242295667777626e-03
-2.997415046611626721e-01
-1.285527255506506705e-01
1.758972148502140342e-01
2.903791893877007979e-01
5.497073037613160462e-01
2.158322165581578744e-01
-1.927939781283773968e-01
8.135481176787711100e-01
2.030114473367262140e-01
3.919175172777974447e-01
-1.383378912593600241e-01
2.440936992619262558e-01
1.764900539337017626e-01
-5.621200090794404858e-01
-1.785590658142954812e-01
-3.399388878527166424e-01
-3.240084156135527582e-01
-9.292621205623907699e-02
-9.930606038119771384e-02
-3.728763515091007008e-01
-9.893540114682171094e-01
-2.411657212124265481e-01
1.364350356913686113e-01
4.314470444909268565e-02
1.126185178461946990e-01
3.734587364674122334e-01
1.160635938523808530e-01
2.616535943809927822e-01
-3.851936439447767313e-01
3.908522789610451298e-01
-3.580901547815185104e-01
-6.112848584394861007e-01
1.414723835366533677e-01
-3.455994791696834767e-01
-3.608898784762538670e-01
-1.394402081421209694e+00
-9.229428222476554478e-02
7.181727886286823903e-01
3.766486359800642614e-01
-1.087824204368104120e-01
-7.266906231699010732e-02
3.158240812652675089e-01
5.553902181581629183e-01
-3.644132822840797648e-01
-8.707756956967394046e-02
-2.885446303881407104e-01
-3.035407348599958866e-01
-2.878463208589998601e-01
1.056976719929760833e-01
6.105552379391383511e-01
-5.829974670914883639e-01
-4.707720537500152957e-01
2.405132501072637652e-02
-9.699712767971124805e-02
-1.684802772563865902e-01
-7.802410121863854187e-01
5.217942910569339787e-01
2.040513418606462182e-01
4.616651794791559738e-02
4.410447233031428160e-01
-2.732324851840435831e-01
2.912386700021507013e-01
2.439211628016919597e-01
3.713233576467400709e-02
-6.744275738891092331e-02
9.818149180791940767e-02
-1.313419188415014538e-01
4.058739668085122876e-01
-3.612594502520320994e-01
3.713445997818110023e-01
8.981447411532927916e-02
1.303432238578245972e-01
1.876902725632518809e-01
-7.120511275242500382e-01
6.724519765387571013e-02
-5.828164322769393557e-01
-4.299855701527529606e-01
-4.180528004442740642e-01
-4.255480704088352439e-01
3.039799886724114941e-02
1.462167244089076501e-01
4.154069507900852720e-01
7.669437755963848247e-02
1.263141143074672512e-01
-6.106099431485416673e-01
-2.336839391706252433e-01
2.985778916652306325e-01
3.492231868308381948e-04
-1.607877053129613820e-02
-8.522965280816396927e-02
3.055030596289642908e-01
-8.040984274463434112e-01
1.048249960452246610e-01
2.019668748167440242e-01
3.630237485835109412e-01
3.188610066018953693e-01
-4.902398202978175412e-01
1.222925756993835655e-01
5.882009587299874553e-02
5.934791577147624508e-02
2.429500769259629323e-02
-2.052551428921760568e-01
-3.373989763067759551e-01
1.429042847186485776e-01
5.263897974144216008e-01
-6.195417278082437917e-02
1.069243392561207706e-01
1.105681757937961862e-01
-2.547305803302180038e-01
-2.469473649357865064e-01
-1.037002293945609388e+00
-3.527870697576271919e-01
-4.860592242309763611e-01
-8.550914367846207398e-02
-5.815206358162612332e-01
6.680473937084632219e-01
-2.899432377318209575e-01
-4.638622767032192229e-01
-1.385546984363443812e+00
5.910523388154698132e-01
1.265157501449460931e-01
3.244965816958855775e-02
-5.345505205280502992e-01
6.549181775768531111e-02
-1.393812039078448084e-01
-2.734095094526900471e-01
4.804174754382489754e-02
2.850440225593393606e-01
6.603741909222116124e-02
-1.572996391344343436e-01
8.848017183191281276e-03
1.816031588287625453e-02
1.109196244015260291e-01
-5.889615180264040628e-01
6.205638465899167011e-01
-3.508506802547283199e-01
-2.364056715297053746e-01
-4.087857806244867831e-01
-9.055302387020611743e-01
4.621527626656840582e-02
-4.530053713401387405e-01
-1.823241333727945168e-01
2.879227742780781085e-01
-2.072908657183396564e-01
-5.600811830586138740e-02
-9.445602081976711695e-02
-2.118783139315887354e-01
1.046258889222062560e-02
4.665224533388343531e-01
-4.697186273932549838e-01
8.630681244414430964e-01
-2.040225512755280413e-01
3.042894234171638068e-01
-1.037606841071254671e-01
1.043950541784092467e-01
-9.624919325896952316e-02
3.977666674899653643e-01
5.476313347459953462e-01
1.638814758283657635e-01
4.397421290445495679e-01
-2.818761079847666995e-01
-3.923608707983750055e-02
-2.188608369893358940e-01
5.647783409779649766e-01
5.037959616673903795e-01
3.633093248037546630e-01
-1.353175368933339229e-01
-2.314438298580778763e-01
2.167053071968754185e-01
-2.374621188312073805e-01
-1.384081065115969622e-01
-5.818669443177398870e-02
-2.873005269535144901e-01
4.388966807847722862e-01
-9.052494438419456113e-02
3.062848964396920337e-01
1.515506866298652611e-01
1.429323684000104455e-01
-2.901939361661518557e-01
2.558862608082543844e-01
-1.234217234175614131e-01
-8.652598429601621177e-02
-1.476179113306796964e-02
-4.485548965700356661e-01
6.815540676473972326e-01
-2.370069767313504883e-01
4.384479351032588568e-03
1.880183008156253166e-01
1.740436291265281543e-01
6.549038759154429679e-01
-1.822528564153520492e-01
6.606987686749976607e-01
5.960323680822239290e-01
-8.513134376017594818e-01
4.919188698316590003e-02
-1.589578552448980275e-01
1.090020594527822961e-01
6.277734429688353046e-02
1.512210756997802719e-01
5.480636080173922897e-01
8.196732719002470802e-01
-6.697503691673953874e-01
6.791264544934190184e-01
-8.307869714007154460e-01
-7.094974516353483862e-01
-1.149651660994039926e-01
1.216699743458748983e-02
6.671610195050168279e-01
3.252807564023481035e-01
-1.371340523073065754e-01
-7.552875018216291814e-01
5.804511820008009249e-01
-3.832418221349236376e-01
-5.023829912653710039e-04
-4.828708949485294166e-02
1.117359817312336467e+00
-2.126404683212204105e-01
-9.174411845072976135e-01
2.630864751321517758e-01
-1.386460362191198836e+00
1.145782388029892296e-01
-3.283263777916314297e-01
-1.491240781353395939e-01
-2.131052121206327143e-01
-4.997152850765507193e-01
3.215885693822598812e-01
-3.071034742587825939e-01
-7.443649097382643021e-02
-6.803574577208499896e-01
-2.812905615651395408e-02
-4.368420301685279616e-01
-6.596696513318374144e-01
-9.959531553890994537e-01
1.026904312536927044e-01
-2.981588638747016962e-01
2.561453788829659572e-02
-1.050968720602023510e-01
-7.243919922240582565e-01
-5.406978488622969925e-01
-4.986412968139841695e-01
-4.838713276056667567e-01
4.682625183936030000e-01
6.748208145724254869e-02
-4.089087960688637668e-01
-1.964921176428156002e-01
-2.335163254285002044e-01
3.395604944857650853e-01
-2.665488405091376301e-01
-7.249268710316225661e-02
-2.499408656159385345e-01
-3.361717970028654801e-01
-3.381212513543498943e-01
3.410121220770470085e-01
-1.094234291405715709e-01
-7.755555234884967675e-01
6.760423523302838689e-01
3.916009357668232549e-01
3.404188455857148909e-02
-6.787239891810710191e-01
-6.522132776596043513e-01
8.217912743004163190e-02
3.588869885633405588e-02
-3.018550572645937180e-01
-3.997035931080785143e-01
3.014751025935806794e-01
-4.668031093557267752e-02
2.392580945481066479e-01
4.151395238452728620e-01
3.079593043286470433e-01
2.393701145043281020e-01
1.928460899221499103e-01
-2.018356581499745062e-01
-1.246663656403266263e-01
-1.583656690659515087e-01
-3.241957830141548591e-01
-4.034216137859467644e-01
-5.379555913203335482e-01
-3.163615348717977449e-01
-8.253102570988324338e-02
-6.840519334768160320e-01
-1.027941696496057489e-01
3.017397911684955858e-01
-6.762101321707838508e-01
2.829977059962403008e-01
2.510641843625012193e-01
-5.960255365631139668e-01
-4.866764630209492459e-01
-1.675431734370098624e-01
1.244603833550153027e-01
-3.555234425167497214e-01
6.450921092868167062e-01
5.672393288758299512e-01
-6.821297074498264834e-01
4.031163182535770773e-01
3.064831207163702942e-01
9.816001017746511792e-02
1.698187747352386534e-01
-3.699848017173898995e-01
-1.364877680618816758e-01
4.247515467729989780e-02
1.619440827071285671e-01
3.722401451067768319e-01
-4.806576113342847512e-01
-7.581041246928510446e-02
1.440385091339044799e-01
4.487494930296787032e-02
-2.833305666055810912e-01
1.871484914473545702e-01
-2.260387028095138806e-01
-1.693570251419259654e-01
1.436959147842165052e-02
-5.376449467144039929e-01
-3.541922633898519912e-03
-1.436495654181770831e-01
-1.104331514719900653e-01
8.392048568603005521e-02
-4.672760071457835451e-01
4.899092319368247850e-01
-2.154414349605910939e-01
-1.141500645475832076e+00
-7.530445836041725904e-01
3.160873134046644495e-01
-3.210433758342019495e-01
-1.658101257715269838e-01
-2.228771569291361221e-01
-1.524066865169741991e-01
-8.967019550849526510e-01
-4.788174254356203363e-02
-5.431835228763333134e-01
-2.696861329174451427e-01
1.861518432854807337e-01
6.765880059336231156e-01
2.299544653314511411e-02
6.493583828429461136e-03
5.079560394515070243e-01
-4.690137127388955829e-01
2.679280125019060099e-01
5.613713261799757603e-02
-4.157482399043082033e-01
-2.252789479348611401e-01
1.818943009797147070e-01
1.181824750115656464e-02
1.276080774290492825e-01
1.062595633477403378e-01
-1.968727102816534291e-01
-2.519286206208235512e-01
-4.213500361252311421e-01
4.264591414720109164e-01
-5.747572644923538698e-01
-4.350618163696380325e-01
1.132282085422688933e-01
-7.540059116632972236e-01
1.884465447335501587e-01
5.039577084653865668e-01
-9.579509610025449540e-02
1.185052689876111565e-01
-2.613363400042199025e-01
-1.774223471684841513e-01
8.126293127611594613e-02
3.208785815498645944e-01
-3.183207170508713379e-01
2.097079455758839028e-01
-1.162711499466335674e-01
9.753679401844905783e-03
2.080026542874151563e-01
1.449728945670656355e-01
-9.882489940543282003e-02
-6.312952209676758741e-03
1.235127761328040918e-01
2.480562322539787701e-01
-6.037789588754922665e-01
1.487072825448265689e-02
4.519372046704431267e-01
-7.983033535266015335e-01
2.827541638732706808e-01
-1.000442697388267188e+00
-8.776602687050405471e-02
-1.272857686288955126e-01
-6.360607326540890227e-02
-8.894015497268581427e-02
-2.429622894779024378e-01
-4.799283183577873757e-02
1.073247984390119925e-01
-2.111043717986108015e-01
1.159491138874002569e-01
7.822411313079080664e-01
-5.096724018205365248e-01
-2.303629640276216861e-01
3.388530336124357945e-01
1.849561660211287428e-01
3.679611496506958179e-01
1.467969602405126417e-01
1.989448853252494542e-01
-1.349578508483486594e-01
-4.286849181618521687e-01
-3.948311391149892380e-01
-2.354208888055948634e-01
3.823482798206656597e-02
-3.493763295515481815e-01
-9.886216487506821471e-02
5.106112359837466919e-02
1.956778772219118778e-01
-6.424375406131188626e-02
5.103033192582582256e-01
-5.086321680425638370e-01
-4.063090793360180086e-02
-6.020231694821995272e-02
2.547423095229108814e-01
-3.711216563433625826e-01
-2.292703566680209804e-01
1.600265374045153344e-01
4.270908829010124919e-01
6.273730746826733373e-01
2.964364627155551268e-01
3.838520407888075248e-01
-2.297953558202271429e-01
5.517943131575666627e-01
5.518134093974627064e-01
-3.481258432263789615e-02
2.800384772163910796e-01
3.296958323131780055e-01
-1.696261020956413290e-01
8.024546159607170992e-02
5.530248942377005150e-01
-2.135917332487391462e-01
-8.856603031454657327e-02
-5.565637004028702872e-01
1.964010671728728674e-01
-1.058852078496141935e-01
1.791135761208062505e-01
3.975597136542941001e-02
-3.479879770562452901e-01
4.229171718181414796e-01
3.351631838480577663e-01
-2.324307621725827389e-01
1.334058363295375083e-01
-5.087235258164160001e-01
-4.768129639827226041e-01
2.017197188396542273e-01
-5.886454501768736414e-01
-2.677502271184732385e-01
2.141871232785241830e-02
7.490011696385033835e-01
-1.808468510735510293e-01
-1.132969081381736132e-01
-1.480366654154510186e-01
9.969825068441602323e-01
1.574550766172819749e-01
-3.545644643575793786e-01
6.090870564634069950e-01
5.445862247269845913e-01
2.791332469163543273e-01
6.762585799578371137e-01
7.092619170682712415e-01
-6.352512332896570468e-02
-2.501020395025227439e-01
-2.707116393956292555e-01
2.266844010949731203e-01
3.132810874430589365e-01
-5.895367361129344452e-02
-1.935691580872074269e-01
-5.170204233965702834e-01
-2.040914342719268859e-01
-3.925857024371612880e-01
2.568555349506769225e-01
1.450374190242538219e-01
5.176089619114563334e-01
9.138203952775025840e-02
-2.154552770625119962e-01
-6.496131190074053152e-02
3.491303494262827378e-01
1.097139060379674902e-01
5.094596958137116438e-01
4.980198433432287963e-01
-9.228585605631556277e-02
-6.360259849361860063e-02
-8.522802061718879330e-01
4.353301783628086286e-01
-3.399652339897674125e-02
4.890228609083533406e-01
-2.171905059254752857e-01
-5.493801454132201112e-01
1.522640926962327002e-01
6.106779836162361530e-01
-2.171137076861264781e-01
5.782951631755031130e-01
-6.215657611878917521e-01
-2.142075942312731129e-01
-7.204313196381706419e-01
1.604948067225107078e-01
8.161171042274206755e-02
4.106014724778495051e-02
-5.298540304642718191e-01
7.746446266930240299e-01
4.658399329831812707e-01
5.725653905947059030e-02
-4.258527319534555211e-01
1.893249018122205030e-01
-2.001256684091754501e-01
-1.063788042824693747e-01
-1.951732746095391491e-01
1.691680050073186559e-01
-1.167235667786514774e-01
-1.587697212176546468e-01
1.892529567877492269e-01
2.081611580840324605e-01
-7.722684156630732488e-01
1.635551358024684987e-01
5.707000625737712607e-01
3.612809136677204158e-01
-1.210652495410240725e-01
9.119852076331258495e-03
-3.212008723005774780e-01
4.981825435925495427e-01
1.053587633890993303e-01
-4.818687752210948361e-02
-4.971054510820493988e-02
9.341361816276831931e-01
-2.544426911256980617e-02
2.328715450390097530e-01
6.337830889154303371e-01
8.414879244025045280e-01
5.128964461096923166e-01
3.625499001733722970e-01
-5.319541124622413353e-01
-3.940012985852892058e-01
2.987770215628948733e-01
3.487079815066929100e-02
2.736630700774502767e-01
1.088958194299325388e-01
5.535589672701872743e-01
-6.822923916824809032e-01
-4.283628908125427515e-01
-8.505201554156238686e-02
-7.419357060381805979e-01
1.443805365691979148e-01
3.640163925321675542e-01
5.024773691948070109e-02
-1.891167982543580095e-01
1.913666651346486169e-01
1.186539059309962951e+00
2.626644649048568425e-01
1.396819294424895830e-01
-4.134821558178405354e-01
-5.315790420401897975e-01
-1.484414419935482510e-01
2.509780160071199973e-01
-5.035675362422065149e-02
2.166758681543832221e-01
3.071850072457049663e-01
-5.410747113641631856e-01
2.286740213441600389e-01
3.536553280428584856e-01
4.941264605486832551e-01
-8.032829638235261527e-02
9.797075466120297449e-03
-6.775225041548416094e-02
-4.041842042442340688e-01
-6.359501312219548730e-01
6.708630804557939031e-01
-7.097784550768704293e-02
-4.779867108429698419e-01
4.337559349282882337e-02
-2.443933587296790999e-01
7.631784971703137188e-01
-1.852349637778507585e-01
-3.197602973222508638e-01
3.212696826968328701e-01
-1.228837761171563958e-01
3.864601041453346042e-01
7.979901915992293482e-03
8.251286370158665839e-01
4.175446646036965470e-01
5.183755191611466584e-02
-3.204791142730034625e-01
2.290970141606027966e-01
-4.689926640741810537e-01
-5.362621580515769537e-02
5.597970561338505568e-01
-2.282928173053790921e-01
-3.776170393836588701e-01
-1.858882236276815370e-01
4.520429182993126460e-01
9.211389636682210114e-02
-7.207543148408253053e-01
3.035436943655251962e-01
9.409562313935815325e-02
8.950150535964196408e-02
-4.334715537188973400e-01
6.272906790649512843e-02
2.926418840869811078e-01
4.199761924261591339e-01
5.437964862568513968e-01
2.863856244212601987e-01
4.811441486609480123e-02
-4.631859902872923485e-01
-3.810561086762613847e-01
-5.916394365922239551e-01
-9.996027881120728154e-02
3.034859339114714949e-01
-3.072556938281967298e-02
4.653737794032366537e-01
-2.742140192154778333e-01
1.451252404388538864e-01
-1.747127440089581984e-01
-2.326845178595041141e-01
4.991965998356255318e-01
5.003947751291715207e-02
5.239819621715353648e-01
4.378828501319809163e-02
2.023861583335248571e-01
-1.272943456492776626e-01
5.080177004394978990e-01
-1.174414744326537363e-01
-2.759001487013662546e-03
-6.800610550577825819e-01
-8.401854605477909743e-02
6.069432590071519584e-01
5.869004125854799803e-01
1.949774614993802224e-01
-1.003468105542244526e-01
3.058028277865565414e-02
-1.818090377311551986e-01
-1.030772948787521681e-01
7.619755638295208078e-01
4.605554140458512080e-02
-2.146350600653845753e-01
-9.386825065673336521e-01
-4.152799550054070976e-01
-3.252205373060175209e-01
-5.319361932218593658e-01
-5.227273919016703907e-01
-6.232679217330696630e-01
-3.928720169240720317e-01
-2.815290301088415603e-01
-3.880411479669390040e-01
3.972818007204763080e-01
-1.967720151390155436e-01
-8.004178696103751989e-01
3.752582393479459988e-01
-2.899741947021859945e-01
-6.734340998405428103e-01
8.712399595775892625e-01
-2.125385696251399503e-01
1.500579300387383519e-01
3.567509822844794343e-01
8.560080940431458174e-02
2.135892684844455935e-01
3.259857825094636397e-03
7.214562993100082089e-03
-1.182605957458162660e-01
-6.339567643655010798e-01
9.635981230738177583e-02
-1.073776184329053862e+00
5.961922529159635609e-01
-3.579332380606294883e-01
-1.393179849556163141e-01
-1.516650588482990614e-01
1.639800378335340147e-01
-1.692405862436621167e-01
2.540734187613054029e-01
-4.836019489137994842e-01
3.346309116012560203e-01
3.614586930750496307e-01
1.126866693511241468e-01
8.674575255662064777e-02
1.807685293633729540e-01
6.463884338514969130e-02
2.831197306060255769e-01
-5.253620499692379653e-02
-5.890971900631638558e-01
8.047718581355578493e-02
-2.696125096692740808e-01
-1.125065547029713287e-02
4.653093225841371527e-01
-7.170514023271103987e-01
1.995206021143269837e-02
1.390000080300435314e-02
8.328894346092541312e-02
2.690859281133233250e-01
-1.253817081907850906e-01
7.313573449443158125e-01
3.498849809225332841e-01
-1.270706550486895292e-01
-8.821476148173879039e-02
3.635112225639880457e-02
6.843901973822612561e-01
-4.400751447134592098e-01
-8.920312635358609299e-01
2.602567429105480112e-01
-7.205821903066511602e-02
-1.410580425418572759e-01
1.489984886862534275e-01
6.566774455498323171e-01
3.700448940442195855e-01
-1.514606729896450510e-01
-4.666110234748424013e-01
-9.538380385140432516e-02
2.465173928078622789e-01
-1.385311552747388042e-01
-6.558854554372439694e-01
-6.531576878834477462e-02
-8.207648608957729408e-01
-4.200437688892431076e-01
7.356748292303537662e-01
-4.396709532502367512e-01
-5.988570011353036016e-01
-4.774670506140250015e-01
-3.392194924307165849e-01
2.943566827657864149e-01
7.178405112799588483e-01
-7.070893678150502737e-02
2.399360854877017335e-01
-1.553429637832013377e-01
-5.808019929158003691e-01
4.703476723963976314e-01
-4.079265002550456209e-01
2.482048652022990076e-01
2.555115316636281664e-01
-1.089859321329851305e-01
3.379989082535539424e-01
3.447565794737540434e-01
9.948120841691787675e-01
-1.153850940188014818e-01
-4.592953714808187815e-01
-5.722197250622009790e-01
-1.284524146201951877e-01
-3.176505235815553219e-01
8.601667721868384575e-01
-4.212514796101993753e-01
7.151180840143933626e-02
4.066955321304810411e-02
-1.891438234895543857e-01
-7.188044090382774698e-01
-6.604082753819828788e-02
8.676001298238475989e-01
1.478822937639043822e-01
6.362397187626012141e-02
-4.724390379069174362e-01
-4.647940877519340930e-01
-1.130440805715103858e-01
4.093232368762000917e-01
-2.251844594707335112e-01
8.886574112180971596e-01
-3.961279125635774889e-01
1.369023687218815510e-01
-1.553877830115890646e-01
-5.509326428764032002e-01
4.818043888520850970e-02
-4.923546930735032134e-01
-6.400757995139016998e-01
6.444452300117564647e-02
1.209540085613292071e-02
4.166106119568615540e-01
2.106133342083424398e-01
-3.086332636222769432e-01
2.032464263850037867e-01
-7.334528340087631548e-01
-4.237803566307469794e-01
8.166338654840716860e-01
3.857527363880663973e-02
-8.901590875841414174e-02
-2.310063232779733244e-01
4.349238278118505718e-03
-7.979403995306988406e-02
7.795799771297393654e-01
3.642898503528158027e-01
-9.383673528818681220e-02
-4.635031975519909864e-02
-3.447287274349551955e-01
-1.206457987765441331e-01
-5.500607444829133108e-01
4.523767458312834555e-01
5.788584321759371321e-02
9.670754662374703159e-02
1.371238428096119844e-01
-9.461157283456028688e-02
-1.848441917473979124e-01
2.373768832405775964e-02
-9.308878542274918733e-01
-1.271881205908909074e-01
-7.617330857839199609e-02
-6.304630780497577636e-02
4.474276670536594391e-01
5.523300398181375526e-01
1.468406220245297433e-01
-8.113037279862953532e-01
5.627356209348661764e-01
-2.190809428660109859e-01
-3.184894413650414258e-01
-7.525433042430427211e-01
-2.817672170428766609e-01
5.111450581699716889e-01
2.813017277234699520e-01
1.412769260642097180e-01
2.857100496702438264e-01
-4.806847412638761696e-01
-3.942390819550396497e-01
5.414409828073583064e-01
3.596312801333416687e-01
4.234306494378039520e-01
4.391976565492772266e-02
9.551010906039003601e-02
4.645092681986664473e-01
8.550450283975581378e-01
-1.964387525543067614e-01
3.266030584339469911e-01
-1.832562753015043455e-01
-3.737179438341996507e-01
-2.938560832381458265e-01
-2.684290755034530740e-01
-1.159604362427075763e-01
-4.158822559608563729e-01
-1.854790221609183831e-01
-1.146299677795916461e+00
3.022700324960321261e-01
2.339578835981651617e-01
-1.930289065861556796e-02
-3.144902955574959691e-01
-1.572573202788083435e-01
-4.813597575511137094e-01
8.327945315209905885e-02
6.971740663646823766e-01
-1.707456155997135738e-01
-1.649476280065520495e-01
1.612113181272913920e-01
-4.403907395944336445e-01
7.695977864828525972e-01
1.457795607162025719e-01
8.660721199791687752e-02
4.526393763067528830e-01
-3.428933542619638786e-02
5.066470523013841820e-01
1.570438011581622995e-01
-5.376294146694782228e-02
1.119321128380077468e-01
-7.192158126991232692e-02
6.230031240291387107e-01
7.086654019184424058e-02
1.611759050244385705e-01
-8.626106415426360030e-02
8.866079291309647559e-02
-8.081758813642250239e-01
-3.068526265667657071e-01
-4.170350110724090342e-01
4.498939177165328651e-01
-3.017447398095467470e-01
-5.122063014556705873e-01
4.937222035419157606e-01
-1.222386685949129470e-01
3.849336007882855348e-01
-7.714001650671415966e-01
1.915870335479836761e-01
3.737456256992177650e-02
4.856568164253438624e-02
-1.034749342119605231e-01
-5.499082566067858835e-02
4.262375375406304845e-01
2.085665928516577949e-02
-4.292873406806618775e-01
-1.915262826909844840e-01
1.784163180505411450e-01
-1.034009634154055890e+00
-7.899617392437280339e-01
2.367655055049766588e-02
1.167540653423655428e-01
-4.302256893983735786e-01
-5.203156798451846754e-03
9.304905781868972880e-01
2.621830211045255155e-01
-4.897004257685120265e-01
6.076002050782203234e-02
-7.463479159613983782e-02
1.161780231603528613e-01
-3.037146021696108811e-01
1.864582630344626124e-01
2.135361494740841692e-01
-5.921990330134363489e-02
9.612855731013325578e-01
-7.762088745429385206e-02
-2.616490361645373852e-01
2.183715288667817944e-01
3.884686789817850538e-01
-3.005356709397108972e-01
-2.094098703417590635e-03
8.563953881663248779e-01
-1.779590131065766911e-02
4.516542068317823677e-01
1.414102799965459845e-01
-6.777708240122626293e-02
-1.590019090236225452e-01
4.286187327882420295e-01
-4.856080568580964929e-01
-2.875023600873749530e-02
-1.630961665348804601e-01
-3.619689013940162736e-01
1.050963621098015693e-01
2.103018005004009539e-01
1.442591334755238819e-02
-2.023408942424342882e-02
-3.428473179542383953e-01
1.406265183260180240e-01
-2.909293112408328774e-02
-1.880127423829057731e-01
-1.823292480843428653e-01
1.636938572140478332e-01
-3.184199773351714668e-02
-3.300360897065175436e-01
-9.242173670332225477e-01
4.533285999576430747e-02
1.677158310315469691e-01
-3.778099965950465489e-01
-2.148785963410126953e-01
7.105667738021750335e-01
8.487823692667029185e-02
3.460463244784461878e-01
6.892219905923213652e-02
3.097757081732593898e-01
2.269393673573905090e-02
-3.443233012107498325e-01
-6.649939923446401835e-02
5.786101611250504817e-02
2.454507559392755667e-01
6.584082803815212159e-01
4.257444069786560092e-01
3.213225023336097053e-03
1.047891493028703103e-01
5.315372345416331523e-01
2.281194143938929941e-01
-6.387388144343364438e-01
-2.378003159959423130e-01
1.305895188776755589e-01
7.645098287497154033e-02
2.176619759097266904e-01
-4.600993805945443604e-01
4.134564286508679576e-02
3.433713096191035596e-01
4.228976457102315845e-01
-3.616240668998482732e-01
-1.812789850863127938e-02
-1.789761742303808134e-02
-1.621759710809631549e-01
-2.395941182380999512e-01
-1.209922335828617079e-01
-7.008956587315529063e-02
8.551868903309500780e-02
3.626998616774365081e-01
-2.613278702551151689e-01
7.219069908008446390e-01
2.766227723430003671e-01
2.154945884637355924e-01
3.313655641560154796e-01
2.426796035496596726e-01
2.962314234105922761e-01
4.799796583139354089e-01
-4.058357065034973177e-01
5.529263803068207306e-01
-9.879628896658214643e-01
2.710657092794515610e-01
-9.144168912186230180e-01
6.958429825436951432e-01
6.638017444709736203e-01
-7.541566738727745189e-02
-4.104713227050189595e-01
-3.787512965087858063e-01
-4.960772363508603178e-01
-5.717012285666958071e-01
4.636851068294070011e-01
3.731534755220240474e-01
2.014499192518004467e-01
2.695386899599032660e-01
3.547783122648930920e-01
-3.478192907392010369e-01
-1.294485522907953268e-01
4.966144519621047415e-01
-1.149614675678740650e-01
4.493856945459062668e-01
6.603690539852573593e-01
-3.501315476772265400e-02
-6.489065167867185124e-01
3.945581363492589588e-02
1.959444959473327641e-02
-8.052327829847261143e-02
4.979904768345644328e-03
-5.738965236999282737e-01
-1.098996826311684494e-01
1.120439699893901464e-01
1.073270450455314773e-01
4.279677867861542140e-01
-3.499600260016864084e-01
5.044710294930627725e-01
-3.478108703163200754e-01
2.205717941847806784e-01
3.631181205634387288e-01
