-3.439617859950206480e+01
-2.015768908184966790e+00
-7.084576681925511821e+00
2.387479591859563754e+01
-1.181657667827334990e+01
-9.138958027134492568e+00
-2.383921892800356090e+01
-4.988532488770295004e+01
-2.128217249806375122e+01
-2.243046674945577479e+01
-2.085892554013787503e+01
4.221634661545431655e+00
1.985818910730387188e+00
-1.052985144958398678e+00
1.708976919300440045e+00
2.629990866703030861e+01
-1.011251377833147558e+01
-7.149727110225228444e+00
1.168100829145197395e+01
-6.141742912708666324e+01
3.080917225747498378e+01
-1.323993836801412272e+01
-2.378089889875329987e+00
-5.546416201086287856e+00
-9.798177446357385634e-01
-2.096924866669510834e+00
4.762117488787913544e+01
-1.494783459893260158e+01
-3.960483851977187442e+00
-3.014930655273255411e+01
3.894260840598269624e+01
-4.304004232924114604e+00
-2.119342948042105945e+01
1.112650448552605553e+01
-2.039831514403886104e+00
1.293502762751023738e+01
-5.396450603623463849e-01
2.699058969698072019e+00
1.881195442073091328e+01
-5.418743160375868229e+01
3.019677720192413517e+01
8.067388674963353878e+00
-6.216260607082460865e+00
-1.732968440965921531e+01
6.850778834916866344e+00
-1.086046201865389094e+01
2.470097888994524737e+01
1.973019950212960794e+01
-1.272140861446223425e+01
-1.625806257778344843e+01
-1.720142700812078829e+01
-2.062848966275299034e+01
1.048093955482278261e+01
-2.685155216825012303e+01
8.223615306735837294e+00
3.433013605759923337e+01
3.959116644018193654e+01
1.843120652728539710e+01
8.206654057509851441e+00
1.720003181313148843e+01
5.050120154337105305e+01
8.525921605233861555e+00
-2.959946440312565841e+01
-5.974068852735626933e+00
-1.396208098900990535e+01
3.300033107124279752e+01
-3.903999696430982169e+01
-3.409075611589435084e+01
-1.736166664907607071e+01
-9.714814874618127760e+00
-2.220989845266964835e+01
1.558275161627879868e+01
5.159842095175008581e+00
7.763767524175790413e+00
-2.150650915556925113e+01
-1.881899156060771361e+01
-3.247835899254265257e+01
1.789045163660438220e+01
-1.862998681651808397e+01
1.681679272105947121e+01
-5.376989745036199864e+00
-1.477146511867138656e+01
-2.844324928266324548e+01
-8.467504192617724357e+00
-6.066503941186681459e+00
-6.798615751683513508e+00
2.218598285688386440e+01
4.159846682572222676e+01
-2.443912052820658687e+01
-4.260980149675978623e+01
-1.069406672176366158e+01
5.900804245436850692e+01
-3.222119869000231063e+01
1.780640299837281759e+01
-6.470795131989916626e+00
-3.310536926752845943e+01
1.367014180409260860e+01
1.939809886621677038e+01
-9.630530458115742931e+00
1.824559466461698776e+01
-1.334218254007544147e+01
-3.104154109459273059e+01
5.215175854757353591e+01
2.487656686406779727e+01
1.406377066268564135e+01
7.828791133117988466e+00
1.488267842728181733e+01
4.486716679710278299e+01
-1.462972750881827366e+01
3.328918478348917631e+00
-7.515529440031190234e+01
8.704330926279141067e+00
-3.682921306158809216e+01
7.717068708631757090e+00
1.212056219207774177e+01
-1.983656787396637355e+01
-2.814516219056289970e+01
1.226832148048060844e+00
-1.676334969731146884e+01
2.121450794168464427e+01
-2.762457309540249639e+01
-3.073196659355801330e+00
-1.999206540992877024e+01
-1.943114805894509800e+00
1.099957878551094836e+00
1.239839900914756754e+01
4.546144084218894932e-01
-2.850258314187726683e+00
3.537591540187549555e+01
5.009823781367546758e+01
2.707105214601038767e+01
3.910218516627230656e+01
-6.408624603237832673e+00
5.546630854181927361e+00
2.921126625666886412e+01
-5.130123478467254472e-01
-4.182989622228868143e+01
-2.242293841293142620e+01
-2.790854841532012642e+01
-1.523566283049112258e+01
1.579287397177785124e+01
-6.540477761304396154e+01
-9.244721938284072849e+00
2.440877123128891668e+01
-2.061959725188575021e+01
-1.721557237607311208e+01
3.285201625942625014e+01
2.449989662542679980e+01
-1.824364464409691777e+01
1.532599022584466297e+01
-1.398851566541415536e+01
1.879535534067246516e+01
1.818923787739493036e+00
7.285646739835968333e+00
-4.697671798685227174e+01
-2.604876810411890631e+01
-4.744316007890688525e+00
-8.995551098610121699e-01
-2.247038883486141003e+01
5.992759394279130447e+01
-9.617546142526009589e+00
-1.779374702680951259e+01
1.958935399536403565e+01
-2.530434629560297566e+01
-2.017890201376629022e+01
1.802709487653010001e+01
7.070115480391379492e+00
8.455530168679501912e+00
8.686224582696667085e+00
-6.099210240795201798e+00
8.792707546300476906e+00
3.210570775407633448e+01
-1.457052857953263469e+01
1.057852873881088840e+01
5.012700436314831620e+01
1.804266566954245832e+01
-4.157710493164927357e+00
-1.130579930255962040e+01
8.578841545877389763e+01
-1.177037049987313821e+01
2.066731435646605064e+01
1.425775337234182416e+01
1.622222235226935538e+01
4.870983930289759201e+01
2.642712643557536012e+01
-1.473387730376297000e+00
1.337377703976176235e+01
2.707822058880179839e+01
1.982458926176255432e+01
-3.204506678416885279e+01
5.194566377902702925e+01
-4.620094013392487398e+01
-6.784096333676920665e+00
3.033854807337532122e+01
8.272117640878995815e+00
4.185801612368265978e+00
1.558382669058485703e+01
1.236469169130106138e+01
1.895077776961886684e+01
-3.449111906232519686e+01
2.206764050052072434e+00
-1.465725140846336672e+01
-3.696134755994116006e+00
-2.484057487744394166e+00
-5.925840136085851029e+00
-3.170399364702575440e+00
4.612805650786287970e+01
-4.671988551354218089e+00
-1.430479966246740275e+01
-1.413820184190051066e+00
7.170579117023407889e+00
-3.284724114336103185e+01
-2.819916819730963198e+01
-1.998745138118147224e+01
-3.408001750354048909e+01
-8.830773241235874593e+00
-2.300495868369203123e+01
1.002809102149248588e+01
7.095494112447298107e-01
-6.876231395676370539e+00
-4.541980210398634199e+00
3.162019802943518698e+00
-8.058851213523155366e+00
3.752260957513594519e+01
-4.762545418922590557e+01
-8.359912843188897824e+00
-7.431171161796090274e+00
8.771132033084654722e+00
1.245520011024068197e+01
-2.589763344996299566e+01
-8.392826173213762786e+00
2.363309777589588734e+01
-1.105173987431662752e+01
8.771036213934337411e+00
1.874790231699813603e+01
-1.630707754227131545e+00
6.136880292733565057e+01
-7.702534095498151601e+00
-1.740820656392497767e+01
1.756976690022298726e+00
-1.351384064463252344e+01
3.006074117458449280e+01
-2.330759674390521496e+01
6.693855855484684980e+00
3.121335429474839884e+01
-6.933224374616798968e+00
6.506602945881053301e+01
7.041467402880397231e+01
-3.649468583497707641e+01
3.243974331825523905e+01
1.196761969234782441e+01
-3.061825669421862983e+01
9.120102711327021439e+00
2.310708536444559513e+01
2.360775976579401458e+01
1.262486678526343553e+00
9.349098541867192580e+00
4.090645412923663571e+01
-1.292284968423972202e+01
7.862670583731429019e+00
3.944095932681028671e+01
-2.032040033952057456e+01
-1.094251161364844904e+01
3.076369108921549866e+01
1.577509694490531444e+01
4.159520061059339469e+01
1.655906516418477281e+01
5.959778284504551493e+00
1.464327402031138092e+01
2.223132155726953840e+01
-2.945354794530813081e+01
3.763088485553709006e+00
1.361040444656376991e+01
6.400833875854175403e+00
1.300787905419787194e+01
-3.362811366103797894e+01
1.758812535047775327e+01
-2.347785316764634445e+01
-1.830217486267768834e+01
1.175108719747374408e+01
-6.397690645691085365e+00
3.180562756509789324e+01
-9.167278690045947087e+00
1.652698862103034116e+01
1.781550110515416918e+01
4.267809111202490158e+01
2.994941299766036735e+01
2.676011985197505538e+01
-1.787026593502275773e+00
-4.617325707607619734e+00
-1.754133503613184075e+01
4.385973641065456263e+01
4.362007623495884445e+01
2.144123738392379153e+01
-1.380612386080974829e+01
2.733218828688589497e+01
-2.813644779032728138e+00
9.772232897916346417e+00
3.627482330848701508e+01
-6.409411338159145544e-01
-4.338008033005934294e+00
-1.106726420976315239e+01
-3.212397802343710396e+01
5.246794016223245194e+01
2.779155682909913594e+01
-3.279587063165904226e+01
-9.032724125655477110e+00
1.443946256473164169e+01
-5.447119904402342172e+00
3.484188947883963294e+01
6.890857234589617519e+00
4.392246587300661531e+01
1.908027400026373854e+01
-1.248323837604345954e+01
1.101198069829695214e+01
-3.433297393626389749e+00
-1.509448052610417790e+01
8.639621582637289521e+00
8.244359651683737411e+00
5.161296320911026214e+01
4.335474489641694618e+01
3.048707460060896324e+01
3.666683379478365623e+01
4.769725798911665038e+00
-1.426276848847891188e+01
7.889564188900266117e+00
-1.835092425177350606e+01
-2.950000323518830214e+01
-3.058096286418094678e+01
-1.715262442042558177e+01
-5.982109262971556518e+01
-1.920559630380255101e+01
-4.766251555693533248e+01
1.293314262587583841e+01
-2.547037558054820394e+01
2.561458715769629180e+01
-5.447119290134454417e+01
-1.641925039501489891e+01
2.356868213955897318e+01
1.153565718943102070e+01
-4.888529126842078654e+01
3.115777385909922259e+01
-1.421646401976005336e+01
2.960315464918951989e+01
-1.272121506453714801e+01
-4.312888098644765478e+01
7.863149661650496114e+00
-3.581004143344119939e+01
-4.092352049285693738e+00
-1.660870295656226681e+00
2.246956888954950671e+01
6.938799102087364190e+01
-2.374715468303344323e+01
-1.923711185691853132e+01
-2.306821743103483868e+00
-6.258104405248957391e+00
-4.446156155534409038e+01
-3.065124044527155434e+01
2.631934812454758799e+01
-1.168963463874013087e+01
1.117373540843030355e+01
-2.702157480086398778e+01
-9.048935911694172773e+00
-2.282721196851954915e+01
2.841411786545614149e+01
5.225067562711956271e+00
-1.228902768024482839e+01
-9.372678078956312220e+00
6.542458317453451855e+00
-4.471291486607810839e+00
2.370887315193158429e+01
-1.417648843906840739e+01
5.490912867757003823e+00
1.954669524663677294e+01
7.546208766721804295e+00
-1.170347924100730097e+01
8.467158478289451295e+01
3.237758352269656825e+01
2.335950950781999325e+00
5.652660440478030068e+00
-3.447151749739489901e+01
1.852251058107935933e+01
-4.209665359461061485e+01
-1.600796026673253891e+01
-3.030259928698100680e+01
-1.091880381766213759e+01
3.129150831504836106e+01
-3.121045760520372880e+01
1.318734870576018636e+01
-2.124477513322915456e+00
1.146371957386449481e+00
-1.974941002978147253e+01
-2.444577672638646959e+01
-3.116486941050141013e+00
-1.966314726468309715e+01
-1.087332205107037453e+01
-2.276529614495072451e+01
-5.112456036777647483e+00
-1.912293875161066126e+01
-2.763799636796989034e+01
1.146186606776425521e+01
-7.888599393343000088e+00
1.350271065085030386e+01
4.663081125824277251e+00
-4.194716404139315102e+01
-2.889785992304566520e+01
-2.515246675300976165e+01
1.780941945539177595e+01
-1.354483324945590539e+00
-3.411548572936986545e+01
3.246435329710054418e+01
-2.154778492491386288e+01
3.149321148708955320e+01
-1.742524872257923008e+01
-2.659492414329235999e+01
1.304181781432765774e+01
-3.741221292599792037e+01
-1.895362594978803372e+01
3.411716537989659059e+01
1.038897952424326832e+01
-2.420993762986421416e+01
2.987937969108700287e+01
-9.984555442955922899e+00
-2.094005892686817560e+01
-1.673626831739602494e+01
-2.759979951332002202e+01
1.528503994798526122e+01
-4.955246106528446148e+01
-4.362639821979564658e+01
-5.605571321253989936e+00
-1.660441064747973883e+01
-3.256601173102080082e+01
4.050311614080635536e+01
7.394356030678760305e+01
-1.514391283927540144e+01
-2.010389392278625564e+00
-3.336542439501140223e+01
3.615894080799796484e+01
1.121300839292283058e+01
-1.319131801588514463e+01
-2.008245339435039511e+01
8.131529532911315528e+00
-3.196451187002955407e+01
-9.747956839391207495e+00
-4.789337473321324978e+01
2.007625564254965411e+01
6.060519811089648101e+00
-9.546497614980467006e-01
-5.739239104181820039e+00
-2.205380047596020177e+01
-6.060298560993118144e+00
7.230187187544477467e+01
-1.013772020168528343e+01
-2.649195525371041526e+01
-3.854319599171421373e+01
7.685617403290592620e+00
-2.069219297220666931e+01
6.002437474779476645e+00
1.670764382090287370e+01
4.234414340624994111e+00
1.723353465971459997e+01
8.324262106713291587e+00
3.231147533415668249e+01
1.451622901523545295e+01
-1.930950715747339075e+01
2.646199644826977249e+01
1.924624561138566037e+01
6.812535708455186523e+00
2.338118472944080395e+01
-1.567667272007874857e+01
4.068640408033814992e+01
1.300321084657916693e+01
-1.748567807598951873e+01
-3.224085251738193492e+00
-9.962268816565995166e+00
1.129408999557603011e+01
-1.283367055254210953e+01
-4.361009232755478138e+00
-7.043916979477728546e+00
4.468234762561223761e+01
3.045599046504554508e+01
-3.577642749211814532e+01
-4.478764889497995227e+00
-2.910655161746552722e+01
-8.020014679160738069e+00
-1.300814969697213996e+01
4.721344989033696038e+00
-5.430271892925908617e-01
-1.585113901686798954e+01
9.385861243811390864e+00
-4.543967216321561864e+00
-5.149196001601694661e+00
4.754632046025540149e+01
7.951613232570746703e+00
-4.555970176123864235e+01
-2.189592414507421836e+01
5.287996341770451636e+01
1.504031312991051550e+01
-5.260083498826475079e+00
5.889734928877089715e+01
-8.878159849963907391e+00
-5.056732171035292822e+00
-4.459488049711694657e+00
8.513472114835451521e+00
1.721254061237673483e+01
2.423841516660736772e+00
1.597801082278792251e+01
-7.068338106059428583e+00
-1.940207530089472243e+01
-2.299592137513727863e+01
-2.642157019359825654e+01
2.272762376374305404e+01
7.136220536213478738e+00
2.102282653706807025e+01
7.672162035021671045e+00
4.923172588768329661e+01
1.030092246644962017e+01
-4.451189540420301682e+01
-1.891045714931756550e+01
3.370399806717927049e+00
-1.606036698944703289e+01
3.484114683114151489e+01
-7.626752624759092214e+00
9.267684178254476990e+00
2.907328952285944013e+01
-4.116126874133522051e+01
8.247926557533705250e+01
1.143994315038551690e+01
1.316689083676470773e+01
1.993682133054876715e+01
4.080597510822599361e+00
-2.368457982302061282e-01
1.932495328676364466e+01
-2.042158230970557042e+01
4.577105284615603864e+01
4.046676147209619501e+01
-2.297958358192092021e+01
8.813457221092960481e+00
3.856181221932078529e+01
-1.133625785532660757e+01
9.648749810565419693e+00
2.078267029600705484e+01
2.234329792658405722e+01
-4.208541552470870784e+01
-5.671209459658996366e+00
-1.687891110058355792e+01
-1.660293479066041300e+00
-4.366480306631387975e+00
9.511744530418582144e-01
-6.867927670884142799e+00
-1.750687584555703324e+01
7.270003804796928648e+00
3.785606147552726952e+00
2.923347046135835114e+01
-2.413875797471392559e+01
2.405065490955939822e+01
2.603257345557938152e+01
-6.856297876426793891e+00
4.490917848109009469e+01
-3.753871218017820865e+01
-5.684357512284385194e+01
-4.793034613499333574e+00
-4.372913469199033898e+00
-6.818328592687521450e-01
4.409493509564085656e+01
-2.683952623803328663e+00
2.360990696378664211e+01
2.959712329386999841e+01
2.061086464851547362e+01
-6.388756968787618007e+00
3.284953755857162605e+01
-8.763418664569115890e+00
-1.951928262738795183e+01
-2.252522451683535110e+01
5.966204130595492927e+00
1.944212895862324331e+01
-7.382292895027546820e-01
1.918273854527757294e+01
2.729638665020956978e-01
3.340608278336644332e+01
9.522693641127631281e+00
4.992606067171315942e+00
-2.088614748124598464e+00
1.774158452135916519e+01
2.068633812495814084e+01
9.478794376599864790e+00
-9.831890999977872525e-01
-3.030491815784282039e+01
1.603864362935713928e+01
1.047621428762477080e+01
1.954998820478990496e+01
1.548968709804913146e+01
1.992755232065373150e+01
-4.781859628928145867e+00
1.715061029539913307e+01
-1.480618481749502280e+01
-3.639470825700641399e-01
-2.984748736979534556e+01
-1.692243167812722504e+01
2.213295174795412379e+01
-4.960840113070207735e+01
1.459932504385980678e+01
8.735949442551145694e+00
4.572244963813275831e+01
-1.041319138320835691e+01
1.835370331882750250e+01
-5.497132592937532536e+00
-2.667488870020944347e+01
-3.741689108060239732e+01
-6.445983090788672598e+00
-4.864755780424389542e+01
6.473221036470704348e+00
-1.091781381578245558e+01
1.698495842685700552e+01
1.300382345602605483e+01
-1.571421761599094680e+01
-1.607867539933613443e+01
2.253192889542248878e+01
-3.388219199388942116e+01
-6.721327618770573054e+00
-1.041737929212710156e+01
1.506082641191300553e+01
5.172888611691348615e-01
1.495479570996309349e+00
-1.038615920052801300e+01
3.017320262895034944e+01
-3.052868520212075509e+01
3.711213402043767928e+00
3.313575099447140815e+01
-2.024427707623610218e+01
1.705273215988810875e+00
-1.501652019520633985e-01
-3.579353027344480864e+01
-2.200451687732609685e+01
-2.733259346112831167e+00
1.554592491256023123e+01
1.819241195691674307e+01
3.358659623301804231e+00
-5.329686760621825670e+00
9.790965147183413819e+00
-2.340247486506495989e+01
-1.077090063555431243e+00
-2.853892591320993688e+01
-1.539040848560989616e+01
2.673799288743981606e+01
-1.570309054359978518e+01
3.733364963264895664e+01
-1.323226343264371963e+01
1.799752885381619194e+01
1.389763540282246623e+01
-3.488760231122644484e+01
-1.380405024248071300e+01
4.841403975325249576e+00
-2.301569862756646501e+01
-2.071508894578777671e+01
-4.809659672352108828e+01
-2.972064495416663021e+01
-2.808620570649370052e+01
-2.416796836507094781e+01
4.444305721179659940e-01
1.002002449169994236e+01
3.751969087096483690e+00
1.340929221988400144e+01
-3.123250379109225605e+01
8.387990525488646654e+00
1.485139225853788503e+01
-3.704192443398505930e+01
-3.421747600152417590e+01
-2.325391163109622994e+01
-1.494935106493801413e+01
8.918222242880574413e+00
-7.209322726238269752e-01
-2.315196956471410061e+01
1.646469290955809583e+01
-1.314926500435913681e+01
2.761696013781281067e+01
-4.895975752314666352e+01
3.482132333761990139e+01
-4.987208750994625461e+00
-2.201932490682283117e+01
-1.377083765497106072e+01
1.039987802456344923e+00
2.459456666057393193e+01
-4.053431020345177416e+01
-6.507836541514365081e+00
-1.113743986717719281e+01
2.459489051334584531e+01
4.596880068383206464e+01
-5.464539816830210839e+01
5.111991057571367492e+01
2.284913584353702731e+01
-4.102344904287700444e+01
-1.755037532009443169e+01
4.355762616410822829e+01
3.267907118105915742e+01
-1.142183188368653646e+01
-3.210699721750586377e+00
7.860250331061322981e+00
4.101981722521196616e+01
-3.118130492501551032e+01
6.958418325139717808e+00
-4.598019080166672268e+00
1.498963665100836806e+01
-3.989413990905833174e+01
-1.823313471549152354e+00
-1.670243490484391913e+01
2.624704323779222648e+01
2.314409010340489203e+01
-4.799020747013031496e+01
-2.624477697467230541e+01
-1.186793208668046873e+01
-2.340874255048983343e+01
-6.394191432108812023e+00
-1.115606067693758519e+01
2.471964112511631129e+01
2.307962702095051100e+01
-1.148370023995312295e+00
-2.525871823357319101e+01
-4.676272593071718120e+01
2.615323360262027563e+01
-2.698652891228736195e+01
-1.999286307351442815e+01
3.254035557080705132e+00
-1.974558612797363111e+01
-2.148039182573148764e+01
-1.571581151085862160e+01
-2.629087046497224378e+01
-1.424705157009699263e+01
-2.853933989253414438e+01
3.071935205635065103e+01
3.371036754955464687e+01
-3.638506964631972096e+00
-1.204108098644832126e+01
-2.405935138562540487e-01
2.496915820808061426e+01
-4.719880589274180238e+01
-1.088523543052599507e+01
2.704522512695007208e+01
3.897496781663542720e+01
-9.223951375065666980e+00
5.401105918980476872e+00
3.015179871294543545e+01
9.119113492944677546e+00
-5.601971253720137156e-01
-2.445533401668797069e+01
1.109279273258403009e+01
-1.903724833796908911e+01
-5.724893044733590841e+00
-1.069446663256658780e+01
-9.040965150120143790e+00
1.248341610054785633e+01
4.345217250605563919e+01
-1.293906902600241438e+00
1.890119340110373969e+00
-5.001484334025623468e+01
-1.037401718069884282e+01
-1.975901904292464906e+01
-1.164712147314332924e-01
-2.585231329033888414e+01
4.689850837300497233e+01
4.458192736308910753e+01
7.692447519048343452e+00
-1.084858563792559494e+01
9.159706359301964085e+00
1.131579746214829640e+01
-2.623806844351044987e+01
-4.651688857823444323e+00
1.041890266294018375e+01
7.313805229619475767e+00
3.028718755012019415e+01
2.220172945302351764e+01
-1.161622438685350289e+01
1.428509832585886841e+01
-5.448730420182282330e+01
-6.441028420090404438e-01
4.795080628119646349e+01
6.545095421095425081e+00
-1.151346075651588308e+00
1.679388630576056585e+01
-1.578305434260333939e+01
4.939896718458439295e+01
-9.143691011196239060e+00
4.422102961283113132e+01
2.155586841532853981e+01
-2.225031423106696593e+01
1.779983785432901300e+01
-1.685217734275705936e+01
-3.977296791483388461e+01
-3.539494714197843450e+00
-3.062091869989946247e+01
-2.889971226259171999e+01
-2.737840695504303312e+00
1.986631324203619897e+01
-5.361520812713337136e+00
-1.721770560016682339e+01
4.940982879551910401e+00
-3.809881695371257138e+01
-3.879424992566510966e+00
-4.565574619291822955e+01
2.681584370821084917e+01
-6.368205283301477948e-01
-2.746365761673376937e+01
-9.080902311943674476e+00
1.019645567285755305e+01
-1.947012924534521972e+01
-2.512369280664576365e+01
5.192400509042421675e+01
-1.331032859170500160e+01
-2.216373238948199287e+01
1.503564669112543584e+01
-9.726940063268223469e+00
3.013232920760467692e+01
-2.521565659367013268e+00
3.867907537729237788e+00
5.955085127780421317e+01
-6.840128716984764878e+00
-2.017974795252226272e+01
-2.366828901696862886e+01
-2.802061311552199641e+01
-1.884711948242653534e+01
1.490942111891439481e+01
1.495910814819382040e+01
1.224770032681827558e+01
4.051624690419401986e+01
1.850893718094823726e+00
1.152001824683316045e+01
-3.503226958813657177e+01
1.482504406101668337e+00
-1.022982472682031130e+01
-1.470743026975213752e+01
-1.907026749107160413e+00
1.856150537074637441e+01
2.106918702015394729e+01
-3.653506647969884114e-01
6.767181654828391402e+00
1.518817584949862720e+01
1.922772746124708476e+01
-1.353257392295604689e+01
-6.996833621157065863e+00
3.766555272665641496e-01
-1.273231512018099920e+01
-2.763649355700096066e+00
-1.979024208602390900e+01
4.381014006731868449e+01
3.549545365819273002e+01
-9.008177867689823870e+00
8.832428115317412676e+00
-2.554663433491858981e+00
-1.654444679988625921e+01
1.966928322604236712e+01
-5.278604997242894115e+00
2.208644756347882776e+01
-2.891409931777166520e+01
9.937104734574319309e+00
-5.503677803877053520e+00
-2.976257094655522906e+01
-1.351651568104466605e+01
1.478401007828126978e+01
-5.038188648173482420e+01
2.375687834608868343e+01
2.573859191835396132e+01
-5.519073917737788548e+00
-3.317421683799906873e+00
-1.777831564080173621e+00
1.378696099144406162e+01
-1.806993446516344193e+01
1.994687863618650425e+01
1.682318264540529640e+01
-5.431411683378490807e+01
-1.956727327245231152e+01
1.313499923080077636e+01
-4.669992768310009978e+00
2.397061130229390358e+01
-3.519666058686746624e+01
-2.995223567098946660e+00
-2.314405333461787606e+01
-7.106179327124114309e+01
4.249662537623616743e+01
-3.221507378673516087e+01
-3.379826518394933288e+01
4.929693662903531504e+00
7.163117317744482193e+01
6.412631147426282041e-01
-1.551787311363955268e+01
-1.737285551340107759e+00
-3.033499639273124160e+00
-4.732003858958243825e+01
-3.383727304848754613e+01
4.526254568615090079e+01
-5.660370013080296303e+00
-2.083651701970672576e+01
2.726645108586933475e+01
-1.983198405559522115e+01
2.037530387704038048e+01
2.944378298636467406e+01
-3.154522225814898206e+01
-1.548398584835985048e+01
-1.920457547378305208e+01
-9.925329314250717516e+00
-9.708596460642823445e+00
-5.738326760580378050e+00
7.911846776766537914e+00
-1.886323133091837434e+01
1.567440149240738378e+01
3.200202856569456600e+01
-4.976041575110087933e+00
-1.126814866963616169e+01
8.068400744067986352e+00
3.095663968545659372e+01
2.882857005345502444e+01
5.426791518016955251e+00
-3.054683137540877169e+00
-4.808907322565232789e+00
-2.803549421048604984e+01
2.124203182638179044e+01
-1.230997353662161942e+01
1.097415263733421398e+01
-7.746049850977271944e+00
1.493327194277901526e+01
1.010338140961930975e+01
-4.447011697502637162e+01
-1.473106763126389751e+01
-4.342768943718543539e+01
-1.969742621398637539e+01
2.909290682833500341e+00
-9.503764697241336989e+00
1.805418211698588493e+01
-1.659816048180334747e+01
2.057319392385018375e+00
5.937013539685665364e+00
3.908211221090709842e+01
1.979755483481648071e+01
-1.669993260817260250e+01
-6.832693342118574265e-01
6.685754344554339923e+00
2.118989196826161958e+01
1.814800263087761323e-01
3.016409578342765485e+01
1.238574724661057758e+01
5.004622761993852009e+01
1.043721842116312359e+00
3.617069085566394904e+01
-1.494974959503690570e+01
-2.081584397727113611e+01
2.430020127985216050e+00
5.144028244449259546e+00
1.480092921749545098e+01
-7.818040826181402281e+00
-7.551438419258161616e+00
1.434623808380570864e+01
-2.675702867356085335e+01
-3.045796943300756254e+01
4.377914418821634968e+01
-3.304558818245311613e+00
-2.157201947800384545e+01
-2.223063011255298704e+00
-7.458535318362805810e+00
2.350065211541344468e+01
1.826808433538403165e+01
-1.116108149453066289e+01
4.734560487416956676e-01
-1.458841089329496299e+01
-1.948816158452973468e+01
-1.475456154121968666e+01
-5.338716585174651641e+01
3.878435955664372159e-02
-3.552367431615525106e+01
-3.075588955991668882e+01
-2.057311020418700309e+01
1.059326349310657633e+01
-2.013318537130808750e+01
1.275881815939610675e+01
-3.382223649704756951e+01
5.740341030167996905e-01
-2.286719814233778791e+01
4.761373315187270805e+00
6.214777626603883220e+00
1.841810389462105491e+01
-1.159682999852364560e+01
-8.773953145974104473e+00
1.631967504883965248e+01
3.269544076847689951e+01
1.813059987391494587e+01
4.613215327156922285e+00
-3.961633396311673039e+01
-9.412958209208355242e+00
-1.747759315862998619e+01
-3.334505189209039600e+01
2.233359980311678328e+01
-2.004922379487038597e+01
-1.802165070108642908e+00
-1.548188562423760573e+01
-5.505135594578402447e+01
2.852773172934921320e+01
-9.714330129120753554e+00
2.238132379710930309e+01
-3.940755111955516554e+01
3.722287073238206290e+01
2.026208762650497874e+00
-1.587721031152163320e+01
4.787561220539117812e+00
-1.150705951695294971e+01
-3.616552172499140738e+01
7.962772657638879537e+00
1.968652441276694276e+01
9.692821827219404440e-01
-1.999665397954430546e+01
-9.044945031557460879e+00
9.663587180806501920e+00
1.762875667231088528e+01
3.478571403613770485e+01
1.308550126230073829e+01
-1.282273429923091612e+01
5.270932595635657947e+01
1.323474844191887811e+01
2.343528937871760576e+01
-1.011051957403651613e+01
1.542778606248346307e+01
1.082253055628825678e+01
-3.422364708653944376e+01
-1.139411799006251158e+01
-2.258957764925218115e+01
-2.038589077176753506e+01
-6.673537835395848106e+00
-7.663416096867877059e+00
-2.329608601510946642e+01
-6.115660880893987894e+01
-1.593928393504631202e+01
6.880767993641711655e+00
5.028644485509119022e+00
7.674033724630547226e+00
2.562846761592362554e+01
7.728563879689311023e+00
1.794297788963930884e+01
-2.295070104799850697e+01
2.525487291619964481e+01
-2.509717558857505537e+01
-3.973819256134419220e+01
1.212425114816727501e+01
-2.385525301417274591e+01
-2.166029452694974111e+01
-8.752869496529609705e+01
-6.386293742407659124e+00
4.503824624138945865e+01
2.339844216926114484e+01
-5.668941346922395041e+00
-7.628360867665463729e+00
2.086751994213392436e+01
3.672767724850510263e+01
-2.298088049403980193e+01
-5.928645427201161056e+00
-1.879259152947912526e+01
-1.941068537184889919e+01
-1.694117191978167369e+01
6.975808973746289610e+00
3.907409562499205435e+01
-3.597554111981642677e+01
-3.096460186766950073e+01
1.813404966465128609e+00
-5.884285233170487572e+00
-7.322620784096205426e+00
-4.981182797739126045e+01
3.474759506726485370e+01
1.325734957482660548e+01
5.207951334262649112e+00
2.672418682072435558e+01
-1.812233991501453190e+01
1.707528868334229344e+01
1.534081619210553527e+01
1.978532332163922547e+00
-3.346110456335999572e+00
4.858207702326110322e+00
-8.716068232130567139e+00
2.803754649465014381e+01
-2.211436520413184326e+01
2.379703185890974737e+01
5.302292981414353790e+00
7.969277204774101619e+00
1.258982208610171938e+01
-4.804172104705335755e+01
4.677978560837260602e+00
-3.698859571583449224e+01
-2.703726333557733597e+01
-2.704655020996185044e+01
-2.758141940927700375e+01
2.880229733309533913e-01
9.260457503912448374e+00
2.751796713178435994e+01
4.775917977874762244e+00
7.938085234122738143e+00
-3.877899650679216847e+01
-1.407768122225915874e+01
1.877848790044673422e+01
-1.134476062666571750e+00
-2.280980722474623690e-02
-4.875749533561815952e+00
1.935067284968563683e+01
-5.040213930597161607e+01
6.217782406356004543e+00
1.118525537375700196e+01
2.387433318305599173e+01
2.040746398996996902e+01
-3.125136237721179100e+01
6.195941715493944457e+00
3.220473151216722840e+00
2.580164596671835398e+00
3.299689180853562220e+00
-1.037842464419762223e+01
-1.945928035237938047e+01
1.044928278390753462e+01
3.322029086160682709e+01
-2.759782362008991186e+00
6.364579837030646559e+00
9.394888505647855936e+00
-1.414378311253314280e+01
-1.500350437159775652e+01
-6.586504172784279376e+01
-2.033892157976372062e+01
-3.012297241098686129e+01
-3.681397245512016525e+00
-3.725811596425413086e+01
4.144622560964737090e+01
-1.727966181832385928e+01
-2.961211038784844618e+01
-8.539305998445672685e+01
3.665048110034692286e+01
7.360015573513265963e+00
3.395584929211864278e+00
-3.459259506209571100e+01
4.863651947623282013e+00
-1.103094558359639166e+01
-1.808687067127170423e+01
6.492447721980159514e+00
1.863695678744733186e+01
4.028609577246484719e+00
-1.172762571681607824e+01
-1.373326454390735307e-01
1.521139177395809838e+00
8.705356523276975622e+00
-3.503372206358992003e+01
3.982423388740976833e+01
-2.367476975115366145e+01
-1.652361590724851936e+01
-2.700802873096745316e+01
-5.738185050533163434e+01
4.971879227708896565e+00
-2.890208055358431238e+01
-1.050177538145435818e+01
1.801057226624607210e+01
-1.426309037245624722e+01
-1.892696972803605604e+00
-6.480828495793858224e+00
-1.105661959488446655e+01
1.767599759421734973e+00
2.993653173709459736e+01
-2.772318339572250778e+01
5.487585136553911980e+01
-1.248118103107537991e+01
1.843494803972789953e+01
-7.583039916065544617e+00
6.273386615932757593e+00
-6.019813723625702551e+00
2.418350583769421291e+01
3.379644126148897243e+01
1.055503085887824000e+01
2.535526109402654527e+01
-1.964150959430409671e+01
-3.663040360532228590e+00
-1.228797663133576634e+01
3.789086422112578134e+01
3.178908616615206029e+01
2.403082696979640787e+01
-8.433144723663360764e+00
-1.534255747650263402e+01
1.372434257040338679e+01
-1.551593653139238427e+01
-6.852940235551045589e+00
-3.173680793468193428e+00
-1.625570580672069099e+01
2.738813191315666984e+01
-4.543050730645397550e+00
2.094177743033990424e+01
1.080513755967904288e+01
9.521937339309559434e+00
-1.823877315046622982e+01
1.460094449204441958e+01
-1.012047661580453450e+01
-6.509611207106644315e+00
-1.725181359049230423e+00
-2.651455024644172909e+01
4.111221269188575889e+01
-1.466060355882140520e+01
-1.781844898002077571e+00
1.226321688184156500e+01
1.060259121736936549e+01
4.086356561980349511e+01
-9.438960112190670770e+00
4.154091000078929596e+01
3.724983451937285395e+01
-5.161765105034425005e+01
2.794147560406713637e+00
-1.025272061092492493e+01
8.665133558637023725e+00
3.289483822207486696e+00
1.095396892544596312e+01
3.435878434028794715e+01
5.383732311476553178e+01
-4.139141600810896193e+01
4.170079287123542144e+01
-5.397534980272988037e+01
-4.477297214652280388e+01
-7.959014015063772263e+00
1.851364957931878052e-02
4.011365934092177099e+01
1.973731985057997917e+01
-6.634741680528208008e+00
-4.916440998646696414e+01
3.891150297544759695e+01
-2.298741925270957154e+01
9.611778189334359013e-01
-3.944835713110471431e+00
6.936494109357681737e+01
-1.395390590954275467e+01
-5.886228387123458106e+01
1.724443943569559679e+01
-8.965648725161014454e+01
6.328792358990781963e+00
-2.010024558970944497e+01
-1.015873112772246500e+01
-1.496423499815973912e+01
-3.223220010061274365e+01
2.110745541466483388e+01
-2.096775918784114268e+01
-6.466229842045152054e+00
-4.348070229173958978e+01
-2.401844441617981829e+00
-2.881268481892031019e+01
-4.115171628717996555e+01
-6.260974512302533412e+01
5.053164385132021152e+00
-1.963405421535597384e+01
3.462238317966011891e+00
-7.794985923374042613e+00
-4.479372415097134308e+01
-3.583113049150844631e+01
-3.005871068356566411e+01
-3.126481051716308457e+01
2.937291824703488885e+01
2.786185928933221589e+00
-2.748383189210737498e+01
-1.198402548960569902e+01
-1.354124909602366245e+01
2.219672150314561776e+01
-1.711605806782984374e+01
-4.218179850918158280e+00
-1.548538612379138613e+01
-1.968483977464534007e+01
-2.231390895113332817e+01
2.034878226450835825e+01
-8.601614707306453056e+00
-5.107464472346603657e+01
4.249630134080959465e+01
2.426668848458831107e+01
1.463489794962242740e+00
-4.307321994645576524e+01
-4.127328826995488953e+01
3.760357297859513892e+00
3.869198818162828957e-01
-1.740284892844624665e+01
-2.522626905350374926e+01
1.728901082044859550e+01
-3.038790044751124242e+00
1.449804565573055015e+01
2.705916657998352548e+01
1.749544348502956836e+01
1.762567859833389150e+01
1.318182124937768940e+01
-1.150916953842030921e+01
-8.221416952371896514e+00
-1.200205423696960239e+01
-2.025611359405036183e+01
-2.356652935220205336e+01
-3.512903727668347642e+01
-2.054893013104464217e+01
-5.647974063924479537e+00
-4.241622965728595318e+01
-7.874928307599418531e+00
2.015833030683198146e+01
-4.354469724047993395e+01
1.643021416707124160e+01
1.483379660221390850e+01
-3.972394750802226326e+01
-3.130310205790291889e+01
-9.475270119037944028e+00
9.704629682474177343e+00
-2.175610331081304594e+01
3.991315876207076485e+01
3.542632139560222981e+01
-4.267924151664158217e+01
2.468500013496810652e+01
1.921695932065549073e+01
4.835109178754919412e+00
1.199646726865961455e+01
-2.364554560776934977e+01
-7.189260107703134395e+00
4.583853421475851064e+00
1.063098841199912670e+01
2.336382875529027814e+01
-2.829786566366866296e+01
-3.293237424755886877e+00
8.270671711467954879e+00
3.008758304370587666e+00
-1.643179936942800623e+01
1.207100128087979130e+01
-1.412114485282521059e+01
-1.135528520733401336e+01
6.498792708752318958e-01
-3.363794647697653772e+01
1.653795356350059365e+00
-9.337156543386072372e+00
-7.644910652364984571e+00
4.640615824909872345e+00
-3.003232270691410122e+01
3.282206315757775883e+01
-1.394536837384707439e+01
-7.373143248354446655e+01
-4.719545952521286836e+01
2.046972234162313953e+01
-2.239971347875487595e+01
-1.038631715526520338e+01
-1.450129641522822510e+01
-1.015669746092343928e+01
-5.572449021292192128e+01
-3.512017063263726868e+00
-3.448153397686633070e+01
-1.908454997128384889e+01
1.174308454909848365e+01
4.355908013662215694e+01
1.571402249900298642e+00
-5.760184146938200911e-01
3.295672400104844257e+01
-3.068309556000579619e+01
1.768919601767735372e+01
4.223786561918871030e+00
-2.639569222302907292e+01
-1.411095237118504997e+01
1.231723918499142201e+01
3.573278006592133238e-01
6.721379318922124924e+00
5.711667144325602408e+00
-1.308974470035212789e+01
-1.801642719708127061e+01
-2.771168612917603014e+01
2.726483461277692300e+01
-3.570426035423459155e+01
-2.651680168543437333e+01
6.882339731794104409e+00
-4.813840679435678283e+01
1.248121224219556780e+01
3.553751379593944648e+01
-3.987543527252640274e+00
6.440462834385186852e+00
-1.596711694249256652e+01
-1.219827441341226404e+01
5.749217080048140360e+00
2.104518328982416975e+01
-2.150818528946702912e+01
1.498616575854546795e+01
-5.873122677855519669e+00
1.711578675625503365e+00
1.282492477822430033e+01
8.246435872818807411e+00
-7.145321771168305247e+00
1.218016587842782883e-01
1.061030722276422011e+01
1.584837399150686110e+01
-3.979193217016045026e+01
1.856742119300974991e+00
2.851111672431856192e+01
-5.114792272286337038e+01
1.681292670824858249e+01
-6.459808596216234378e+01
-5.962906145193494822e+00
-8.207747567372763342e+00
-2.910896583380122138e+00
-6.750021616059314056e+00
-1.390687365379247353e+01
-5.281360601766834861e+00
6.606358108465826717e+00
-1.477953787437643030e+01
6.667768925575444428e+00
4.851863126011465965e+01
-3.355946481049005570e+01
-1.461881008197065057e+01
2.207602668428432935e+01
1.333558586375072252e+01
2.422586759968833547e+01
1.169885118000700430e+01
1.166230807287598736e+01
-8.914737925997684442e+00
-2.715014103517098931e+01
-2.503649660227978302e+01
-1.494266580280296353e+01
2.557104656100150919e+00
-2.340434956981204095e+01
-7.754621912594821254e+00
4.036788425786099310e+00
1.315984007235346098e+01
-5.660515850129414162e+00
3.300587454382721830e+01
-3.199407033527128874e+01
-2.171928658610852381e+00
-1.677362025471337503e+00
1.520773973690175751e+01
-2.169286437655948419e+01
-1.374478733118002083e+01
1.037062729017419649e+01
2.483766923534146542e+01
4.130708488652889798e+01
1.764675446335249376e+01
2.311771465717396268e+01
-1.543647300296527547e+01
3.484749745550277567e+01
3.650083508204915006e+01
-1.416044173983550536e+00
1.888892725638302750e+01
2.082420069516243188e+01
-1.301193603559065082e+01
4.702555344035715734e+00
3.352347663087465435e+01
-1.333376767774961991e+01
-5.055117125145557111e+00
-3.324646589201996250e+01
1.313419673865078607e+01
-7.108866913686213707e+00
1.085841478820847783e+01
3.233379395059884587e+00
-2.196260135106438227e+01
2.513680375068574335e+01
2.214232387961308746e+01
-1.486026578505067164e+01
1.054634837493930632e+01
-3.373078231754215039e+01
-2.929799202946085757e+01
1.364188332928853242e+01
-3.757525688262026620e+01
-1.696602114841784470e+01
2.844546880867710570e+00
4.558613655701643808e+01
-1.406240460571035555e+01
-6.770485119067558344e+00
-9.928806074236177892e+00
6.181636928967054700e+01
7.661285480829498340e+00
-2.376802428929818234e+01
3.906365522639549681e+01
3.458548661645331634e+01
1.729918019045052802e+01
4.141908658571713886e+01
4.739787888371805735e+01
-4.116220260101524531e+00
-1.526757024103102367e+01
-1.597893386867099252e+01
1.593304411089853545e+01
2.072397551205443733e+01
-3.789927923517311115e+00
-1.273978595235544731e+01
-3.366904916981599172e+01
-1.390531144241009542e+01
-2.489806057944934992e+01
1.661185827279113880e+01
9.436443352887351921e+00
3.513175803481709636e+01
4.094410133127894369e+00
-1.297852546230501503e+01
-4.667156577424339758e+00
2.172939020137155097e+01
6.898238234141047087e+00
2.999284691919561396e+01
3.070726821189543898e+01
-6.651903435061427672e+00
-5.964019733532666123e+00
-5.532759789308647669e+01
2.788041720418118530e+01
-6.666804237472092609e-01
2.984766476167403937e+01
-1.191289530173779809e+01
-3.434693123406871251e+01
1.163137339456530128e+01
4.010792893616631716e+01
-1.440268953607761659e+01
3.637507646363070535e+01
-4.006689404682853706e+01
-1.267204611639340328e+01
-4.474318470217502863e+01
1.047764461399648894e+01
4.432281626557141863e+00
2.969401218856290825e+00
-3.421483915376859386e+01
4.986283119831034583e+01
2.981209296654992613e+01
4.870084620003126474e+00
-2.838836815382975942e+01
1.192319989186989915e+01
-1.281257551959181740e+01
-6.824071410828196349e+00
-1.319055600423024543e+01
1.006726402260940745e+01
-7.969504262922896487e+00
-1.107674222250020080e+01
1.144101219096324940e+01
1.422515237189013249e+01
-4.702389250114157448e+01
1.093500777606749352e+01
3.707603597741439216e+01
2.206801692515847435e+01
-5.724924662945446663e+00
8.274512119134485033e-01
-1.924971459287129960e+01
3.181553316390539976e+01
8.538081043150413052e+00
-2.300953504347319267e+00
-4.126713113082871587e+00
5.861936867633056636e+01
-1.746097425665794844e+00
1.334100812105876344e+01
4.094938233002466177e+01
5.270049206510982742e+01
3.408815394409188571e+01
2.221960900987858167e+01
-3.644329566441851398e+01
-2.482840926539327597e+01
1.886773217717544071e+01
3.831006221922848454e+00
1.732495371625589087e+01
8.732318325166616546e+00
3.366362023812908433e+01
-4.236559599582970748e+01
-2.668774393819478519e+01
-6.315296405579658767e+00
-4.679977413678186338e+01
1.046421801966332055e+01
2.408708792782356056e+01
3.735615860933194199e+00
-1.213978766396758147e+01
1.270019378972256163e+01
7.557503153353889047e+01
1.686777741824516852e+01
8.596786674815746210e+00
-2.566411211376157553e+01
-3.274214093055849162e+01
-8.002192324529538325e+00
1.807519234566754562e+01
-3.239781125699494169e+00
1.297123878946757003e+01
1.908841971099832335e+01
-3.115609456479876371e+01
1.423148107228968229e+01
2.416763413158832918e+01
3.079806533255623435e+01
-3.598001728343575678e+00
2.579697016865395653e+00
-5.492551733195639940e+00
-2.639752791214297645e+01
-3.787154728543160331e+01
4.335881768944227588e+01
-4.215855940461281648e+00
-3.014189618863571241e+01
2.988196987946864169e+00
-1.411763082319624374e+01
4.954598898587263989e+01
-1.275852848546475116e+01
-1.956326480335934548e+01
1.898426507812115460e+01
-8.960060551643465487e+00
2.428354042304843574e+01
7.245915337480823837e-01
5.302514791382634485e+01
2.880749586649793059e+01
2.185120178096862986e+00
-2.030626059769249991e+01
1.496773460162646074e+01
-2.938603570157530243e+01
-4.781742384209508145e+00
3.341092429379834527e+01
-1.525774053900309468e+01
-2.449650049883530301e+01
-1.324566885449820575e+01
2.728999623420827447e+01
6.895615462831877096e+00
-4.518960366423436170e+01
1.810962460290960507e+01
5.046754162724312209e+00
5.020459355335262330e+00
-2.748490066211013527e+01
1.560740938793912846e+00
1.842103048005336063e+01
2.610047750694423030e+01
3.596490901810264518e+01
1.573517541900699257e+01
2.131232407319657796e+00
-2.950895683047107809e+01
-2.552892482897613036e+01
-3.765099002258547500e+01
-7.174884306920716881e+00
1.728824313363693932e+01
-1.330322095409535166e+00
2.799743680461000395e+01
-1.783055958620099091e+01
8.968093002062005326e+00
-9.484199300607883742e+00
-1.630701174481266591e+01
3.338082523790448874e+01
3.868376349611480691e+00
3.432669468280067804e+01
2.578881591346544155e+00
1.214147854668677162e+01
-9.835246582136306870e+00
3.314263564446038401e+01
-9.082779512791489651e+00
3.580165622733915143e-01
-4.262705041945267226e+01
-5.237127465143458949e+00
3.902748115566907927e+01
3.485573321491631305e+01
1.472587381097626036e+01
-9.079644674806985449e+00
3.068408706088305848e+00
-1.145790584185182581e+01
-7.585896223739624133e+00
5.049658099266572009e+01
2.758481048631836074e+00
-1.430726656511816941e+01
-5.916888142785381177e+01
-2.593182341910442545e+01
-2.098805419192221677e+01
-3.500952845755352882e+01
-3.171078255499097054e+01
-3.777057320170317212e+01
-2.507468734158328516e+01
-1.739551867994771328e+01
-2.704502090193413721e+01
2.564274737970598395e+01
-1.137533384704090622e+01
-4.825263627818810619e+01
2.193273610379708316e+01
-1.663065722477578845e+01
-4.441234062488629775e+01
5.308486491948363550e+01
-1.423273572037362555e+01
9.385957785681398491e+00
2.189849116526673356e+01
4.912564024167153320e+00
1.460166979683774002e+01
1.781925959623222866e+00
1.083002725754429463e-01
-8.130868436260875853e+00
-4.126616986374989438e+01
6.499605255267752568e+00
-6.821111683010889237e+01
3.886519279701371943e+01
-2.332157270048952569e+01
-9.706875773774413574e+00
-1.001665620218903996e+01
8.184444230796289688e+00
-9.353342809113300405e+00
1.476801711455222232e+01
-3.027313595000052260e+01
1.960110629406136695e+01
2.363543155671699836e+01
5.713885558323582359e+00
6.281342523901827235e+00
1.183566363874524541e+01
4.992882565874708689e+00
1.511307594381111130e+01
-4.341911402784603524e+00
-3.854564050564842148e+01
5.238928530036361053e+00
-1.357464757525320920e+01
-2.973236283288031245e+00
3.032560190078959295e+01
-4.405673072914120070e+01
7.647523241840872288e-01
1.165295962302678845e+00
5.036274517987891386e+00
1.719990749302992583e+01
-6.679751950114514614e+00
4.563213476490238918e+01
2.418096447358323076e+01
-8.431689678904888297e+00
-4.131256494495147535e+00
2.070099146368661991e+00
4.227247048776911242e+01
-2.911615757725741105e+01
-5.660734477287240907e+01
1.694294780898334807e+01
-6.745948152112973162e+00
-9.187858945854671333e+00
9.090701236443265998e+00
4.176964031781736253e+01
2.439607531417374275e+01
-8.819802830938755278e+00
-2.893139682456242667e+01
-4.693994174070880376e+00
1.553715573418093499e+01
-8.414542412135602945e+00
-4.110766732643799060e+01
-3.351616549715885185e+00
-5.255914786323742760e+01
-2.799561032815728367e+01
4.526842980040824216e+01
-2.875194113915058836e+01
-3.766453113732825386e+01
-2.841703166904930811e+01
-2.039309266432364609e+01
1.998558931504274483e+01
4.654188471474692079e+01
-3.667736954695328677e+00
1.429264682022449051e+01
-1.176299180920017307e+01
-3.845113125509592322e+01
2.593121268209542762e+01
-2.608553050061578915e+01
1.441269420470092655e+01
1.767349193852778910e+01
-5.848872497859815667e+00
2.085353819553992594e+01
2.280118038303749017e+01
6.285966012797530311e+01
-6.573473545388822004e+00
-2.869848782964827194e+01
-3.483708268574014255e+01
-9.515487256554038709e+00
-1.855553428214410161e+01
5.237366482558377356e+01
-2.429571853874224985e+01
6.420277243523536015e+00
2.716101295907947133e+00
-1.221631447294302575e+01
-4.709754387202031012e+01
-3.466631082044102641e+00
5.468323147886380298e+01
9.630330571499229109e+00
4.153583942271751539e+00
-3.210012729685713850e+01
-3.195659726328915440e+01
-7.819222365845881484e+00
2.553314618841045558e+01
-1.408571370022508518e+01
5.708390334459488713e+01
-2.689780479492230825e+01
1.043643573005236647e+01
-7.594350655863252086e+00
-3.603809695473958641e+01
2.385460811306046480e+00
-2.845647876251291564e+01
-4.103985402650596370e+01
6.171848470457462099e+00
1.068939591893752095e+00
2.904776388494315142e+01
1.310002544569879745e+01
-1.865173182371347949e+01
1.191188384251165644e+01
-4.860492295507904714e+01
-2.658498760210193268e+01
4.951953348446409109e+01
4.594549743031819844e+00
-5.904647055800239741e+00
-1.654276282934347364e+01
-2.449662007888207427e+00
-5.522908204628777185e+00
4.943816036042460382e+01
2.311623406960313076e+01
-6.578239097434902760e+00
-1.939302943969948956e+00
-2.183412470094923918e+01
-8.697950322376982513e+00
-3.498828476324382564e+01
2.740458754044342626e+01
3.884269112297758397e+00
5.737647696772057770e+00
9.983767567834831880e+00
-4.440773772721286150e+00
-1.142213260377268114e+01
3.052724073632273161e+00
-6.011935119963017371e+01
-8.608814788129024009e+00
-5.713883483230063121e+00
-4.306577851010501945e+00
2.673800351220394589e+01
3.612113891844968805e+01
9.638576292814320823e+00
-5.288378365829839822e+01
3.455339689114924795e+01
-1.186527795573175581e+01
-2.079687365119150400e+01
-4.841279667817203602e+01
-1.668362153132490278e+01
3.453393535934378633e+01
1.692835487463139543e+01
5.518964038526945615e+00
1.869806149992149358e+01
-3.243963632948859299e+01
-2.584708046504169943e+01
3.129516796485040686e+01
2.158829715663040361e+01
2.667403251550246068e+01
2.763808964301276205e+00
4.669701679825521978e+00
3.029610163211276586e+01
5.357651671403104388e+01
-1.158688455927327965e+01
2.136704117553426840e+01
-1.441533645449510459e+01
-2.432321005431386851e+01
-1.923604353148186874e+01
-1.936245722068338182e+01
-8.069904542858267860e+00
-2.641175216143705029e+01
-1.086326866440765571e+01
-7.536086189704707294e+01
1.883913336706174846e+01
1.228145090610628642e+01
-2.654562377029321851e+00
-2.154639952593686303e+01
-1.024889963576814012e+01
-3.049706676042333697e+01
5.442679923262005559e+00
4.472231090890377914e+01
-1.229800011828132256e+01
-9.354869189593102874e+00
1.166098571077247925e+01
-2.835640841902137410e+01
4.693670223249146289e+01
8.132833746226054927e+00
7.775726688682027543e+00
2.743947849023581398e+01
-1.368646511922548825e+00
3.105402687866620681e+01
1.049891473446157875e+01
-2.171863717649586079e+00
4.542306667977953794e+00
-3.488124581600118290e+00
3.670320057707129990e+01
4.752977557682044107e+00
1.006438771715727398e+01
-6.444945969823152154e+00
7.805034097091336776e+00
-5.115501884152621415e+01
-1.947185515895461094e+01
-2.706319469800519073e+01
2.625065044079437371e+01
-1.772593415592152155e+01
-3.327962547229935808e+01
3.206050792055509646e+01
-6.733081036707602607e+00
2.243909785315472050e+01
-4.989812065290516330e+01
1.025019019177402058e+01
2.877836867359590656e+00
3.431504597133312018e+00
-6.474144935361096032e+00
-4.029225719097610181e+00
2.811836341520460536e+01
9.960293301923570652e-01
-2.814867507454508200e+01
-1.036912168481185859e+01
1.218055918508433422e+01
-6.366881707250959721e+01
-4.869864005749901281e+01
7.167956233979566605e-01
7.783185771993977653e+00
-2.602120657333327358e+01
-1.048890993135586314e+00
5.821502112431727483e+01
1.544976697205652272e+01
-2.979343574723424126e+01
5.182217460760554673e+00
-5.142898784128618672e+00
6.908875129077948429e+00
-1.970868965687046170e+01
1.218176241056475462e+01
1.457301415279903267e+01
-3.833529759110831492e+00
6.172284124760317070e+01
-4.373036942552616324e+00
-1.744458638566703712e+01
1.314216004969574669e+01
2.372971431618128690e+01
-1.864152087669199886e+01
-1.018007764487315114e+00
5.409578578246438951e+01
-1.555875168248746832e+00
3.250426260031559877e+01
8.057641985201684065e+00
-3.855456644639417618e+00
-1.258659263423413677e+01
2.884040322036076986e+01
-3.085326377409649012e+01
-5.593148819746147637e-01
-1.004814685386421047e+01
-2.191078172312803929e+01
8.315553542918516783e+00
1.469451914152936212e+01
2.392525086560226555e+00
-1.956787320760895454e-01
-2.199831145005185817e+01
8.951396523032798314e+00
-1.820030098391271167e+00
-1.252111772019934222e+01
-1.112378870390590180e+01
9.095410570849935539e+00
-2.031345311640961881e+00
-2.087980945933873045e+01
-6.020568775893565316e+01
5.820028657840396136e+00
1.062869472688609562e+01
-2.680582591806455639e+01
-1.320512419653505276e+01
4.566997439560768157e+01
6.207650957997444152e+00
2.177510552221281159e+01
4.783119207888120172e+00
2.201290699345210555e+01
3.165333210541888320e+00
-2.149595872747914882e+01
-6.031947373478857344e+00
3.004264731856352455e+00
1.739590503230039076e+01
4.162778551359070889e+01
2.719615737085396745e+01
1.672924405973901685e+00
9.445741526686106226e+00
3.346116935593030917e+01
1.460130580128191369e+01
-3.827478474816425091e+01
-1.523273618781121286e+01
6.132156846949783358e+00
4.718290449001244724e+00
1.362452185565434348e+01
-2.860616711356794895e+01
3.909515530204664913e+00
2.390790073948269878e+01
2.643096731125114474e+01
-2.375805921055408021e+01
1.338360222101186991e-02
-1.221790457785601802e+00
-9.381545352013660022e+00
-1.570943444322556815e+01
-8.553974984147373561e+00
-4.884788956288439010e+00
5.588522486744068374e+00
2.337688607462803958e+01
-1.708414220482414692e+01
4.472029478801255209e+01
1.811335655748445106e+01
1.482125331174691496e+01
1.955607733283600780e+01
1.495915693688017356e+01
2.011516297082372517e+01
3.023813171648764353e+01
-2.514584962762931042e+01
3.441839929754282679e+01
-6.305424595672852206e+01
1.749760566987254862e+01
-5.910433645183320550e+01
4.615704839001011806e+01
4.162637225832328625e+01
-5.210932180707573025e+00
-2.661899380265435866e+01
-2.347258377869223978e+01
-3.039622980379078854e+01
-3.501847977410955082e+01
3.128731808184375041e+01
2.325102578249770602e+01
1.321926012508153292e+01
1.563951911048650345e+01
2.474008566105234763e+01
-2.166422646572652866e+01
-9.824200434899097445e+00
3.048699687836855077e+01
-7.214970906829734076e+00
2.953695107679786247e+01
4.118326163346335989e+01
-3.208467639652294423e+00
-4.048473719504460178e+01
2.762733653978955317e+00
-1.465256840869999522e+00
-5.639547058821847259e+00
5.016702822757679314e-02
-3.604209346298131322e+01
-6.958605879890583878e+00
4.868083005901810978e+00
7.361570104768475176e+00
2.701154902805191682e+01
-2.362410469619305786e+01
3.077954542901608193e+01
-2.205342880804340666e+01
1.417476002551293845e+01
2.232157154989187120e+01
