-3.439743694953938302e+01
-2.010470588806555270e+00
-7.097439163551825914e+00
2.387547435656165362e+01
-1.183175965022660137e+01
-9.145659706251080934e+00
-2.385204998796925224e+01
-4.990788853991448093e+01
-2.134159035009998462e+01
-2.245011765933202241e+01
-2.083275078011259041e+01
4.225065070299702796e+00
1.980685823375665677e+00
-1.041321047022279345e+00
1.709716170412818315e+00
2.630592584997657468e+01
-1.013402307874254404e+01
-7.175753791844513785e+00
1.163575861204105877e+01
-6.145400240665078684e+01
3.079135486305443692e+01
-1.323343754301714625e+01
-2.381997315026636031e+00
-5.561155378340103539e+00
-9.835332892504879965e-01
-2.125107367492788057e+00
4.765290378923671710e+01
-1.490514942757958750e+01
-3.989508850393349348e+00
-3.012346810761935956e+01
3.896920775330397646e+01
-4.334591638780295852e+00
-2.118318595436085161e+01
1.115935884443950243e+01
-2.042059191429359544e+00
1.289024768150150635e+01
-5.516425987323145819e-01
2.742353041171170958e+00
1.875866078778718560e+01
-5.423696633287963209e+01
3.021026704524888373e+01
8.072086909402642618e+00
-6.203183757425591693e+00
-1.735883714263645672e+01
6.844504735974652476e+00
-1.086588596017594455e+01
2.468019727519083517e+01
1.975053622475689963e+01
-1.274099788776049991e+01
-1.624141844970387183e+01
-1.715928451665138255e+01
-2.063578345333489494e+01
1.045016025876404342e+01
-2.687133834158925083e+01
8.224637127586447605e+00
3.435527552065428836e+01
3.956970128472635650e+01
1.845505225316904330e+01
8.240647432455261878e+00
1.719742124745675937e+01
5.050431077401958646e+01
8.537307325549761572e+00
-2.962218225729724708e+01
-5.999481119383574423e+00
-1.396199825368961456e+01
3.300556064779240728e+01
-3.910407661482979336e+01
-3.408233632176643368e+01
-1.733427910974981501e+01
-9.706204058011792313e+00
-2.225101900385766385e+01
1.558752911226027038e+01
5.138459321282141445e+00
7.758865577825986293e+00
-2.149892167809562693e+01
-1.881812867917173548e+01
-3.246665959672030510e+01
1.790270940082211837e+01
-1.861564609884378285e+01
1.679235369008694079e+01
-5.360108961155449769e+00
-1.477813848463563318e+01
-2.848343658909040244e+01
-8.458330252666371507e+00
-6.048354035924319305e+00
-6.828461908082047671e+00
2.219828024801817179e+01
4.157641766817634732e+01
-2.444999777970910060e+01
-4.264403276236483009e+01
-1.070266383168871016e+01
5.904626419466529796e+01
-3.221771365067922943e+01
1.779259879998656402e+01
-6.468124137473239443e+00
-3.315234638932824396e+01
1.369815566137270935e+01
1.943913391243603428e+01
-9.601987619286603604e+00
1.823632546131244681e+01
-1.334449862030555778e+01
-3.103115065311172316e+01
5.213055249694735949e+01
2.485609307237763232e+01
1.409530849189840751e+01
7.826736144680097595e+00
1.485514515612305786e+01
4.489883228727373421e+01
-1.465363085293202516e+01
3.335780503408159348e+00
-7.518025443515034567e+01
8.739395890298112590e+00
-3.683843639404842918e+01
7.723847992011570796e+00
1.212563559389565171e+01
-1.983448836807048110e+01
-2.815261507138455954e+01
1.214857337672640369e+00
-1.674744257618522170e+01
2.119715236399923697e+01
-2.762252564385792653e+01
-3.038666080803579916e+00
-1.999798976988758170e+01
-1.942532672082478484e+00
1.077525764592323299e+00
1.236734225515792218e+01
4.346242092998977569e-01
-2.876298130109205431e+00
3.536993164340070450e+01
5.010399669511971865e+01
2.705356895791368288e+01
3.914961866231261922e+01
-6.432121458663701219e+00
5.550425376897067054e+00
2.925121010799909982e+01
-5.355018742533985687e-01
-4.185776639041438330e+01
-2.242028627116206252e+01
-2.791083718484428289e+01
-1.524749655827650940e+01
1.578075357544989288e+01
-6.540922274723766350e+01
-9.225168719920247895e+00
2.440384424524728502e+01
-2.063635104822506605e+01
-1.718805917038559983e+01
3.282678187963273331e+01
2.450832776180203609e+01
-1.824330548802380747e+01
1.528092146842723764e+01
-1.398391345146534093e+01
1.880316716875913841e+01
1.836631084743459041e+00
7.321724555380441757e+00
-4.702112603686290271e+01
-2.607377609665983087e+01
-4.769744309450913988e+00
-8.865968812137907662e-01
-2.249670365722840870e+01
5.990740451632143504e+01
-9.633549203938287064e+00
-1.780783738415145478e+01
1.960685668587194641e+01
-2.532338501284354493e+01
-2.016461540493037319e+01
1.801757603356230675e+01
7.052671962445252518e+00
8.469333656958554002e+00
8.650084435368754043e+00
-6.085724037416383680e+00
8.821857549232646534e+00
3.213680565047736337e+01
-1.459970622814262242e+01
1.057625972023203076e+01
5.015268562804146768e+01
1.801504353070711772e+01
-4.176356555292443318e+00
-1.128362608696821212e+01
8.581386201819501025e+01
-1.173742661712110191e+01
2.065688527269313113e+01
1.425272819359895493e+01
1.624820330483586872e+01
4.872716112007270794e+01
2.642267585444022870e+01
-1.489380259368804360e+00
1.334731069754769806e+01
2.705331711331956512e+01
1.984022472991802033e+01
-3.206428214573764990e+01
5.194149648164756172e+01
-4.623469201973123432e+01
-6.795136517718574964e+00
3.034828354986973409e+01
8.234102651351577151e+00
4.144289615565469376e+00
1.563064306221011179e+01
1.236697254636072785e+01
1.897968197484419761e+01
-3.449149471802786593e+01
2.206314251923629399e+00
-1.466180206042577083e+01
-3.698195807905314325e+00
-2.463243957353768110e+00
-5.893025899572826631e+00
-3.162013016522365660e+00
4.616733636412678266e+01
-4.683675547217816870e+00
-1.431454676813856963e+01
-1.436042547014647397e+00
7.156296537268161728e+00
-3.283582085039539322e+01
-2.816522143038338299e+01
-1.999266965719465361e+01
-3.405697797158006779e+01
-8.811185871341404408e+00
-2.299943687360776323e+01
1.005194194209813929e+01
7.048651779708734466e-01
-6.881688437964754712e+00
-4.550826992868678644e+00
3.164817966558416629e+00
-8.092000755224617592e+00
3.752270037724167651e+01
-4.762777598962867387e+01
-8.355503647485832630e+00
-7.448224400161567615e+00
8.783848435941507660e+00
1.240879883255692562e+01
-2.588315374176443129e+01
-8.375025816740389928e+00
2.364870002063822696e+01
-1.107540368077544457e+01
8.756382512197319556e+00
1.877836972334867482e+01
-1.610869074250103949e+00
6.137786120652992850e+01
-7.707939665407423036e+00
-1.742914001573336691e+01
1.776909840469187429e+00
-1.350274686319824013e+01
3.006153444061270363e+01
-2.327677572371909775e+01
6.671615292067258451e+00
3.125190056784927606e+01
-6.972889423777019147e+00
6.506778237078373195e+01
7.043959107661299868e+01
-3.650169194317606980e+01
3.243064741177849442e+01
1.194715334425711717e+01
-3.062532894614608381e+01
9.131770205304562182e+00
2.308863181186941915e+01
2.361019358489716069e+01
1.277097932929521562e+00
9.303602971766679275e+00
4.091517145696485613e+01
-1.290621334459436298e+01
7.861411258198049978e+00
3.949693668591521600e+01
-2.035051093631344088e+01
-1.093110051297279028e+01
3.074823207221632515e+01
1.578506279133983981e+01
4.160460391819566439e+01
1.655366196980548921e+01
5.941899601015705912e+00
1.466018756929818778e+01
2.223110517724909130e+01
-2.942506589962810892e+01
3.744810065174505098e+00
1.356295268970914769e+01
6.384621789835250638e+00
1.298764719277343715e+01
-3.361994656285148153e+01
1.757865190013455958e+01
-2.348024933508162349e+01
-1.829512082486981228e+01
1.172216919631559051e+01
-6.424382583870823282e+00
3.176068396751099954e+01
-9.198068755899612370e+00
1.651603571299091300e+01
1.779226469432683189e+01
4.268037480507022252e+01
2.996646817075396285e+01
2.678330734963710569e+01
-1.846192038775541278e+00
-4.579198036314721776e+00
-1.755813953417236917e+01
4.384320742202922361e+01
4.362861950647618414e+01
2.144131692899622976e+01
-1.379218100325839202e+01
2.733212507003065639e+01
-2.849561137164755564e+00
9.811770756125930859e+00
3.628022984475302337e+01
-6.591210232978994554e-01
-4.356423252568902171e+00
-1.106814426024618569e+01
-3.210039671133415595e+01
5.245510713786609358e+01
2.775672902900441841e+01
-3.278009992826980579e+01
-9.009968240661066829e+00
1.447055275368332872e+01
-5.481234780799411510e+00
3.484484843586720615e+01
6.895908392416117749e+00
4.390698866376061460e+01
1.905329844800031225e+01
-1.248959698346737923e+01
1.102009255729528547e+01
-3.433759085945752076e+00
-1.510577683649177061e+01
8.622762226304871547e+00
8.241318434289837569e+00
5.158859291415123494e+01
4.336888777962806785e+01
3.047532466993737899e+01
3.667644995005230157e+01
4.766502535134350182e+00
-1.425725255922571932e+01
7.866488439630103358e+00
-1.838114226443886068e+01
-2.950475729131417069e+01
-3.062026017811069778e+01
-1.715550280976367503e+01
-5.984418845845027590e+01
-1.917531509940367584e+01
-4.767511682903818837e+01
1.291695064039235952e+01
-2.549365695278318356e+01
2.559573839839120524e+01
-5.445987042498308028e+01
-1.639607362271365787e+01
2.360490062205298045e+01
1.152578289996537819e+01
-4.886449844496533501e+01
3.117423495328398531e+01
-1.423449650891149076e+01
2.961734000177738579e+01
-1.276483233498140635e+01
-4.314754065213529088e+01
7.885967912885163855e+00
-3.583413239336510969e+01
-4.134892959460586326e+00
-1.649938608537207863e+00
2.250316626697070888e+01
6.938937272957292635e+01
-2.375436412306521561e+01
-1.923189134089233221e+01
-2.297780085421379681e+00
-6.298285072758346814e+00
-4.445789488415397273e+01
-3.068181067516138683e+01
2.633901131728313771e+01
-1.170786947853139282e+01
1.113944730877872757e+01
-2.703484675488689959e+01
-9.031688214257286518e+00
-2.283239656564131792e+01
2.840651436369667238e+01
5.237064193129583600e+00
-1.228054465851676014e+01
-9.355642453868341590e+00
6.533211045347734114e+00
-4.494773734042752267e+00
2.374266008363528613e+01
-1.418643599862423343e+01
5.467552965210245475e+00
1.953745514557118668e+01
7.561135343919715979e+00
-1.169016868333255843e+01
8.468225400437449935e+01
3.237224896003756669e+01
2.326853803505485985e+00
5.636864632344327219e+00
-3.449636833363692290e+01
1.851765070220142206e+01
-4.208740711230592524e+01
-1.600004684084024120e+01
-3.029705784842883531e+01
-1.090624510012435167e+01
3.127248982723745030e+01
-3.121230190853655984e+01
1.317721088118526040e+01
-2.111390657398885651e+00
1.150545851292562816e+00
-1.977155303450931001e+01
-2.444435536020719724e+01
-3.090521025306145475e+00
-1.970719849932386580e+01
-1.089772195439491043e+01
-2.277306682970940699e+01
-5.123771500141465651e+00
-1.913321826237114465e+01
-2.766053917478298274e+01
1.150566980191776878e+01
-7.931969638264050104e+00
1.347554210507178141e+01
4.682582911834355599e+00
-4.194544599890693348e+01
-2.891765828872520672e+01
-2.512608941312515753e+01
1.785844698670825892e+01
-1.323457005684389287e+00
-3.415941467531160924e+01
3.245467803132372353e+01
-2.155982520708515437e+01
3.146952169637806662e+01
-1.742590397483832376e+01
-2.661515905646800206e+01
1.305573993493555918e+01
-3.741429011206568589e+01
-1.898327428871181155e+01
3.415058900171013079e+01
1.039445487772013621e+01
-2.418423660400412700e+01
2.989844078007610761e+01
-9.999666320680148601e+00
-2.093942324542365441e+01
-1.676281895495480967e+01
-2.760400701977891913e+01
1.526806522764312035e+01
-4.954756688596418712e+01
-4.366869714891001308e+01
-5.596358759365784863e+00
-1.658802684910722292e+01
-3.256808819023167700e+01
4.050109596382731070e+01
7.393143603554887022e+01
-1.518319821942411352e+01
-1.978772486738279213e+00
-3.340055939708939547e+01
3.612649212998888970e+01
1.123188693668413407e+01
-1.319826591483109723e+01
-2.008157068239297871e+01
8.123402031846509885e+00
-3.198967886135656613e+01
-9.762281292337007699e+00
-4.793971274770092350e+01
2.010357337737787020e+01
6.086268213183387843e+00
-9.597195168660732634e-01
-5.702483164130285331e+00
-2.205432199776726065e+01
-6.030307283664370743e+00
7.230475482642525265e+01
-1.011419895432260319e+01
-2.648859329027354192e+01
-3.852737044286715218e+01
7.687003718634883853e+00
-2.066840707430421276e+01
5.995210118911877828e+00
1.671539464580172307e+01
4.224790343878794374e+00
1.724026264184254842e+01
8.318755736467124962e+00
3.230173919313409669e+01
1.452960212426543762e+01
-1.929852005196347875e+01
2.641954706035389222e+01
1.926218569348887399e+01
6.823102827142037086e+00
2.340269227197836699e+01
-1.564393835601944716e+01
4.071037106731333211e+01
1.297609744032554424e+01
-1.748569181135963646e+01
-3.241604123286146333e+00
-9.961512369220542951e+00
1.129958745193465575e+01
-1.285953067849602149e+01
-4.336922911709407913e+00
-7.064120340597639824e+00
4.466927559133870318e+01
3.046165899066414795e+01
-3.583075842345280648e+01
-4.476056560885979252e+00
-2.913894658246746872e+01
-8.014724664338700677e+00
-1.302374759745087829e+01
4.728643772456678107e+00
-5.570624575849070226e-01
-1.585632890579910281e+01
9.354175508514344983e+00
-4.559656272157980084e+00
-5.186414369961667603e+00
4.753698767671318137e+01
7.968711514173840271e+00
-4.552590148521766622e+01
-2.190706574539302665e+01
5.284943633447767297e+01
1.504254465918313599e+01
-5.253912097113015989e+00
5.892563631630984844e+01
-8.915238706880188602e+00
-5.045772590261208279e+00
-4.441545331667555274e+00
8.531672888026889723e+00
1.718345892226965077e+01
2.420697145211818224e+00
1.599910123733329215e+01
-7.065618560062191023e+00
-1.938272787071130665e+01
-2.298821960984854229e+01
-2.645743444515494502e+01
2.272952061956846137e+01
7.138204064366512114e+00
2.104055163033437736e+01
7.676489811797011953e+00
4.922199201173043548e+01
1.029368967702146875e+01
-4.449888325379816933e+01
-1.891290523323404926e+01
3.396956333994978650e+00
-1.607432136382280419e+01
3.483243505729831213e+01
-7.668926918480792665e+00
9.272487676804118450e+00
2.906783012683851553e+01
-4.116739844809990245e+01
8.250728055809648254e+01
1.143441974771241121e+01
1.314907833634794088e+01
1.993129633493688857e+01
4.126446295214520887e+00
-2.418846675297174897e-01
1.934588025239338549e+01
-2.042692015105563996e+01
4.574809076397346530e+01
4.045944773338223399e+01
-2.299487128357456811e+01
8.848849398346430917e+00
3.857946205490284797e+01
-1.134510515648798901e+01
9.614356275492838222e+00
2.081232750678432808e+01
2.236664436783783572e+01
-4.211631409242943391e+01
-5.684886475221105684e+00
-1.692460368905074120e+01
-1.693995632292683240e+00
-4.372078555406019973e+00
9.327160356193076041e-01
-6.903134546321780363e+00
-1.750640278176263109e+01
7.244999717242677661e+00
3.800838209737491979e+00
2.924680688150588281e+01
-2.413248531590157597e+01
2.402443529344759554e+01
2.603851938397940557e+01
-6.911340842535423690e+00
4.494259343836385767e+01
-3.753432370889635195e+01
-5.684222464521907625e+01
-4.760466713468852973e+00
-4.377739829404163174e+00
-6.616996243802759636e-01
4.407587548984618309e+01
-2.714926242229637410e+00
2.359661790501175460e+01
2.959778975651734356e+01
2.060059535171029665e+01
-6.359649010289786020e+00
3.287543266565808153e+01
-8.761510086348820892e+00
-1.952093943501449758e+01
-2.259119065187385900e+01
5.959950609207417926e+00
1.950390609826456512e+01
-7.399095949687222173e-01
1.920680022218982685e+01
3.031648442984078429e-01
3.341711984113395317e+01
9.560607726116671756e+00
4.976331764158508975e+00
-2.101339043361008407e+00
1.776137039268723328e+01
2.067457747309009619e+01
9.499574532555726591e+00
-9.762966865751252499e-01
-3.029749342964842640e+01
1.603149979765619548e+01
1.046813265207046584e+01
1.958995623336469549e+01
1.550311496045078741e+01
1.990549143591302084e+01
-4.769003748589184966e+00
1.714356157583608820e+01
-1.478176821170336552e+01
-3.801750802902574833e-01
-2.985606073860097354e+01
-1.691634609412528789e+01
2.214607362736963125e+01
-4.963089787872458203e+01
1.462193693508157821e+01
8.742492104016548637e+00
4.570857715967294155e+01
-1.045221964644990464e+01
1.835663590937266321e+01
-5.478717681171303866e+00
-2.666356677139985365e+01
-3.744076978513515996e+01
-6.423205733198393830e+00
-4.866185466800722281e+01
6.493333261789530297e+00
-1.094117684589206796e+01
1.697003578580040539e+01
1.296106148602541452e+01
-1.571454757857259210e+01
-1.608421018853539408e+01
2.254251177689077679e+01
-3.386148380727541252e+01
-6.708562188240364321e+00
-1.042186380240794819e+01
1.505623136040836840e+01
4.949006027027849086e-01
1.481502719639109955e+00
-1.041189795328030954e+01
3.017168274167781306e+01
-3.048722768436880415e+01
3.741183806538458612e+00
3.314134205167732716e+01
-2.024445342137261150e+01
1.700640236550697182e+00
-1.606105302378750821e-01
-3.583994709457474670e+01
-2.205090828920396007e+01
-2.754311263872205373e+00
1.553177869743273476e+01
1.814774137792676356e+01
3.363127475714406955e+00
-5.305575043666181045e+00
9.809652955398149743e+00
-2.342628886770731356e+01
-1.075502919255427514e+00
-2.854434787653170247e+01
-1.535294683406176830e+01
2.674386711046565779e+01
-1.570369889845770217e+01
3.733012103289252082e+01
-1.322047138724363435e+01
1.803020495992113581e+01
1.390095043927601637e+01
-3.489785841954925161e+01
-1.382540968992495323e+01
4.798915228453921600e+00
-2.297713803815354083e+01
-2.073498186025010170e+01
-4.805788395657793899e+01
-2.974360491422936548e+01
-2.810365985223126017e+01
-2.416851626374437956e+01
4.567718635644979486e-01
9.996325552290599603e+00
3.728349437033898539e+00
1.337077729750918564e+01
-3.124107424364621011e+01
8.395279974550589941e+00
1.482421572340224714e+01
-3.705066861228991826e+01
-3.423440300208878284e+01
-2.323391418874047076e+01
-1.493077301965865900e+01
8.945581959774017378e+00
-7.134334153041663740e-01
-2.318658200169472750e+01
1.649380163148109091e+01
-1.313070258799290002e+01
2.762021263847427122e+01
-4.893893753269293256e+01
3.478335103188192079e+01
-4.938340587857776853e+00
-2.203885796568707178e+01
-1.378089154549198980e+01
1.033592536197048162e+00
2.458868301696712066e+01
-4.055098368535068687e+01
-6.498662647522351676e+00
-1.114309166376682469e+01
2.461044035856674839e+01
4.595321145663834272e+01
-5.463373032604920354e+01
5.112656634197031735e+01
2.286711950126905890e+01
-4.102022199957276882e+01
-1.756329715408776337e+01
4.355232995325695811e+01
3.267691204795062276e+01
-1.143585367585615131e+01
-3.215601423003988657e+00
7.867821920482029441e+00
4.100926853780171655e+01
-3.119253861541730544e+01
6.985749595289874492e+00
-4.591665324377885327e+00
1.501385610477592536e+01
-3.990813121014269171e+01
-1.822064205233886014e+00
-1.673479349549203121e+01
2.624366020723803672e+01
2.316122061755446282e+01
-4.798391139930538429e+01
-2.625800850039593115e+01
-1.187287195170523546e+01
-2.337688773648955021e+01
-6.406556967026901361e+00
-1.119589083281952924e+01
2.471320939650013315e+01
2.310640262084322671e+01
-1.185643253289782706e+00
-2.523418464014948626e+01
-4.673485314270345725e+01
2.612502321077130318e+01
-2.701042435108440287e+01
-1.998218865599557148e+01
3.258953074222780799e+00
-1.972411569443790569e+01
-2.147705857409988539e+01
-1.571976281399520303e+01
-2.629135981598315652e+01
-1.425909089331212698e+01
-2.856339712997078095e+01
3.075832808786508465e+01
3.376789725689776844e+01
-3.614514247509816869e+00
-1.206268984636602681e+01
-2.615554685561960468e-01
2.499743724195491268e+01
-4.724560065832598355e+01
-1.090739704521607223e+01
2.704669542469952148e+01
3.894315479885746356e+01
-9.248713003222547968e+00
5.443111851805781498e+00
3.015555123913529201e+01
9.120398510211401799e+00
-5.707559068884222597e-01
-2.445880318848713841e+01
1.110970168337490804e+01
-1.906499967701415699e+01
-5.795877528903531584e+00
-1.066685336370062487e+01
-9.045928916049632562e+00
1.244103676700049732e+01
4.346321168401910739e+01
-1.296872386505214081e+00
1.886075587350561023e+00
-5.003864335266774788e+01
-1.041187585466639121e+01
-1.977420781705870922e+01
-8.253006348681424242e-02
-2.580123048851085343e+01
4.686723897874205136e+01
4.458656721231261599e+01
7.693690133393118913e+00
-1.083464049066125767e+01
9.116926734904097884e+00
1.134336824301847457e+01
-2.623065136125763530e+01
-4.622168492501373294e+00
1.041309418900266337e+01
7.321012516737894771e+00
3.030182407132902256e+01
2.223229362135813858e+01
-1.165297799434713966e+01
1.433434690717729154e+01
-5.451341445990243528e+01
-6.771848164123071001e-01
4.795495375001675598e+01
6.532869877385735435e+00
-1.137795690946518334e+00
1.681473939930850747e+01
-1.575739777865966929e+01
4.944539497052018362e+01
-9.124633267679087112e+00
4.424664124298601564e+01
2.154484452374383352e+01
-2.225163221729326324e+01
1.779822191273039778e+01
-1.684686054174747483e+01
-3.977569757447037091e+01
-3.544081304656742759e+00
-3.063106674878483204e+01
-2.892773809288996745e+01
-2.732571928056017896e+00
1.985131915500420519e+01
-5.317304499792570027e+00
-1.723844108703644906e+01
4.940631600661106404e+00
-3.810958223796924926e+01
-3.895862872117007214e+00
-4.563678979341239028e+01
2.686505758277256461e+01
-6.493439161078526922e-01
-2.747492916447646394e+01
-9.141266013291470927e+00
1.018143684219626266e+01
-1.944267088789806763e+01
-2.513218443462204732e+01
5.191440960267557614e+01
-1.330162381089252221e+01
-2.219485056518067267e+01
1.500813625931502315e+01
-9.695476801470199746e+00
3.009234118957181892e+01
-2.522748632313380313e+00
3.864361165473880533e+00
5.951639903404202414e+01
-6.875326089468416058e+00
-2.018435625064901728e+01
-2.369475163763809178e+01
-2.804129533274988262e+01
-1.882572650659619740e+01
1.492211536191439336e+01
1.492757371181312465e+01
1.225371742818986576e+01
4.050339178977964139e+01
1.817147946340583076e+00
1.150737118404438775e+01
-3.506639267825951833e+01
1.473501287097434442e+00
-1.026856488721273308e+01
-1.468387180856797158e+01
-1.883514815933381215e+00
1.857360940499984281e+01
2.106068707514549487e+01
-3.675519174706796122e-01
6.716325496830904740e+00
1.519835394938557904e+01
1.924850427520074447e+01
-1.349899687622153976e+01
-6.989100805205168854e+00
3.839042093994180505e-01
-1.272989192944072556e+01
-2.810652669391970448e+00
-1.977042638871640179e+01
4.378088876369484694e+01
3.547097085857279808e+01
-8.970193420239127136e+00
8.826012270197907128e+00
-2.543118517551588909e+00
-1.652979852843665753e+01
1.967610617447720500e+01
-5.272879182817575838e+00
2.206901893173625240e+01
-2.892794099375631589e+01
9.917429663083282776e+00
-5.487683553345561904e+00
-2.974988445108186852e+01
-1.349161045739788278e+01
1.476042489027506122e+01
-5.040275481557065973e+01
2.376423939335944624e+01
2.574254744346612256e+01
-5.516103386594542357e+00
-3.291454298920299948e+00
-1.749641276945396839e+00
1.378953069050680824e+01
-1.803167451214702055e+01
1.996213498010915188e+01
1.683752598228846864e+01
-5.435869897608193924e+01
-1.954584644242353875e+01
1.312885358225628707e+01
-4.684423546678715411e+00
2.394548133713818316e+01
-3.521102644174965235e+01
-2.933575289944030828e+00
-2.313503623259339648e+01
-7.105495045892037353e+01
4.248758567125216246e+01
-3.224359381212667586e+01
-3.378733496395502556e+01
4.937457792819444080e+00
7.166995729444229823e+01
6.137061790482931656e-01
-1.551161568207902519e+01
-1.726529402598885099e+00
-3.049390883164022625e+00
-4.734902439477632896e+01
-3.388542201040664281e+01
4.527138242597015250e+01
-5.643420711693863723e+00
-2.083627199604532620e+01
2.728613156245899063e+01
-1.984238327126197987e+01
2.040759950660697086e+01
2.944699844044409076e+01
-3.158394160275560125e+01
-1.551481828221579917e+01
-1.921217253850196016e+01
-9.902258649870219642e+00
-9.732244313426065219e+00
-5.712179380060433687e+00
7.885833419218499785e+00
-1.885428535381837634e+01
1.569161592239427705e+01
3.202561089548827056e+01
-4.994524304209409848e+00
-1.125154936650292825e+01
8.054573796940502461e+00
3.095299134624292492e+01
2.883061470478065758e+01
5.393504131465675755e+00
-3.040188563299551561e+00
-4.798448348875254510e+00
-2.804406279727851370e+01
2.124592410159830536e+01
-1.233167258155757651e+01
1.096274791741126364e+01
-7.726439416533139593e+00
1.493880503301770091e+01
1.010418395023690863e+01
-4.449859615096755761e+01
-1.473600885106708347e+01
-4.341981357975674882e+01
-1.969723901525702559e+01
2.929365576961224349e+00
-9.494071634708006968e+00
1.804519398967485699e+01
-1.658977835321523742e+01
2.040668946876564860e+00
5.941579612133864430e+00
3.912321248462251333e+01
1.982846805716727090e+01
-1.669689043086215818e+01
-6.650945586001313359e-01
6.700822264775581516e+00
2.117324450154972837e+01
2.045558484618936745e-01
3.016267038978435266e+01
1.240046542377730887e+01
5.003891771925054854e+01
1.056175406885387247e+00
3.619948042524967491e+01
-1.493081832933383168e+01
-2.082434462393302965e+01
2.457097965480613766e+00
5.158813912599043761e+00
1.482641032702204598e+01
-7.773926756644300440e+00
-7.573847162034638814e+00
1.432269989086218587e+01
-2.676010229652257522e+01
-3.042946960392245614e+01
4.376571792422146245e+01
-3.291698822474813824e+00
-2.160930780541099239e+01
-2.228138175043589797e+00
-7.453430947625747649e+00
2.346592907252940563e+01
1.827286157906294761e+01
-1.114062037174670650e+01
4.492149774023346254e-01
-1.460657194462174857e+01
-1.949453880317076937e+01
-1.478528339413583126e+01
-5.339190241384469005e+01
1.836450967668668000e-02
-3.555873115470683388e+01
-3.074311873065479972e+01
-2.059357806592265661e+01
1.056053870077448664e+01
-2.012591270607524052e+01
1.274378066621001437e+01
-3.380543259587948057e+01
5.805137136036364609e-01
-2.286332882973767511e+01
4.728015914588951318e+00
6.221019005288752624e+00
1.839897582949936350e+01
-1.158295224175105886e+01
-8.804045772439337725e+00
1.630827269403125968e+01
3.270562922164195641e+01
1.813345525304677608e+01
4.581833664698137909e+00
-3.958941163369995309e+01
-9.389963889188621238e+00
-1.747128821392510645e+01
-3.335529981833508373e+01
2.231803866036398176e+01
-2.004402062223198300e+01
-1.795764914373535248e+00
-1.547645750504788964e+01
-5.507424939354132221e+01
2.853706318640236361e+01
-9.711474258373868906e+00
2.238563459638805853e+01
-3.941427268434755149e+01
3.722509622709711152e+01
2.015130698791125496e+00
-1.590318404662733798e+01
4.750193909374445411e+00
-1.151109659707302058e+01
-3.620499021975101073e+01
7.973321175001458982e+00
1.964908328418600547e+01
9.814309166573593757e-01
-2.000153967714817327e+01
-9.029192956878802079e+00
9.665434566138060291e+00
1.761126905482095140e+01
3.480154656463235341e+01
1.307579426980817061e+01
-1.282825831370499259e+01
5.266184322580809152e+01
1.325677805802477494e+01
2.340748888543912187e+01
-1.008712574275199358e+01
1.545750677453423805e+01
1.079802542393413489e+01
-3.423003377339534836e+01
-1.138618402436057409e+01
-2.258519228442640525e+01
-2.034687986375107016e+01
-6.660901806556410065e+00
-7.686969293791719338e+00
-2.326986725875221396e+01
-6.118542194421829095e+01
-1.595084579722881557e+01
6.899629172972254310e+00
5.036328064441477181e+00
7.645132740938223037e+00
2.564438775285066185e+01
7.772558626731068898e+00
1.794616945170247391e+01
-2.298577573002351926e+01
2.526079983007809915e+01
-2.513823745460436498e+01
-3.973953945868805704e+01
1.212789821936638646e+01
-2.382764156013354295e+01
-2.167938319927520752e+01
-8.753723718777050067e+01
-6.406478633071969853e+00
4.501758980463216631e+01
2.341574800004779178e+01
-5.654554245909309884e+00
-7.642565335144922756e+00
2.081335616388153653e+01
3.673860648529174000e+01
-2.298526169657326079e+01
-5.945877940588161437e+00
-1.878427197741575583e+01
-1.940410752100041236e+01
-1.697515006307427399e+01
7.022231496872905154e+00
3.908356409982994251e+01
-3.600697247075262908e+01
-3.097814009206121000e+01
1.805673055437125640e+00
-5.865968769048549802e+00
-7.351832057447882818e+00
-4.981065871488158336e+01
3.471775189298305975e+01
1.325636066441143157e+01
5.181141311689952289e+00
2.671917852361859502e+01
-1.810334039213711677e+01
1.708257201322545882e+01
1.535061581459595459e+01
2.031358591690093363e+00
-3.362709473389742243e+00
4.882972813188796835e+00
-8.716767855721428759e+00
2.800308644843663330e+01
-2.213046530720887972e+01
2.376996717633957701e+01
5.322116082965152373e+00
7.964834736000113935e+00
1.257678783045003001e+01
-4.804780753888644540e+01
4.647789597058476829e+00
-3.700417414688439521e+01
-2.705535327587852734e+01
-2.707141408399145632e+01
-2.755902856591933414e+01
2.962835663182659118e-01
9.245195488256754857e+00
2.750683379144754781e+01
4.783025461139104095e+00
7.934440985452681616e+00
-3.878093747692525994e+01
-1.409556059489923996e+01
1.879238570318494794e+01
-1.105626281404134659e+00
-8.638606150981331666e-03
-4.888217292368665312e+00
1.935200503996048838e+01
-5.041182012154942527e+01
6.217527508047073326e+00
1.119364856282076914e+01
2.388044522664439029e+01
2.043139907062781901e+01
-3.125329673247924234e+01
6.190142131804208248e+00
3.223601327777117831e+00
2.610529099755382276e+00
3.266553620794013568e+00
-1.039625536287701379e+01
-1.945213721985302868e+01
1.044770500118566758e+01
3.320620836502291695e+01
-2.771635875194704113e+00
6.373480975508215352e+00
9.382667456613546619e+00
-1.413667265143759266e+01
-1.497795716436405655e+01
-6.587548827355014680e+01
-2.037968272625283817e+01
-3.011722216563340737e+01
-3.692432775395161570e+00
-3.726817340292018343e+01
4.145474227901061681e+01
-1.727111301613609839e+01
-2.959691206768289362e+01
-8.539406147497663824e+01
3.667895133390652518e+01
7.352735143591104361e+00
3.321452338750262356e+00
-3.459769584526645758e+01
4.876858554873876983e+00
-1.101610013321314341e+01
-1.809768712505743338e+01
6.472496563750398835e+00
1.863585304727786252e+01
4.046135250244859094e+00
-1.172294067704791587e+01
-1.555456892888287257e-01
1.530281907161025856e+00
8.714848638785952062e+00
-3.505006582636605117e+01
3.981528229176482370e+01
-2.367092670031307478e+01
-1.652934246178928035e+01
-2.699416255984783675e+01
-5.735879175097628035e+01
4.984042017004483682e+00
-2.886025962734552763e+01
-1.053098979745498553e+01
1.800856870660919640e+01
-1.426491963497562665e+01
-1.877693897647986887e+00
-6.489004787300402199e+00
-1.109591360602831855e+01
1.759547329505505076e+00
2.994631363419728132e+01
-2.775030473582817336e+01
5.488359900478445752e+01
-1.245397361459629337e+01
1.845575583734884617e+01
-7.557471367093675951e+00
6.290950567523982073e+00
-6.001213348852928675e+00
2.418817734866934188e+01
3.382103645046447582e+01
1.055762081284944998e+01
2.542423492524433470e+01
-1.966045767870711813e+01
-3.637929593925520066e+00
-1.231365152692512765e+01
3.788086339332502916e+01
3.178582000025346588e+01
2.403009250262664409e+01
-8.485240417462250662e+00
-1.535243856626496495e+01
1.371356954934170602e+01
-1.549087441710732094e+01
-6.838492634780209301e+00
-3.183518154815985213e+00
-1.625175865967506894e+01
2.740541098547751631e+01
-4.527876376231063205e+00
2.094039087461925419e+01
1.077099753578314001e+01
9.542128988827187186e+00
-1.824807600624302495e+01
1.462031626845802634e+01
-1.010900554673227703e+01
-6.516193708276546204e+00
-1.732691428335812134e+00
-2.654215384686904144e+01
4.111576831487724348e+01
-1.469062018675601777e+01
-1.752708715448846988e+00
1.226574311313056853e+01
1.059618254826133921e+01
4.085607941351202754e+01
-9.478253208925764284e+00
4.155777871034815973e+01
3.727833576081494016e+01
-5.165902315652766674e+01
2.800854969598645994e+00
-1.024150655890241524e+01
8.636989011723954945e+00
3.268864426345103880e+00
1.094059398402492889e+01
3.435652622312055371e+01
5.380456252900700065e+01
-4.141564656918683340e+01
4.170614094133895833e+01
-5.397219582280894201e+01
-4.474116921703163285e+01
-7.956184701792537339e+00
4.417968872672872749e-02
4.012838704417622182e+01
1.974072766484300701e+01
-6.635034250819359158e+00
-4.921628978572989865e+01
3.892687230072723992e+01
-2.302115156734276979e+01
9.897955529912110251e-01
-3.932765538282595230e+00
6.940150948199763548e+01
-1.397869350605091654e+01
-5.887092433813091930e+01
1.727056431596292896e+01
-8.968978408370192312e+01
6.343200303468691459e+00
-2.010091699453133174e+01
-1.015292229072217722e+01
-1.497677532712808102e+01
-3.222309757585500734e+01
2.110736058803156112e+01
-2.094393598461329020e+01
-6.469405851557780807e+00
-4.349693315819669692e+01
-2.415480763880765380e+00
-2.881866247613184839e+01
-4.111491027642000518e+01
-6.267216780571305890e+01
5.059033893381183589e+00
-1.960052445227265139e+01
3.413825880376066380e+00
-7.761019361813794148e+00
-4.478680271920092082e+01
-3.583074989339711180e+01
-3.006649315837051972e+01
-3.122996725774521565e+01
2.936891065633218290e+01
2.818709793490299376e+00
-2.746764371701405594e+01
-1.195704972350478101e+01
-1.352975326650533816e+01
2.217867208317125360e+01
-1.714327667922492182e+01
-4.242773660533583069e+00
-1.543780696689236720e+01
-1.969708406596272710e+01
-2.230015837210399354e+01
2.035672753783696010e+01
-8.588929033381106137e+00
-5.104690142980848577e+01
4.252155840251697327e+01
2.426628893696410216e+01
1.460698907486431608e+00
-4.305060198423842621e+01
-4.129945211471357425e+01
3.808155192897743291e+00
4.016532337894886950e-01
-1.743017510907679934e+01
-2.526665294243994708e+01
1.731872210935455314e+01
-3.054145651205089962e+00
1.450403075218287086e+01
2.703258410363451958e+01
1.751482984187734360e+01
1.763661036349019184e+01
1.318965077239429640e+01
-1.152193231387110472e+01
-8.210386269584745378e+00
-1.198322487654141355e+01
-2.024289880629800109e+01
-2.358584567945877097e+01
-3.515968324800348910e+01
-2.055476869567969089e+01
-5.632799702706932976e+00
-4.242917685023871854e+01
-7.860299303005092497e+00
2.012278199120185462e+01
-4.352486354785679623e+01
1.639624076725513646e+01
1.479516382346380965e+01
-3.968223709044201541e+01
-3.131692008724735388e+01
-9.456335926407334114e+00
9.723030061473011187e+00
-2.172799180869384372e+01
3.990258444549203887e+01
3.542108223786968324e+01
-4.266986278688847278e+01
2.470480904567693869e+01
1.921012866528508312e+01
4.829464558825918630e+00
1.199059418127137633e+01
-2.363790169455590728e+01
-7.186943501549691860e+00
4.583593698559070617e+00
1.062392060440184594e+01
2.337456243882579088e+01
-2.832071192756183464e+01
-3.288013520429615255e+00
8.267179453219611673e+00
2.932311146868130436e+00
-1.645038905290601150e+01
1.208136705808011868e+01
-1.413459088271291364e+01
-1.135255255155378507e+01
6.504088468211932650e-01
-3.363378516581923350e+01
1.654621634183655488e+00
-9.363691560711231432e+00
-7.643368434903237585e+00
4.618980256405677665e+00
-3.004427913089028834e+01
3.280541016105163976e+01
-1.396350561662357848e+01
-7.374120513252358933e+01
-4.721134516027851191e+01
2.048278082523260935e+01
-2.237717807039285844e+01
-1.040671009407719794e+01
-1.454297394409633171e+01
-1.014685574055016559e+01
-5.574320846486975256e+01
-3.532525503482190743e+00
-3.447026760437921666e+01
-1.905746716652973305e+01
1.177519085373987195e+01
4.353270567401048652e+01
1.553725165563154320e+00
-5.601769068860420475e-01
3.296722696765418448e+01
-3.064653513685408370e+01
1.769550251319609657e+01
4.219903326419299106e+00
-2.637599744335705054e+01
-1.408697498923345393e+01
1.234065596965109535e+01
3.422540037780521516e-01
6.700429623883241703e+00
5.711483388544749573e+00
-1.310438918559148647e+01
-1.797044260591871989e+01
-2.767834164351376103e+01
2.726738879451514208e+01
-3.570244637540798038e+01
-2.651026435602429387e+01
6.903668850871369500e+00
-4.817646499873769983e+01
1.245552354349305801e+01
3.551391665181296275e+01
-3.989399810058273488e+00
6.396633881934704391e+00
-1.592230865032715315e+01
-1.218248732650846478e+01
5.755735542855006770e+00
2.106530385253341109e+01
-2.151381818751822905e+01
1.498594624608830372e+01
-5.856769953440135623e+00
1.674805570129734633e+00
1.285169807903486117e+01
8.284991545630759902e+00
-7.121906579794391234e+00
1.392102890190756170e-01
1.066445534186829036e+01
1.583717164397418742e+01
-3.978152939925375620e+01
1.840763742733201980e+00
2.853976049908127166e+01
-5.117809543816821360e+01
1.681609644184271701e+01
-6.462056996106980478e+01
-5.955844643111102954e+00
-8.213130588067741655e+00
-2.881927879460704389e+00
-6.732476775870139818e+00
-1.391945846662505915e+01
-5.268581103534188514e+00
6.631860239832008119e+00
-1.475239431164036219e+01
6.668547003641307924e+00
4.850225948872582649e+01
-3.358056749537064434e+01
-1.462952381526153545e+01
2.203583553644222093e+01
1.332936445512167722e+01
2.420456932098224456e+01
1.167851242874510476e+01
1.170340145890097006e+01
-8.904521415501534420e+00
-2.716210121041889636e+01
-2.504298326096005667e+01
-1.491111190263298170e+01
2.561401370002272415e+00
-2.338608140179314887e+01
-7.745923464408331682e+00
4.045034033744158819e+00
1.316385501146248771e+01
-5.668458757602309106e+00
3.301007638136985634e+01
-3.196828924535634542e+01
-2.188293242332093769e+00
-1.687164033198735424e+00
1.520360139474232852e+01
-2.170965604159098916e+01
-1.374533658730214825e+01
1.042026278385575822e+01
2.486347161575366727e+01
4.130333771624023598e+01
1.768294691908556615e+01
2.310411502283680818e+01
-1.545704589158285813e+01
3.482647978572566672e+01
3.653020033858766169e+01
-1.425042574226040415e+00
1.891255583840830923e+01
2.084666424936484930e+01
-1.300185851776474522e+01
4.669112200844921290e+00
3.350993512487815451e+01
-1.333952501513783773e+01
-5.077544623845710703e+00
-3.327414745522753492e+01
1.314550685768284666e+01
-7.082156367375048944e+00
1.086946751942238620e+01
3.255851260278490145e+00
-2.197692734709242757e+01
2.515000232662984558e+01
2.215073099368007092e+01
-1.482499220075257540e+01
1.053685726982246962e+01
-3.370554876720211723e+01
-2.929527249539972544e+01
1.365583259938517813e+01
-3.759303427648313800e+01
-1.696558379964599794e+01
2.891139387540306416e+00
4.559135813648531155e+01
-1.403991976555363408e+01
-6.763159964067938290e+00
-9.917495724114502309e+00
6.181968291482539257e+01
7.687921266600213244e+00
-2.375549337896366353e+01
3.905599861677183071e+01
3.458651509931127777e+01
1.731840002431192715e+01
4.140732515373747447e+01
4.737429293214495374e+01
-4.154567548429767498e+00
-1.526979591851569751e+01
-1.600931290463216783e+01
1.592220157862412577e+01
2.068661618303639216e+01
-3.787080163809989131e+00
-1.275331827886051883e+01
-3.368433957614527685e+01
-1.394204428930316908e+01
-2.489783116252061745e+01
1.658539346546629645e+01
9.421057683292644924e+00
3.513797695654909603e+01
4.058067456034478937e+00
-1.297414097996716009e+01
-4.666638300881180257e+00
2.174692154105999009e+01
6.894493011136319183e+00
2.995708474385435238e+01
3.070890671947256578e+01
-6.673357928860212951e+00
-5.954036337743929153e+00
-5.531835160196231982e+01
2.788783897745975082e+01
-6.743587291576318421e-01
2.981294840189509898e+01
-1.190449979629422472e+01
-3.436409289511269094e+01
1.162635542008514733e+01
4.012064070088799639e+01
-1.442432998878580719e+01
3.639723296219835902e+01
-4.007877658794467379e+01
-1.265702772998166381e+01
-4.470538229501926253e+01
1.051294879165345719e+01
4.453302378013233920e+00
2.958329497864639279e+00
-3.419958686502235423e+01
4.979951568452031552e+01
2.981064658658732469e+01
4.865353584785566454e+00
-2.834035923337700069e+01
1.192164802331643614e+01
-1.284624280019882292e+01
-6.806356859372613144e+00
-1.315645048334937428e+01
1.008191793180995433e+01
-7.927126035201496279e+00
-1.108360158389773176e+01
1.143469965920365894e+01
1.423287855467933127e+01
-4.702554333069667791e+01
1.091206298729773039e+01
3.707105554523353419e+01
2.205955158643371306e+01
-5.738895628504633528e+00
8.599952999952265031e-01
-1.925988703633603905e+01
3.184855796057524913e+01
8.571575153965397931e+00
-2.295953414088046429e+00
-4.102843433108716908e+00
5.862860724095520482e+01
-1.735400532762355397e+00
1.340420984351897005e+01
4.093384553762558653e+01
5.275011650414484876e+01
3.409409487269493866e+01
2.223649374499319720e+01
-3.642237557731526465e+01
-2.483497221906154095e+01
1.887350253610287609e+01
3.801119196575825754e+00
1.731728089164769813e+01
8.736497457081938478e+00
3.364928462373478624e+01
-4.237849006792686168e+01
-2.669117948625773806e+01
-6.321542971297361646e+00
-4.679305692127895355e+01
1.044535520885959556e+01
2.407005278163580897e+01
3.766853431008655662e+00
-1.214919787392759076e+01
1.270510584870154958e+01
7.558417685540882758e+01
1.687768849063479593e+01
8.606779045409211903e+00
-2.568478039191759876e+01
-3.276387537180738718e+01
-8.012847814889575204e+00
1.808483374066395299e+01
-3.256100184801937303e+00
1.295690417555751850e+01
1.907258333572963238e+01
-3.118777841460976674e+01
1.425741361312856270e+01
2.421047696167846652e+01
3.083314212068228244e+01
-3.583510295789068323e+00
2.557768197000029886e+00
-5.493989979418657299e+00
-2.642251401922385412e+01
-3.787383945552070941e+01
4.339261235444677567e+01
-4.215223262133250159e+00
-3.017896845946275164e+01
2.946273459132441985e+00
-1.412104468717607375e+01
4.957222113055306068e+01
-1.273114249888755012e+01
-1.954961108228940247e+01
1.896038178411953368e+01
-8.963798218738901369e+00
2.429147181739512007e+01
6.935535273757409414e-01
5.306271255060144654e+01
2.877540941657418827e+01
2.137234892795078167e+00
-2.030310472544984179e+01
1.498725015143088513e+01
-2.940082166405067454e+01
-4.784684094538377508e+00
3.341449455879966024e+01
-1.526221224409775346e+01
-2.449614517453707663e+01
-1.322401465754515471e+01
2.728793684694613830e+01
6.914984365586335002e+00
-4.522267388912961650e+01
1.813837079328776269e+01
5.092450044136199949e+00
5.012726092905950281e+00
-2.746278046963959696e+01
1.556932985723562979e+00
1.844101051143293546e+01
2.615438952135588124e+01
3.594640963107393361e+01
1.572982250216988298e+01
2.135699943856934624e+00
-2.948359119956478480e+01
-2.551810776704502359e+01
-3.769453103495440871e+01
-7.152849160890184521e+00
1.728819533687996568e+01
-1.358188743809222387e+00
2.799228049671540930e+01
-1.784221834236944915e+01
8.950257201271881513e+00
-9.467836414356000319e+00
-1.631296629593662928e+01
3.339142510262219332e+01
3.873486236538781213e+00
3.432077406909905903e+01
2.609430857558152184e+00
1.215932841917865659e+01
-9.804774708642781889e+00
3.315726303906876637e+01
-9.074682113555937235e+00
3.383950002146969283e-01
-4.262783286236657432e+01
-5.245369841975247027e+00
3.905128317747463029e+01
3.489656145370420859e+01
1.469447700115889432e+01
-9.060618984036395318e+00
3.020445738669550906e+00
-1.142923526669179068e+01
-7.540593068537276622e+00
5.048135196696381399e+01
2.724520879351530311e+00
-1.431023021405212603e+01
-5.920552435728082230e+01
-2.597689552746710007e+01
-2.098348459431565516e+01
-3.505246284441665239e+01
-3.171798021779952137e+01
-3.778854442904648181e+01
-2.508517966801652221e+01
-1.740066332162507479e+01
-2.702076242495439828e+01
2.563758110866313089e+01
-1.139635134676098005e+01
-4.835201747853807319e+01
2.197074682155206915e+01
-1.662389352163611633e+01
-4.441892825237850673e+01
5.309363242362384483e+01
-1.422940886761178803e+01
9.405253630909584217e+00
2.194552012551986309e+01
4.879210932591576011e+00
1.455622547295217828e+01
1.786424785530144277e+00
1.061670665587790552e-01
-8.122677551416877861e+00
-4.127777084461484947e+01
6.522343117966030945e+00
-6.825162961332586065e+01
3.882501797426881751e+01
-2.331601607852633151e+01
-9.671760032061229140e+00
-9.974393406092076475e+00
8.180271071333001132e+00
-9.367250287120384655e+00
1.479491345986517103e+01
-3.025411758422697517e+01
1.963780883678381883e+01
2.363399049714633549e+01
5.750168771141645152e+00
6.275361803538260119e+00
1.184495815893926363e+01
4.972444826106823257e+00
1.513423898537766377e+01
-4.382761900229013463e+00
-3.849418933862403946e+01
5.261575355964964729e+00
-1.357065006345558800e+01
-2.980177627448028943e+00
3.030370980837983552e+01
-4.409101558634056772e+01
7.596769024828233796e-01
1.152164228983508565e+00
5.022153685232183307e+00
1.721047093388094140e+01
-6.675648005395544260e+00
4.561725740911970206e+01
2.422896650442763189e+01
-8.447234293622273071e+00
-4.146403502871720548e+00
2.062234195346633214e+00
4.229057282085619818e+01
-2.911888322621553016e+01
-5.662777407177622990e+01
1.695161729569178988e+01
-6.742394008457793575e+00
-9.188097015641488952e+00
9.085889918320106062e+00
4.180631557401977716e+01
2.441239654497846345e+01
-8.827651495923959146e+00
-2.891428279336858509e+01
-4.672057648414515540e+00
1.554907405984311808e+01
-8.407346721811393309e+00
-4.108998423661398647e+01
-3.332845063713975264e+00
-5.253754030788664409e+01
-2.796631135159529435e+01
4.524879328516266241e+01
-2.874864318102838467e+01
-3.767561408875474172e+01
-2.844830860498285574e+01
-2.037200297789630099e+01
1.999144020965957225e+01
4.655832836176735157e+01
-3.631533523961678611e+00
1.428220756332099484e+01
-1.174957061258143654e+01
-3.843548082670363897e+01
2.594590740752965274e+01
-2.609667484233432333e+01
1.445159336427869334e+01
1.770543063977272169e+01
-5.859138998664320752e+00
2.091419281642319561e+01
2.282604585023800325e+01
6.282546041395448810e+01
-6.611910536538118777e+00
-2.863785060024598295e+01
-3.483726924990611451e+01
-9.495645638515178177e+00
-1.854407283578034793e+01
5.241436725528009788e+01
-2.429912523982395101e+01
6.404367644980620611e+00
2.732754087771837703e+00
-1.222551950813582522e+01
-4.709576474445532313e+01
-3.465884598171697917e+00
5.468760661748775931e+01
9.605177633754948374e+00
4.173522440534270572e+00
-3.205819456317682636e+01
-3.192836752193420580e+01
-7.786915891428286329e+00
2.552505153232937118e+01
-1.410854584619343655e+01
5.709933291154962376e+01
-2.686999966664436101e+01
1.043909293118383630e+01
-7.617605722778478139e+00
-3.602489406649488046e+01
2.383260563532758169e+00
-2.843230574121059817e+01
-4.103578524032633368e+01
6.159009228198812025e+00
1.054526856179379024e+00
2.904798128679769320e+01
1.309989512666326306e+01
-1.864842007172119764e+01
1.194084993102018188e+01
-4.858164231539464595e+01
-2.659212210212820082e+01
4.952998749937393796e+01
4.622634317687847272e+00
-5.926012039047236613e+00
-1.656500234947017702e+01
-2.447772915342511624e+00
-5.493063867186094740e+00
4.943361229343889818e+01
2.312450943776480017e+01
-6.600629574645040520e+00
-1.964053316874583288e+00
-2.185414327619212926e+01
-8.734726027516785507e+00
-3.499805703823233216e+01
2.742615261331486209e+01
3.880244506726882037e+00
5.733119464934816278e+00
9.959892393375980646e+00
-4.419621078322446550e+00
-1.140387763307833069e+01
2.990846033163606421e+00
-6.008274364082085128e+01
-8.632500808556471839e+00
-5.693362866042264159e+00
-4.304025152366477869e+00
2.676297743970313547e+01
3.610879292285811459e+01
9.610971022349474424e+00
-5.289526197970886301e+01
3.455031641736860593e+01
-1.187901125771551847e+01
-2.079220343105333768e+01
-4.842504790994152586e+01
-1.674017504159924385e+01
3.449642256026218945e+01
1.693212215106893836e+01
5.561992495112974666e+00
1.869302033934960150e+01
-3.242353488072291157e+01
-2.582571218417700720e+01
3.128855269477074330e+01
2.159143371569433612e+01
2.668424765631010587e+01
2.710224460777681088e+00
4.670717551846166771e+00
3.028709257902303875e+01
5.360541016919120239e+01
-1.161213774032113122e+01
2.136311878642629836e+01
-1.435043980124396512e+01
-2.434795885363542567e+01
-1.923455925271301226e+01
-1.934904246259930005e+01
-8.051791022793509001e+00
-2.641261250950844897e+01
-1.088001207759663203e+01
-7.538536549885878912e+01
1.884246876652616720e+01
1.227359013964575496e+01
-2.638765101254499257e+00
-2.156536211581897078e+01
-1.027717514947215705e+01
-3.046029093798003373e+01
5.478523956279786944e+00
4.473798181396011842e+01
-1.227471713807204878e+01
-9.362383207096755200e+00
1.164316142470931936e+01
-2.835463963562973788e+01
4.697104590355872489e+01
8.157883443029582793e+00
7.781216882728926976e+00
2.745675906790179965e+01
-1.354016571063965557e+00
3.104435678973464974e+01
1.048759711312376908e+01
-2.199403324709408025e+00
4.528082150486881119e+00
-3.486759863000656878e+00
3.673326155295933404e+01
4.769466901777462908e+00
1.005732652588923770e+01
-6.455858819791558290e+00
7.808777406888779637e+00
-5.116558921965324203e+01
-1.951441493100691105e+01
-2.704160418128344645e+01
2.628759395238543561e+01
-1.772299937477146159e+01
-3.331354571048007074e+01
3.206829015325621413e+01
-6.755982138331134479e+00
2.245370590594245641e+01
-4.993433228521706724e+01
1.030046224524994614e+01
2.890236676968044094e+00
3.395327080282015686e+00
-6.440564503798981377e+00
-4.029738680417096930e+00
2.813372790687717639e+01
1.011798095391895913e+00
-2.811492718372758759e+01
-1.036764339229020493e+01
1.222267013024929838e+01
-6.370278953072127592e+01
-4.872566430652388902e+01
7.148610934345072110e-01
7.770323226728706345e+00
-2.600148562267773400e+01
-1.075076278348689129e+00
5.823989780129392102e+01
1.549107516883935887e+01
-2.979533819418065832e+01
5.181281304686166322e+00
-5.132660185270211173e+00
6.919368515657524199e+00
-1.969049257887428439e+01
1.216408889661877879e+01
1.456510114719111471e+01
-3.826573607198099580e+00
6.169910259150016429e+01
-4.384366019247366353e+00
-1.746817912528848638e+01
1.313520061975572162e+01
2.374336947147281762e+01
-1.868414894934340964e+01
-1.022913726104210497e+00
5.411169817408045901e+01
-1.566533139330829272e+00
3.250153367311057195e+01
8.076744477141005518e+00
-3.874661404272899290e+00
-1.258552978063397632e+01
2.886808377380906165e+01
-3.086132226266758494e+01
-5.808962370816033172e-01
-1.004962753069816017e+01
-2.192993948552014416e+01
8.306133296331159599e+00
1.468000750402626409e+01
2.417445134894819603e+00
-2.102138909388600041e-01
-2.197253358610339546e+01
8.959648434462252453e+00
-1.839526572205130606e+00
-1.252983394012520790e+01
-1.113720488003615827e+01
9.143574990914771661e+00
-2.066035685933172772e+00
-2.088574949635130906e+01
-6.022521301123998683e+01
5.790056713133957089e+00
1.068587679509255395e+01
-2.678453922824819244e+01
-1.318309344804799821e+01
4.567890191805487632e+01
6.189687615822805355e+00
2.176080234650623879e+01
4.757377492137891295e+00
2.200796502866255366e+01
3.182373448200650046e+00
-2.150670483342318562e+01
-5.994288932315413376e+00
3.010778946338092510e+00
1.738082948684171924e+01
4.167452843165057175e+01
2.718663998935576842e+01
1.681930890253369171e+00
9.440893980863933166e+00
3.346943010310039313e+01
1.458337387394485773e+01
-3.829634006483053099e+01
-1.524339172866231706e+01
6.170802518977268392e+00
4.702301543956821206e+00
1.362207310133147331e+01
-2.862656604003839789e+01
3.905597425982726634e+00
2.390233996037183317e+01
2.642795105678632694e+01
-2.376378071266475445e+01
2.574562463081520036e-03
-1.226876208460566886e+00
-9.391560955278350775e+00
-1.571687908454870808e+01
-8.572355218762197637e+00
-4.838118584394045740e+00
5.593781019911318708e+00
2.338226552131531122e+01
-1.706839098023647239e+01
4.472488818086458195e+01
1.812648530495155796e+01
1.482366731110300861e+01
1.955330921862578109e+01
1.499790387712704032e+01
2.008866107663865108e+01
3.024579408503882405e+01
-2.516247915940387969e+01
3.440936206727011637e+01
-6.305024769357979153e+01
1.750975496807744136e+01
-5.910064137525787942e+01
4.615390149085607163e+01
4.164960917893697001e+01
-5.199841810358776684e+00
-2.664806960911860756e+01
-2.345674337003990217e+01
-3.042933758634606534e+01
-3.500931554952791203e+01
3.128884137380126162e+01
2.324867867679134292e+01
1.322563188568315695e+01
1.566268109060604274e+01
2.470329627592951738e+01
-2.165828867566443705e+01
-9.815810709448811622e+00
3.049118471287441423e+01
-7.218493783451350509e+00
2.951872072904182431e+01
4.115758241036526499e+01
-3.191533810207410227e+00
-4.047673931576673567e+01
2.748592581446473559e+00
-1.444143705642165543e+00
-5.637382750764345474e+00
5.203853420144355368e-02
-3.604903494862736579e+01
-6.986312741860089659e+00
4.868231674897437244e+00
7.347859703193876157e+00
2.699494729850843555e+01
-2.360230063516664245e+01
3.083858588042528481e+01
-2.206346844273612362e+01
1.416671916754296490e+01
2.231201916696761600e+01
