---------------------
  #    meV     cm^-1
---------------------
  0    5.3      42.6
  1    9.4      75.6
  2   13.9     111.9
  3   15.1     122.1
  4   24.8     200.0
  5   36.5     294.5
  6   41.5     334.7
  7   50.0     403.5
  8   53.1     427.9
  9   66.7     537.9
 10   99.5     802.8
 11  111.2     896.9
 12  134.5    1084.9
 13  141.8    1143.4
 14  154.3    1244.1
 15  167.2    1348.2
 16  180.7    1457.2
 17  195.3    1575.0
 18  200.5    1617.4
 19  386.6    3118.2
 20  393.8    3176.3
 21  403.2    3252.2
 22  415.1    3348.1
 23  427.8    3450.3
---------------------
Zero-point energy: 1.864 eV
