-3.451947013052813418e+01
-2.017991707420748071e+00
-7.105543383059433893e+00
2.395668502670694977e+01
-1.185636417246300311e+01
-9.166006819455049026e+00
-2.393020359742342862e+01
-5.006533876425606877e+01
-2.134625097063374000e+01
-2.249727877137837595e+01
-2.092685261139422437e+01
4.237567196678991621e+00
1.991674801042961462e+00
-1.065078695326093339e+00
1.713063981307811900e+00
2.639403689497129335e+01
-1.014817405767460912e+01
-7.164295319405511009e+00
1.172493761356258801e+01
-6.162991687572504418e+01
3.091251508746707088e+01
-1.327915191781119120e+01
-2.389306948657603513e+00
-5.561006030163568425e+00
-9.758555364974199620e-01
-2.103811228692094915e+00
4.778804760037584742e+01
-1.499855292773921178e+01
-3.972093445494181196e+00
-3.025512208257669045e+01
3.906827439900541776e+01
-4.306479256799420341e+00
-2.126940162289622549e+01
1.115804376887211902e+01
-2.044259724024186653e+00
1.298806652096047287e+01
-5.391867744698686238e-01
2.700741841541713484e+00
1.888545794794023891e+01
-5.437278515849405380e+01
3.030219257211501827e+01
8.094604336018861090e+00
-6.242311760410416355e+00
-1.738191174447285547e+01
6.874480794196614397e+00
-1.089685532763684250e+01
2.479498230474791853e+01
1.979761922028319532e+01
-1.275799292535725726e+01
-1.631325493352431977e+01
-1.725862495189346646e+01
-2.070319796593886608e+01
1.052695923244884568e+01
-2.694609420396136557e+01
8.252252029194494298e+00
3.444658331702837017e+01
3.973386071341050041e+01
1.849112067019893857e+01
8.237417000174076520e+00
1.726540911130632594e+01
5.067927596114952848e+01
8.550914743261216699e+00
-2.970288437619915101e+01
-5.993831049418304247e+00
-1.401682701752022808e+01
3.311530690534388555e+01
-3.917090705309254872e+01
-3.420500269575740049e+01
-1.742845061031376019e+01
-9.756345407699143379e+00
-2.228093022422990543e+01
1.563652176035373031e+01
5.181246690848354319e+00
7.794172360145182665e+00
-2.158093338496059488e+01
-1.888126300141820479e+01
-3.259468419761626024e+01
1.794804047995631890e+01
-1.869421785183796203e+01
1.688193924821065650e+01
-5.396860163815455635e+00
-1.482262840363603118e+01
-2.853384313575774911e+01
-8.495686720196772512e+00
-6.094342280324383410e+00
-6.821451382375911976e+00
2.226390088364587072e+01
4.174953503809516064e+01
-2.452425591698625240e+01
-4.275694113885963077e+01
-1.073021102175113128e+01
5.921016857796163890e+01
-3.233242186122113537e+01
1.786342488812979923e+01
-6.492035147620526914e+00
-3.321630708852860892e+01
1.371766590967251886e+01
1.945647170490863687e+01
-9.659383933908117115e+00
1.829942386214804628e+01
-1.338820549244644553e+01
-3.115503958758199587e+01
5.234113466246463986e+01
2.495731103498656012e+01
1.410069129669724930e+01
7.849410031378880603e+00
1.493132863991316128e+01
4.502102257965739796e+01
-1.468281111924717663e+01
3.337866400096359598e+00
-7.541150374875752505e+01
8.735913548612842305e+00
-3.695367114111610363e+01
7.740907275037329782e+00
1.216146670012606990e+01
-1.990783681242351122e+01
-2.823680527689188580e+01
1.227799155142065501e+00
-1.682346853318765056e+01
2.129799717109523272e+01
-2.771174032310156576e+01
-3.090654253551235797e+00
-2.006182126442799785e+01
-1.943993205800268242e+00
1.109385922767813781e+00
1.244499607985022749e+01
4.542748390352926435e-01
-2.859256741642468569e+00
3.550413577906841311e+01
5.027129309845983585e+01
2.716491483245093264e+01
3.922298107950891222e+01
-6.432084470398550025e+00
5.559565269709821678e+00
2.930793079426837267e+01
-4.996656565857477972e-01
-4.197613809465127588e+01
-2.250711253851248017e+01
-2.800074077085317015e+01
-1.529161553740432566e+01
1.584323409200183619e+01
-6.563148835051043761e+01
-9.269573781922503031e+00
2.449454478616613073e+01
-2.069470939823449385e+01
-1.726807852999610304e+01
3.296707581214076299e+01
2.458784676320058793e+01
-1.829832527898365413e+01
1.539347436633488542e+01
-1.403769210171124371e+01
1.886386699629110808e+01
1.826094108842312380e+00
7.305590898567359659e+00
-4.713442117271246445e+01
-2.613647916884144351e+01
-4.762746519742336204e+00
-9.104848919802241980e-01
-2.255275189589536922e+01
6.014085222253095253e+01
-9.642141564184839808e+00
-1.784728196751929374e+01
1.965788272063628028e+01
-2.538938421012212387e+01
-2.025155845538193944e+01
1.808751727685609012e+01
7.096415714781805661e+00
8.481500508548151629e+00
8.717510307012361181e+00
-6.120287222736237709e+00
8.815310148621989583e+00
3.221744501029613872e+01
-1.462000524369744880e+01
1.061832631237993496e+01
5.029878964550783138e+01
1.810056458879756747e+01
-4.166999110000858764e+00
-1.134448318035024528e+01
8.608150534811865384e+01
-1.181727048423121573e+01
2.074187372244421113e+01
1.431640180217664238e+01
1.627192000547418615e+01
4.888204799999510897e+01
2.651424264725807234e+01
-1.481271020597118238e+00
1.341849252422207428e+01
2.717572820161075242e+01
1.989327461835276267e+01
-3.216112682087049279e+01
5.212413802779963135e+01
-4.636591235139856337e+01
-6.799316289597953755e+00
3.043934464822281427e+01
8.304458943981522623e+00
4.194406434788334082e+00
1.563673129003092299e+01
1.239725050280230789e+01
1.901615496214301970e+01
-3.460953819448013746e+01
2.213874562658020295e+00
-1.470497960792368985e+01
-3.702279336109455699e+00
-2.490657385938277457e+00
-5.950666896345614632e+00
-3.179702565403829340e+00
4.628677731624495095e+01
-4.682285259758032225e+00
-1.435333849698452013e+01
-1.417337416049370802e+00
7.198118359663041588e+00
-3.296221420019197978e+01
-2.830411985118584539e+01
-2.005297074009146741e+01
-3.419448446203324465e+01
-8.861323279173561218e+00
-2.308387268752968424e+01
1.005861727900447988e+01
7.155323029252400602e-01
-6.901705543855399583e+00
-4.557302529561596316e+00
3.171953270081985465e+00
-8.081213661407375071e+00
3.764862532106046444e+01
-4.779439418891860214e+01
-8.385714873781033418e+00
-7.456303843388727870e+00
8.799843716450482134e+00
1.249773389649458011e+01
-2.598980757920242013e+01
-8.413863264877761594e+00
2.371905353099354130e+01
-1.108947677592477277e+01
8.797725925898248533e+00
1.881046296969199716e+01
-1.632513750366712202e+00
6.157956655305247295e+01
-7.718879818202310616e+00
-1.747099198991264757e+01
1.758042056555268573e+00
-1.356814254933181019e+01
3.016223132618154068e+01
-2.339968216000461609e+01
6.723579187553980319e+00
3.130626095966152889e+01
-6.960147038732912961e+00
6.528933451066416183e+01
7.065550785868219918e+01
-3.662715332216976094e+01
3.255100663716046938e+01
1.201652668204900465e+01
-3.072649299459168049e+01
9.150879615963759761e+00
2.319463788641468227e+01
2.369771260899221943e+01
1.266912900570730471e+00
9.388198927474604716e+00
4.105256772467015480e+01
-1.296709602104954229e+01
7.883512635747415231e+00
3.956792986856396510e+01
-2.038760861872950159e+01
-1.098931370660724838e+01
3.087675874034570711e+01
1.583436381968935791e+01
4.173767193660836483e+01
1.662657223982634491e+01
5.987329654359143660e+00
1.469401685974702332e+01
2.231375049952498557e+01
-2.955827135851710352e+01
3.779367652703541580e+00
1.366254469372120539e+01
6.420443385593557650e+00
1.305382178668250504e+01
-3.374768544895528777e+01
1.764550342494351298e+01
-2.355759360943449110e+01
-1.836549913104609288e+01
1.179410221768625178e+01
-6.416471107146151098e+00
3.191953123332154973e+01
-9.190544330883767543e+00
1.658538540044918363e+01
1.787168121577781221e+01
4.282323944617412081e+01
3.004874326870434942e+01
2.685967081333951256e+01
-1.789537461472008317e+00
-4.635806821373734010e+00
-1.760006297689346866e+01
4.401759186388960643e+01
4.377377748422028958e+01
2.151810241085591713e+01
-1.385774844655752247e+01
2.742519383044964343e+01
-2.812719925952507083e+00
9.802741449038258281e+00
3.640727345941976978e+01
-6.495463432002850368e-01
-4.356920156497068319e+00
-1.110441065147114159e+01
-3.224432874696628915e+01
5.265065348262120892e+01
2.789005457971995838e+01
-3.291856617183398726e+01
-9.070410895304689802e+00
1.448805959568757373e+01
-5.468881643136825232e+00
3.496712418345390461e+01
6.918707614222739721e+00
4.407277620943159491e+01
1.914472010036778471e+01
-1.252053430865947803e+01
1.104422437285855096e+01
-3.447477328235777350e+00
-1.513615595611665299e+01
8.668497554660319793e+00
8.271275127073067779e+00
5.178850970645235918e+01
4.350005641607188522e+01
3.059605361498677212e+01
3.679011969783005043e+01
4.789616277147587198e+00
-1.431192366552113526e+01
7.913198773579381395e+00
-1.841399119254250394e+01
-2.960897036094402779e+01
-3.068681493158362628e+01
-1.721502780044511383e+01
-6.002874800439769842e+01
-1.927670800978359011e+01
-4.782601932635530773e+01
1.297551544150552871e+01
-2.555739346664788059e+01
2.571129282964477625e+01
-5.466166444282498560e+01
-1.647461055903755778e+01
2.363891365964659030e+01
1.157415235669895992e+01
-4.905659064834799921e+01
3.125560118360203887e+01
-1.427293984061827814e+01
2.970561795923229909e+01
-1.276670475036129915e+01
-4.327556029870959264e+01
7.895657370317024970e+00
-3.593486342419959101e+01
-4.096533801274802045e+00
-1.666480535745384017e+00
2.254577697527301439e+01
6.962872571620169992e+01
-2.382724523805276817e+01
-1.930614877240084581e+01
-2.322258467323166542e+00
-6.274499344821265368e+00
-4.461213262760537646e+01
-3.075830657695956916e+01
2.641133326861665864e+01
-1.172077370195995627e+01
1.121772977005875305e+01
-2.711477750888204241e+01
-9.081450241821642066e+00
-2.290589203966807474e+01
2.850650425754633233e+01
5.241175804539636829e+00
-1.233297494610212652e+01
-9.405732604554771115e+00
6.565817133488849322e+00
-4.485903723613461125e+00
2.378487224629583352e+01
-1.422683442987687386e+01
5.518079114900785953e+00
1.961093533927305543e+01
7.568979162156040275e+00
-1.174959051750414574e+01
8.496264447305310341e+01
3.249469452956037685e+01
2.350812918438222709e+00
5.665860142064275351e+00
-3.458950984472144796e+01
1.859085164910962362e+01
-4.224324925834466171e+01
-1.607249105854344862e+01
-3.041131051987534306e+01
-1.095445733140337552e+01
3.140549877144178481e+01
-3.131815717687729261e+01
1.323798432980406403e+01
-2.133930277267921838e+00
1.149541788576456725e+00
-1.981028352151466265e+01
-2.452639475546050107e+01
-3.132549156760376263e+00
-1.972234610755143080e+01
-1.091319189000836332e+01
-2.284145392280942133e+01
-5.124943039397702904e+00
-1.918816773962028321e+01
-2.772976686526445178e+01
1.150104484185187204e+01
-7.911578228078155917e+00
1.354976432016198373e+01
4.679503456969761999e+00
-4.208999571758334923e+01
-2.899491325383064577e+01
-2.524908287532726092e+01
1.786779393994095244e+01
-1.367066144912797654e+00
-3.423242548893028925e+01
3.257517598263739700e+01
-2.162722515201668472e+01
3.160279674671082972e+01
-1.748913469539940735e+01
-2.668671866576596585e+01
1.308178165603868592e+01
-3.754469623530921751e+01
-1.901215814821983940e+01
3.423302875679249269e+01
1.043150818200558660e+01
-2.429659040006549731e+01
2.998719123388208629e+01
-1.001806023017650205e+01
-2.101146337499812944e+01
-1.679185454398125898e+01
-2.769956551635425512e+01
1.534022223174280697e+01
-4.972224653127207716e+01
-4.377439946083933364e+01
-5.624537470966117780e+00
-1.666269308259228410e+01
-3.268165978137961503e+01
4.064522377990152791e+01
7.420184835421788705e+01
-1.518595271549908432e+01
-2.018341986534920807e+00
-3.347980027367231770e+01
3.628295071433461771e+01
1.125673150799121913e+01
-1.323777971781777296e+01
-2.015172603154123010e+01
8.155697417080446598e+00
-3.207870645156503997e+01
-9.775346533319805076e+00
-4.805639316401337169e+01
2.014599952501737334e+01
6.082022694137265262e+00
-9.624189196605357211e-01
-5.762563337971130295e+00
-2.213333717117609467e+01
-6.085657054189482551e+00
7.255994588335445883e+01
-1.016849849792697569e+01
-2.658738314105221434e+01
-3.867415562366454651e+01
7.715693391216575492e+00
-2.076572319159318880e+01
6.024743944517020111e+00
1.676894243498865933e+01
4.247377525622894723e+00
1.730242452802646369e+01
8.359339422668369934e+00
3.242151566567150667e+01
1.456221332496164678e+01
-1.937930025681033896e+01
2.656575805784989086e+01
1.931522542794195374e+01
6.838138253590187787e+00
2.345490136216457699e+01
-1.573663971685886764e+01
4.082526265560829870e+01
1.305467333030551202e+01
-1.754860352972071524e+01
-3.238549302267939467e+00
-9.996701573819365194e+00
1.132498023051968516e+01
-1.287939553168828866e+01
-4.385707465511444525e+00
-7.068117166972797349e+00
4.483528204439721776e+01
3.056339217740460867e+01
-3.589720495484627349e+01
-4.498293416305074288e+00
-2.920536547621702539e+01
-8.041502879444124119e+00
-1.305407041528970069e+01
4.741072704532399484e+00
-5.470124613373865685e-01
-1.590662831483486173e+01
9.420227699601838367e+00
-4.560822817230814508e+00
-5.164139724568016732e+00
4.771072513991376240e+01
7.978409783516131171e+00
-4.571768482651748400e+01
-2.197180245618284289e+01
5.306181374031928044e+01
1.508679031212045629e+01
-5.278238538695518400e+00
5.910482781544392594e+01
-8.907243912828249677e+00
-5.069071755250973865e+00
-4.481876023948245802e+00
8.547535357300489522e+00
1.727465578465742269e+01
2.429416358549971733e+00
1.603619268125720509e+01
-7.086216780509005275e+00
-1.947809240862910940e+01
-2.307229517388700657e+01
-2.651149662299314969e+01
2.280283420836147457e+01
7.163992143356765041e+00
2.109698289494655654e+01
7.702170266029497725e+00
4.940369135395258127e+01
1.034096629339936158e+01
-4.465981906784401190e+01
-1.897596701586305556e+01
3.375087835037916761e+00
-1.611509453767418165e+01
3.496266530071918055e+01
-7.656444187335068818e+00
9.297603289321934028e+00
2.917892790930906699e+01
-4.131114260190008736e+01
8.276378938346522318e+01
1.147956485809386606e+01
1.321479437129585222e+01
2.000871370156083628e+01
4.093064986908757419e+00
-2.382685240198156862e-01
1.938848339316146507e+01
-2.049302801383913675e+01
4.593241293932983638e+01
4.061257940298025915e+01
-2.305861276273239469e+01
8.850902838915828852e+00
3.869872500442383512e+01
-1.137675582981479749e+01
9.687547296810606667e+00
2.084477927823215282e+01
2.242211461940533468e+01
-4.222784505526968246e+01
-5.682824101001983763e+00
-1.693247042632826549e+01
-1.670149797338694952e+00
-4.384831982264866923e+00
9.642613014140692940e-01
-6.889511670701722323e+00
-1.756666438485603976e+01
7.304232050685854460e+00
3.796483888513222382e+00
2.933635108259836244e+01
-2.422500849222372210e+01
2.414143593990684167e+01
2.612776787131859635e+01
-6.872490141256406559e+00
4.505083519601107866e+01
-3.766680280478416876e+01
-5.703652216927260810e+01
-4.807990479965381425e+00
-4.385151947292968089e+00
-6.805972203002284004e-01
4.424463547861119395e+01
-2.689397666848726942e+00
2.369124361875151408e+01
2.970776683285883735e+01
2.068065637520822975e+01
-6.404000696710284046e+00
3.296058304624085622e+01
-8.796274484225079959e+00
-1.958992808594240387e+01
-2.260095500085265030e+01
5.990338602173153504e+00
1.951022331501090434e+01
-7.381345927214653102e-01
1.924460193357714388e+01
2.815525624453982800e-01
3.351359166721186966e+01
9.551881272279899804e+00
5.007343072499722325e+00
-2.089158527222593875e+00
1.779876461263955179e+01
2.076296995989832794e+01
9.506514753704436771e+00
-9.860954223540119301e-01
-3.040946347220965151e+01
1.609503891939275633e+01
1.051342478349221210e+01
1.961236463739393798e+01
1.554701879060712599e+01
1.999637638829331365e+01
-4.798944775699510501e+00
1.721939890526235217e+01
-1.486325558913301847e+01
-3.662741225894592390e-01
-2.994524171116918865e+01
-1.698454139881110336e+01
2.221350972223265785e+01
-4.977648259724588797e+01
1.464468292463570265e+01
8.764839029583924912e+00
4.588360104865951428e+01
-1.043781674797602932e+01
1.841920627452476467e+01
-5.517022698488347032e+00
-2.676833224576952830e+01
-3.753885375694915183e+01
-6.475187693800357636e+00
-4.882405603299045538e+01
6.489592287909488277e+00
-1.095811656431268943e+01
1.704809171223759279e+01
1.304936833837342647e+01
-1.577068112603862460e+01
-1.613899792452724569e+01
2.261226837619017616e+01
-3.399671516427641649e+01
-6.743959951771813621e+00
-1.045016919299825275e+01
1.511362378350733238e+01
5.289514866682623051e-01
1.497286983325210485e+00
-1.041821338889047155e+01
3.027403792651685421e+01
-3.064700762199186101e+01
3.724432725946371647e+00
3.324757566625140726e+01
-2.031553389906972029e+01
1.711445663184349542e+00
-1.468505612019157525e-01
-3.591781613718926280e+01
-2.207422414424397061e+01
-2.737832841642807935e+00
1.560279468972650108e+01
1.825518607423131812e+01
3.370871365567325029e+00
-5.349419006570883539e+00
9.819816554158705912e+00
-2.347874402182912945e+01
-1.085800101456186439e+00
-2.864186342251014139e+01
-1.543816747482613039e+01
2.683328928768600008e+01
-1.575874468781751148e+01
3.746829371593122460e+01
-1.327849319874758294e+01
1.805758734027699575e+01
1.394562856844144960e+01
-3.500755001505999786e+01
-1.384924361952711536e+01
4.857627787469994018e+00
-2.309548079011810273e+01
-2.079167146538078015e+01
-4.826846848819184288e+01
-2.982565705703382264e+01
-2.817953174428654961e+01
-2.425110899563975408e+01
4.443165468378538208e-01
1.006215806553009884e+01
3.777348265529795412e+00
1.346122992293197917e+01
-3.134322806158967012e+01
8.414838427520010100e+00
1.490719389362766378e+01
-3.717094139897291427e+01
-3.433061740146129637e+01
-2.333130920888959281e+01
-1.501045236457454024e+01
8.946815133599670844e+00
-7.273024375236332162e-01
-2.322984507555396760e+01
1.651690447092022396e+01
-1.319481237684338737e+01
2.771568302118555494e+01
-4.912472657910896601e+01
3.494263147239750822e+01
-5.008639676411448249e+00
-2.210336291260123431e+01
-1.381852863984961033e+01
1.039977124498470573e+00
2.468447899830472281e+01
-4.066879382057398118e+01
-6.527746660307741422e+00
-1.117119365718820490e+01
2.467349339763926253e+01
4.612304582341505466e+01
-5.483916520140837747e+01
5.129238200335691999e+01
2.292036407458849112e+01
-4.116627680228371844e+01
-1.760638767653863113e+01
4.370865847009251581e+01
3.279024086187558851e+01
-1.146502828668474194e+01
-3.224381015932920036e+00
7.896079867888914805e+00
4.116799460924687537e+01
-3.129693419095388407e+01
6.979751365152068843e+00
-4.614598769687695778e+00
1.503823333505300752e+01
-4.002830486809170907e+01
-1.824606541226074796e+00
-1.675497924197922117e+01
2.633804252238758181e+01
2.322110939077546732e+01
-4.816119358003550133e+01
-2.633496876178234913e+01
-1.190617762268453816e+01
-2.349389396032790955e+01
-6.417474971076373436e+00
-1.119147643773260370e+01
2.480524582283206314e+01
2.316044317504122318e+01
-1.147554582918814958e+00
-2.534147226205755032e+01
-4.692959184602540290e+01
2.624928653236474929e+01
-2.707616828222174377e+01
-2.006800338552523044e+01
3.269271094317076631e+00
-1.981460453102469188e+01
-2.155400371496872935e+01
-1.577726216061934394e+01
-2.639206500602912797e+01
-1.429334932286062099e+01
-2.863572878173509650e+01
3.082369310785700378e+01
3.382674009171519458e+01
-3.658939564230252017e+00
-1.208133082523698931e+01
-2.393984700451028402e-01
2.505458127928181966e+01
-4.736032473572797130e+01
-1.092608374229095602e+01
2.713826077475351894e+01
3.911326543008101453e+01
-9.248722888807208165e+00
5.420575329515031626e+00
3.025326530362264066e+01
9.148910357475102728e+00
-5.539883323360186296e-01
-2.453316323918306807e+01
1.112568918116255645e+01
-1.910214889785370929e+01
-5.740014718240843195e+00
-1.073412781416314488e+01
-9.067641032288378256e+00
1.253035516865168120e+01
4.360842167701582639e+01
-1.307161472619299047e+00
1.895354592034436791e+00
-5.018843106570085411e+01
-1.041113427462050822e+01
-1.982651647359796243e+01
-1.215926896790335832e-01
-2.594269843262833319e+01
4.706661361230146667e+01
4.474133935782651861e+01
7.723310904651356168e+00
-1.089399547630611664e+01
9.193475881685571949e+00
1.135140891394188145e+01
-2.632776196194824081e+01
-4.668813727199221830e+00
1.045899643430090009e+01
7.335493285555472198e+00
3.038813798503137775e+01
2.227694934209313260e+01
-1.165729705642849012e+01
1.432804296219283913e+01
-5.467639693963510439e+01
-6.458791439413076318e-01
4.811938191631139716e+01
6.574857016734711124e+00
-1.155181952723410177e+00
1.684719232307301695e+01
-1.583101437918500665e+01
4.956899300678807663e+01
-9.179539040239191650e+00
4.436992070563897528e+01
2.163134782242559595e+01
-2.233626844412617629e+01
1.786141005182642516e+01
-1.690586348658659688e+01
-3.990675717375779641e+01
-3.556060769969718649e+00
-3.072566862971875423e+01
-2.900240376702527101e+01
-2.740565731823409124e+00
1.993831585325676770e+01
-5.383031009485023333e+00
-1.727510544233308565e+01
4.954332133484570022e+00
-3.822513477565175322e+01
-3.887037019780851921e+00
-4.582098817466265928e+01
2.690892750259949651e+01
-6.415021020882676339e-01
-2.755851352123531228e+01
-9.110989422359892842e+00
1.022918669361726529e+01
-1.954199308892288656e+01
-2.520880213040058493e+01
5.210354877989402667e+01
-1.336144131373649202e+01
-2.223230272203409186e+01
1.509287503375500705e+01
-9.769397062109774765e+00
3.024045491871940428e+01
-2.528456001131701214e+00
3.872201534065609962e+00
5.976058320245419964e+01
-6.859250086757214149e+00
-2.025341492407065402e+01
-2.376063062998707665e+01
-2.811876023468579433e+01
-1.891784829348370067e+01
1.496146736794111121e+01
1.501791865125784398e+01
1.229491657463779575e+01
4.065483652002842518e+01
1.855312730470785709e+00
1.156398944009528407e+01
-3.514522270667262660e+01
1.484393766248359725e+00
-1.026201107442565785e+01
-1.475635401686685100e+01
-1.919015571446436752e+00
1.862278527120233207e+01
2.114102157036489871e+01
-3.717916129937464120e-01
6.791122828031348035e+00
1.523966146479421724e+01
1.929069929457736521e+01
-1.357432277662191211e+01
-7.015385873718969378e+00
3.774887827214001845e-01
-1.277967509195855200e+01
-2.770303417845582317e+00
-1.986661478296124983e+01
4.396104992592034932e+01
3.561835494944011771e+01
-9.045078727221664394e+00
8.866245127477810684e+00
-2.566862332912293709e+00
-1.660930189544026803e+01
1.974265652648717406e+01
-5.299929698432833902e+00
2.215905832116268925e+01
-2.900691288687253433e+01
9.968430354880723598e+00
-5.518786252297900319e+00
-2.986278866628674677e+01
-1.356125535586227215e+01
1.482880497030081557e+01
-5.056927820532710882e+01
2.383616528566676607e+01
2.582631751184536029e+01
-5.539517273566801236e+00
-3.330809003504128896e+00
-1.783518098770144888e+00
1.383483004834312169e+01
-1.813320968176097381e+01
2.001249504723856987e+01
1.688332271416254571e+01
-5.449290069339252796e+01
-1.963559687708425372e+01
1.317932773609965480e+01
-4.690301676558505051e+00
2.406333604984654073e+01
-3.532021087728273301e+01
-3.013130920033574967e+00
-2.322130453903976033e+01
-7.131014535663425136e+01
4.264480589814291989e+01
-3.232414642964084805e+01
-3.392540496657969129e+01
4.945350427925532699e+00
7.187990540691897934e+01
6.495608371904921796e-01
-1.558061329004857498e+01
-1.742783527643098296e+00
-3.040602244913621632e+00
-4.748291193539780863e+01
-3.394721344367289362e+01
4.542664661817261873e+01
-5.686624705663717805e+00
-2.090363485999955628e+01
2.735878888784941410e+01
-1.989802394337123559e+01
2.044003060770990032e+01
2.954243113372905327e+01
-3.164979428751129831e+01
-1.554231753235561087e+01
-1.926601946198039172e+01
-9.962660288273099241e+00
-9.743391953617795309e+00
-5.771699446470506700e+00
7.944433001690981655e+00
-1.893005341026631783e+01
1.572831936266864261e+01
3.210908661072996040e+01
-4.984797747049935168e+00
-1.130989711988721069e+01
8.098687186737805632e+00
3.106058507278686420e+01
2.893059028448962522e+01
5.449907754573132479e+00
-3.073513448616921551e+00
-4.829345024249576568e+00
-2.813588328967279750e+01
2.131989978825666299e+01
-1.235367913636630988e+01
1.101579555053706372e+01
-7.770526750348665246e+00
1.498211499838558325e+01
1.013685813213452036e+01
-4.462485756272030812e+01
-1.478120223836822333e+01
-4.357670498922813351e+01
-1.977185752412611919e+01
2.916582568858110847e+00
-9.539924796341040292e+00
1.812150702965320193e+01
-1.665444037218131257e+01
2.064668993407110520e+00
5.951434138811805497e+00
3.921471173332338367e+01
1.986634362817150645e+01
-1.676084194927828008e+01
-6.891193848752692475e-01
6.715499580198638796e+00
2.126381521183928669e+01
1.826639404392835786e-01
3.027392949824033508e+01
1.243115494801193677e+01
5.021764591262626709e+01
1.048435753317832564e+00
3.629314354081930105e+01
-1.499742019852166663e+01
-2.088814039589180993e+01
2.436019004298771051e+00
5.165945114161445417e+00
1.484573169319907038e+01
-7.857361705643768346e+00
-7.575169891318815019e+00
1.439142766532605577e+01
-2.684990948736145810e+01
-3.056830856775663108e+01
4.392951317770862829e+01
-3.317087819107598534e+00
-2.164212233521255513e+01
-2.233692861040971422e+00
-7.482274370214497594e+00
2.358703792748259787e+01
1.833541832868735355e+01
-1.120219010344584376e+01
4.755772176798842565e-01
-1.464088051608374030e+01
-1.955861042883168466e+01
-1.479789438091194143e+01
-5.356896171782041449e+01
4.526188299152522632e-02
-3.564831783959175482e+01
-3.086536367022239347e+01
-2.064206275476271912e+01
1.063180778235971502e+01
-2.020300193441212855e+01
1.280335783373347880e+01
-3.394467138898474445e+01
5.771461780196602831e-01
-2.294433762228953100e+01
4.774564589347320975e+00
6.232510842048036181e+00
1.848699413239239675e+01
-1.163940164329980576e+01
-8.809663292703305615e+00
1.638275041502923557e+01
3.281107429852320934e+01
1.819208260884647643e+01
4.631529400274530417e+00
-3.975527331639739259e+01
-9.446497934500271754e+00
-1.753405745583364705e+01
-3.346280591337443866e+01
2.241249659563715113e+01
-2.011989506542198569e+01
-1.815399646285158042e+00
-1.553893046176280279e+01
-5.523833359176197177e+01
2.863025119066239199e+01
-9.747425392950219702e+00
2.245836182179732532e+01
-3.954704123517123548e+01
3.735069889082180339e+01
2.033060019911971494e+00
-1.592953511648267551e+01
4.808549541199511168e+00
-1.154372833198755188e+01
-3.628726185807349225e+01
7.993335993841625964e+00
1.976428505991776774e+01
9.670507114026349882e-01
-2.006364217328138011e+01
-9.076115133832018955e+00
9.702600124285652328e+00
1.769689305583867167e+01
3.490404237056618797e+01
1.312698426598188917e+01
-1.286769230047539736e+01
5.290298999959213688e+01
1.327368780220199795e+01
2.352392599701063602e+01
-1.014417836043145371e+01
1.548273530942411469e+01
1.086682943425101655e+01
-3.434275006693243881e+01
-1.143541627939372063e+01
-2.266614894388431622e+01
-2.046554009187229894e+01
-6.699632699275070991e+00
-7.681797134460737198e+00
-2.338718569946922798e+01
-6.136613695859637119e+01
-1.599430204879926443e+01
6.904058224618665918e+00
5.039827666010751273e+00
7.707935069594824995e+00
2.570522989126754965e+01
7.748632255263363078e+00
1.800363513907410606e+01
-2.303285725472687773e+01
2.534032329478560541e+01
-2.517469345837366745e+01
-3.986474150493478419e+01
1.216532075344366604e+01
-2.393539477178950392e+01
-2.173449542924022637e+01
-8.783185823250855151e+01
-6.407340083245735229e+00
4.519693663310960119e+01
2.347513011904069913e+01
-5.688238850968332372e+00
-7.651598666286588468e+00
2.094972936108484873e+01
3.684816196057468574e+01
-2.305837470503462328e+01
-5.950942605912302952e+00
-1.886110068219747404e+01
-1.947349234756211445e+01
-1.700051322890464434e+01
6.995631787883095143e+00
3.920330343609720103e+01
-3.610163995103945922e+01
-3.106950630952948700e+01
1.822636739608384460e+00
-5.909038447085805501e+00
-7.352647824662298603e+00
-4.998139713524193439e+01
3.487226748213527117e+01
1.329557400647883014e+01
5.224161358449926240e+00
2.681778561009720363e+01
-1.818509239628032503e+01
1.713909326342763251e+01
1.539429495016472060e+01
1.982030326941043086e+00
-3.360333160839616085e+00
4.876463335883720163e+00
-8.746233863345210580e+00
2.813718431941232723e+01
-2.218767591002244899e+01
2.388172261293965448e+01
5.323406915597331590e+00
8.003508945682625608e+00
1.262889139940375571e+01
-4.820173330692216496e+01
4.695652162039323230e+00
-3.711950231123284993e+01
-2.713177513039796906e+01
-2.713830373775405747e+01
-2.768197552576097564e+01
2.903132024546266621e-01
9.296321394253439507e+00
2.761345337083734819e+01
4.788799978021174297e+00
7.966834394299944222e+00
-3.891233216673418838e+01
-1.412792361886172188e+01
1.884457278746791076e+01
-1.140338756190594438e+00
-2.674410597830956249e-02
-4.894923418085056710e+00
1.941596398374808530e+01
-5.057267068658015319e+01
6.241231821316574724e+00
1.122253155865413987e+01
2.395216086376896314e+01
2.047760496458322876e+01
-3.135751020582677029e+01
6.225739025459915865e+00
3.234343770795348405e+00
2.592868279831805012e+00
3.313584004654813953e+00
-1.041996280373885497e+01
-1.953896169054311827e+01
1.048408162777452901e+01
3.333070346247086491e+01
-2.763027979594994576e+00
6.389019716984563502e+00
9.423750655939045373e+00
-1.419900177013802534e+01
-1.506390109422810042e+01
-6.610040040163880803e+01
-2.040899391594609824e+01
-3.023712133030997506e+01
-3.694507785582487713e+00
-3.739194162437502200e+01
4.158921830163279765e+01
-1.734379485637725793e+01
-2.971647035190574115e+01
-8.568859798026323915e+01
3.677977442726037793e+01
7.386679190011079754e+00
3.413738972113080195e+00
-3.471063821891618772e+01
4.878257191491968570e+00
-1.106592915523803811e+01
-1.814827102617530130e+01
6.507045081304736911e+00
1.870202299237874399e+01
4.040104268342091132e+00
-1.176900504818138415e+01
-1.327089012644364630e-01
1.525154026136590346e+00
8.725837880033395777e+00
-3.516026618372036694e+01
3.996611887012384301e+01
-2.375252243387373596e+01
-1.658075414578026141e+01
-2.711003262592714691e+01
-5.758960593423404362e+01
4.982850126251264555e+00
-2.901081525364062941e+01
-1.053456893484750623e+01
1.806987113150734103e+01
-1.431487660055910283e+01
-1.909227548234810001e+00
-6.505060953706561122e+00
-1.109286465740541416e+01
1.773566562987163309e+00
3.003748106939980289e+01
-2.781781016194337042e+01
5.507358565952912954e+01
-1.253006378268594290e+01
1.849769405911310116e+01
-7.617717384929633795e+00
6.296508903546769176e+00
-6.040199253124484358e+00
2.426601150856475897e+01
3.391319161757836298e+01
1.059177502189478304e+01
2.543697685257927787e+01
-1.970023908241996935e+01
-3.679957735689267651e+00
-1.233142257801034702e+01
3.801431336388776572e+01
3.189610240652382345e+01
2.411172788634416975e+01
-8.464119634418011628e+00
-1.538978916806902930e+01
1.377182453871036927e+01
-1.557094650175005768e+01
-6.878537670478181099e+00
-3.184102688367119072e+00
-1.632017787591655633e+01
2.747987660768092155e+01
-4.565064086573350721e+00
2.100773758711572015e+01
1.084948984040989117e+01
9.554396783755706224e+00
-1.830261491298669796e+01
1.464595552303359227e+01
-1.014947078802228475e+01
-6.528823670198278251e+00
-1.726502435729344143e+00
-2.660710578171034513e+01
4.125742577405611655e+01
-1.471254793472127176e+01
-1.780738033350530714e+00
1.231011591048597609e+01
1.064376244361559998e+01
4.101190702991107173e+01
-9.476082887088864481e+00
4.168367957869372731e+01
3.737885173587004317e+01
-5.179501616682114218e+01
2.804030416610977738e+00
-1.028395964521061501e+01
8.691652246477502786e+00
3.297328864029168471e+00
1.099441412896379688e+01
3.447657733856546258e+01
5.402892280579278150e+01
-4.153224700672274139e+01
4.184264306258660326e+01
-5.416579671209098024e+01
-4.493626588354205609e+01
-7.987356587518505080e+00
2.051604518536009891e-02
4.026326031280321160e+01
1.979786472017252663e+01
-6.656173757107779920e+00
-4.932563768847229824e+01
3.904052553932360325e+01
-2.306644200763145136e+01
9.676312567802369813e-01
-3.961469509725361604e+00
6.960945482087078062e+01
-1.399702142447748088e+01
-5.906373381899140895e+01
1.730357689480962335e+01
-8.996870383771320689e+01
6.354195340365563993e+00
-2.017345816009037662e+01
-1.019225572534817559e+01
-1.501177874341557583e+01
-3.234463231897680657e+01
2.117533586835419612e+01
-2.103890296637265322e+01
-6.491247261543435343e+00
-4.362918170834265652e+01
-2.409756947477433187e+00
-2.891693047352721635e+01
-4.129243707295273680e+01
-6.281487084758992978e+01
5.070107010763820199e+00
-1.970467152598334337e+01
3.481523976037578905e+00
-7.818094141418953313e+00
-4.494955891931175529e+01
-3.595551178877245491e+01
-3.016602857796249282e+01
-3.137765956726266836e+01
2.947103344637586275e+01
2.796468704493605628e+00
-2.757678817488361744e+01
-1.202955100025201318e+01
-1.359303657859891246e+01
2.227506355043164632e+01
-1.717176839183683512e+01
-4.228105641632769363e+00
-1.554485569145901991e+01
-1.975514624161486665e+01
-2.239482333014193216e+01
2.042075897654274286e+01
-8.624099550311967732e+00
-5.124784561503722102e+01
4.264209941886318234e+01
2.434992810488181902e+01
1.465644408596489257e+00
-4.322971086508795224e+01
-4.141603399543663500e+01
3.771099987257287012e+00
3.869835168887902910e-01
-1.746825224205065297e+01
-2.531033322097054494e+01
1.734647584231908013e+01
-3.046725477099187174e+00
1.454958355824993532e+01
2.714750562352242014e+01
1.755979264654033045e+01
1.767599490238929150e+01
1.322399882100878798e+01
-1.154852386859295166e+01
-8.253462352867600771e+00
-1.204172240776260239e+01
-2.033026123976310373e+01
-2.365041803040105606e+01
-3.524783660000642271e+01
-2.061603229248554214e+01
-5.669216421557834451e+00
-4.255529612174086651e+01
-7.910069619951286768e+00
2.023129576754487502e+01
-4.370770551119335323e+01
1.649763962655406146e+01
1.488990531312262533e+01
-3.986073351659575792e+01
-3.140847971953320439e+01
-9.513309471022623143e+00
9.730571846817824166e+00
-2.183075526636304176e+01
4.005731329544330777e+01
3.555054144096229152e+01
-4.283104488886016270e+01
2.476610721549457139e+01
1.928392898911585007e+01
4.853210606415814254e+00
1.202960447259246735e+01
-2.372623025126050322e+01
-7.218569206116782766e+00
4.599534358137930212e+00
1.066949121050731719e+01
2.344156887052615446e+01
-2.839849733080711758e+01
-3.311627546074760176e+00
8.296871749057572742e+00
3.026822997488181954e+00
-1.649680271319796532e+01
1.211514793230256259e+01
-1.416833675798631020e+01
-1.139161130063203586e+01
6.477320674298425729e-01
-3.375705326486576041e+01
1.656174926948438042e+00
-9.354418749366118391e+00
-7.671939245477460645e+00
4.668714812922644342e+00
-3.013192894071224259e+01
3.293437916906694340e+01
-1.399066965253982175e+01
-7.398764832201717923e+01
-4.735964055132420469e+01
2.053614257223173922e+01
-2.248033521675193924e+01
-1.042380047937479048e+01
-1.454613583825602774e+01
-1.019506466527022326e+01
-5.592181473942235925e+01
-3.516328832797626092e+00
-3.459964927674417368e+01
-1.915030058942130609e+01
1.177771595278335326e+01
4.371124387923464383e+01
1.579950995979157113e+00
-5.722443942135555517e-01
3.307177870372323980e+01
-3.079683854500513007e+01
1.774166450355311753e+01
4.232002135421311095e+00
-2.649579066791943660e+01
-1.416951067337981840e+01
1.235494237748361002e+01
3.626875982241699603e-01
6.752016274183496591e+00
5.732588466091584678e+00
-1.313678992980376847e+01
-1.808459833175970743e+01
-2.780539530773893375e+01
2.735984071720332622e+01
-3.583272354556662975e+01
-2.661383877685285881e+01
6.907521989472868995e+00
-4.829970339862408935e+01
1.252760298232209379e+01
3.565357570207555682e+01
-4.011155818419531727e+00
6.472218535354130609e+00
-1.603073847296352028e+01
-1.224153306292546972e+01
5.769441808083172418e+00
2.111795978605843516e+01
-2.157869807068450285e+01
1.503026745424790533e+01
-5.896558695839161146e+00
1.727751383382326367e+00
1.286470265291553972e+01
8.268409213934404534e+00
-7.172460428854094516e+00
1.213919284585642799e-01
1.063729269409691369e+01
1.590709386903370159e+01
-3.992590401961231805e+01
1.854219647782315405e+00
2.861019977128114533e+01
-5.131658793127519402e+01
1.687421232046892783e+01
-6.481735043814691721e+01
-5.983862597539753025e+00
-8.235074988426163145e+00
-2.914928988540850696e+00
-6.775311409479513713e+00
-1.395878238874723820e+01
-5.303849470269881294e+00
6.623828195991237067e+00
-1.483128464341253760e+01
6.687875107643606043e+00
4.869015029086867230e+01
-3.366961695416847533e+01
-1.466730700954693134e+01
2.215614160916948094e+01
1.337682715374901932e+01
2.430980858759886587e+01
1.174318383329906723e+01
1.169375306230382705e+01
-8.941373405549825293e+00
-2.724363362513356890e+01
-2.512585135595077190e+01
-1.500569438041276271e+01
2.572245715686165113e+00
-2.348367539793878223e+01
-7.774886671392263082e+00
4.045559750808536137e+00
1.320673544605119787e+01
-5.677834965382302812e+00
3.312398082480419248e+01
-3.211890054348540957e+01
-2.179189238336448398e+00
-1.690147800953928581e+00
1.526332637896420152e+01
-2.176986063952016082e+01
-1.379307484718390242e+01
1.039963701404689189e+01
2.492179880733912967e+01
4.145444567419479398e+01
1.770406862184526631e+01
2.320192747029008729e+01
-1.548580627049304681e+01
3.496643554651990371e+01
3.662564571940521319e+01
-1.416052383118199032e+00
1.894516130007551169e+01
2.089475490984467854e+01
-1.305031223249862649e+01
4.728663762445250995e+00
3.364234474479314940e+01
-1.337297418514617675e+01
-5.069690859457864462e+00
-3.336651463478941793e+01
1.317447864268197577e+01
-7.136707952401408761e+00
1.090154659052379316e+01
3.236508062453324897e+00
-2.203751580820016542e+01
2.522631718748743879e+01
2.221742163679144255e+01
-1.491437467113431126e+01
1.058044365015390298e+01
-3.384637449934893993e+01
-2.940183595943700112e+01
1.368838514465528533e+01
-3.770629687565437393e+01
-1.703189773890953518e+01
2.845021367060326156e+00
4.574918406412965055e+01
-1.410887574834407587e+01
-6.792923003140160176e+00
-9.967171629619969053e+00
6.202864274564853986e+01
7.693041323437270762e+00
-2.384981658284893058e+01
3.920530980686822886e+01
3.470514068843970534e+01
1.736049967108118608e+01
4.156858002071317060e+01
4.756396830619829075e+01
-4.125254972463977765e+00
-1.531851609402906433e+01
-1.603120493936410185e+01
1.598877455866387720e+01
2.079403169789986805e+01
-3.805181735327863635e+00
-1.278524254393008164e+01
-3.378019310514846296e+01
-1.394744569876867502e+01
-2.498654882388649412e+01
1.667134759908798003e+01
9.470711165276100019e+00
3.525238796528117291e+01
4.116270145797756186e+00
-1.302607143680245372e+01
-4.684941822666189637e+00
2.180471426003974500e+01
6.920384256915269816e+00
3.010552504471877455e+01
3.080905605599105002e+01
-6.668836380127430630e+00
-5.982857025511286508e+00
-5.552262109125717870e+01
2.797532321052317883e+01
-6.654182413831222220e-01
2.995643880712746920e+01
-1.196413394908409344e+01
-3.447384229350937801e+01
1.167004921658185879e+01
4.025108592027223153e+01
-1.445123233225865533e+01
3.649976307589594171e+01
-4.020443909244234248e+01
-1.272085428642749605e+01
-4.490318279308741012e+01
1.050813888231789406e+01
4.440916976094683832e+00
2.985597357985142253e+00
-3.433403435988543606e+01
5.003865276593512590e+01
2.991444145735607663e+01
4.883699281790768509e+00
-2.849277212384518521e+01
1.196205814315158023e+01
-1.284856841542043071e+01
-6.853761574648842725e+00
-1.324017709774886953e+01
1.010119583398787313e+01
-8.003461989387460562e+00
-1.111583310693139026e+01
1.148402763824498152e+01
1.427361040586718843e+01
-4.719068491277420208e+01
1.097039938120252600e+01
3.720364197793252004e+01
2.214690213468355751e+01
-5.746702060373717558e+00
8.270715292471351177e-01
-1.931920280518673394e+01
3.192512294446066790e+01
8.560601894848900884e+00
-2.303813173625883337e+00
-4.139038096490651242e+00
5.882108447087986747e+01
-1.756038554722010758e+00
1.338083102371010114e+01
4.109317096272604886e+01
5.288282242904229236e+01
3.420418820251558145e+01
2.229366272698612761e+01
-3.656808898460130308e+01
-2.491928174855956968e+01
1.893161068235284006e+01
3.844391064381653678e+00
1.738535843443676754e+01
8.756871989906571230e+00
3.378661868639329668e+01
-4.251710349310698689e+01
-2.677940588403737365e+01
-6.341047230898425369e+00
-4.696440960167129930e+01
1.050244915361733433e+01
2.417596443252153904e+01
3.733666458940376742e+00
-1.218306034782938241e+01
1.274160293747439709e+01
7.582817690904630581e+01
1.692920512625619267e+01
8.629296972157078471e+00
-2.575309944173969257e+01
-3.285054936080712196e+01
-8.031876867600090009e+00
1.813727575668062286e+01
-3.251042652917703890e+00
1.302173635506221672e+01
1.915751016912150817e+01
-3.126295014528164984e+01
1.428344359683609355e+01
2.423708721013952072e+01
3.090331869745364202e+01
-3.614867576922904391e+00
2.590305161258584121e+00
-5.508798505583982319e+00
-2.648432653701382833e+01
-3.801131831981808773e+01
4.350278686411002127e+01
-4.231501835630226083e+00
-3.024161941192005543e+01
2.999926343380835192e+00
-1.417493049145958395e+01
4.971184603404716995e+01
-1.280325692739495480e+01
-1.963537057797719854e+01
1.905585255436054126e+01
-8.989565697165446068e+00
2.436867147287225066e+01
7.336047535665102259e-01
5.320433855033004988e+01
2.890821963689666774e+01
2.201964311502948135e+00
-2.038053888222815146e+01
1.502542275448877263e+01
-2.948849545803912520e+01
-4.791937530091487929e+00
3.353100954561342917e+01
-1.530933717026917407e+01
-2.457607975011188728e+01
-1.328984629127785411e+01
2.738350269328094555e+01
6.914974531852770667e+00
-4.534466544451922232e+01
1.817814007969998613e+01
5.059144195208119754e+00
5.042553341148646950e+00
-2.757654088612457599e+01
1.578240905192103583e+00
1.848604158479332682e+01
2.618712767446498901e+01
3.609025008344633534e+01
1.579659760825761694e+01
2.138003740917895357e+00
-2.961509275522584517e+01
-2.561238209178841885e+01
-3.777313457123672436e+01
-7.201827161757080376e+00
1.735300632284642575e+01
-1.339392143895487663e+00
2.809276451608803882e+01
-1.789341672273025097e+01
8.998116105252734087e+00
-9.530854274834652529e+00
-1.636365077780312305e+01
3.349620120218501995e+01
3.880300956581208993e+00
3.444587082064060723e+01
2.590427684250016682e+00
1.218029477817915307e+01
-9.864521700823644323e+00
3.325538201187873710e+01
-9.119310052601591110e+00
3.582566569133316392e-01
-4.277448032994865912e+01
-5.251613866063891578e+00
3.916080340012527472e+01
3.497569864035375531e+01
1.477379868809904906e+01
-9.108298628243943540e+00
3.078634308618774185e+00
-1.150105493539554402e+01
-7.620570063646638914e+00
5.066958268675539756e+01
2.776118743634015118e+00
-1.436307977733412145e+01
-5.936883399040935672e+01
-2.601369981074404336e+01
-2.106085716181151213e+01
-3.512522669681970910e+01
-3.182317163359505230e+01
-3.790406428802972982e+01
-2.516356692647740090e+01
-1.744940934773114805e+01
-2.713628887433284831e+01
2.572909291020451050e+01
-1.140797399203825080e+01
-4.841234964778374206e+01
2.201307999639891477e+01
-1.669165322131482654e+01
-4.456027586386679218e+01
5.327303133227241005e+01
-1.428669475416429435e+01
9.414807985316201666e+00
2.197378910288998100e+01
4.939386234430656941e+00
1.465292317234761299e+01
1.787103667891940972e+00
1.097693074430612370e-01
-8.157435940820604969e+00
-4.140959858036765695e+01
6.525059706101849599e+00
-6.843870944313590599e+01
3.900564814085157650e+01
-2.340148638546017423e+01
-9.743482970191053028e+00
-1.005127585431876014e+01
8.223966250752866358e+00
-9.384113699380534968e+00
1.482057293095163431e+01
-3.037954694923844556e+01
1.966905028975321557e+01
2.372216129423528486e+01
5.730498880944281836e+00
6.303598666471543766e+00
1.187732876082328914e+01
5.010652535554356746e+00
1.516659843100836724e+01
-4.353245376752880702e+00
-3.868886984132313955e+01
5.259642459368478740e+00
-1.363343453053656162e+01
-2.981860523602790636e+00
3.043794904871265317e+01
-4.420830121952499070e+01
7.691192145135801184e-01
1.169906752729190202e+00
5.055807614447076048e+00
1.725514169755285820e+01
-6.699880255073175306e+00
4.578975310249904851e+01
2.425094816809645693e+01
-8.457410757585805072e+00
-4.143196201680922286e+00
2.084037086222224389e+00
4.242073316787781323e+01
-2.920995957154696043e+01
-5.680074861359167926e+01
1.700144344875033653e+01
-6.766172730043464867e+00
-9.222769545761551058e+00
9.124059127533271862e+00
4.191261790183995117e+01
2.447616934925150645e+01
-8.848687992652969569e+00
-2.903559301087506128e+01
-4.718655244992824294e+00
1.559034090048873722e+01
-8.448809893390375692e+00
-4.125007760155563119e+01
-3.370044359594700722e+00
-5.274485684695672205e+01
-2.809489717051951629e+01
4.543195029719822742e+01
-2.885207033822584322e+01
-3.779781737242575446e+01
-2.851850666429223935e+01
-2.046359282355658138e+01
2.005686082098017664e+01
4.670567486994379891e+01
-3.686082248165035935e+00
1.434041093360156083e+01
-1.180255900800180768e+01
-3.858023285738218533e+01
2.602899404986147047e+01
-2.618009230899446038e+01
1.446185507367195555e+01
1.772603292906260464e+01
-5.880238764615995706e+00
2.092328499832643729e+01
2.287576985366343507e+01
6.309024610908949171e+01
-6.594106178527795237e+00
-2.880627151298575939e+01
-3.495909090462475888e+01
-9.550035838887545481e+00
-1.863241773354108588e+01
5.254892144049841818e+01
-2.438329538137830355e+01
6.440452437342841563e+00
2.720771239994547841e+00
-1.225261756753231879e+01
-4.726569391874522807e+01
-3.479604480785894793e+00
5.487052274946165653e+01
9.673900212804269927e+00
4.169740466662887002e+00
-3.221259362855703046e+01
-3.205799771218380556e+01
-7.855349811455887732e+00
2.561666705379360565e+01
-1.413854746628965131e+01
5.727461022775807464e+01
-2.699460676372112289e+01
1.046996150696080008e+01
-7.616181061777865580e+00
-3.615802816892886540e+01
2.398074340383487879e+00
-2.856518927732247448e+01
-4.118025428110314579e+01
6.193159968916120306e+00
1.068812330990837722e+00
2.914321702186927610e+01
1.314994449727765868e+01
-1.872049663019664578e+01
1.195480351929393237e+01
-4.877808812502718894e+01
-2.667487238422671680e+01
4.969468163283473672e+01
4.599763012824716668e+00
-5.918295266143786648e+00
-1.659012838804528656e+01
-2.452095258720419224e+00
-5.544397910446036803e+00
4.961766120175491324e+01
2.319882996325567603e+01
-6.592356711911349976e+00
-1.940027198669156405e+00
-2.190866703735454024e+01
-8.723646067957105288e+00
-3.510307646919403624e+01
2.750371788355303693e+01
3.895072101598941572e+00
5.752871137999875373e+00
1.001984457188217448e+01
-4.462322316219058393e+00
-1.146358719636054779e+01
3.067911057575389400e+00
-6.033040970820655957e+01
-8.631648332734187079e+00
-5.735108272484609415e+00
-4.319219988335206040e+00
2.682506894362128946e+01
3.624962564233825901e+01
9.672589348035216972e+00
-5.306516581711208858e+01
3.467270550653341843e+01
-1.190997522734599556e+01
-2.086421882010256468e+01
-4.857977903944071585e+01
-1.673638220612920691e+01
3.465704079454695830e+01
1.699478398507699239e+01
5.550034196079053572e+00
1.876478175962876094e+01
-3.254854794248470284e+01
-2.594070139255219942e+01
3.141113668789998314e+01
2.166585134399105073e+01
2.676272617841203783e+01
2.779918054862605459e+00
4.688282527186203197e+00
3.039792598328116924e+01
5.376483652528781931e+01
-1.162208590286674337e+01
2.144496644349885628e+01
-1.447595681776471110e+01
-2.440839012911104078e+01
-1.930617075136873950e+01
-1.943137872441243985e+01
-8.097126295755629144e+00
-2.650049614716326118e+01
-1.089889895160874289e+01
-7.561322660306637999e+01
1.890226677572334779e+01
1.233137303921747474e+01
-2.661627934384384275e+00
-2.161611658350079779e+01
-1.027893910571435754e+01
-3.060447730496360919e+01
5.455655246490465515e+00
4.487425278849546828e+01
-1.233351220897134226e+01
-9.389947824496601925e+00
1.169464673752736417e+01
-2.845845597860461140e+01
4.710187613097102144e+01
8.160648662841509804e+00
7.792512872763325049e+00
2.753415021451971256e+01
-1.381428397602519453e+00
3.116547754715628571e+01
1.053581074921994798e+01
-2.175523892771906276e+00
4.559640797420797753e+00
-3.505672617082439046e+00
3.683045023791015637e+01
4.769200262633745524e+00
1.010612213609613264e+01
-6.463862762585847577e+00
7.826733909509968612e+00
-5.133498065033626290e+01
-1.953798352212936607e+01
-2.716025536244364957e+01
2.634529823240140445e+01
-1.779478198832339331e+01
-3.339177960264157718e+01
3.217312775594541563e+01
-6.758382606031261730e+00
2.251893357443614718e+01
-5.006935717919054696e+01
1.028254069451489450e+01
2.884747782488631174e+00
3.447009761278650330e+00
-6.502249493768999855e+00
-4.042000359869291515e+00
2.821677099994449378e+01
9.988463367245685731e-01
-2.824718119030666230e+01
-1.041133514199809440e+01
1.222111721560558806e+01
-6.389424982317073898e+01
-4.886210996004614060e+01
7.186526418562095841e-01
7.814954088484661554e+00
-2.611785637863530241e+01
-1.046903104600659162e+00
5.841336938685861924e+01
1.550002077595445371e+01
-2.989512592899217225e+01
5.198286542011700817e+00
-5.160493485890619070e+00
6.936559182038010363e+00
-1.977784386164969987e+01
1.222867193678284536e+01
1.461783031877831718e+01
-3.848170442928619650e+00
6.193546617242041918e+01
-4.384265379670864604e+00
-1.750248960767333983e+01
1.319595567453973217e+01
2.381697693916601111e+01
-1.870318577855167064e+01
-1.016588981310178497e+00
5.428738471776492247e+01
-1.560540475877587596e+00
3.260766284045971020e+01
8.087960518914798058e+00
-3.865737268057493736e+00
-1.261773272932231293e+01
2.893098933907280923e+01
-3.096613449297831266e+01
-5.623413755032373729e-01
-1.008651244271263181e+01
-2.198403871427972689e+01
8.338129605515565146e+00
1.474465981090795452e+01
2.390972204772310761e+00
-1.986364047902497987e-01
-2.207392004346311865e+01
8.977415826416418554e+00
-1.825361771341320605e+00
-1.256029164053524738e+01
-1.116007235388257612e+01
9.126524446848776506e+00
-2.033935184745871538e+00
-2.095520546509550286e+01
-6.041259616474135896e+01
5.834306720619977682e+00
1.066103112859241264e+01
-2.689737087307497632e+01
-1.325403223361757910e+01
4.582840854448247114e+01
6.234748632381553080e+00
2.185816967452177551e+01
4.800141878596733136e+00
2.208921267381806786e+01
3.172429926913736153e+00
-2.157354056511726981e+01
-6.060936738469621332e+00
3.014214637746960079e+00
1.745821035995155057e+01
4.176763469379679350e+01
2.728886232458248173e+01
1.680511571633587664e+00
9.475415928983665026e+00
3.357811390321302270e+01
1.465047382747437155e+01
-3.840475032559294277e+01
-1.528835684029962749e+01
6.152774456890938382e+00
4.734064501922205181e+00
1.367166886171450102e+01
-2.870436856961910621e+01
3.916229680944297797e+00
2.398933790327424731e+01
2.652352949658418879e+01
-2.383972405313420495e+01
2.261043581847843598e-02
-1.228488168131519842e+00
-9.418674372596228750e+00
-1.575524098671449025e+01
-8.578359849776489909e+00
-4.907769157192284126e+00
5.611294295658950659e+00
2.345879688395858409e+01
-1.713904941885841993e+01
4.487465586021244235e+01
1.817213733220151539e+01
1.487022128050003289e+01
1.962968046956608603e+01
1.500830240301960927e+01
2.018725517954853643e+01
3.034461001741972552e+01
-2.523547432838811488e+01
3.453670017817917426e+01
-6.327378621694366245e+01
1.755936415533336259e+01
-5.930357786882686355e+01
4.631014380651157580e+01
4.177524677275620490e+01
-5.226169521733368128e+00
-2.671169800432525676e+01
-2.355549842444298747e+01
-3.050025716712701751e+01
-3.514601405805188961e+01
3.139106732157000579e+01
2.333069119309107009e+01
1.326269621803037069e+01
1.568636932495451219e+01
2.482741201820797983e+01
-2.174178637403048242e+01
-9.854816328162854688e+00
3.058834524517343567e+01
-7.239981369028782865e+00
2.963348134662152233e+01
4.133099589906424853e+01
-3.220517730804919765e+00
-4.062705839675260222e+01
2.777534334225151724e+00
-1.468966972650949998e+00
-5.657931186676989910e+00
5.336206860070547009e-02
-3.616579855068795268e+01
-6.971244585913808578e+00
4.894907530507772719e+00
7.391109619582067580e+00
2.710848518600320745e+01
-2.370722509223455177e+01
3.087811870383336554e+01
-2.212863656156932279e+01
1.423005494911842561e+01
2.240113176290953589e+01
