[[-413.21063238]
 [ 360.0349589 ]
 [-274.17124904]
 [ 184.49498047]
 [-114.04572094]
 [  71.95675446]
 [ -54.40981337]
 [  51.20879506]
 [ -52.80886742]
 [  53.94934794]
 [ -53.42504429]
 [  51.81400644]
 [ -49.55104417]
 [  46.39289802]
 [ -41.98773727]
 [  36.54605209]
 [ -30.97965092]
 [  26.4517913 ]
 [ -23.77578893]
 [  23.06717391]
 [ -23.82816867]
 [  25.29104494]
 [ -26.75857097]
 [  27.74574941]
 [ -27.9538735 ]
 [  27.20858415]
 [ -25.4776914 ]
 [  22.9494671 ]
 [ -20.07508985]
 [  17.47133034]
 [ -48.66399185]
 [ -33.0638295 ]]