---------------------
  #    meV     cm^-1
---------------------
  0    9.4      76.2
  1   16.1     130.2
  2   18.5     149.6
  3   26.8     216.1
  4   30.3     244.3
  5   38.7     312.2
  6   44.0     354.7
  7   54.2     437.1
  8   63.7     513.9
  9  108.6     875.6
 10  129.0    1040.8
 11  136.7    1102.2
 12  137.3    1107.7
 13  146.7    1183.1
 14  155.1    1250.9
 15  175.3    1414.2
 16  177.6    1432.5
 17  181.2    1461.1
 18  182.2    1469.3
 19  192.6    1553.8
 20  201.2    1622.8
 21  290.7    2344.7
 22  357.2    2880.7
 23  361.6    2916.7
 24  384.8    3103.4
 25  403.9    3258.0
 26  412.9    3330.2
---------------------
Zero-point energy: 2.218 eV
