---------------------
  #    meV     cm^-1
---------------------
  0    3.5      28.4
  1    5.1      41.1
  2   11.2      90.4
  3   12.2      98.6
  4   19.3     155.3
  5   24.0     193.5
  6   27.5     221.5
  7   28.6     230.8
  8   31.0     250.2
  9   33.2     267.5
 10   46.8     377.5
 11   52.3     422.1
 12   62.4     503.4
 13   81.4     656.9
 14   96.8     781.1
 15  104.9     846.4
 16  110.6     892.3
 17  127.9    1031.7
 18  142.9    1152.4
 19  146.6    1182.8
 20  159.4    1285.6
 21  172.9    1394.2
 22  176.3    1422.3
 23  182.2    1469.2
 24  183.5    1480.4
 25  184.7    1489.9
 26  202.2    1631.0
 27  203.5    1641.4
 28  371.2    2994.3
 29  379.2    3058.6
 30  381.0    3073.3
 31  383.5    3092.8
 32  384.4    3100.2
 33  406.9    3281.7
 34  425.5    3432.1
 35  474.5    3827.4
---------------------
Zero-point energy: 2.920 eV
