[[-402.28944451]
 [ 350.56955142]
 [-266.99079659]
 [ 179.63274583]
 [-111.01804577]
 [  70.12925026]
 [ -53.25778152]
 [  50.40597702]
 [ -52.22204449]
 [  53.5491753 ]
 [ -53.20341859]
 [  51.7185884 ]
 [ -49.49506657]
 [  46.28943716]
 [ -41.79655159]
 [  36.26977009]
 [ -30.64715604]
 [  26.08561257]
 [ -23.39289794]
 [  22.6850064 ]
 [ -23.48242379]
 [  25.02525155]
 [ -26.60888158]
 [  27.71451609]
 [ -28.01187722]
 [  27.3044728 ]
 [ -25.56067678]
 [  22.97624528]
 [ -20.02040196]
 [  17.32701957]
 [ -47.19323666]
 [ -32.04765584]]