-3.458352796086347780e+01
-2.012270572163330939e+00
-7.123945080581570721e+00
2.400125139457631462e+01
-1.188599702588381035e+01
-9.187596347722319479e+00
-2.399574928635422566e+01
-5.017074743034680750e+01
-2.140492835818368178e+01
-2.253030137341914951e+01
-2.094204708510015678e+01
4.256443750251431624e+00
1.988968799583773261e+00
-1.068884602106422221e+00
1.718513488962457814e+00
2.643970267207106417e+01
-1.017877039255857596e+01
-7.174062534112493950e+00
1.170944567535349279e+01
-6.175693037382511363e+01
3.096059382912197577e+01
-1.328024496192847437e+01
-2.395052086163868665e+00
-5.582336885732047449e+00
-9.590769559394516364e-01
-2.109295360772790673e+00
4.788394744055366914e+01
-1.500831326793618814e+01
-3.995453659533723112e+00
-3.028929251101901343e+01
3.912372189412235457e+01
-4.312705505674600204e+00
-2.129710327176377405e+01
1.118559685250838953e+01
-2.047716485021936705e+00
1.299442017495655932e+01
-5.392013381022024987e-01
2.715178041007760612e+00
1.890124521239136612e+01
-5.448595325175048742e+01
3.036892223473989816e+01
8.110849655199416475e+00
-6.253107457742146380e+00
-1.742278413391741410e+01
6.878068373964879356e+00
-1.093375451516419616e+01
2.483089170813667579e+01
1.983648088292255807e+01
-1.277838792043894500e+01
-1.631872765319855034e+01
-1.725736610199726329e+01
-2.074424494478781611e+01
1.054618707286248025e+01
-2.700581507661269143e+01
8.276146362560155012e+00
3.452348881690002713e+01
3.980370510758073266e+01
1.853714982091584318e+01
8.268521487678697213e+00
1.730857368399165352e+01
5.077026136167268078e+01
8.555942884490093547e+00
-2.976752134180134846e+01
-6.016042558141805330e+00
-1.404844279348753844e+01
3.317045471515551469e+01
-3.927299465800702194e+01
-3.425365107965183142e+01
-1.746173543636126624e+01
-9.795815924248699957e+00
-2.232090800182376711e+01
1.566111750056937524e+01
5.179893590640176626e+00
7.802889871090343377e+00
-2.162046187467989355e+01
-1.891522712766149539e+01
-3.264745516445673701e+01
1.797332200617000808e+01
-1.872622508960113663e+01
1.691335604116541447e+01
-5.401592502048067956e+00
-1.484694965124282362e+01
-2.858684218228421514e+01
-8.491945962367850598e+00
-6.091854908109667122e+00
-6.844151818974765433e+00
2.231661152147885474e+01
4.182992436602916086e+01
-2.457273969481877174e+01
-4.285114721417335204e+01
-1.075041028741925686e+01
5.932894328755304514e+01
-3.239490953379373650e+01
1.787720924052487703e+01
-6.503990005835476040e+00
-3.328784308523501068e+01
1.375597553158932840e+01
1.949546794395394045e+01
-9.658855087851748067e+00
1.831631404197736401e+01
-1.340075488501031487e+01
-3.121857773364132527e+01
5.242137824235152266e+01
2.498271280575744413e+01
1.414127094812201335e+01
7.851912591451764456e+00
1.494365450974362375e+01
4.510855050498003038e+01
-1.472378990876905647e+01
3.346969249823033010e+00
-7.554488812437136858e+01
8.767851777824517967e+00
-3.701198162990088747e+01
7.763214844943405524e+00
1.218930081118607234e+01
-1.994813825445532984e+01
-2.828529451530008032e+01
1.210233466291583682e+00
-1.684342210744807744e+01
2.132928973028728592e+01
-2.775535979482194193e+01
-3.075392621175410568e+00
-2.009557733770536458e+01
-1.948080913923291746e+00
1.108245614029911508e+00
1.246325439355567255e+01
4.313380964430280073e-01
-2.874042321974229708e+00
3.557676492829206438e+01
5.036449465182644758e+01
2.720106705504020539e+01
3.930127281543390438e+01
-6.461563128849491022e+00
5.555043819628593837e+00
2.938654356713374227e+01
-4.976211664598935158e-01
-4.207770722995903157e+01
-2.256342300766788611e+01
-2.804818529663600657e+01
-1.532788889773801344e+01
1.585995528352339079e+01
-6.573891049897878247e+01
-9.266212427680159180e+00
2.452939781816301235e+01
-2.073249223021508669e+01
-1.726577348675544954e+01
3.301534732668079641e+01
2.462610743539909208e+01
-1.833001705128563685e+01
1.540997466008340666e+01
-1.407065836896163091e+01
1.890657003701364403e+01
1.833901965392954025e+00
7.324013538111287858e+00
-4.723150147615569949e+01
-2.619168052215783860e+01
-4.802239875585087248e+00
-9.167399541951963826e-01
-2.261647385214649830e+01
6.022599189388120067e+01
-9.668728520286379080e+00
-1.788574713419225759e+01
1.970224457831375275e+01
-2.543492108408302244e+01
-2.028243096001580170e+01
1.810679559607217470e+01
7.100844548677855528e+00
8.511599546377738079e+00
8.716204667856644051e+00
-6.125620772561234162e+00
8.834996425000753106e+00
3.228430242556794383e+01
-1.466418155409712654e+01
1.063073516507267868e+01
5.040157890706789345e+01
1.811980917025424276e+01
-4.184414566425743942e+00
-1.134943850418053302e+01
8.624185965449075297e+01
-1.182606650514370017e+01
2.077328761799537915e+01
1.434756136206470956e+01
1.629987876803404845e+01
4.897339594782221184e+01
2.655011790601486155e+01
-1.494289302719799650e+00
1.343326096085127119e+01
2.720618579358654188e+01
1.994478951154366086e+01
-3.224364761976204363e+01
5.220521544900481103e+01
-4.647881498218495722e+01
-6.809284510133245760e+00
3.049257727007832841e+01
8.309090733803333961e+00
4.164318045436516513e+00
1.568556457217825084e+01
1.240527830006925569e+01
1.906560676425368683e+01
-3.465917071911832181e+01
2.202656857080683039e+00
-1.472953906278564773e+01
-3.699412216662935293e+00
-2.470468358981520396e+00
-5.949689553015071297e+00
-3.184719185758609683e+00
4.639229076865692036e+01
-4.686774175491351002e+00
-1.438780505824365719e+01
-1.427089710217003926e+00
7.204850735504905401e+00
-3.301078616601098759e+01
-2.835063648005021264e+01
-2.008206453858505824e+01
-3.423768301921401758e+01
-8.863543741996640080e+00
-2.311888624777659373e+01
1.008943941744618655e+01
7.208748719605608812e-01
-6.926546222034914990e+00
-4.569557903745220528e+00
3.177275611944210709e+00
-8.095913581889263355e+00
3.770997829130014622e+01
-4.788804307049775844e+01
-8.400257792972816162e+00
-7.474028818042231848e+00
8.821782264310598975e+00
1.249677102560241337e+01
-2.601654252103639919e+01
-8.404226517958022669e+00
2.377929532624947484e+01
-1.112591617409570688e+01
8.809084064147185700e+00
1.885828242894919526e+01
-1.618358703562165601e+00
6.168050420585734628e+01
-7.717542379900692140e+00
-1.750615975625623832e+01
1.772276562142053535e+00
-1.359108950713192598e+01
3.021233282637520290e+01
-2.343307154527860803e+01
6.715612662046453352e+00
3.136740359459224692e+01
-7.000527189818114948e+00
6.540298007313003836e+01
7.079623077796048847e+01
-3.669114551509483135e+01
3.259816676735576380e+01
1.202987125230200149e+01
-3.078698755298874801e+01
9.164577503615284115e+00
2.323451603709987978e+01
2.375162909507139375e+01
1.269613064951954584e+00
9.379888709896988530e+00
4.114504940430623492e+01
-1.297991076159757995e+01
7.896253443436158648e+00
3.965793182271153228e+01
-2.043467765130100844e+01
-1.101719645117735524e+01
3.092923624902713442e+01
1.586810012045535245e+01
4.179543149145354164e+01
1.665879762256832919e+01
6.003805093674316140e+00
1.472682345312338725e+01
2.235758737640388460e+01
-2.960992697416068609e+01
3.788998823271242600e+00
1.367321057811163421e+01
6.427521358662261264e+00
1.307089743974836438e+01
-3.380925306976383382e+01
1.765591668512405477e+01
-2.359212774517646949e+01
-1.839692894617093089e+01
1.180803966659922821e+01
-6.434595096168877149e+00
3.195001884081383992e+01
-9.202156118101015636e+00
1.661189622812608491e+01
1.786987733557208458e+01
4.289417854908067085e+01
3.010581859371273339e+01
2.693104154506530534e+01
-1.808194313316818125e+00
-4.625104885117423237e+00
-1.764895918512848993e+01
4.408583977774375740e+01
4.384876873817171372e+01
2.155862718951718193e+01
-1.388402964055460131e+01
2.746081246490416561e+01
-2.826299643418792584e+00
9.834894717728005276e+00
3.647604631513038953e+01
-6.671888263729641722e-01
-4.382885135204503513e+00
-1.111270349132985302e+01
-3.230430486944482027e+01
5.273800843938286675e+01
2.793773851836647282e+01
-3.297436540496194368e+01
-9.080752211115253658e+00
1.452117321875977751e+01
-5.495870800320901139e+00
3.502852646371615464e+01
6.930713802916102395e+00
4.412530157673381837e+01
1.916692612753578828e+01
-1.252955120265778532e+01
1.105197964636595032e+01
-3.450637555053447159e+00
-1.515299631876419539e+01
8.666131623881966561e+00
8.269889604126717586e+00
5.186416082154514129e+01
4.357529757297280071e+01
3.065057941522597673e+01
3.683714545798932249e+01
4.799485797578299184e+00
-1.432885031871859383e+01
7.911006922951315801e+00
-1.845606174334891492e+01
-2.967403396036212371e+01
-3.076009349991505815e+01
-1.724565541955769277e+01
-6.013471308321788911e+01
-1.929794134937139916e+01
-4.792253801874912256e+01
1.299018619974011024e+01
-2.561313799150474324e+01
2.574948008478386896e+01
-5.476014061843068959e+01
-1.649119030335072011e+01
2.368362771696985192e+01
1.158085241949632405e+01
-4.913186408426672358e+01
3.129242492415090737e+01
-1.432012355194288489e+01
2.976298944153638359e+01
-1.280481027428393759e+01
-4.336658269484820494e+01
7.915727959562246951e+00
-3.601184916655006418e+01
-4.115170188256485062e+00
-1.665922100995645749e+00
2.259731958711390121e+01
6.974500822732443339e+01
-2.386602596568135937e+01
-1.933033921654779874e+01
-2.320160797441019440e+00
-6.308749882130143760e+00
-4.468121616177647581e+01
-3.082660615197943343e+01
2.645795156388180658e+01
-1.175535304763974409e+01
1.122024258089376758e+01
-2.716174775916584849e+01
-9.090380594371680445e+00
-2.293927044929758097e+01
2.854196835212056982e+01
5.243340648349715138e+00
-1.235087439954401134e+01
-9.420193224761334250e+00
6.570451194056033728e+00
-4.506325692385729553e+00
2.383706063317899293e+01
-1.425101602956840452e+01
5.540534363982260402e+00
1.964812626853832001e+01
7.575074452373826261e+00
-1.177567954160105046e+01
8.510254170402208729e+01
3.255798679400137985e+01
2.357325702228060038e+00
5.642675895756440241e+00
-3.467123005734086405e+01
1.860878002761131711e+01
-4.231225262664202091e+01
-1.610002752348418653e+01
-3.046337272342825031e+01
-1.096518214629884369e+01
3.145525546697581376e+01
-3.137561283755702846e+01
1.326427853915976129e+01
-2.136909122262835581e+00
1.145575489416259529e+00
-1.984527321986431048e+01
-2.455262933810115555e+01
-3.125634012518673899e+00
-1.976454764262669528e+01
-1.094712728334175722e+01
-2.288541584362789649e+01
-5.134123178620153993e+00
-1.922714032902688075e+01
-2.778924859219385723e+01
1.154622665427591954e+01
-7.944463144276454614e+00
1.355291412695947884e+01
4.704260250231321550e+00
-4.216384072410529882e+01
-2.904686522367483548e+01
-2.529503815391741739e+01
1.792952218125901709e+01
-1.357875640293613628e+00
-3.431143753352037606e+01
3.262837548580621672e+01
-2.167820475216866072e+01
3.165122751869623841e+01
-1.753192882089918925e+01
-2.673650409741188128e+01
1.309727576069388988e+01
-3.761117822477697814e+01
-1.906571657530770381e+01
3.430282580467863340e+01
1.045589896817330100e+01
-2.434114376994733675e+01
3.005605373612799980e+01
-1.005019276209498003e+01
-2.106045188329892426e+01
-1.683528073230178279e+01
-2.774886587226109214e+01
1.535814021510694261e+01
-4.980179522538713854e+01
-4.386649923209768076e+01
-5.637457226358378648e+00
-1.667619257959370316e+01
-3.274390157464429052e+01
4.070909210884394724e+01
7.432090040131410547e+01
-1.523047325656548878e+01
-2.004413771474077066e+00
-3.355999335351965840e+01
3.631759924195222311e+01
1.129625785245110592e+01
-1.327699684207840392e+01
-2.018528522143809312e+01
8.169001964331165766e+00
-3.214594267628996960e+01
-9.804752229285043086e+00
-4.815875505630864950e+01
2.020173318550411068e+01
6.102609903052496065e+00
-9.726792360065701359e-01
-5.760393096908956068e+00
-2.219376952904150357e+01
-6.084192930725293991e+00
7.270310448916927726e+01
-1.015901996259020734e+01
-2.665026521080076805e+01
-3.872631431121389767e+01
7.733493143894264676e+00
-2.079677978115568848e+01
6.036093437545417828e+00
1.680785924924597197e+01
4.248202095658584199e+00
1.734780058232083633e+01
8.377153607852704909e+00
3.246513902980126431e+01
1.458633174521094134e+01
-1.941399879683454799e+01
2.660774379946214196e+01
1.935210046335208744e+01
6.848434539130380472e+00
2.351089007192109648e+01
-1.575520103017269236e+01
4.089633427372302776e+01
1.306181317778530371e+01
-1.757752120468227020e+01
-3.259760062144723136e+00
-1.002029928954823390e+01
1.133798699137935273e+01
-1.290369686466629418e+01
-4.389313078690449288e+00
-7.101114858215225922e+00
4.489174502241149867e+01
3.062287830702948099e+01
-3.597458711939591325e+01
-4.511881108109207617e+00
-2.925771222121099413e+01
-8.034156120312559324e+00
-1.308904726885381109e+01
4.761143150291388793e+00
-5.522339349236400352e-01
-1.594374538738890124e+01
9.419485318269408936e+00
-4.568133549564699081e+00
-5.187987638440091587e+00
4.778078311394514799e+01
8.001127622771679881e+00
-4.578882834505164112e+01
-2.201493806952953491e+01
5.314557474913124224e+01
1.511768098376489888e+01
-5.277612697589177060e+00
5.923864664018979909e+01
-8.927127220979571121e+00
-5.068391809577263984e+00
-4.484795878355498644e+00
8.578445358046963065e+00
1.729612506150724727e+01
2.426554874805013640e+00
1.606862066981685189e+01
-7.084159213336349126e+00
-1.951718318908220340e+01
-2.311413019977550931e+01
-2.657994177237929989e+01
2.283609996498196892e+01
7.173365742813217594e+00
2.114735135267610033e+01
7.722421305184099083e+00
4.948503279748604200e+01
1.035368065763064749e+01
-4.472229353486051195e+01
-1.900694321108399265e+01
3.389415943119040264e+00
-1.614107270632597135e+01
3.502003810213011548e+01
-7.704097828179101271e+00
9.312911814965914914e+00
2.923232817291301444e+01
-4.139044273971683197e+01
8.291480626323334491e+01
1.149885729141766433e+01
1.322287024882274409e+01
2.004991835460708671e+01
4.136394432042209246e+00
-2.286296715885498543e-01
1.941854017252771314e+01
-2.053991324950280273e+01
4.600982997611203018e+01
4.068819838665093869e+01
-2.311475989822918109e+01
8.897053197527725388e+00
3.877921649179404540e+01
-1.139865789855670641e+01
9.685292705414951797e+00
2.088606184308975600e+01
2.246756652881069272e+01
-4.232773142332862903e+01
-5.699569778274224063e+00
-1.698283391052687819e+01
-1.701375582012929044e+00
-4.400170209927185994e+00
9.795598435038073148e-01
-6.912591800793052244e+00
-1.761773610659088263e+01
7.319647740980371964e+00
3.808855131976486064e+00
2.940189116263453784e+01
-2.427059263608575179e+01
2.419107020667809138e+01
2.617460790586555675e+01
-6.899623157031243181e+00
4.514452183135472296e+01
-3.772636408404343911e+01
-5.713355195608236414e+01
-4.796920757237550959e+00
-4.404536785492553008e+00
-6.744510623689734530e-01
4.431645902648246249e+01
-2.702367131699340064e+00
2.373048064631035459e+01
2.977327488787673815e+01
2.070490079174624043e+01
-6.390722289050302152e+00
3.301434027304401297e+01
-8.807924452796584092e+00
-1.963769464365793738e+01
-2.267095975336056313e+01
6.000061719926385706e+00
1.956876252132124705e+01
-7.373021085489881443e-01
1.927793043865699474e+01
3.053615924863777309e-01
3.356782343926941792e+01
9.579016368381488178e+00
5.002628434445945516e+00
-2.090056313129309729e+00
1.783669196617795905e+01
2.079165542392540544e+01
9.524629678461224103e+00
-9.843724661779162943e-01
-3.046259574093664213e+01
1.612289723841276157e+01
1.053065490798724113e+01
1.966145154465962719e+01
1.558772491916276692e+01
2.001487996112288670e+01
-4.788793304969857445e+00
1.726379915354434047e+01
-1.487449701296270632e+01
-3.834513209514511800e-01
-2.999356495421014301e+01
-1.700515042913599473e+01
2.225984723324339143e+01
-4.987207286988720512e+01
1.467532735426181034e+01
8.783605888805936956e+00
4.596423679165306453e+01
-1.045950181344615260e+01
1.845686207966972958e+01
-5.510893648855244464e+00
-2.680748786617347434e+01
-3.759812576414475416e+01
-6.484081976011303539e+00
-4.892815293071570437e+01
6.496665264413536534e+00
-1.099802179557509518e+01
1.707526614998366199e+01
1.304873500772282569e+01
-1.581106310032532747e+01
-1.619174941029319825e+01
2.264934236122056177e+01
-3.405149305928814840e+01
-6.760425557368677119e+00
-1.047094570219061183e+01
1.514274610581583502e+01
5.360775398959276572e-01
1.490644423284479103e+00
-1.044388795089676591e+01
3.031953673908972746e+01
-3.069231993235121081e+01
3.763201982672512713e+00
3.332155215994995956e+01
-2.035950167349585627e+01
1.717831825236757481e+00
-1.402145584580125615e-01
-3.600409318940803871e+01
-2.212362874051243011e+01
-2.744311603120751286e+00
1.562150727103647085e+01
1.826370978259888034e+01
3.385818166724618550e+00
-5.337530039493856293e+00
9.843200160575918289e+00
-2.351675500934422303e+01
-1.096823034749832004e+00
-2.869920163736767904e+01
-1.544380549231541977e+01
2.689105564237962653e+01
-1.578625385531961456e+01
3.754288639965440666e+01
-1.330380763738463656e+01
1.810643441018061139e+01
1.397251117573861734e+01
-3.507067317314381683e+01
-1.388142309189176160e+01
4.839230168227388162e+00
-2.311878659938206226e+01
-2.083416435562968161e+01
-4.832362220187178536e+01
-2.989306274249250350e+01
-2.824158478571786191e+01
-2.429465071322994163e+01
4.528094274245262341e-01
1.007250609360878002e+01
3.787130381795250855e+00
1.346958733140226983e+01
-3.139913547992591702e+01
8.443010059567598091e+00
1.493697531857097260e+01
-3.723950025128966956e+01
-3.439591555437817760e+01
-2.335534467560830763e+01
-1.504287790114382517e+01
8.977807370465626491e+00
-7.298120641495415839e-01
-2.327774234217597638e+01
1.655518084486971020e+01
-1.320430714454823828e+01
2.776233480817566601e+01
-4.919564595378824379e+01
3.499107556176736011e+01
-5.000813424724448453e+00
-2.216426312187034853e+01
-1.383617034393342493e+01
1.039333276077449852e+00
2.473209930232096454e+01
-4.075227896049170795e+01
-6.528354607831573730e+00
-1.119429567368779743e+01
2.471845012596067193e+01
4.619324984785522759e+01
-5.493508651432762235e+01
5.137651013972924829e+01
2.295651930028542154e+01
-4.123355080271868900e+01
-1.764421260487652887e+01
4.378282922416117628e+01
3.283145931980925525e+01
-1.151061542827403628e+01
-3.233952486556574968e+00
7.919115521513916178e+00
4.124227141500587379e+01
-3.136515237075605711e+01
7.005883977671643947e+00
-4.616698676399643375e+00
1.506844930294113283e+01
-4.010582159467541885e+01
-1.829770097697583253e+00
-1.679426252759506255e+01
2.638429148975404814e+01
2.325637632487151052e+01
-4.824384501991551133e+01
-2.639159326398765870e+01
-1.192273520772675965e+01
-2.352444096490363989e+01
-6.435608586044295976e+00
-1.121959727323475420e+01
2.483850660977969937e+01
2.320399171073120215e+01
-1.163589007771975048e+00
-2.537204873605551825e+01
-4.700133374758962646e+01
2.627877011035440091e+01
-2.712450583553992800e+01
-2.010876282376554514e+01
3.273512408636854332e+00
-1.984741966453728423e+01
-2.158833316065366148e+01
-1.581951218424929806e+01
-2.646036898631629697e+01
-1.431758385473596462e+01
-2.869473778180682189e+01
3.089059299469901276e+01
3.391023442203086802e+01
-3.654693591650243434e+00
-1.211352657800955512e+01
-2.457376387042131682e-01
2.512365009258155624e+01
-4.746673234381245265e+01
-1.096834767108649089e+01
2.717148150156680231e+01
3.918646038748025262e+01
-9.264004332590729973e+00
5.459994050794819032e+00
3.031809740680216692e+01
9.166618460675920232e+00
-5.423380439261507036e-01
-2.458636185674373564e+01
1.116064913016401761e+01
-1.915557897106589280e+01
-5.780241293023976823e+00
-1.073621430131998977e+01
-9.085103727911217675e+00
1.253250235289064562e+01
4.369101287515083243e+01
-1.317142219616997068e+00
1.888404768581949611e+00
-5.029757498353646383e+01
-1.046314069627538856e+01
-1.986398922276831058e+01
-1.192042842170906169e-01
-2.595681174250039192e+01
4.714202408712299075e+01
4.481908282776112173e+01
7.733622285776156957e+00
-1.091968962712363123e+01
9.191488242511113071e+00
1.137835402115442207e+01
-2.636884928263486927e+01
-4.664827026188504533e+00
1.049229989607732705e+01
7.351641347737839283e+00
3.045433508845522397e+01
2.233134762154784880e+01
-1.169946588498854112e+01
1.436953622100726591e+01
-5.479535008251981765e+01
-6.608267321436898101e-01
4.820005497960190155e+01
6.581737172041385975e+00
-1.162417358098537079e+00
1.689978949037461575e+01
-1.584356366870026633e+01
4.967309317403596935e+01
-9.194115047121243833e+00
4.445250265219038965e+01
2.165986771582014825e+01
-2.238551539982273653e+01
1.789110265534137056e+01
-1.691792380561038556e+01
-3.998422841930545246e+01
-3.564700889215430379e+00
-3.078564674755896391e+01
-2.906226669866066459e+01
-2.732514775655786821e+00
1.998523155009172569e+01
-5.378089974936102635e+00
-1.730003063420258513e+01
4.967293869994591660e+00
-3.828343895842635902e+01
-3.897342644061890127e+00
-4.588669176725761645e+01
2.697645786054413009e+01
-6.447212948576606095e-01
-2.762359195508390997e+01
-9.159710779098887201e+00
1.023783997539069901e+01
-1.957335633961318422e+01
-2.525423169013131997e+01
5.220446359932429914e+01
-1.338896378154916533e+01
-2.226388133281466253e+01
1.511440369080951029e+01
-9.787230272448773860e+00
3.028072406843869047e+01
-2.546818079827460224e+00
3.857753396302115334e+00
5.984342252024140407e+01
-6.882307410642113155e+00
-2.029646114340044960e+01
-2.383761615874936979e+01
-2.816229521479436926e+01
-1.894307086745936886e+01
1.500120210529541964e+01
1.503561055994748585e+01
1.232325454367679640e+01
4.071007068368612636e+01
1.836887358487729216e+00
1.158827953783912790e+01
-3.521446926140899336e+01
1.490616347622136573e+00
-1.029908507180633137e+01
-1.477026572866719789e+01
-1.931652444241706235e+00
1.867120561345885221e+01
2.117324095698540987e+01
-3.780447749808608648e-01
6.770803684615827933e+00
1.527519818910305460e+01
1.932150452243436689e+01
-1.357186424024186522e+01
-7.015851181210223331e+00
3.818720292379964576e-01
-1.279685424477167999e+01
-2.787299070423671310e+00
-1.990265455905645808e+01
4.402426602169093428e+01
3.566511631304297225e+01
-9.044117061552128689e+00
8.890998776757925270e+00
-2.568956493061490320e+00
-1.664477401631907583e+01
1.978941258970558437e+01
-5.297508369760350888e+00
2.219210405710498435e+01
-2.905526392809417757e+01
9.969850335685009668e+00
-5.515376204739538935e+00
-2.989178281647099311e+01
-1.355104745874950822e+01
1.484010498913679044e+01
-5.067041971441152270e+01
2.388553070930021249e+01
2.587528549633790931e+01
-5.543027352799528629e+00
-3.322653472365018956e+00
-1.767551054528212262e+00
1.386326877196592022e+01
-1.813743987035087457e+01
2.005226996304938325e+01
1.692579846012333178e+01
-5.458614253256598658e+01
-1.965826021863770734e+01
1.319570976580675392e+01
-4.711025747528879037e+00
2.410956229914006599e+01
-3.540178086011468395e+01
-2.985598858439232117e+00
-2.324967381821771539e+01
-7.143326098363638721e+01
4.270961008182381136e+01
-3.240539392030007093e+01
-3.397851777542555851e+01
4.958159285799666804e+00
7.203264313568303123e+01
6.356241979351295868e-01
-1.561840460837649402e+01
-1.745733686151709207e+00
-3.043251888500144275e+00
-4.757356260574451312e+01
-3.402780465593431813e+01
4.551094715548161673e+01
-5.695148412126741277e+00
-2.093271135045042541e+01
2.740223320128359319e+01
-1.992908219881828558e+01
2.049754295155230466e+01
2.958859134482651854e+01
-3.171494391403265922e+01
-1.559366890995332255e+01
-1.930889429808013347e+01
-9.968081166119048930e+00
-9.773356291895630932e+00
-5.780959170780647582e+00
7.939683494472944858e+00
-1.896457505377601649e+01
1.576461293536279129e+01
3.217663509309318215e+01
-4.999088033070933079e+00
-1.132791819201537464e+01
8.104437565303641122e+00
3.110789770295230028e+01
2.898567421084806028e+01
5.449664085092365440e+00
-3.082157879312688920e+00
-4.839791576146353691e+00
-2.819773959570125754e+01
2.136738505647805653e+01
-1.238802859930649447e+01
1.104855785861656159e+01
-7.762437043336262832e+00
1.499864923303874775e+01
1.016012655112969298e+01
-4.472158223461133275e+01
-1.479695813234883417e+01
-4.364954218535970654e+01
-1.981216256241930296e+01
2.934430172573634366e+00
-9.557863844519545182e+00
1.814335266989597528e+01
-1.667604893914653985e+01
2.063122574021669209e+00
5.967418907668104566e+00
3.929071493527470693e+01
1.992015407476607436e+01
-1.679291824826341895e+01
-6.838625782914959927e-01
6.740377618747771749e+00
2.129959207579539182e+01
1.929213654024692914e-01
3.032264583822569648e+01
1.246578813734227964e+01
5.028957584896051003e+01
1.049654098046715944e+00
3.636552012825910651e+01
-1.500415330890369603e+01
-2.092149765793426042e+01
2.441505041077476790e+00
5.200318775092966916e+00
1.487686319378772737e+01
-7.874566726708962960e+00
-7.589772479275076478e+00
1.440110490263228016e+01
-2.690842559111297305e+01
-3.061146805295607010e+01
4.399775433264326807e+01
-3.306737791808416205e+00
-2.169329890741775557e+01
-2.235519454810230400e+00
-7.479734160606710702e+00
2.362194686248422215e+01
1.836138082310728237e+01
-1.120828330248946259e+01
4.734247205994392971e-01
-1.467749425862686508e+01
-1.959148242736102929e+01
-1.483643403099267744e+01
-5.365669907061362665e+01
5.501672540509616738e-02
-3.572407049448145244e+01
-3.090864541903705742e+01
-2.067141171545125644e+01
1.063495413547678936e+01
-2.022871441961561345e+01
1.283104180776577863e+01
-3.399793016528965950e+01
5.911333966885763402e-01
-2.298215751893103587e+01
4.766504946453025582e+00
6.242064706234046412e+00
1.852969332578578587e+01
-1.165157830150303653e+01
-8.847252473530943462e+00
1.640847513239499378e+01
3.288095664258183604e+01
1.823039402979253509e+01
4.607655346269666552e+00
-3.981460746986593335e+01
-9.454016939573790523e+00
-1.754557397536962071e+01
-3.352278442000471159e+01
2.243423097934282850e+01
-2.015215744340770243e+01
-1.821017425568015824e+00
-1.557026849301482230e+01
-5.534284273246919383e+01
2.869460763732759290e+01
-9.768524718404421492e+00
2.249335822460005829e+01
-3.961731482725105025e+01
3.741835206193880481e+01
2.042225930134520695e+00
-1.596943907590478062e+01
4.796630549470961569e+00
-1.154739465769279150e+01
-3.635933456669636143e+01
8.016283840053773702e+00
1.979821860569346370e+01
9.689065710080626559e-01
-2.011235819901685318e+01
-9.092799855334192216e+00
9.737374881678249494e+00
1.771836877036207625e+01
3.497319641702794968e+01
1.313791528937525754e+01
-1.289377406391082559e+01
5.298677188506600544e+01
1.329783937107267633e+01
2.356301651515839524e+01
-1.014427069489170208e+01
1.552292987930213997e+01
1.088667869546262068e+01
-3.440738872319531083e+01
-1.144639421362082032e+01
-2.270467719715485089e+01
-2.049364957226983108e+01
-6.714866470494882833e+00
-7.694845770825736508e+00
-2.342920331523023947e+01
-6.149149290885269181e+01
-1.603530088387217134e+01
6.914563470556402081e+00
5.061388722465608225e+00
7.718872205917776341e+00
2.573871730687167769e+01
7.776193760347879902e+00
1.803610952360793362e+01
-2.309546545415355467e+01
2.537727227685780917e+01
-2.523626714114308811e+01
-3.991836177665703644e+01
1.219724165551264150e+01
-2.397214893281267223e+01
-2.178037519037427217e+01
-8.798273082388544708e+01
-6.428574310214898446e+00
4.526464254780273677e+01
2.352433595952071244e+01
-5.686227360980524281e+00
-7.670630382938838920e+00
2.097055123558897094e+01
3.692202889052194337e+01
-2.310025636277170946e+01
-5.970427302911446077e+00
-1.889465289149461569e+01
-1.948796734775783079e+01
-1.705265728059314512e+01
7.020557331136913604e+00
3.925827414139675398e+01
-3.618637250240044523e+01
-3.113799257823893640e+01
1.830164872263651432e+00
-5.914769779336353395e+00
-7.384567144565082231e+00
-5.005617152789886859e+01
3.492676468171252679e+01
1.330376053189434060e+01
5.225704522046925149e+00
2.686233768028490942e+01
-1.821189600509703155e+01
1.717216777208797751e+01
1.542921202946800463e+01
2.011090709427747925e+00
-3.374033444304565421e+00
4.898660683484731493e+00
-8.771930270962730702e+00
2.816839160122638930e+01
-2.222524558902335912e+01
2.391481458965617435e+01
5.351385381858875689e+00
8.021561546967433287e+00
1.262834487930649630e+01
-4.829363689187962905e+01
4.688680417653330323e+00
-3.719638948011169077e+01
-2.718963812872605246e+01
-2.719056447615733418e+01
-2.771896424367392342e+01
2.855728639497101540e-01
9.310799856308534572e+00
2.765213949747722211e+01
4.797064657595889514e+00
7.983172421172003652e+00
-3.897256225630707149e+01
-1.415305219741884457e+01
1.889130319917894951e+01
-1.131402196058772347e+00
-2.787813314887443994e-02
-4.922850928182356256e+00
1.944019482943929233e+01
-5.065990623133981785e+01
6.246296989099430874e+00
1.124146214107119590e+01
2.400095825942450745e+01
2.052505590244838629e+01
-3.140722610063104980e+01
6.250248419997916471e+00
3.243865818006810287e+00
2.622656399647212311e+00
3.312303984767169140e+00
-1.045277828680283960e+01
-1.957801928767089805e+01
1.050401633642422894e+01
3.337328854023814984e+01
-2.759605539095502991e+00
6.413379002575254617e+00
9.439953250603139168e+00
-1.423684649106743905e+01
-1.508506496816110598e+01
-6.623060009171516072e+01
-2.047034912530344286e+01
-3.030573531739756277e+01
-3.703293820463500197e+00
-3.746350861441925417e+01
4.165576325208849084e+01
-1.736835804993830834e+01
-2.975701378215910609e+01
-8.582311683914485911e+01
3.686327013703510147e+01
7.402588779753671133e+00
3.395816053737107154e+00
-3.477395868782772936e+01
4.904682019313383989e+00
-1.107184572943883438e+01
-1.818371272668501248e+01
6.499871134974707587e+00
1.873109390657072026e+01
4.057507007140614519e+00
-1.180120416445333831e+01
-1.262012208836154059e-01
1.537393854438391827e+00
8.718866509083454730e+00
-3.523953910168659576e+01
4.003858666312433456e+01
-2.378536635886073469e+01
-1.661189139528807601e+01
-2.716897824948523521e+01
-5.769921650764646159e+01
4.992682493654264420e+00
-2.905222889677042986e+01
-1.055786658048765503e+01
1.809223233678403631e+01
-1.434986686208952733e+01
-1.918113148931411160e+00
-6.526033118524466659e+00
-1.112779738211884251e+01
1.768137023721148893e+00
3.009867109445734457e+01
-2.787734492305892786e+01
5.518621328766664647e+01
-1.255235985265565546e+01
1.853055655608105212e+01
-7.629172455492842175e+00
6.310954329582322941e+00
-6.031331407684177748e+00
2.431424901527259408e+01
3.398134785586396589e+01
1.061801014927624465e+01
2.551663624540690023e+01
-1.973666558847916974e+01
-3.678903221536675261e+00
-1.235718301664547880e+01
3.806533618201808622e+01
3.194319970879990933e+01
2.414220442920071719e+01
-8.519740810253665586e+00
-1.542366421680006283e+01
1.379424246051820546e+01
-1.558516165380623875e+01
-6.884070511707250262e+00
-3.192322923341798457e+00
-1.636035309227779777e+01
2.753059530834097757e+01
-4.569777809383793965e+00
2.103602710943824405e+01
1.085560478196871870e+01
9.573000579673148991e+00
-1.833250787928072612e+01
1.467012671494424580e+01
-1.014737803274016414e+01
-6.538850336682088482e+00
-1.733368186974360015e+00
-2.665547458647074563e+01
4.131800011402066275e+01
-1.474803030639367663e+01
-1.777208725475418305e+00
1.234187047338608068e+01
1.065855700150490293e+01
4.108408370857786451e+01
-9.524817007875668651e+00
4.175727044298251656e+01
3.746330665755736788e+01
-5.190489993636958843e+01
2.808557022881764453e+00
-1.028286639875004482e+01
8.695157160637663196e+00
3.294019163762015978e+00
1.101732294626145858e+01
3.453030518507223690e+01
5.412564724224387191e+01
-4.161523001694024515e+01
4.190378987541134848e+01
-5.426126826548330939e+01
-4.501491206436091375e+01
-8.007827297058184968e+00
3.764609471309654509e-02
4.036065462836955930e+01
1.981843285615320838e+01
-6.661818912768069367e+00
-4.943114549188295825e+01
3.911832161455034651e+01
-2.313400043608129408e+01
1.000484591767531128e+00
-3.960361491488193053e+00
6.976113145017191641e+01
-1.403178157115027602e+01
-5.916090718567073736e+01
1.735267865044107793e+01
-9.014457950835155486e+01
6.374887407390559702e+00
-2.021164819140437885e+01
-1.020689158241241046e+01
-1.503389918679781090e+01
-3.239527086378677723e+01
2.120211610263604740e+01
-2.106672818081805332e+01
-6.511461582039828500e+00
-4.370844986103338670e+01
-2.421112651935118265e+00
-2.897852102866360013e+01
-4.133613724194867700e+01
-6.293895790373181853e+01
5.078715626369387337e+00
-1.973200921703958954e+01
3.481160911565098104e+00
-7.818002062236701022e+00
-4.502392293858429184e+01
-3.602250031138414244e+01
-3.021994619312869190e+01
-3.141958093915934569e+01
2.952634081494698393e+01
2.819516135583256755e+00
-2.761498731112030214e+01
-1.203219177596088230e+01
-1.360841204847085351e+01
2.230666938431703272e+01
-1.720992047527334634e+01
-4.236626547355868411e+00
-1.555746709939202788e+01
-1.979388294827701600e+01
-2.242931526974197709e+01
2.046169398361222136e+01
-8.620781126598160427e+00
-5.132058822702498446e+01
4.271256500776993903e+01
2.438975207083995755e+01
1.455508062165421279e+00
-4.329096367104506271e+01
-4.149879679324897097e+01
3.809657487914591911e+00
3.885787913532112725e-01
-1.753733568327834291e+01
-2.537101244785216281e+01
1.738524680813020495e+01
-3.061139221041912606e+00
1.459109485337438628e+01
2.716998745123413528e+01
1.759622219356555206e+01
1.770729630468868265e+01
1.325264379075145982e+01
-1.157206671471712411e+01
-8.265594675542160985e+00
-1.205475789082069582e+01
-2.036029801743342205e+01
-2.369586289850769845e+01
-3.532030663634949974e+01
-2.064732198486834136e+01
-5.659807347141978084e+00
-4.260982055509805377e+01
-7.930188341421569476e+00
2.025998903726705080e+01
-4.379960828010905516e+01
1.651693937691560166e+01
1.490796925868053791e+01
-3.989981463410560991e+01
-3.146449326053780737e+01
-9.526752219889402795e+00
9.748476723295354418e+00
-2.184366016958313139e+01
4.012959258988196609e+01
3.561584519718800834e+01
-4.289583446959727553e+01
2.479982169775917100e+01
1.930100732778683437e+01
4.857434248293628798e+00
1.203124042881708533e+01
-2.376710090572780132e+01
-7.241969297889795598e+00
4.620350847379484094e+00
1.068574346961878518e+01
2.348406116060456839e+01
-2.845635607010906654e+01
-3.335378302583990262e+00
8.307052209864224324e+00
3.000492922058185741e+00
-1.653877489671731382e+01
1.213749910119676656e+01
-1.418826734761182706e+01
-1.141454836377882032e+01
6.387193568868667626e-01
-3.381191886279927417e+01
1.647999588659374126e+00
-9.363011671707113237e+00
-7.691264371599544347e+00
4.688336284470096871e+00
-3.017977058240140309e+01
3.299389490314749196e+01
-1.402259509479861777e+01
-7.413577092601846630e+01
-4.744379544135017568e+01
2.057581758094613633e+01
-2.251615466311434943e+01
-1.045713554923133870e+01
-1.458509500713363849e+01
-1.021648222327986844e+01
-5.604222003354439607e+01
-3.514280529589029811e+00
-3.464990023257092844e+01
-1.918295389576104526e+01
1.179733327661045905e+01
4.378276736244248468e+01
1.578215379203712132e+00
-5.600510768594801903e-01
3.313918890236467973e+01
-3.085411487696897836e+01
1.776756280387948550e+01
4.226043135902187942e+00
-2.653305055191361816e+01
-1.419297087692871173e+01
1.239380313257947819e+01
3.606171843565846302e-01
6.762309653680873112e+00
5.732611265841768500e+00
-1.317422371235988976e+01
-1.808523300433625991e+01
-2.782702672115493669e+01
2.742928668456900709e+01
-3.590031192754500466e+01
-2.666316946194170612e+01
6.926221933043962053e+00
-4.840362635762858190e+01
1.254761357790627585e+01
3.570814146528670108e+01
-4.029237115576869144e+00
6.467218114534020401e+00
-1.604339068282891390e+01
-1.225401399178883821e+01
5.788350399049534190e+00
2.116988531909836269e+01
-2.161605333691163366e+01
1.504605296335927278e+01
-5.893495768728371331e+00
1.738057286127883572e+00
1.289954933690658834e+01
8.292391961839427950e+00
-7.177403853360658559e+00
1.320616338396121137e-01
1.067745738264011379e+01
1.592740000933261513e+01
-3.998468446993189218e+01
1.821615233610714313e+00
2.866559561059476380e+01
-5.140247974777327045e+01
1.690914676047607657e+01
-6.493364921783604871e+01
-5.997404463313261047e+00
-8.251537250172006566e+00
-2.892746705918284533e+00
-6.780495762246943059e+00
-1.398646093369490018e+01
-5.318087489320589611e+00
6.638502144963126739e+00
-1.486195868434393930e+01
6.707486736818424333e+00
4.876908213946597925e+01
-3.373086305922217321e+01
-1.470070883439908016e+01
2.217090608923106743e+01
1.337946384309924497e+01
2.435201311727730200e+01
1.176451827778161885e+01
1.172096382944130255e+01
-8.946906456979377253e+00
-2.729198890216942175e+01
-2.516613772524826231e+01
-1.503150770705146044e+01
2.594299836025314221e+00
-2.350388006640224603e+01
-7.780774431497157195e+00
4.053176758635444799e+00
1.323678493676430890e+01
-5.689234683371019230e+00
3.318347290598893551e+01
-3.218510296282204308e+01
-2.180889408115234573e+00
-1.697516364388359733e+00
1.529592393599063627e+01
-2.181120367147504169e+01
-1.381124221059153001e+01
1.043292621722168434e+01
2.496387591148865681e+01
4.153375275895555063e+01
1.774271552728995971e+01
2.324300501188102430e+01
-1.551965446396161497e+01
3.500668093979658124e+01
3.671607995899435650e+01
-1.407009089295570448e+00
1.896802853281485568e+01
2.093619925005100413e+01
-1.306500676418198736e+01
4.724626300318391259e+00
3.368218880710122676e+01
-1.339087226322430979e+01
-5.075092846486541021e+00
-3.344149036542182074e+01
1.319320157559002382e+01
-7.131506000904792586e+00
1.093782955159431935e+01
3.245402284337430387e+00
-2.208839338484727222e+01
2.527690274194102926e+01
2.225121619476067281e+01
-1.491917775045027383e+01
1.059433861639594454e+01
-3.388820477246218843e+01
-2.944773029776258255e+01
1.372247381953366130e+01
-3.778461109891524927e+01
-1.705538655359206146e+01
2.869592728709676521e+00
4.583590736981945923e+01
-1.412410596523295681e+01
-6.799055644602489679e+00
-9.990854999769567257e+00
6.214005359896819414e+01
7.727809977109579620e+00
-2.388819780146167204e+01
3.927522935466885201e+01
3.476890029550372674e+01
1.740541413161986384e+01
4.164045189155498861e+01
4.764341279842889065e+01
-4.140593677201962919e+00
-1.534113684485021167e+01
-1.606652450618122430e+01
1.601179041318611951e+01
2.080552116288876618e+01
-3.810639103433999253e+00
-1.281634936321742657e+01
-3.384028644756443782e+01
-1.398486500817513445e+01
-2.501703634857631187e+01
1.668625812254941820e+01
9.474900091403469560e+00
3.532910994213153799e+01
4.116264087299612129e+00
-1.304600370495705874e+01
-4.690554476684749119e+00
2.185485536656776162e+01
6.925457525721412821e+00
3.014927189785220207e+01
3.085727350077422670e+01
-6.682220907460958870e+00
-5.989776194681326160e+00
-5.563617621852341699e+01
2.802360511998813308e+01
-6.638247910501604565e-01
2.999694172694222516e+01
-1.198857436653295849e+01
-3.455014076442138560e+01
1.168476079802924872e+01
4.032814443570881480e+01
-1.448577535317308218e+01
3.655941629156211548e+01
-4.027393530714928715e+01
-1.273956031479058026e+01
-4.496040903778759912e+01
1.053087924287117971e+01
4.451217265655031952e+00
2.996639271208692890e+00
-3.437713459040543285e+01
5.009141981846016733e+01
2.996071693208995157e+01
4.876589882676512389e+00
-2.853249805813373996e+01
1.198398480344300765e+01
-1.287411656090898759e+01
-6.856979470203441451e+00
-1.324470434603728108e+01
1.012498128830824839e+01
-8.001191392062850127e+00
-1.114155344574399464e+01
1.150500360827152235e+01
1.430848906978114599e+01
-4.728751562015224863e+01
1.096831854283246344e+01
3.726454029373775256e+01
2.217987626219260733e+01
-5.763927876136753170e+00
8.408559021646482279e-01
-1.936196738906994597e+01
3.200335396083181649e+01
8.583213193818494346e+00
-2.302424377941548528e+00
-4.125206595717315849e+00
5.893008527014433184e+01
-1.768844260455750828e+00
1.343546225778339931e+01
4.115926627701412599e+01
5.300022885593486421e+01
3.425793670507798083e+01
2.233667436603448664e+01
-3.662517940534164040e+01
-2.496149257721776848e+01
1.896243439853645896e+01
3.849825157495530448e+00
1.741634678430779104e+01
8.764640824694367893e+00
3.384277927949824516e+01
-4.260473981670700994e+01
-2.682963531272804403e+01
-6.354875922031396840e+00
-4.704448041426540783e+01
1.051556343473087907e+01
2.422895656931474662e+01
3.732778693174623186e+00
-1.220474733958019442e+01
1.276244277092300194e+01
7.593999906781380105e+01
1.696986857718945885e+01
8.659564674795831252e+00
-2.579812815016191507e+01
-3.290914699387747078e+01
-8.057111182356280210e+00
1.818215869999349366e+01
-3.271701512532729339e+00
1.305445221913722520e+01
1.917963605681518402e+01
-3.132658323676713508e+01
1.433263731415013353e+01
2.426618460873288541e+01
3.096086695759152008e+01
-3.608425165509515864e+00
2.584576588725269630e+00
-5.510219045681225225e+00
-2.653183128396730694e+01
-3.807715934985790796e+01
4.358890381204959397e+01
-4.245160913703998062e+00
-3.031834364739876264e+01
2.985765419911047047e+00
-1.420193368552784818e+01
4.980263627057934173e+01
-1.280564999695616279e+01
-1.966391244685354422e+01
1.908551358902900574e+01
-9.017181099293452462e+00
2.441733774404502810e+01
7.340783808452044923e-01
5.330146366113180534e+01
2.894645575535351867e+01
2.188469612660185248e+00
-2.041610631971940393e+01
1.507114856410737502e+01
-2.955169600614526360e+01
-4.791913255107346004e+00
3.358951132196963840e+01
-1.533982081570826494e+01
-2.460458643599804418e+01
-1.329694128165198208e+01
2.741859245359347597e+01
6.923931332377790682e+00
-4.543518223745720519e+01
1.823399642790337793e+01
5.098981899668189044e+00
5.060784882982460431e+00
-2.760302369462061733e+01
1.586910173233320620e+00
1.851902656744256603e+01
2.625341271686993139e+01
3.615047601473207806e+01
1.583051106265013352e+01
2.139275430324019567e+00
-2.965456546894799317e+01
-2.564918839545055107e+01
-3.784703922050684355e+01
-7.215917332287972386e+00
1.738977600513644006e+01
-1.359083032501473554e+00
2.812896079493413026e+01
-1.793352785175989084e+01
8.991288344992824477e+00
-9.549938587816967583e+00
-1.640303957215648012e+01
3.355923220170695487e+01
3.878388163994799243e+00
3.451429712784715775e+01
2.622476329490552871e+00
1.220662529113191752e+01
-9.854664500307194430e+00
3.331571461858516159e+01
-9.141698149500115278e+00
3.540092840729212043e-01
-4.284876026299124874e+01
-5.258701748166544121e+00
3.922902863544075558e+01
3.505301007205554242e+01
1.478246055580332552e+01
-9.112680778945360771e+00
3.063460621604917833e+00
-1.150680700284303271e+01
-7.619525381539062892e+00
5.074689171602538096e+01
2.758073413993542999e+00
-1.439915361883544165e+01
-5.948207898801040727e+01
-2.606999058800447244e+01
-2.109755858343190482e+01
-3.520552176406346234e+01
-3.189247641217230012e+01
-3.798136678388394216e+01
-2.521930135626629266e+01
-1.746819430748831792e+01
-2.716646297210301952e+01
2.577202710447521739e+01
-1.142279106809741052e+01
-4.852491632805009658e+01
2.208348510097036410e+01
-1.672411010454065661e+01
-4.462562989287796711e+01
5.337048457652716138e+01
-1.431366000382612924e+01
9.426604801247179921e+00
2.202767972346441638e+01
4.944892252366344110e+00
1.465340785247147437e+01
1.785832003067284290e+00
1.057373071083667071e-01
-8.171739116018194693e+00
-4.150067745976895139e+01
6.554629725812823438e+00
-6.856141096749371400e+01
3.906058000690381959e+01
-2.344476774683087683e+01
-9.739628527455067797e+00
-1.003484039063511091e+01
8.254349360265472058e+00
-9.402052677481066212e+00
1.485818281687804898e+01
-3.042770580620070575e+01
1.971844890125288430e+01
2.377829746229362584e+01
5.749979276050879662e+00
6.317161663067963673e+00
1.190364027088341459e+01
5.022393812298702187e+00
1.519939518619821683e+01
-4.385015994496114899e+00
-3.874986081348298228e+01
5.279976625632741616e+00
-1.366782761172530059e+01
-2.999493690269275703e+00
3.049270581486322840e+01
-4.429820241272900461e+01
7.843988811177950993e-01
1.163867108875678014e+00
5.057265126889035400e+00
1.728603082339289188e+01
-6.708513589722286952e+00
4.584643751534093781e+01
2.429789375267074547e+01
-8.477729461604518235e+00
-4.149503612073488057e+00
2.090789776832963298e+00
4.249297060304115803e+01
-2.924122273830238328e+01
-5.689970238699271476e+01
1.702952979503737652e+01
-6.783403822530630123e+00
-9.251104863752757979e+00
9.132549018572333921e+00
4.200263584731968081e+01
2.453186159475856698e+01
-8.860747782172296638e+00
-2.908095988020593836e+01
-4.720699713374813200e+00
1.562439424082795725e+01
-8.467519704641262024e+00
-4.130566326031203062e+01
-3.379326316693919807e+00
-5.282614203777856687e+01
-2.812586493869744686e+01
4.551015535372144427e+01
-2.890009452301228521e+01
-3.788329017026248380e+01
-2.858639905763208588e+01
-2.049177498514293916e+01
2.009922212789317086e+01
4.679526507137575209e+01
-3.687284470548348736e+00
1.435857205057553188e+01
-1.181719937518758456e+01
-3.863505392627524770e+01
2.608886069054884516e+01
-2.624175779265056008e+01
1.449922155028696125e+01
1.776686001474838861e+01
-5.910209640309119550e+00
2.098237521320061205e+01
2.292252833594902484e+01
6.319168978495554256e+01
-6.609548531700454532e+00
-2.883586082976455600e+01
-3.501180574844607918e+01
-9.552568629641456255e+00
-1.867768465762448926e+01
5.265851068001234125e+01
-2.443932458216164605e+01
6.435655088520784162e+00
2.719530430866996085e+00
-1.227163627877423124e+01
-4.736151893971481286e+01
-3.491699014886194163e+00
5.496787526591984374e+01
9.686146265933842869e+00
4.185988671808019035e+00
-3.224787935771267655e+01
-3.208151843915129575e+01
-7.853639864427648831e+00
2.564686931609463727e+01
-1.417886494168149625e+01
5.737154815545125075e+01
-2.704150569120295700e+01
1.048762443010269862e+01
-7.632106413174369663e+00
-3.620896914199744288e+01
2.403971151034710374e+00
-2.860856135508026910e+01
-4.124059664785522727e+01
6.203534969739052940e+00
1.056541408497380985e+00
2.918605504972094877e+01
1.317866213864481040e+01
-1.875890209220307270e+01
1.199657183239071401e+01
-4.886153290069722743e+01
-2.671261536521421931e+01
4.978866581706877525e+01
4.609666445250610423e+00
-5.919839490815661520e+00
-1.662316125888784768e+01
-2.456430127386170170e+00
-5.531228135477931573e+00
4.972673021027671325e+01
2.325427475843432035e+01
-6.597247440465139334e+00
-1.944426657684516613e+00
-2.195083579350350078e+01
-8.753265531661526211e+00
-3.515676642415309061e+01
2.757176256598627617e+01
3.897918534039831684e+00
5.749935974345078193e+00
1.002578420009663773e+01
-4.460135636191235875e+00
-1.147763413967945567e+01
3.050590969125526186e+00
-6.041642088516259435e+01
-8.666113065589740927e+00
-5.739523739011872294e+00
-4.322563918361161939e+00
2.687436082742067356e+01
3.631340542364358726e+01
9.665825714318884820e+00
-5.315699439868231480e+01
3.471989296225359567e+01
-1.193655287805876242e+01
-2.089716902369312379e+01
-4.867263631830078197e+01
-1.678693755240698238e+01
3.470305501296060413e+01
1.704784875874952377e+01
5.596131196454678047e+00
1.880156895700949349e+01
-3.258669161909671175e+01
-2.598528284675977318e+01
3.147176331557915319e+01
2.170251125916610135e+01
2.681105469950281872e+01
2.771809088627179563e+00
4.712420536875271182e+00
3.043589213606890098e+01
5.388225603011755993e+01
-1.164032970230210395e+01
2.149911430249119348e+01
-1.448559034944287305e+01
-2.446858312849363415e+01
-1.935465494526202690e+01
-1.946259411470052214e+01
-8.095008374582903343e+00
-2.654370390929580026e+01
-1.092072182523151014e+01
-7.575474753755356971e+01
1.893863583701423181e+01
1.235043592807216584e+01
-2.659204862988161722e+00
-2.166715334275238547e+01
-1.031169913076615785e+01
-3.064455161184821463e+01
5.486504804773346677e+00
4.495698958770339004e+01
-1.232683091362952155e+01
-9.416289230618531292e+00
1.171356636935956885e+01
-2.851138302157109905e+01
4.720437498337288673e+01
8.188175742471052843e+00
7.790132697379760884e+00
2.758358100131724200e+01
-1.394478577657821461e+00
3.120769936950148349e+01
1.054928634870280746e+01
-2.188567485177173921e+00
4.555890110122675196e+00
-3.536415214401159801e+00
3.689622628959864414e+01
4.798895866546899924e+00
1.012673418982254248e+01
-6.482872992893135233e+00
7.843656024638832491e+00
-5.142569593549353613e+01
-1.960019251101738291e+01
-2.719046043015060832e+01
2.640711661275850020e+01
-1.782427553887367822e+01
-3.345844195515473984e+01
3.224499663252771597e+01
-6.777705422929216184e+00
2.256399274150638234e+01
-5.017797940991101768e+01
1.032813512374757359e+01
2.890814668157162259e+00
3.429753451469650827e+00
-6.494087113432186698e+00
-4.059183869390949440e+00
2.827299778691046583e+01
1.006440299242115088e+00
-2.828332948226932331e+01
-1.043480309461652666e+01
1.226002915349820910e+01
-6.402921579879192393e+01
-4.896098271109171662e+01
7.127493695934106199e-01
7.829049932770125508e+00
-2.615922084152909122e+01
-1.065503004104243701e+00
5.851079281251520570e+01
1.554739018666782613e+01
-2.994007012743128371e+01
5.204927766209209494e+00
-5.162696089897721663e+00
6.962927185169164090e+00
-1.981020805765734849e+01
1.224772649823231774e+01
1.463810663579170068e+01
-3.842211729446631807e+00
6.202945081593665577e+01
-4.390843594078063461e+00
-1.754922738140993488e+01
1.323116111690251273e+01
2.386131257790998461e+01
-1.875692059283568369e+01
-1.017379899031908508e+00
5.438863711380510324e+01
-1.559417010843105800e+00
3.265417141247948507e+01
8.117566392203514170e+00
-3.870468476644276734e+00
-1.262111240074318630e+01
2.898468918799838434e+01
-3.102997138172700886e+01
-5.776668147746875093e-01
-1.010484910904511935e+01
-2.203304599871553648e+01
8.353158262622926600e+00
1.476831940790036768e+01
2.409768859266819163e+00
-2.148533431610530897e-01
-2.210069540140946742e+01
8.987115034741762543e+00
-1.827666815965386604e+00
-1.257207749754926596e+01
-1.118495009467142154e+01
9.150885538027353050e+00
-2.070205200394866552e+00
-2.099394015293185589e+01
-6.053924823690832113e+01
5.827668214104562594e+00
1.070572769657935908e+01
-2.693086353814270240e+01
-1.325955720248094849e+01
4.591906394360744059e+01
6.243584033106074571e+00
2.190454452265515783e+01
4.799361223939072829e+00
2.211930618978121288e+01
3.191032811582175555e+00
-2.161916556338853468e+01
-6.061785670928429681e+00
3.022858688402578764e+00
1.748616805657388795e+01
4.185838033591539897e+01
2.732148828890512959e+01
1.692519338794824080e+00
9.500538477550435346e+00
3.363934588676691817e+01
1.467049386327426674e+01
-3.847493580605328134e+01
-1.532240660060205073e+01
6.188470421930816201e+00
4.731830113329465348e+00
1.369491444671201918e+01
-2.876025161479137182e+01
3.915316023270094092e+00
2.403587180913838495e+01
2.657051500210957329e+01
-2.387855025696080702e+01
2.643412628481200954e-02
-1.243300986547524190e+00
-9.442104223433887000e+00
-1.577468349454527186e+01
-8.602009792572459901e+00
-4.901767384012927664e+00
5.627235963328928392e+00
2.350447642651300129e+01
-1.715623470801818939e+01
4.495229893548429345e+01
1.821890946937361377e+01
1.490889585783756388e+01
1.967238007912812137e+01
1.505096948324085560e+01
2.021579629946267076e+01
3.039301251168944873e+01
-2.528966034376814775e+01
3.459086258585694651e+01
-6.339404418333094782e+01
1.758904792832410990e+01
-5.939743665124572658e+01
4.637314499458983619e+01
4.186842906745378912e+01
-5.227257090695871966e+00
-2.676415823306098218e+01
-2.358781679926781294e+01
-3.056880297963300563e+01
-3.520539195839850777e+01
3.145233993322287347e+01
2.336516221581847219e+01
1.328013092821188934e+01
1.571679015257905121e+01
2.485246257435076700e+01
-2.177180573859817514e+01
-9.859563999349916230e+00
3.064787250167488963e+01
-7.259327445087066621e+00
2.967456783392600528e+01
4.139187579955037677e+01
-3.215886764218256033e+00
-4.069406482315264384e+01
2.785875149505613990e+00
-1.455303389890685750e+00
-5.665673433978327012e+00
4.870498303708359344e-02
-3.622019210533625255e+01
-6.975022417768911964e+00
4.914258175217181446e+00
7.409866374535454270e+00
2.715162791164340206e+01
-2.373452431803768548e+01
3.094624347530555042e+01
-2.216997129835939973e+01
1.426370994964415218e+01
2.243200327272057848e+01
