---------------------
  #    meV     cm^-1
---------------------
  0  125.8i   1014.3i
  1   39.6i    319.6i
  2   22.4i    180.8i
  3    7.8i     62.7i
  4   22.4     180.9
  5   28.9     233.3
  6   47.6     383.9
  7  106.9     862.0
  8  123.9     999.6
  9  141.4    1140.4
 10  147.1    1186.2
 11  170.6    1376.3
 12  174.2    1405.4
 13  183.1    1476.6
 14  187.7    1513.9
 15  206.3    1663.6
 16  361.6    2916.1
 17  372.1    3001.0
 18  379.8    3063.0
 19  408.3    3293.3
 20  425.9    3434.8
---------------------
Zero-point energy: 1.744 eV
