[[-411.09618459]
 [ 358.22007664]
 [-272.89230366]
 [ 183.79473959]
 [-113.76564474]
 [  71.86048124]
 [ -54.33640471]
 [  51.11518684]
 [ -52.73097785]
 [  53.92036125]
 [ -53.44988261]
 [  51.87426535]
 [ -49.63003615]
 [  46.47069805]
 [ -42.04346965]
 [  36.55215385]
 [ -30.91372371]
 [  26.29875319]
 [ -23.53932794]
 [  22.76247538]
 [ -23.48231828]
 [  24.93703209]
 [ -26.43688966]
 [  27.48638241]
 [ -27.76283709]
 [  27.05823508]
 [ -25.32634537]
 [  22.76403112]
 [ -19.85138032]
 [  17.22669566]
 [ -48.34732879]
 [ -32.84880239]]