-3.480751017880088227e+01
-2.023689953384533169e+00
-7.170382520545537375e+00
2.415794889790483779e+01
-1.196617598351500078e+01
-9.247295553527408174e+00
-2.415616104299567724e+01
-5.051462271280321659e+01
-2.154918460402142699e+01
-2.269426022697854251e+01
-2.106574315310223255e+01
4.256459095163886985e+00
1.998621208815407613e+00
-1.066121949470002050e+00
1.736160909188868118e+00
2.660875491432119588e+01
-1.025637553496906662e+01
-7.233681636785817659e+00
1.178822805298779031e+01
-6.216317565635425524e+01
3.115482975361298656e+01
-1.336961958541348849e+01
-2.424527023109163792e+00
-5.621265150807033706e+00
-9.614250165253110936e-01
-2.145419582856391116e+00
4.821833666317985490e+01
-1.508463772063912245e+01
-4.032332895088302394e+00
-3.048915463579267282e+01
3.940409590739011492e+01
-4.356463892303324315e+00
-2.144587002278024102e+01
1.125902291697225621e+01
-2.064623168586138036e+00
1.307347296644655898e+01
-5.486771794186608986e-01
2.733477162039577024e+00
1.901277907351263963e+01
-5.486036859181996306e+01
3.058307064382097451e+01
8.155376543969524050e+00
-6.292858454558910353e+00
-1.753526882773473972e+01
6.932793225367078094e+00
-1.098578930427061096e+01
2.500091231314070228e+01
1.996138480878164501e+01
-1.286753559986607343e+01
-1.643866088427256500e+01
-1.736718036680571231e+01
-2.088388557588935157e+01
1.060705774163430704e+01
-2.719292182473816410e+01
8.335188861685480788e+00
3.473561366379541937e+01
4.005074598352584303e+01
1.866129149246989982e+01
8.342993669114633803e+00
1.741776953250155202e+01
5.111315249750236944e+01
8.637313454813295266e+00
-2.996781125207319718e+01
-6.051885140516844785e+00
-1.414486261122107180e+01
3.339595079539361677e+01
-3.955046112021696558e+01
-3.447015229732119224e+01
-1.756601492446141322e+01
-9.833599994597989280e+00
-2.248004838481838874e+01
1.577243475638621817e+01
5.228866236703936465e+00
7.853157935687647750e+00
-2.176142755662090877e+01
-1.904990319359981754e+01
-3.285355232324439356e+01
1.810325677608278738e+01
-1.883769937343595302e+01
1.701480888921716428e+01
-5.427386297788936886e+00
-1.495901923167500058e+01
-2.879706178088435564e+01
-8.548811499235171141e+00
-6.137530843059664676e+00
-6.902652413345037985e+00
2.246332971432558168e+01
4.207957072183052105e+01
-2.473086384169000596e+01
-4.313849077724578507e+01
-1.081984878607130440e+01
5.973054298912364857e+01
-3.259427042099802918e+01
1.800041412552158704e+01
-6.540079226381465105e+00
-3.352144778465545016e+01
1.386241910856408310e+01
1.963255245095729151e+01
-9.708514683597272210e+00
1.842618173617097455e+01
-1.349265610703230323e+01
-3.142000714115204119e+01
5.277655072000675318e+01
2.514747142936937507e+01
1.424222754846402950e+01
7.897322826046746513e+00
1.501713858305774352e+01
4.541064846247996911e+01
-1.482658488134301322e+01
3.360451118371940993e+00
-7.606005556943097190e+01
8.850315001630804090e+00
-3.726280485553348854e+01
7.811554999615594852e+00
1.227038727170143773e+01
-2.006765876608540111e+01
-2.848209269075846350e+01
1.219844059668560021e+00
-1.694804589627173641e+01
2.147536641713304562e+01
-2.792378716567026231e+01
-3.101166060980233397e+00
-2.023683518371252177e+01
-1.959030459143747294e+00
1.106796925614972338e+00
1.253124686230859197e+01
4.418698176860971216e-01
-2.902672146662951036e+00
3.580477649911061633e+01
5.069720896156809431e+01
2.738041997822988094e+01
3.957093697759952988e+01
-6.510310404487221092e+00
5.587363453380504552e+00
2.958211477966580105e+01
-5.124571815264431507e-01
-4.234995928848417179e+01
-2.270597812324643883e+01
-2.823564106555831188e+01
-1.543023623189848337e+01
1.595921987039713486e+01
-6.617936646052379501e+01
-9.326105038571313344e+00
2.469490628002924382e+01
-2.088646810467261616e+01
-1.739275960828138068e+01
3.321928559217303700e+01
2.481160918327978493e+01
-1.845183224088845009e+01
1.550409736333625688e+01
-1.415913262242074211e+01
1.904172227860345856e+01
1.871552294893376711e+00
7.378554679207098843e+00
-4.755059915049062624e+01
-2.637087299636463200e+01
-4.830618357305297650e+00
-9.264556924290090478e-01
-2.276431196557899739e+01
6.062001062277101937e+01
-9.722795985629431925e+00
-1.799382360179896523e+01
1.985425333648919377e+01
-2.561104786264527178e+01
-2.041000014326765211e+01
1.821060808110433982e+01
7.128234475097002587e+00
8.543575271906831858e+00
8.766157204935495884e+00
-6.158784530942881474e+00
8.886593776613040063e+00
3.250083300015802479e+01
-1.476073296456800676e+01
1.070090476728225326e+01
5.072602777728130974e+01
1.823478008826064922e+01
-4.209151403286966797e+00
-1.141964724107378970e+01
8.680696481814069898e+01
-1.190856758367181101e+01
2.091123287917230300e+01
1.444408090204484552e+01
1.641786215039778796e+01
4.930688234987997021e+01
2.671843667309798320e+01
-1.502523261884762817e+00
1.351427644714419785e+01
2.738548143938339763e+01
2.007457570401425073e+01
-3.246082565306119250e+01
5.255435333565571909e+01
-4.679202069251918772e+01
-6.864059960170727948e+00
3.070123588227581024e+01
8.344328598438536915e+00
4.179600637897124216e+00
1.579255293579618069e+01
1.248190689251390495e+01
1.918858591082269527e+01
-3.488383249520381924e+01
2.221661263639077788e+00
-1.481879047326378895e+01
-3.723582544950602369e+00
-2.477973456119059392e+00
-5.994710624180424219e+00
-3.209004290981965823e+00
4.670393319874031590e+01
-4.714596673651939795e+00
-1.449352605380191505e+01
-1.433619767488863772e+00
7.248258459909720841e+00
-3.323783956198417400e+01
-2.851471607014303800e+01
-2.020570880650160461e+01
-3.447287270091135269e+01
-8.927417168398378067e+00
-2.327130332112484012e+01
1.016602400447634125e+01
7.133914025686962646e-01
-6.973763761177110609e+00
-4.605828799410048191e+00
3.201478393292006785e+00
-8.183655139492714170e+00
3.794655194290348277e+01
-4.820585477595741963e+01
-8.440280613681522937e+00
-7.532593899717038965e+00
8.880314005010461642e+00
1.256384752698023988e+01
-2.619203797850354931e+01
-8.468546712604421600e+00
2.393073873242482108e+01
-1.119930354318940147e+01
8.857929635516256894e+00
1.898923058497605609e+01
-1.624686418165680379e+00
6.210453264362661230e+01
-7.777774941670031694e+00
-1.763800791562755421e+01
1.777592860993564727e+00
-1.368840076678958440e+01
3.040450162096499298e+01
-2.359126261845393913e+01
6.763961717309030064e+00
3.157102933862253735e+01
-7.052953774328500458e+00
6.582606346760951510e+01
7.126586212971631085e+01
-3.695300337922412837e+01
3.281066932197806807e+01
1.209284334211878331e+01
-3.098170632993523554e+01
9.246135466873873554e+00
2.338772643770863624e+01
2.390410645188356398e+01
1.288336095343822763e+00
9.440613716211089468e+00
4.140385698889770083e+01
-1.305997237169893310e+01
7.927221781354809593e+00
3.991993051739228804e+01
-2.056358559031937716e+01
-1.108235142149797525e+01
3.113562063850083916e+01
1.597285130881650872e+01
4.208302933844942118e+01
1.676096810996094177e+01
6.045623673042484825e+00
1.481459612014872107e+01
2.250190352469822130e+01
-2.978210621866355723e+01
3.800804172302065354e+00
1.375259601581474911e+01
6.458837120945929655e+00
1.315351800547888672e+01
-3.403910162345785295e+01
1.778241605766521616e+01
-2.374432673949252148e+01
-1.851524875713241869e+01
1.186836536135595566e+01
-6.475390657493235835e+00
3.216174867295478634e+01
-9.290416924721682790e+00
1.671179280449183580e+01
1.798960832042604352e+01
4.318489439194893720e+01
3.030675630142433619e+01
2.711156398737774254e+01
-1.843875946280576272e+00
-4.652237397705647481e+00
-1.776655979019375309e+01
4.437534604570706165e+01
4.414645162719435234e+01
2.169477783776792990e+01
-1.397546939307156322e+01
2.765322873949705240e+01
-2.857672613670473538e+00
9.914908616653939077e+00
3.671657304684418932e+01
-6.770574860775155912e-01
-4.413595494610319747e+00
-1.120009643225466789e+01
-3.250972584250882846e+01
5.308627176526684366e+01
2.810942218689945094e+01
-3.319700263565407283e+01
-9.147640641803718609e+00
1.461802645830511693e+01
-5.547806100737489032e+00
3.525201165964839589e+01
6.985514316647709165e+00
4.441555355028344820e+01
1.927207254541698589e+01
-1.263053109401653273e+01
1.113073992388983413e+01
-3.475933555870170721e+00
-1.525772275859813476e+01
8.735404453599642238e+00
8.346268718433293543e+00
5.219826379892656121e+01
4.385480949793321770e+01
3.084709806325918180e+01
3.709783124523687547e+01
4.826189348606376939e+00
-1.443817233484247708e+01
7.955796231743818225e+00
-1.858553630354080966e+01
-2.985923719242762786e+01
-3.097536661859260221e+01
-1.737185562472012634e+01
-6.053588357692257205e+01
-1.942542233277566766e+01
-4.824242666405311297e+01
1.305839849668476305e+01
-2.578947497087763452e+01
2.591855423862980956e+01
-5.509919015790552521e+01
-1.659266088764226765e+01
2.385030940238121389e+01
1.166498311415558931e+01
-4.945174663274714533e+01
3.150696206685233847e+01
-1.441350277553505066e+01
2.996635758467395050e+01
-1.291586010459161571e+01
-4.365230174800262830e+01
7.978166539109111000e+00
-3.624757533557396982e+01
-4.152807646412838949e+00
-1.666062346285424489e+00
2.275959466044884039e+01
7.019831170437794299e+01
-2.403196899669660525e+01
-1.947142073063255907e+01
-2.337583390153923801e+00
-6.348662416033420186e+00
-4.497977391881428844e+01
-3.103819184395706543e+01
2.665609101626429833e+01
-1.182659626010629950e+01
1.127907608445522669e+01
-2.733726546686190773e+01
-9.139666224570561326e+00
-2.310075362216663564e+01
2.872707281168528937e+01
5.296209035222545936e+00
-1.243287217957333723e+01
-9.472203434073207973e+00
6.619332621829556729e+00
-4.549407507306170828e+00
2.398853650613381205e+01
-1.434562394548282782e+01
5.554199069960816360e+00
1.976558531624627335e+01
7.629176844916230493e+00
-1.184988280802127747e+01
8.567345460334558993e+01
3.276300135851590056e+01
2.381317725895669923e+00
5.675755996568170758e+00
-3.489106568390383245e+01
1.873259227529527493e+01
-4.257510595575190848e+01
-1.620313808506415398e+01
-3.067311964295268467e+01
-1.102941502345879599e+01
3.165944124451533526e+01
-3.158922241642062545e+01
1.334338282058003955e+01
-2.142853286681486225e+00
1.156961674206797852e+00
-1.997185679160938321e+01
-2.471741624565808593e+01
-3.136147996573981800e+00
-1.991340640342015433e+01
-1.102786336325647198e+01
-2.302209158354679630e+01
-5.164647064944848154e+00
-1.933833983301818193e+01
-2.797720242805006308e+01
1.164157677578365480e+01
-7.994684159180636129e+00
1.364404253542500101e+01
4.740965974424845797e+00
-4.244089682789262952e+01
-2.925228596274910586e+01
-2.545795568873684545e+01
1.806039072727435268e+01
-1.368835083633001659e+00
-3.454365713972134699e+01
3.284620562241880748e+01
-2.182533160882476864e+01
3.184698649006011095e+01
-1.763261749453395311e+01
-2.691961734278802965e+01
1.319433022081767604e+01
-3.787139367177381644e+01
-1.919247644111140971e+01
3.454112488537387549e+01
1.052281612537177580e+01
-2.448227398825054024e+01
3.025706299938076427e+01
-1.012157502613229099e+01
-2.119125116856389468e+01
-1.695435746581247827e+01
-2.792996537706619620e+01
1.545800652140587772e+01
-5.013614975188983180e+01
-4.415804430942861813e+01
-5.664227012474555067e+00
-1.678694755528249516e+01
-3.296388747570288302e+01
4.097346658447600021e+01
7.481880884773251239e+01
-1.532827253103741327e+01
-2.007489253235121396e+00
-3.379407425358646577e+01
3.655948631398388216e+01
1.136721309578092587e+01
-1.335333606369408699e+01
-2.032639123043563245e+01
8.217085673101315990e+00
-3.236466800311592351e+01
-9.853065090470295218e+00
-4.849332881252621519e+01
2.032017638525451275e+01
6.158883941374568849e+00
-9.819735017264292765e-01
-5.783234296285797882e+00
-2.232385756108260466e+01
-6.122722326091178502e+00
7.318724007268183129e+01
-1.022918479012514581e+01
-2.681495225249852865e+01
-3.898522504337005046e+01
7.787483064603804905e+00
-2.092589928261313048e+01
6.065016803054106731e+00
1.692008838176832342e+01
4.271738276208893126e+00
1.746530224806346610e+01
8.436391642670216129e+00
3.268708829375617597e+01
1.469931433511587215e+01
-1.953377915036664803e+01
2.677525686782843195e+01
1.947937254641249183e+01
6.901664970492561224e+00
2.365954284033452382e+01
-1.584270915069695462e+01
4.115650255906223265e+01
1.314211268959085288e+01
-1.770185878613044395e+01
-3.284810496396893598e+00
-1.007514695386174708e+01
1.140785880292696675e+01
-1.301271781188911092e+01
-4.408284619734160970e+00
-7.147957423104344343e+00
4.519133064849245329e+01
3.083689060524613978e+01
-3.623228893064059264e+01
-4.524458321464152277e+00
-2.946051987866832178e+01
-8.095216085376790716e+00
-1.317716605466059576e+01
4.787429541233308328e+00
-5.644272676062449534e-01
-1.603825563690597278e+01
9.470203622693361467e+00
-4.606315589826422752e+00
-5.230948899862042367e+00
4.809682546433077732e+01
8.058578190356378457e+00
-4.608441791511664576e+01
-2.216050897696698030e+01
5.348964987233154034e+01
1.521029633656260671e+01
-5.310168350244452995e+00
5.962856042588062166e+01
-8.998017578270946615e+00
-5.099266121525545259e+00
-4.518740505472408131e+00
8.633412812360973021e+00
1.740764243399310374e+01
2.446535458821237796e+00
1.617333688544113102e+01
-7.142441553205458149e+00
-1.963799370720875004e+01
-2.325315862178675275e+01
-2.676852961072347625e+01
2.300144065801694637e+01
7.235224882059263507e+00
2.128486107172697928e+01
7.776262545703673368e+00
4.981145874883017655e+01
1.041214695831572357e+01
-4.499787665261021630e+01
-1.912968512316386693e+01
3.419465962550589211e+00
-1.624609429911610903e+01
3.524350701289068866e+01
-7.759013208621240665e+00
9.372416150878017049e+00
2.941408496801616934e+01
-4.166702464081544122e+01
8.345877438176407281e+01
1.157232091852971223e+01
1.330400327284064588e+01
2.018089033263170506e+01
4.150663993438570287e+00
-2.507065253480504907e-01
1.954662235823130345e+01
-2.067132139678517433e+01
4.630834623259504212e+01
4.095484287037574234e+01
-2.324369353622228118e+01
8.964500980446814538e+00
3.904023597978974180e+01
-1.147285966862173723e+01
9.745977673546434517e+00
2.102898580501987169e+01
2.262630086882734304e+01
-4.259672252099201728e+01
-5.742661658584552242e+00
-1.709009486750314011e+01
-1.720508118353620830e+00
-4.428937910633869990e+00
9.804453096679708324e-01
-6.974450506225196023e+00
-1.772296108617138088e+01
7.364419497194234054e+00
3.843802171015596514e+00
2.959369298673453841e+01
-2.442850156737972611e+01
2.433197986986152728e+01
2.636338192478095266e+01
-6.951621990974928167e+00
4.543328102114344347e+01
-3.797432013809191176e+01
-5.751596975774236142e+01
-4.821224350580514795e+00
-4.435860357351316452e+00
-6.665861060803877081e-01
4.459656395089708525e+01
-2.725335279471437389e+00
2.388818647845971554e+01
2.996950602559027743e+01
2.084317488289855191e+01
-6.407997664532217641e+00
3.324463935984704221e+01
-8.878714770803483702e+00
-1.976821836914496089e+01
-2.282480160024135785e+01
6.020180214985316525e+00
1.970782870653334840e+01
-7.520502320359696569e-01
1.940987055878696310e+01
2.998589292930091688e-01
3.378934718226446421e+01
9.652103456068701348e+00
5.033339912140888828e+00
-2.106022355961897574e+00
1.795522901545909633e+01
2.093396065963459307e+01
9.592807288285200684e+00
-9.939063003413934894e-01
-3.064919716580088505e+01
1.622806228493063685e+01
1.059842333993751140e+01
1.979414240900685229e+01
1.569722692056109281e+01
2.014576837059144765e+01
-4.825864597327139904e+00
1.735803917381474548e+01
-1.497223605705164573e+01
-3.930577214496224769e-01
-3.020150462333361929e+01
-1.712321839062983031e+01
2.240836627126173397e+01
-5.021081009117739313e+01
1.479082365867355975e+01
8.826420216943461128e+00
4.627464890810000497e+01
-1.054537141037862114e+01
1.857395944357169171e+01
-5.560632428266330862e+00
-2.698365416836686848e+01
-3.786129939735559446e+01
-6.528499976251396220e+00
-4.925972567040246730e+01
6.551477986634154149e+00
-1.106766164642131756e+01
1.718641815005626938e+01
1.312946012528669826e+01
-1.590716110411415229e+01
-1.628602383100121642e+01
2.281791666063122292e+01
-3.425071527909755531e+01
-6.805838139076655580e+00
-1.053250085074831333e+01
1.521952927003180278e+01
5.191365954215427791e-01
1.508285474775433954e+00
-1.051191292966028357e+01
3.052098337063924305e+01
-3.087788350247120661e+01
3.791901606498470301e+00
3.353983820305802510e+01
-2.047423761427285172e+01
1.721236040175199378e+00
-1.616015861393407249e-01
-3.625938778596751888e+01
-2.228412579689393169e+01
-2.773646620077101943e+00
1.572877492571987545e+01
1.838047969843870533e+01
3.415260269431968254e+00
-5.368668854637064669e+00
9.919329149507632337e+00
-2.368679410257516338e+01
-1.095411006741329629e+00
-2.888007681241782620e+01
-1.554494550566383282e+01
2.706620594474838981e+01
-1.588939776180018271e+01
3.778692730320645410e+01
-1.338901906450541901e+01
1.823243970974597516e+01
1.407761140654284304e+01
-3.530325014525709548e+01
-1.398625332082488626e+01
4.859842792369818198e+00
-2.325529399598052294e+01
-2.098551973999352782e+01
-4.862976982435759510e+01
-3.009862326128811105e+01
-2.843653706115892987e+01
-2.446083576867030729e+01
4.649664962086461628e-01
1.015101587779787451e+01
3.806218042473886953e+00
1.355823670278625670e+01
-3.161062375862492502e+01
8.489059270975701565e+00
1.501856795284092527e+01
-3.749107047936603720e+01
-3.460868982781670411e+01
-2.350082220661823840e+01
-1.513230494787269009e+01
9.047900805115858702e+00
-7.346439452356889888e-01
-2.343245696521642429e+01
1.667019003734489502e+01
-1.327923605237728566e+01
2.795351907980867168e+01
-4.951424971641230854e+01
3.521879548290455375e+01
-5.026386549566950634e+00
-2.231517684752941477e+01
-1.394571068021367921e+01
1.035453664648407823e+00
2.488484084411445707e+01
-4.101327918474142109e+01
-6.576603323183704219e+00
-1.126326464881359612e+01
2.488703801579677588e+01
4.648818982556549884e+01
-5.529063112632195498e+01
5.172104715769137329e+01
2.311639664689153051e+01
-4.151552464999642211e+01
-1.776445663438116185e+01
4.406365590602974436e+01
3.305507922617431404e+01
-1.158364264529359389e+01
-3.258721523887487592e+00
7.968777168719554993e+00
4.151008766284105889e+01
-3.156851123266444858e+01
7.057751137185178436e+00
-4.642280388797850321e+00
1.518138323894595487e+01
-4.036746181036897951e+01
-1.836019396568740802e+00
-1.691446268348872195e+01
2.655543703613426487e+01
2.340730771809361954e+01
-4.855592355010657002e+01
-2.656644739435090230e+01
-1.200404435010182169e+01
-2.366932406791347177e+01
-6.481415886565457640e+00
-1.130325979703619055e+01
2.501649682747955694e+01
2.336365063306706702e+01
-1.191547825940148186e+00
-2.552452183281037890e+01
-4.730640640100844507e+01
2.643777203166973777e+01
-2.731141315827643723e+01
-2.021886219942464891e+01
3.303048255814957201e+00
-1.997308088966233441e+01
-2.173306558104098940e+01
-1.592105204625328696e+01
-2.662892495017567285e+01
-1.440997608517616513e+01
-2.888316389018511643e+01
3.111354258134325335e+01
3.413997606370389803e+01
-3.667940405090462264e+00
-1.220001058992733078e+01
-2.395001532499918540e-01
2.528136706481802776e+01
-4.778908659514665658e+01
-1.104843364308112541e+01
2.736727446142157305e+01
3.942245005432657479e+01
-9.325810119416416910e+00
5.498845284628828267e+00
3.050922974456574366e+01
9.231001047457112918e+00
-5.565840474087053735e-01
-2.473257265406994065e+01
1.122466764793909988e+01
-1.927856148034126704e+01
-5.845726231694214903e+00
-1.079971706765792305e+01
-9.145853572265593812e+00
1.261241280313564062e+01
4.398253252849407602e+01
-1.338533471295662025e+00
1.912018356608626846e+00
-5.063184479226468682e+01
-1.053112740791857505e+01
-2.000097334186492049e+01
-1.016583791707148521e-01
-2.610989556367073305e+01
4.744919894744782596e+01
4.513228587183834861e+01
7.810356010446042774e+00
-1.098776984075911400e+01
9.241297183319858277e+00
1.147502598583839983e+01
-2.653558356357325465e+01
-4.688458804619983766e+00
1.053975242658702882e+01
7.402688574536057331e+00
3.064214904181196175e+01
2.248834361951037408e+01
-1.176936191652700359e+01
1.446678584300839532e+01
-5.516049177340191534e+01
-6.801715629479829772e-01
4.852929452616220374e+01
6.637148741379206740e+00
-1.159242999655987205e+00
1.699873213196337929e+01
-1.593671382510314949e+01
5.000820449277613022e+01
-9.251592820763349323e+00
4.475636739186191448e+01
2.179709498914889565e+01
-2.252901694236840058e+01
1.800623828187394793e+01
-1.703178209491622397e+01
-4.023952310343230465e+01
-3.576939289433397562e+00
-3.099385073686197245e+01
-2.925493999107999343e+01
-2.755810189880591565e+00
2.010856503882217794e+01
-5.407461287911090153e+00
-1.743101910301726321e+01
4.994188926734153711e+00
-3.854024194222171218e+01
-3.916832817430147884e+00
-4.619875381096079536e+01
2.718216529403945003e+01
-6.591558730657709475e-01
-2.779696895791759914e+01
-9.232481092084114493e+00
1.030569073968226235e+01
-1.968823102583554885e+01
-2.541271094945982156e+01
5.252145552013236340e+01
-1.348315687577036215e+01
-2.243346989925316848e+01
1.521986090231788324e+01
-9.841035952473937698e+00
3.046729385222348441e+01
-2.546796712345781089e+00
3.883154108792894021e+00
6.023002197716596129e+01
-6.933460586366692269e+00
-2.042317277758527894e+01
-2.398701310050967095e+01
-2.837198291936510941e+01
-1.905996424928900979e+01
1.510585649957653231e+01
1.512764202530300395e+01
1.242312505136095524e+01
4.096979632654080206e+01
1.847702674680022028e+00
1.165342659981791940e+01
-3.545440962368654425e+01
1.490604674255394002e+00
-1.038305816064337250e+01
-1.487090188810657310e+01
-1.927412491709162623e+00
1.879477074064377007e+01
2.131177859841790223e+01
-3.795559224794491371e-01
6.803509833488760705e+00
1.538230225154945430e+01
1.946720183322356945e+01
-1.365089729419902653e+01
-7.048865961707463157e+00
3.809755871055671150e-01
-1.288337324162233699e+01
-2.822299218671815879e+00
-2.002358234682193938e+01
4.429728012314205898e+01
3.588855431205638524e+01
-9.101146068617083529e+00
8.936687590530766556e+00
-2.586552021199146623e+00
-1.674141755249459607e+01
1.990991913523199131e+01
-5.323797938807274477e+00
2.232022424121365134e+01
-2.924663429319812735e+01
1.003452772643794333e+01
-5.546015118937248189e+00
-3.008873513081590545e+01
-1.363734019143555543e+01
1.493243581871597314e+01
-5.101522744017839273e+01
2.402504914646704037e+01
2.604334040178781606e+01
-5.583384328369001892e+00
-3.344153282821181961e+00
-1.772901631040411985e+00
1.395982248701170647e+01
-1.827049159686447410e+01
2.018057762166827018e+01
1.703712588391826444e+01
-5.496616418067873155e+01
-1.979062046031353361e+01
1.328672425530645995e+01
-4.747678009324943105e+00
2.426013939010381648e+01
-3.561851103665821938e+01
-2.995216564788108826e+00
-2.340616391885928849e+01
-7.190728284787266489e+01
4.299138036776484739e+01
-3.262202175822682193e+01
-3.421055223674129309e+01
4.993468059623261013e+00
7.250001430377872680e+01
6.438352043885231524e-01
-1.571291239719582222e+01
-1.750256453382633026e+00
-3.062186269145925621e+00
-4.790130766294549147e+01
-3.424721433093432665e+01
4.581305537134500838e+01
-5.733492618479886005e+00
-2.107801004554707447e+01
2.759582188205524744e+01
-2.006530858166631859e+01
2.063893736085299224e+01
2.978183726098562545e+01
-3.193378035577488561e+01
-1.569342893451246823e+01
-1.942207686078424445e+01
-1.002253687750263111e+01
-9.856470808134439210e+00
-5.812902386334599214e+00
7.994950033493921637e+00
-1.909341845101812396e+01
1.587091141335611155e+01
3.239573755727851534e+01
-5.035327705676113652e+00
-1.138240473759225324e+01
8.157957207136178113e+00
3.131477868412673615e+01
2.917223423583629938e+01
5.473966103857691223e+00
-3.104028977293069147e+00
-4.874947652212355820e+00
-2.838374568007853327e+01
2.150686743810662449e+01
-1.248370412566576704e+01
1.111701656413390538e+01
-7.826164325148397438e+00
1.509801554019415448e+01
1.022454889056012206e+01
-4.502238040367748795e+01
-1.490798614238161690e+01
-4.394651135975730938e+01
-1.995249965381697166e+01
2.958898046284055283e+00
-9.612884403475874251e+00
1.826446651153176504e+01
-1.677888046342948769e+01
2.068607871217679417e+00
6.000609270562620168e+00
3.956478519584493370e+01
2.005204482762115958e+01
-1.689691674656224052e+01
-6.906183977284001685e-01
6.796072965356927398e+00
2.143093809914400794e+01
2.061640561410058581e-01
3.053031414657567666e+01
1.256115729640838907e+01
5.062077025412861531e+01
1.073739428655386519e+00
3.661614337033924471e+01
-1.510469364406472437e+01
-2.107827452718399286e+01
2.474904385656856221e+00
5.220792548049075776e+00
1.497928291769230214e+01
-7.921051185013652685e+00
-7.649728969325792605e+00
1.450597200915148122e+01
-2.709182026834150747e+01
-3.080818706224212633e+01
4.427131910796896364e+01
-3.328334976522342004e+00
-2.184689040412167316e+01
-2.253887035210794920e+00
-7.530732398233283220e+00
2.375967156917000978e+01
1.849332088687981468e+01
-1.127780390890956141e+01
4.702621877604258316e-01
-1.477785596603393969e+01
-1.972025103604647711e+01
-1.494572535365148269e+01
-5.400803821060451071e+01
3.630745557801162704e-02
-3.596561499259306061e+01
-3.111634255293044760e+01
-2.082112208351435356e+01
1.070481538158691137e+01
-2.037547691146096440e+01
1.290584053330323400e+01
-3.421520559645129822e+01
5.865044601971760585e-01
-2.313550241348593062e+01
4.791379402003670407e+00
6.294214405751283437e+00
1.864388407234352485e+01
-1.173338657192405776e+01
-8.912918582907309428e+00
1.650789539739230349e+01
3.310652280838802142e+01
1.834626459297751921e+01
4.648294292830087215e+00
-4.008055322651038921e+01
-9.504732832011512755e+00
-1.765656318787847567e+01
-3.375618356396518038e+01
2.259269779943872436e+01
-2.027098454116389803e+01
-1.831788331463229724e+00
-1.567278017472217755e+01
-5.570920582614061800e+01
2.888921147450027149e+01
-9.827463838035896515e+00
2.263820135232953135e+01
-3.988422663356863040e+01
3.766403269808671439e+01
2.048936021459184076e+00
-1.607678504433759414e+01
4.810546298473155957e+00
-1.163802278757378872e+01
-3.661408480680890420e+01
8.080588093173886932e+00
1.990753568235611226e+01
9.855223752742858778e-01
-2.024252129855000248e+01
-9.144695409850584156e+00
9.797321435493842046e+00
1.783796740639320433e+01
3.520879807915090964e+01
1.322546717190215304e+01
-1.298290946783257027e+01
5.331844550108781533e+01
1.339532431591732120e+01
2.371976994923685567e+01
-1.020467055842050286e+01
1.562631269700050041e+01
1.094256597202999615e+01
-3.464035602602351105e+01
-1.152067181653018224e+01
-2.284962358905013957e+01
-2.061393053326395375e+01
-6.750906189643217203e+00
-7.740480230006028251e+00
-2.356897347176891344e+01
-6.190960252637258066e+01
-1.612864842583858405e+01
6.978306829377800113e+00
5.088277954958357441e+00
7.762841559477706710e+00
2.591653649053762365e+01
7.837021082104588032e+00
1.814828487884884112e+01
-2.326427313852636303e+01
2.554423152213001913e+01
-2.539717487188610789e+01
-4.018728292063821073e+01
1.226126524371431969e+01
-2.411715750868521013e+01
-2.193296497251988342e+01
-8.857734764192204580e+01
-6.464872923792960080e+00
4.556470188412811240e+01
2.368367295737392908e+01
-5.726553670076839353e+00
-7.709939180249790525e+00
2.109802021220878032e+01
3.715475572228385204e+01
-2.326005872539885644e+01
-6.015468532125453294e+00
-1.900101443909366594e+01
-1.962328997193191071e+01
-1.717006886394760556e+01
7.075051986680499283e+00
3.952875760504852565e+01
-3.643120558433386691e+01
-3.134079362089357801e+01
1.837231440595701315e+00
-5.939308866885369298e+00
-7.455297499773855918e+00
-5.038908805226469667e+01
3.513615218933355777e+01
1.340024834166194978e+01
5.238760021198171302e+00
2.704610697332667257e+01
-1.832323896641782923e+01
1.729129142945755504e+01
1.553455974053181876e+01
2.032288574292465455e+00
-3.400936664355864281e+00
4.929244670096036174e+00
-8.820154067986951674e+00
2.833456000317698908e+01
-2.238376184261298363e+01
2.406898300020159809e+01
5.383928994193695416e+00
8.065189259447890890e+00
1.271274801959714296e+01
-4.859013164276869645e+01
4.708622230180310453e+00
-3.743340017481023096e+01
-2.737024386821779842e+01
-2.737402424816566793e+01
-2.789369698551547572e+01
2.957982831941308177e-01
9.357692822809752897e+00
2.783283027191041015e+01
4.833248449379183853e+00
8.030989124167145832e+00
-3.922750845943238573e+01
-1.425674676461756007e+01
1.901772269072490928e+01
-1.131745301436836826e+00
-2.733869697834734325e-02
-4.960129505249483373e+00
1.957213077905097975e+01
-5.100221550339421128e+01
6.299137164531014577e+00
1.132986233327832792e+01
2.415503427641137790e+01
2.065951327718901354e+01
-3.161832199237318264e+01
6.288652971802093816e+00
3.266994384553669306e+00
2.642307816765594453e+00
3.320716107073025114e+00
-1.052942656581160463e+01
-1.971129450996716059e+01
1.056794459748371651e+01
3.359763534476445557e+01
-2.787306019371158072e+00
6.462167413999935661e+00
9.490516608677864951e+00
-1.433229233146158776e+01
-1.517754470076147300e+01
-6.666626284169538508e+01
-2.061440720745693511e+01
-3.049788974445377221e+01
-3.740839591901817585e+00
-3.770904045383949210e+01
4.194251256439875419e+01
-1.748903583441915544e+01
-2.994696655463906154e+01
-8.641068042202380184e+01
3.711117310586197959e+01
7.445776132430722782e+00
3.401762064070013025e+00
-3.499146771714521265e+01
4.933272180688845765e+00
-1.113424047019569230e+01
-1.829394817879284929e+01
6.531479408956158750e+00
1.885386633294507419e+01
4.083863230594936056e+00
-1.186729029377374900e+01
-1.282432381503895158e-01
1.551225171213076237e+00
8.780907632429375553e+00
-3.548344244433830852e+01
4.029012611488710149e+01
-2.394034818164186618e+01
-1.671358223013898936e+01
-2.733621809204669262e+01
-5.806840191767567205e+01
5.024155170398827863e+00
-2.923394100900100057e+01
-1.063866908688744672e+01
1.822231756686306881e+01
-1.443990873958179577e+01
-1.943860840658658162e+00
-6.560212791270032540e+00
-1.120678465364721887e+01
1.782836620010193940e+00
3.029405149374203177e+01
-2.807704771261256838e+01
5.554918223116803233e+01
-1.263449759774803738e+01
1.866760657455270689e+01
-7.673000898741271669e+00
6.364030608289287017e+00
-6.075597602622821114e+00
2.448233534828881375e+01
3.421430978920096777e+01
1.068465213953522408e+01
2.570657627949438506e+01
-1.986447288081863860e+01
-3.685420566635080775e+00
-1.245387957503305643e+01
3.830943302783649074e+01
3.215810726041024736e+01
2.429706904469338724e+01
-8.576162550060359990e+00
-1.552834637165966569e+01
1.388525211763420941e+01
-1.568154945237043307e+01
-6.929826080030863977e+00
-3.224116232366284862e+00
-1.646374664141409028e+01
2.772372762576722494e+01
-4.603796363359052179e+00
2.117632639696835639e+01
1.091128025565215864e+01
9.638583432926708383e+00
-1.845440688447476418e+01
1.478717617439033916e+01
-1.020813773151374448e+01
-6.575153770890239002e+00
-1.742314515086462734e+00
-2.684720822616043279e+01
4.160200828686237173e+01
-1.485373172576054124e+01
-1.769945339599189538e+00
1.240978092349879347e+01
1.072404546960746075e+01
4.135066155381447572e+01
-9.601609598539283752e+00
4.203831033648792470e+01
3.771973432885062039e+01
-5.226175290231537929e+01
2.826292055663074620e+00
-1.035766083378516100e+01
8.740434753676311175e+00
3.311926407725891863e+00
1.108663644751976562e+01
3.476819413828624050e+01
5.445721663793063527e+01
-4.190023894577169017e+01
4.219098536727210558e+01
-5.461061675090579115e+01
-4.530489314531666878e+01
-8.058617730032651139e+00
4.018720695603406057e-02
4.063162095590791978e+01
1.995909055745522664e+01
-6.711135778922738382e+00
-4.974971879933011110e+01
3.936456818046398354e+01
-2.329216679587250383e+01
9.953250748409345761e-01
-3.978298491949942672e+00
7.022990185856929202e+01
-1.413082013098386369e+01
-5.955074911336174637e+01
1.746961448351834179e+01
-9.073817980054631960e+01
6.421836636875383419e+00
-2.034979653395730281e+01
-1.026917054989328904e+01
-1.513533335822651793e+01
-3.261272010203947502e+01
2.134517715721516140e+01
-2.119769684725880410e+01
-6.536403337798958546e+00
-4.400264452003551696e+01
-2.436393388658132153e+00
-2.915127580526885254e+01
-4.161603263788117602e+01
-6.337273999455499052e+01
5.122047421023751212e+00
-1.985299993480705893e+01
3.480637414413706665e+00
-7.872032407197480097e+00
-4.532382572296108947e+01
-3.624681846877759028e+01
-3.042249081865418248e+01
-3.161641894170637102e+01
2.972275294333678630e+01
2.841744666394276919e+00
-2.779247256718208803e+01
-1.210655246984674704e+01
-1.370959999165263810e+01
2.244875559874646598e+01
-1.732970925211030888e+01
-4.273826707819029735e+00
-1.564670864590624433e+01
-1.994065063399919779e+01
-2.256453304322688780e+01
2.060014229814687781e+01
-8.668896916542735198e+00
-5.164405782151516178e+01
4.300905509988274389e+01
2.455546712407410936e+01
1.473595568020073188e+00
-4.356272036564610062e+01
-4.176903713027104459e+01
3.846572870669831445e+00
4.039630816163821692e-01
-1.765443016194546999e+01
-2.554425438760403111e+01
1.751548836771479500e+01
-3.083577956271170706e+00
1.468867493043109107e+01
2.734437468879673361e+01
1.772613741949153621e+01
1.782476904815894159e+01
1.332948488175882140e+01
-1.166259591808682217e+01
-8.320479366004306598e+00
-1.212400053798562993e+01
-2.048947109770733732e+01
-2.386142336820665832e+01
-3.555233963235977512e+01
-2.078614657371831953e+01
-5.698078177563587587e+00
-4.290989402421712384e+01
-7.974024986160600292e+00
2.037783420075683694e+01
-4.407450303023307470e+01
1.662639016771255740e+01
1.500998792261998460e+01
-4.015809234916662263e+01
-3.166593710759380542e+01
-9.583375931805818482e+00
9.808205599808516695e+00
-2.200347106499845040e+01
4.039866830118988617e+01
3.585768815041831203e+01
-4.317614066575106335e+01
2.497810969671081693e+01
1.943860626560473293e+01
4.907294927445718713e+00
1.211521484957619066e+01
-2.392335738776435505e+01
-7.296796212178449537e+00
4.640964375828787070e+00
1.075095814996188892e+01
2.364381262128343764e+01
-2.866700864913666180e+01
-3.349986827775978782e+00
8.365178036138928519e+00
3.018263729285223462e+00
-1.666430983729310356e+01
1.221978025343208429e+01
-1.428903804775511333e+01
-1.148063922927609326e+01
6.462517119025221746e-01
-3.403162328912807766e+01
1.663083798949379855e+00
-9.434243135793224155e+00
-7.738988736840809679e+00
4.704315834128891538e+00
-3.038149838940228165e+01
3.320005516201106843e+01
-1.411143936894350759e+01
-7.461799481165070347e+01
-4.777448117508876635e+01
2.071535669404624969e+01
-2.264879240084903245e+01
-1.053194858580167192e+01
-1.469662431509103584e+01
-1.026588809594001361e+01
-5.642157738658076482e+01
-3.542225443290817566e+00
-3.487598000617595062e+01
-1.929440535247883304e+01
1.188852940293125471e+01
4.405814234453305289e+01
1.578227567152723054e+00
-5.654347926277552006e-01
3.335135026907512668e+01
-3.103274828230374283e+01
1.788401400827152798e+01
4.258546966656496124e+00
-2.669804972219782258e+01
-1.428289136563432749e+01
1.247307437285610376e+01
3.547667592466581254e-01
6.806896967232493267e+00
5.782047268199946188e+00
-1.325476682109854210e+01
-1.818028000371691633e+01
-2.800177716385144322e+01
2.759725932014438854e+01
-3.613786805511554689e+01
-2.683324239640721487e+01
6.977538080858991520e+00
-4.872462701213225955e+01
1.261553018988217900e+01
3.593107895666241802e+01
-4.061392698114474342e+00
6.512851988453462582e+00
-1.614030577808381395e+01
-1.232368301932473287e+01
5.832421382674908727e+00
2.130128085275089234e+01
-2.175369542167812043e+01
1.514679325754137551e+01
-5.941025666718161347e+00
1.724641048983727387e+00
1.298633250223105051e+01
8.363792151684577902e+00
-7.223604331555513625e+00
1.410883544130854261e-01
1.074967800577150001e+01
1.602189265437525023e+01
-4.024020129373369059e+01
1.841746701310171375e+00
2.886644230359073404e+01
-5.174954932314858524e+01
1.702283530709444648e+01
-6.536642962047973526e+01
-6.033125265861949416e+00
-8.304693807115754112e+00
-2.920591949801632836e+00
-6.821114820652866229e+00
-1.409573285194818482e+01
-5.336238351454198892e+00
6.695391872661062393e+00
-1.493148626476983054e+01
6.754745642151689822e+00
4.909354658471755783e+01
-3.395958307246263530e+01
-1.480095650682349628e+01
2.231331204360390075e+01
1.347305692211743633e+01
2.450773696070807262e+01
1.181830014276339824e+01
1.181769013416028713e+01
-9.008701331732964945e+00
-2.748601221265684558e+01
-2.533366613412283641e+01
-1.511978472294740072e+01
2.599792124852896791e+00
-2.364992658552586136e+01
-7.831334445280607071e+00
4.082245388779725204e+00
1.332602106007783505e+01
-5.718169522462382304e+00
3.339867578153977945e+01
-3.237869937333454118e+01
-2.195984180704215305e+00
-1.722746127466296073e+00
1.539808914119815597e+01
-2.196644436397630074e+01
-1.391215419879861770e+01
1.050517149862169219e+01
2.515513586644266297e+01
4.178996496774074387e+01
1.786979909219763840e+01
2.339271968120198153e+01
-1.562470034461912860e+01
3.523944535713178539e+01
3.694603269732326112e+01
-1.421620787376866701e+00
1.910413045381960728e+01
2.108275408931798722e+01
-1.314738510359781287e+01
4.747194243132639713e+00
3.392123958410724072e+01
-1.349082565350778395e+01
-5.108820863177356841e+00
-3.367306036676530567e+01
1.327891735571543563e+01
-7.178824760280292594e+00
1.101023587124234382e+01
3.281978179981564381e+00
-2.223586737731931962e+01
2.544936831090282681e+01
2.239993961446199933e+01
-1.501673821199372583e+01
1.064646230397430315e+01
-3.410171533889592865e+01
-2.965540884494117080e+01
1.381811311382250551e+01
-3.803722295069806592e+01
-1.717018134332459667e+01
2.886484572458130060e+00
4.614516957017641374e+01
-1.420894411140170632e+01
-6.849316785030168830e+00
-1.005080235692710744e+01
6.256049393005764614e+01
7.784210101831206430e+00
-2.403926387902886574e+01
3.952090983167357763e+01
3.499308522734028060e+01
1.752501743200491546e+01
4.191245418731702443e+01
4.794004820933515276e+01
-4.175256103744303005e+00
-1.545058860412152058e+01
-1.618012668752948002e+01
1.610573438514708755e+01
2.094105101229487786e+01
-3.832849029146316866e+00
-1.289787049272661079e+01
-3.406286428300994373e+01
-1.407389733810020971e+01
-2.518767967948508613e+01
1.679826719881475583e+01
9.535092280226820094e+00
3.554433991212977162e+01
4.140886912352272020e+00
-1.312649307328706527e+01
-4.720880454187701858e+00
2.200106076717015924e+01
6.967970011517820694e+00
3.035373604349229026e+01
3.106697309441346988e+01
-6.731218636938535838e+00
-6.016855725174274028e+00
-5.598651489448280927e+01
2.821124672798137567e+01
-6.691763551503981944e-01
3.019271360286256822e+01
-1.207188472536719814e+01
-3.477490343040363285e+01
1.174818920060574357e+01
4.059725774798106812e+01
-1.458265075066839955e+01
3.680718067108170999e+01
-4.053716821070834442e+01
-1.282391591195801084e+01
-4.525812958499921024e+01
1.061541597337071607e+01
4.499922834641012059e+00
3.007320581075930477e+00
-3.460531339836427378e+01
5.041430539587986459e+01
3.016294076179315198e+01
4.904936314378062434e+00
-2.869854028303097948e+01
1.205228271939822093e+01
-1.297061357815795191e+01
-6.893033376977257376e+00
-1.332118223807924551e+01
1.019552239382152692e+01
-8.043706341297991003e+00
-1.120566306701931580e+01
1.156888450836123639e+01
1.439688614319921101e+01
-4.761108647490590329e+01
1.104264557233395294e+01
3.750377079195540375e+01
2.232794191153507768e+01
-5.813664132918043848e+00
8.477219600073553352e-01
-1.949051957531943913e+01
3.222016034743410273e+01
8.629371335445171098e+00
-2.319391425409662588e+00
-4.149181903627265910e+00
5.933395298712270005e+01
-1.770713234680641790e+00
1.353830627359931782e+01
4.142824893006527986e+01
5.335623145049548555e+01
3.448195701983507888e+01
2.248634179336855254e+01
-3.685001198898977748e+01
-2.512939972119463050e+01
1.909786229281496617e+01
3.864486547664967020e+00
1.753511089972317905e+01
8.810948352529948124e+00
3.406632638243593192e+01
-4.289028013819170582e+01
-2.700550835689728046e+01
-6.384029986027542236e+00
-4.736174691796084346e+01
1.057785383246402944e+01
2.436729273537631002e+01
3.769219404670423046e+00
-1.227765865812057200e+01
1.283910235395197219e+01
7.645173105363551258e+01
1.708686225397559610e+01
8.710892562694311891e+00
-2.598287265441032901e+01
-3.313813047699778735e+01
-8.108999417945220500e+00
1.828406494092803314e+01
-3.296974399061355143e+00
1.313109394200237290e+01
1.930326372818962000e+01
-3.155164300555136947e+01
1.443128332334276820e+01
2.443980464760215909e+01
3.117941363505684649e+01
-3.642087857207400248e+00
2.595350366885043059e+00
-5.549415090360227509e+00
-2.671481821329135187e+01
-3.834739395316029231e+01
4.388725901902391513e+01
-4.269510180472394723e+00
-3.051978064648650957e+01
3.004132721906785264e+00
-1.430483388150999957e+01
5.012882550802140713e+01
-1.288006844918493243e+01
-1.978923975187191786e+01
1.920449598550919745e+01
-9.065261473513544388e+00
2.458919195717035677e+01
7.281700444045497989e-01
5.365908435452220715e+01
2.911538770022771061e+01
2.206609719475075337e+00
-2.054772999099212427e+01
1.516130626085291055e+01
-2.974804212049944141e+01
-4.822507959077825035e+00
3.382301974390735211e+01
-1.543821910800309638e+01
-2.477855807834248481e+01
-1.337632634435621526e+01
2.760781021650660705e+01
6.978968989068683015e+00
-4.574496671069826448e+01
1.835235301712428679e+01
5.140569288684957883e+00
5.091598493282518234e+00
-2.778858121294160810e+01
1.593241104822425314e+00
1.865003538989006415e+01
2.643869025472936585e+01
3.637502243774857646e+01
1.594255183606127879e+01
2.162901922990968728e+00
-2.984707128140991017e+01
-2.580876575270303874e+01
-3.810884594662492475e+01
-7.259337190702979115e+00
1.750583006873912950e+01
-1.365047134659903350e+00
2.832340732739442046e+01
-1.805930155327848752e+01
9.060670251433805333e+00
-9.608456746418042371e+00
-1.649134626414718952e+01
3.377030939201085147e+01
3.909068126054194181e+00
3.473561261454824489e+01
2.637287430858407333e+00
1.229463729793248561e+01
-9.906199269444812217e+00
3.353360465662655088e+01
-9.185148611483739955e+00
3.490747889846295138e-01
-4.312590291051259328e+01
-5.299168747028929261e+00
3.949203047801259459e+01
3.530282241806247612e+01
1.486903239197198445e+01
-9.155631212650746420e+00
3.070351832852750817e+00
-1.158020524048345123e+01
-7.656448489047676276e+00
5.107601655739245672e+01
2.767703079123521093e+00
-1.449024082042166128e+01
-5.989061720769466746e+01
-2.625557161564619690e+01
-2.123095654392488996e+01
-3.544121397184449052e+01
-3.211449009798778320e+01
-3.823352362379671376e+01
-2.537791838877139128e+01
-1.759399762635371189e+01
-2.733428899094643327e+01
2.594402294747170501e+01
-1.150931163198913509e+01
-4.887389158733537897e+01
2.223228537688396500e+01
-1.685255345478841349e+01
-4.492392780349837267e+01
5.372757765012730147e+01
-1.439682449113614382e+01
9.501306205483416534e+00
2.217840867345253741e+01
4.976800317334692636e+00
1.473672572707206996e+01
1.793449035708391648e+00
1.072747857548801420e-01
-8.225363279156240992e+00
-4.176490141530649680e+01
6.584543677048223742e+00
-6.902640877319032597e+01
3.930835748433663923e+01
-2.359283106850327272e+01
-9.791555263857418367e+00
-1.010267050554585921e+01
8.304810624089926208e+00
-9.472978832944349392e+00
1.496309592104317687e+01
-3.062516542278284248e+01
1.985972111568338505e+01
2.392328838937794444e+01
5.801397405730341461e+00
6.354693681217497669e+00
1.198389993512653007e+01
5.035646278168258050e+00
1.531749449441480238e+01
-4.413207235347769597e+00
-3.898259109598936334e+01
5.322569415193441955e+00
-1.376689301142997124e+01
-3.003514427250621566e+00
3.067177935951428935e+01
-4.460559910918549065e+01
7.866951868126363934e-01
1.166338192426138676e+00
5.085193116089271825e+00
1.740812883788967724e+01
-6.770155039662334673e+00
4.616242013245994258e+01
2.447080530097771600e+01
-8.531026756466644656e+00
-4.190263127834981560e+00
2.094145771934094569e+00
4.278548932600534727e+01
-2.943768138339640927e+01
-5.727678548197945929e+01
1.714951555265534466e+01
-6.805341127587993810e+00
-9.302334076837126986e+00
9.209438126134003255e+00
4.229613154460375313e+01
2.468723135796440715e+01
-8.932472990654702016e+00
-2.927244781883291580e+01
-4.750801127776533406e+00
1.573023235745505843e+01
-8.519495733162671058e+00
-4.157273613781001131e+01
-3.389699999288765753e+00
-5.317495635939587828e+01
-2.829604579227006411e+01
4.581695719483923313e+01
-2.908760581861031369e+01
-3.813146242965945021e+01
-2.878691680398343777e+01
-2.062948196489547570e+01
2.022650837360615128e+01
4.709869178668101597e+01
-3.698876290708170700e+00
1.446689217913764480e+01
-1.188257829067353555e+01
-3.888693537204895989e+01
2.628474045015162375e+01
-2.641024911673042652e+01
1.461100099649357276e+01
1.788165998008966540e+01
-5.938762000309253608e+00
2.114269102940201606e+01
2.306784884042021133e+01
6.360747106391735883e+01
-6.669548679316335438e+00
-2.902003750933282333e+01
-3.525902901875468842e+01
-9.605140087807917837e+00
-1.878839053052845642e+01
5.301892590987148424e+01
-2.460434473181373960e+01
6.471809599862480056e+00
2.746205761122695321e+00
-1.235487788000909148e+01
-4.766153280399822734e+01
-3.517593939035123185e+00
5.533678202976972216e+01
9.738024835568793947e+00
4.210024128717719805e+00
-3.244863618198377253e+01
-3.228890391299910334e+01
-7.898917986440714856e+00
2.582528103999743507e+01
-1.427668930057919283e+01
5.775131248569945797e+01
-2.720142895322942422e+01
1.055518490886147731e+01
-7.695666871384787555e+00
-3.643597030726175490e+01
2.430131563090441205e+00
-2.879518011673906130e+01
-4.150939701316116270e+01
6.236378468838836397e+00
1.071502490360458637e+00
2.937563596213416872e+01
1.326278763570042685e+01
-1.887973097609404860e+01
1.208803280518759493e+01
-4.916689638107514781e+01
-2.689261491129610704e+01
5.013136337273379439e+01
4.636422522099181265e+00
-5.964379122151399315e+00
-1.673127446912454275e+01
-2.469200634575884123e+00
-5.565238773224223223e+00
5.004375967496849853e+01
2.339797048024090742e+01
-6.646699368716554090e+00
-1.969449756168273780e+00
-2.209809890718302938e+01
-8.812147739517740774e+00
-3.539449373442604951e+01
2.775639045698532925e+01
3.936748717564384492e+00
5.800169658686627372e+00
1.007845753925086285e+01
-4.503824276511885216e+00
-1.155365233311128037e+01
3.050266699938706694e+00
-6.081348660195430966e+01
-8.713445642509725531e+00
-5.777537149994117271e+00
-4.349090755661421781e+00
2.706627481035539518e+01
3.654038985090519986e+01
9.730168196041802275e+00
-5.350012018021141813e+01
3.496343735561288213e+01
-1.202908052920960813e+01
-2.104068210679730555e+01
-4.899455542902494898e+01
-1.691138026039661213e+01
3.491808898238450354e+01
1.716138660756672607e+01
5.651282690394111796e+00
1.892166010146729604e+01
-3.279458775215420019e+01
-2.614313445644006606e+01
3.169495572741388401e+01
2.185793018018048883e+01
2.698952445847538684e+01
2.771658597282907976e+00
4.746778313803758920e+00
3.064238736596314538e+01
5.423773802076365769e+01
-1.173804616768725850e+01
2.163575841480223971e+01
-1.455615803215243886e+01
-2.462394231963434521e+01
-1.946895664628843292e+01
-1.958227901617439670e+01
-8.142483149542613319e+00
-2.671155902143786420e+01
-1.100036573884375457e+01
-7.625025811495828520e+01
1.906012763378959107e+01
1.243887653523903225e+01
-2.666716376623185170e+00
-2.180957383092555801e+01
-1.038128875258573203e+01
-3.083963674632212815e+01
5.525066228194788209e+00
4.525560211045564074e+01
-1.240710925057913983e+01
-9.477704793640327807e+00
1.178143959857970913e+01
-2.869530154319517123e+01
4.752334986214074064e+01
8.245291067255202222e+00
7.828132280879685823e+00
2.778127363299535091e+01
-1.399389134992475192e+00
3.142385405396072429e+01
1.061620293115792890e+01
-2.209061478007811274e+00
4.602780576096819232e+00
-3.553435275509968960e+00
3.716250858922916223e+01
4.822014375802922359e+00
1.019934376843241353e+01
-6.526990856360527005e+00
7.886983963419254451e+00
-5.175778942386301651e+01
-1.974162789862805312e+01
-2.736564154911633295e+01
2.659566311442733877e+01
-1.794956204443604975e+01
-3.367466498773620742e+01
3.245329786771662839e+01
-6.826088221111234589e+00
2.272487802266826407e+01
-5.051489951173670079e+01
1.040773518814429721e+01
2.907171197687205222e+00
3.443680185561618146e+00
-6.527932464136625867e+00
-4.073804906339034915e+00
2.845316873038712657e+01
1.018908625719376460e+00
-2.845473589076354415e+01
-1.050538189013435897e+01
1.233360601520497823e+01
-6.445385162424699388e+01
-4.929805240149145362e+01
7.245465564083133359e-01
7.863687496151840151e+00
-2.633812245064625301e+01
-1.067376038206361955e+00
5.890646290037233257e+01
1.566650727384637776e+01
-3.014972949741985531e+01
5.237039301479043729e+00
-5.192217985322400864e+00
7.003740643194461768e+00
-1.993082762129853336e+01
1.232172191072052669e+01
1.472851011151988132e+01
-3.875982559556859997e+00
6.243735221329674800e+01
-4.431783004362841893e+00
-1.766708475024751124e+01
1.331397592884269443e+01
2.401381934799712781e+01
-1.889651873749107835e+01
-1.021250466346781849e+00
5.475296864233489202e+01
-1.563541114683914657e+00
3.285225625008342831e+01
8.168585923882517363e+00
-3.908164672189855082e+00
-1.270587479204255033e+01
2.918284753239265683e+01
-3.123274389488823743e+01
-5.841479231034441000e-01
-1.016769272869433394e+01
-2.218981636977652983e+01
8.393454449432329767e+00
1.486238884710928509e+01
2.419897481107113890e+00
-2.222213446185037355e-01
-2.224059604555418446e+01
9.049901761010090695e+00
-1.847971619127278586e+00
-1.266536022613576762e+01
-1.125986663015596889e+01
9.232420581145504457e+00
-2.081762505380766015e+00
-2.113349742558577304e+01
-6.092319125569156313e+01
5.848527626788055045e+00
1.077770805376796659e+01
-2.710206534093765640e+01
-1.335006418865202704e+01
4.621458486814410094e+01
6.270663384545144936e+00
2.204400887545631349e+01
4.825570674679852345e+00
2.226583131560056472e+01
3.200117611513746851e+00
-2.176558501677108382e+01
-6.081361018276794539e+00
3.041209820178721657e+00
1.758916035397052724e+01
4.214665332502750061e+01
2.750324015792284627e+01
1.692318188455260497e+00
9.545419316014346123e+00
3.386723654432915964e+01
1.476622799018343102e+01
-3.875308765835853819e+01
-1.541456443504185359e+01
6.244178326981739247e+00
4.765482345544398868e+00
1.378008834492869994e+01
-2.895521213584621023e+01
3.935551997390142276e+00
2.418211050157228215e+01
2.673608085753440378e+01
-2.403204975320190329e+01
1.324703229491319689e-02
-1.242955348730390597e+00
-9.510995336716490556e+00
-1.588126984987288637e+01
-8.652184390489537691e+00
-4.920139088113188564e+00
5.650117040875443308e+00
2.365281259589141882e+01
-1.726627416855954777e+01
4.525333813911896641e+01
1.833315808084546461e+01
1.500430510300685683e+01
1.980952821702747713e+01
1.515253366827954551e+01
2.033431814122616288e+01
3.060332684593436170e+01
-2.546341350271163861e+01
3.482649297048399717e+01
-6.380639662406335333e+01
1.771072166408266924e+01
-5.979208104527054957e+01
4.667593415818134872e+01
4.214923001699993677e+01
-5.257575553138423174e+00
-2.693947575787913706e+01
-2.374471112473113976e+01
-3.077014830854068350e+01
-3.544039639814005227e+01
3.165098006560168642e+01
2.353093090988494396e+01
1.337489221986322718e+01
1.583618469380496663e+01
2.499177732255520823e+01
-2.191669861212534443e+01
-9.918512811293254572e+00
3.085850379800449872e+01
-7.311558658911238240e+00
2.987142399963190087e+01
4.166615233563285869e+01
-3.240399070111152469e+00
-4.096030074652168196e+01
2.805136758055937207e+00
-1.451834003258698047e+00
-5.707822094820471648e+00
4.559108149035751012e-02
-3.647306728681371624e+01
-7.043908642568950995e+00
4.952282643790532290e+00
7.439921949489828989e+00
2.732915493496338399e+01
-2.388433448693585603e+01
3.116769430563977039e+01
-2.232221531065471254e+01
1.435095014760457843e+01
2.259358735392757467e+01
