-9.154508157710332661e-01
-5.861427416044229233e-03
-1.910768639961197835e-01
6.239176695989477883e-01
-3.152847825933191572e-01
-2.413935086769241067e-01
-6.521141439721311883e-01
-1.363780798618300150e+00
-5.380811657109856316e-01
-5.913763609170539226e-01
-4.778379268330792407e-01
3.928576489131851979e-02
2.690714083169032378e-02
2.096254838891642436e-03
5.254244422491494149e-02
6.759726566645678503e-01
-3.189195418347492428e-01
-1.976165755012306846e-01
3.277182121455357589e-01
-1.600570018282670759e+00
7.730025759466165880e-01
-3.113975056300652966e-01
-9.186778564183140094e-02
-1.480489823562163298e-01
6.202835657343364062e-03
-8.523918219961257314e-02
1.300922053039142323e+00
-2.737181557517285313e-01
-1.217203312106036606e-01
-7.768894137214115148e-01
1.065143917377092464e+00
-1.206185342707857266e-01
-5.994548683134883760e-01
2.691208751982756553e-01
-4.015674588546680468e-02
3.533066684591092965e-01
-1.924516243944562888e-02
3.543060534005171291e-02
4.985116580430439814e-01
-1.476435775841972387e+00
8.204432930722767026e-01
1.617850047747064757e-01
-1.256903000743871957e-01
-4.324841288133752792e-01
1.834801760104145529e-01
-2.190144413411339031e-01
7.004051060220426450e-01
5.121712249854031285e-01
-3.395879242410977383e-01
-4.278154619097911393e-01
-4.415383071140279725e-01
-5.385367517189727504e-01
3.085406800265024785e-01
-7.473134768316613830e-01
2.099670872530552401e-01
8.620855061576402356e-01
1.013262856502965104e+00
4.783474647735506124e-01
2.598418016107109096e-01
4.431418723455342601e-01
1.332855426710279012e+00
2.834738620146373123e-01
-8.046997146234988740e-01
-1.802151992211946663e-01
-4.245703376573626286e-01
9.030207390873949969e-01
-1.094137348783109420e+00
-8.864497288680794895e-01
-4.617907900465265669e-01
-2.051297015171531513e-01
-5.901032142590878493e-01
4.081622251298244741e-01
2.028919740496482049e-01
1.883645365618660250e-01
-5.727077510248207437e-01
-5.029837235631466896e-01
-8.138391861018035023e-01
5.076854858048651664e-01
-4.665574724301985166e-01
4.550575713961224622e-01
-1.119733663097021992e-01
-4.468469686247518169e-01
-7.540094149029583637e-01
-2.117468428031479277e-01
-2.161075157909504441e-01
-2.071440624866094371e-01
5.918831207382475590e-01
1.062574089144252110e+00
-6.013292735964914648e-01
-1.140742759057763678e+00
-2.773522331553324172e-01
1.595809717927097360e+00
-8.270644113211507165e-01
4.636627362045988576e-01
-1.245991606341103619e-01
-8.984971834933124235e-01
4.022880990796597889e-01
4.746390837089311532e-01
-2.118276911010212871e-01
4.479477863011380734e-01
-3.938800600198177904e-01
-8.038252129864753570e-01
1.394632452603971728e+00
6.456257033215067054e-01
3.619472193220891754e-01
1.496769628473630931e-01
2.648874754189129987e-01
1.185778961467161885e+00
-4.017511052870262889e-01
4.923964073695552557e-02
-2.029768294196477640e+00
2.986666754795144207e-01
-9.801872970788176875e-01
1.838857864250225127e-01
3.026548194946974135e-01
-4.916686729091335195e-01
-7.578593719802944051e-01
4.996975642409928753e-02
-4.413682473747799762e-01
5.893156192346085120e-01
-6.546819211651109249e-01
-9.021562023199614089e-02
-5.449486447464599870e-01
-2.541215398335783249e-02
2.953099121412705585e-02
2.851716590793760275e-01
6.266089848327993650e-03
-1.009394456615515523e-01
9.252470109049409919e-01
1.317912823164141045e+00
7.083872228736947108e-01
1.021492982866047061e+00
-2.062614349585530915e-01
1.067546470731493002e-01
7.513220040647743403e-01
5.505050937291144919e-03
-1.092818186810391889e+00
-6.210808542861026016e-01
-7.121830243000584204e-01
-4.252677107671438694e-01
3.868131253073583409e-01
-1.720641359284485361e+00
-1.893028862862795592e-01
6.216613922769791412e-01
-5.929616762741352076e-01
-4.642165786291627683e-01
7.805901943147235400e-01
6.907089840868501085e-01
-4.373153160945271178e-01
3.964139310137531069e-01
-3.853178684986795499e-01
5.514017391338537077e-01
1.117676070922111187e-01
1.964965744799731517e-01
-1.208160249942451081e+00
-6.889001946723826153e-01
-1.541376898925559402e-01
-6.224200202980528784e-02
-5.839843874954073755e-01
1.580441180573700422e+00
-2.023276878235904519e-01
-4.385081498880145645e-01
5.894566240328042994e-01
-6.622327697522016887e-01
-5.331627163107324208e-01
4.329043682940234561e-01
1.580743640917552373e-01
1.433610461781178458e-01
1.935828253054534542e-01
-1.710397255306448372e-01
1.824971650389919375e-01
8.514956322865405713e-01
-4.229848998716057018e-01
2.807841411518214869e-01
1.302073782481972586e+00
4.582086631269994825e-01
-5.692148417633724478e-02
-2.625169975127761290e-01
2.201545195509644337e+00
-3.387796562612361839e-01
5.599992281895165291e-01
4.054771651684965228e-01
4.409024786436068766e-01
1.351307119479177032e+00
6.826630566929550170e-01
-5.866304602840055615e-02
3.312084674113595639e-01
7.422844504778254304e-01
5.375618660016474593e-01
-8.669284646547215090e-01
1.359501684800845211e+00
-1.271117370070078856e+00
-1.991050745049391946e-01
8.128500744434221659e-01
1.693749378369719394e-01
5.350111760417775031e-02
4.391187623595325107e-01
2.658382488582242686e-01
4.710640526462039901e-01
-8.943521094880786393e-01
4.503345507311262708e-02
-3.528574189185800236e-01
-7.144236428911643344e-02
-2.496960550727678196e-03
-1.736520288064275497e-01
-8.517434992262939986e-02
1.232621796654860269e+00
-6.680634696160869801e-02
-4.280139584457738344e-01
-3.216280863761655784e-02
2.021620875979417420e-01
-8.870284360522213696e-01
-7.141546110185732488e-01
-4.828068367644702263e-01
-9.021414089200248121e-01
-2.537597479022136726e-01
-6.042386569571633892e-01
2.544030458290080787e-01
-7.609919033360501572e-03
-1.890528005986649163e-01
-1.288648800281397833e-01
9.735203106318124355e-02
-2.873733017172237503e-01
9.294657713349352424e-01
-1.243384378748938701e+00
-1.702935550642892260e-01
-2.218029525125353452e-01
2.436705040496729424e-01
2.765331229736145424e-01
-7.062509251159898582e-01
-2.075666161259981379e-01
6.574852678072163892e-01
-3.418117686176304071e-01
1.964408827351236120e-01
5.210034547220292467e-01
-2.187134483344621572e-03
1.657956429260297071e+00
-2.055877261801430933e-01
-5.310342786844595153e-01
8.672007872922549154e-03
-4.115013110553871201e-01
7.319320475650514801e-01
-6.608548079571008316e-01
2.031578037419059513e-01
7.437514883728679749e-01
-2.049473914413386666e-01
1.702321620088390830e+00
1.821692931847835872e+00
-1.034396524912027715e+00
8.316513583198918980e-01
2.998935863795209045e-01
-7.832039786975775186e-01
3.065081352141647564e-01
5.919870625458023561e-01
6.296608203021998307e-01
5.533981101082252607e-02
2.757633075012702051e-01
1.053255398202876947e+00
-3.386513535194382030e-01
1.465315775496445205e-01
9.678943958149615057e-01
-5.076890171901053961e-01
-2.982898326654401799e-01
8.334677544919277814e-01
4.451268748196850478e-01
1.110795243103432028e+00
4.453409570212976121e-01
1.841317184039779065e-01
3.527904850324219410e-01
6.124352327698865395e-01
-7.094865847196882847e-01
7.882355992434586511e-02
3.193598243027978567e-01
1.217744624324872404e-01
3.459105167187441765e-01
-8.968662644184993704e-01
4.901950546159987709e-01
-6.165073486648813272e-01
-4.711981925358910139e-01
2.677228457179394727e-01
-1.710345376437576448e-01
8.430108687550355029e-01
-2.793286927662599339e-01
4.007877099350007910e-01
4.363303646832275007e-01
1.140858773192004350e+00
7.755856353252795765e-01
7.460804306699961863e-01
-1.102604316144804031e-01
-1.196142635767545315e-01
-4.553864857219718232e-01
1.151457631420906402e+00
1.179596535365891263e+00
5.402678049204676647e-01
-3.722960818573461950e-01
7.142445139471247373e-01
-7.793238067219476761e-02
2.947725882940437359e-01
9.698604565461277360e-01
-4.371251442097578988e-02
-1.625145717468079454e-01
-3.701248111593962165e-01
-8.437863053700476179e-01
1.394600408092631305e+00
6.986300302843861942e-01
-9.105204275896250365e-01
-2.653278166273369543e-01
3.454483563021708559e-01
-1.823771649635017589e-01
8.990863407572255994e-01
2.437661115866376349e-01
1.136514305640048406e+00
3.918289798568079796e-01
-3.474783418578626382e-01
2.796057945340013617e-01
-9.938720026490344139e-02
-3.763817476900461756e-01
2.465356071485627076e-01
2.810678380980675684e-01
1.293017430310707816e+00
1.087040944337344772e+00
8.289773657234147386e-01
1.016790708336145599e+00
1.251749867759497370e-01
-4.048900175047744909e-01
1.881384519831352797e-01
-4.978140534975784570e-01
-7.662240071050885337e-01
-8.166381942999469956e-01
-4.497090583036866818e-01
-1.576772284623920939e+00
-5.088443824750519262e-01
-1.225510906710657544e+00
2.726888289748461425e-01
-6.688725108401436525e-01
6.904227052031419731e-01
-1.370019072120228110e+00
-4.399583601941867705e-01
6.364648903570024885e-01
3.005017688272184628e-01
-1.255087402760018289e+00
7.811169071134536068e-01
-4.128456340892983079e-01
7.766714290790659447e-01
-4.057417971222627706e-01
-1.097250818891771118e+00
2.354332905407683363e-01
-9.005548576252024873e-01
-1.065279386916992976e-01
-9.023736568373519340e-03
6.051546463820045574e-01
1.809075089534935898e+00
-6.451057110113058712e-01
-5.429788041402825449e-01
-1.004788275795451824e-01
-1.337327086120492226e-01
-1.148605819029384634e+00
-8.560637020152466192e-01
7.562567687680128437e-01
-3.058522116793085388e-01
2.741058295744478457e-01
-6.942822848994563145e-01
-1.935535738978355624e-01
-6.212276951140145442e-01
7.060597765422733652e-01
2.110586975102801688e-01
-3.540264548430620550e-01
-2.088834563428498825e-01
1.557797382074119774e-01
-1.087625936697840245e-01
5.565995470739348860e-01
-3.867299482692052592e-01
1.239438402046051380e-01
4.861226133507341451e-01
1.959657162082049098e-01
-3.118608608982356145e-01
2.246322897706830801e+00
8.255559336150839478e-01
1.083830457156835791e-01
1.060334849793562739e-01
-8.733714437095430050e-01
4.611387482455864273e-01
-1.070616691681913313e+00
-4.682164513540438833e-01
-8.484241480721514961e-01
-2.703330662017267016e-01
8.584021491856113073e-01
-8.292745050277128271e-01
3.224796143832391326e-01
-6.868090841919460843e-02
2.450794533979472334e-02
-4.893227516355267426e-01
-6.163451841808456066e-01
-8.607084966170930329e-02
-5.327290215730180467e-01
-3.320925043581031133e-01
-5.506304067022997906e-01
-9.373488409087366025e-02
-4.608293139790471393e-01
-7.089040365618677342e-01
3.413599649494898358e-01
-2.065365265029917019e-01
3.173652956342749576e-01
1.586983415195335478e-01
-1.078819222041702330e+00
-7.602359370302254060e-01
-6.936819423496078940e-01
4.854646101448452100e-01
-5.851817564686179196e-02
-8.966138120344457896e-01
8.252080441561009394e-01
-6.221715970169339194e-01
7.950994815628139589e-01
-4.397479118335285708e-01
-6.874464371607160729e-01
3.784648187384513918e-01
-1.020521637741484078e+00
-4.862694744112721068e-01
9.199935104404097785e-01
3.191142279760112999e-01
-5.664932191439042697e-01
7.916173334372493819e-01
-2.427009392642762720e-01
-5.078707516065197325e-01
-4.364656617349300660e-01
-7.598477187430923152e-01
3.684929647638857109e-01
-1.303917145225958585e+00
-1.141758522230976958e+00
-1.038317248033848728e-01
-4.263095713721463120e-01
-8.771003339509130248e-01
1.068000931210974613e+00
1.964499216352133981e+00
-3.796803200182456983e-01
-3.046958349341366556e-02
-9.160251386795401629e-01
9.407666080191283697e-01
2.992713428824833599e-01
-2.656220722147466518e-01
-5.647541623238776509e-01
1.967955278110933293e-01
-8.626872060663779429e-01
-1.765384770562148375e-01
-1.272410560873185492e+00
4.559906443148449284e-01
2.284101342222415454e-01
-3.840893312409932037e-02
-1.426617659884588107e-01
-5.484619947048603450e-01
-1.814622819234203988e-01
1.949636490692038926e+00
-2.349882253448392078e-01
-6.857687309706550494e-01
-9.804314150626809443e-01
1.958133014228415902e-01
-5.266384815771502081e-01
9.920505356404785147e-02
4.473734166555904945e-01
9.602535718626326045e-02
5.150022865595071941e-01
2.495594307144797241e-01
8.738672145167729610e-01
4.077612198971038993e-01
-5.027362990448192015e-01
6.937973243705486404e-01
5.224126896963450228e-01
1.829763770410890444e-01
5.948690098362798828e-01
-3.888048740893914612e-01
1.029943007209636718e+00
3.215464780511422815e-01
-4.617699430759880652e-01
-1.177879190635407469e-01
-2.449331192388264355e-01
2.691028297897481991e-01
-3.755099299822508563e-01
-1.151355420618833669e-01
-1.678294366572909979e-01
1.155751373648749691e+00
8.185620696780828709e-01
-9.749592234373580801e-01
-9.145714824465711601e-02
-7.612235522775661067e-01
-1.915859660595433667e-01
-3.523330854660267075e-01
1.173245135292546593e-01
-4.270604754467624553e-02
-3.943349241820301998e-01
1.844207453009634179e-01
-1.035836671318060009e-01
-1.441210415144353885e-01
1.239024168355397748e+00
2.399388941990617807e-01
-1.199667983001748706e+00
-6.214322478533400584e-01
1.368446916913674372e+00
3.399168129059813026e-01
-1.275876368881601053e-01
1.584885281027691661e+00
-2.585564386923593361e-01
-1.301957021350048649e-01
-1.672013080745697877e-01
2.153323718834778688e-01
4.446816263660108293e-01
6.166101495833475887e-02
4.222788229833769336e-01
-1.965153121161185013e-01
-5.255124725281863363e-01
-5.602680815413678683e-01
-7.061776735001119576e-01
6.389080600219885220e-01
2.196516944203725785e-01
5.525570848757895837e-01
2.395778312233449725e-01
1.283219098254204660e+00
2.437266002933649034e-01
-1.111641453696254445e+00
-4.812080209677644937e-01
9.397285058869342400e-02
-4.047448264909343507e-01
9.016396628433329674e-01
-1.919749856111483410e-01
2.151975554405075597e-01
7.661773351635710050e-01
-1.127878686372328687e+00
2.139465395756491972e+00
3.041687718281174124e-01
3.601777217863659786e-01
5.449389244230622431e-01
8.920816195507796920e-02
-4.848662397397784929e-02
4.672221762316111082e-01
-5.141247172115006592e-01
1.200896292951265210e+00
1.071505670761751183e+00
-5.492257219955485326e-01
2.756091844901797927e-01
1.011901675994167249e+00
-3.187229724943470011e-01
2.708966764200457789e-01
5.235450056977377642e-01
6.262438467139501697e-01
-1.083702378507234165e+00
-1.298519494875680635e-01
-4.192449217691289753e-01
-8.853662633042347352e-02
-1.203006922534803902e-01
5.656976668525803831e-02
-2.479659851620006350e-01
-4.227041480284512431e-01
2.068986298449704275e-01
1.253848261098684524e-01
7.817950890447212808e-01
-6.249700899628010120e-01
6.122405684714937735e-01
7.210408182955765355e-01
-1.624112511777182632e-01
1.107648133503198462e+00
-9.728275733162528027e-01
-1.485590572600995696e+00
-7.704075268674070998e-02
-7.969971294652289373e-02
6.031661848514602298e-02
1.115661196751010387e+00
-6.049891058831202706e-02
6.160888629304168695e-01
7.870801089642802673e-01
5.713903429779154663e-01
-5.299729501896344175e-02
8.878040560193731778e-01
-2.458818466391194946e-01
-5.205253836589358585e-01
-6.144522060181518697e-01
9.934244704504924250e-02
5.380698460570565445e-01
-6.413524687964500259e-02
5.149871571247723878e-01
1.325165321113264127e-02
8.432011341236282931e-01
2.514868133570682396e-01
1.143652378000654668e-01
-6.700813279221851104e-02
4.380860434201434561e-01
5.811091442300417853e-01
2.560392728175351351e-01
-3.534306668506026483e-02
-7.690318399649873626e-01
4.048793489287367819e-01
2.821467719310328803e-01
5.178593386191719938e-01
4.361198717923402413e-01
5.166351257010797227e-01
-1.000938906270936180e-01
4.449147316271355734e-01
-4.564655629293170591e-01
-3.738647970378927710e-02
-7.898317881830845266e-01
-4.889090428147704337e-01
6.032595507119800082e-01
-1.313748521217245946e+00
3.855228569257942439e-01
2.200612462292941274e-01
1.259850392044473910e+00
-2.900908909849961859e-01
4.742496449288952087e-01
-2.073931315619432780e-01
-6.991060774479298523e-01
-1.012886175864835536e+00
-1.794946096031408977e-01
-1.328568146420435081e+00
1.902939286189413437e-01
-3.341970167791721291e-01
4.691075843561816061e-01
3.497244379676445192e-01
-3.870382398714893313e-01
-4.310408013606945588e-01
6.225182695558388879e-01
-7.977146768089558027e-01
-1.950560029488226377e-01
-2.374892747336057042e-01
3.235635546658386374e-01
-1.885128282038284198e-02
5.752786302825119158e-02
-2.368731106769166317e-01
7.758339888902021642e-01
-7.937906941506174263e-01
1.446412593679777814e-01
8.567798570777167555e-01
-4.752656428725725579e-01
4.118674146885448195e-02
-6.135032427693154489e-02
-9.885591851402598662e-01
-6.265475543152660975e-01
-6.131418759326251466e-02
4.151246329190383388e-01
4.692719597128864883e-01
1.169669935146799844e-01
-1.024340801353318398e-01
2.392368402362663460e-01
-6.062130525388393920e-01
-1.588243648169740396e-02
-7.743182613289443239e-01
-4.069897492059046940e-01
7.158284679086825975e-01
-4.317568447214643612e-01
9.778620649581810653e-01
-3.277190069072366541e-01
4.991893352795768735e-01
3.773420583724025335e-01
-8.878555108497332427e-01
-3.979271356663918180e-01
1.145134498937707690e-01
-5.562566528292243184e-01
-5.857977456022163132e-01
-1.240291721560577543e+00
-8.233887672834070415e-01
-7.278702309702094198e-01
-6.223594913886718594e-01
6.166261986956911301e-03
3.015970857539667094e-01
1.355572292091222764e-01
3.328714509355731321e-01
-8.395550998368777051e-01
1.792243931882868679e-01
4.032981620653730559e-01
-9.903648885681207714e-01
-8.815760242169083938e-01
-5.670282616330233338e-01
-3.944101715852073031e-01
2.444064295710779433e-01
3.071352320123565960e-03
-5.861375731831022229e-01
4.600750429425248811e-01
-2.942973869145151244e-01
7.752413888693538979e-01
-1.251187782473887289e+00
8.870946820609666439e-01
-1.106385113419443567e-01
-6.441385587003944924e-01
-3.628839401461134706e-01
-1.191047215867735432e-02
6.272401591529058740e-01
-1.027938895338691871e+00
-1.707800495896893977e-01
-2.559926655600768264e-01
6.514749962151173968e-01
1.167987394915932509e+00
-1.447664579467403456e+00
1.339888439379177676e+00
5.850259019217736167e-01
-1.092759369097306976e+00
-4.896949785127566734e-01
1.112569843582934759e+00
8.561504150958878512e-01
-3.100144943773450734e-01
-9.717450435646579621e-02
2.076705274594199402e-01
1.055493937199196264e+00
-8.196797602324756848e-01
2.147416896739440251e-01
-7.497696745452753220e-02
4.412453680587073990e-01
-1.033740517384510893e+00
-5.420191932502260723e-02
-4.424820189578687613e-01
6.748097805822506068e-01
5.680157178848039834e-01
-1.285554801749464460e+00
-7.013228734343353032e-01
-3.277527577334247155e-01
-5.595115767950185059e-01
-1.827912780421512284e-01
-2.927273848988365401e-01
6.652495185378191067e-01
6.027845904215798356e-01
-6.532401581755742370e-02
-5.812751964989586462e-01
-1.250285487648577387e+00
6.932044946427620147e-01
-7.027395141391221678e-01
-4.861575232709327565e-01
1.124574640162372408e-01
-5.094153027628580688e-01
-5.785388532054813737e-01
-4.354533474807381621e-01
-6.918021601296180378e-01
-3.424183735578528731e-01
-6.927400431331118824e-01
8.173057793920120995e-01
8.858556090204916522e-01
-9.831463997831146884e-02
-3.276922391546630564e-01
-1.125597553335033751e-02
6.065391419244221538e-01
-1.249946817300936264e+00
-3.097450934806680323e-01
7.698583504999199079e-01
9.948535238830298333e-01
-2.265315383397989990e-01
1.477081144298200144e-01
7.511283355630551384e-01
2.435201315903527952e-01
-1.982544896818039248e-02
-5.643696272879186182e-01
2.753846610885997137e-01
-4.924834208866002427e-01
-1.992001647581433943e-01
-2.616708336358986031e-01
-2.383095045355432262e-01
3.243355293564702535e-01
1.182633729662071698e+00
-8.977695902205784506e-02
4.819458203477022806e-02
-1.321636808463950707e+00
-2.748101750249478670e-01
-5.237747682765823143e-01
1.210035671077314134e-02
-6.102036468274700809e-01
1.197712713485175051e+00
1.240814351736156951e+00
2.631984166041790862e-01
-3.000741084191682617e-01
2.335126497784845157e-01
3.600127282957741315e-01
-6.568319222941123581e-01
-1.279291363867738340e-01
2.282599923641814854e-01
1.904113463549075291e-01
7.496820240606627550e-01
5.914659651268254770e-01
-2.882603200006839117e-01
3.783813825537256648e-01
-1.430562951334059640e+00
-4.328519515324402711e-02
1.282155485016303054e+00
2.415568385811752705e-01
7.617584082630912690e-04
4.153433840716633796e-01
-3.512551947472773994e-01
1.331255179202139871e+00
-2.464053634234346646e-01
1.188726474430043645e+00
5.407968953321716787e-01
-6.477286024601962566e-01
4.666017743064769796e-01
-4.079590204895642280e-01
-9.874075878219681357e-01
-1.061190031175254234e-01
-7.992982421020604633e-01
-7.870822359488496289e-01
-3.085222101743223533e-02
5.005273189475900608e-01
-1.431715423919550645e-01
-4.958123457167165071e-01
1.131373252652929651e-01
-9.784018194225412302e-01
-6.561836146471156095e-02
-1.260273251956832041e+00
7.761802418641015056e-01
-3.120189263927186651e-02
-7.051844615330202792e-01
-3.174530542803828403e-01
2.671595784296512122e-01
-5.014418660238797454e-01
-6.315185864434296192e-01
1.290359520273749672e+00
-3.775871724087664916e-01
-6.084317163891252989e-01
4.541279258201520452e-01
-2.662773730182074194e-01
7.528185930755049160e-01
-5.269353128568354805e-03
5.658328609236029649e-02
1.522073113543077838e+00
-2.037107701891698319e-01
-5.203138296439751009e-01
-5.942490725526567985e-01
-7.858704545555337262e-01
-5.196226743665111059e-01
3.874450484798686034e-01
3.900712474161753818e-01
3.860417092220154167e-01
1.052190529788894935e+00
2.362462312146318411e-02
3.000571343860516382e-01
-9.034081765347536930e-01
8.562857473611629189e-03
-3.251108178333939058e-01
-4.397119930126045517e-01
-5.565255734930829590e-03
4.804142240523416874e-01
5.582555840078544662e-01
-2.810595033223250994e-02
1.319118045631926250e-01
4.469775667646347372e-01
5.513016200284006629e-01
-2.920795541426022268e-01
-1.362492036896139069e-01
7.406579540128799266e-03
-3.702269593711378093e-01
-1.112709794469530777e-01
-4.696927002649049498e-01
1.091233805566826032e+00
9.099319292455803065e-01
-2.817833109145038151e-01
2.203873061962839941e-01
-7.882632488777263635e-02
-3.966433980328378794e-01
5.008828806818762525e-01
-1.272605831447810587e-01
4.899313069885717908e-01
-7.199736922350927770e-01
2.554149355203341187e-01
-1.447549113242523333e-01
-7.696654305065742108e-01
-3.574874150998965661e-01
3.592624126626566827e-01
-1.382265961541707888e+00
5.425199786890351206e-01
6.776302947591967829e-01
-1.206938676314151249e-01
-9.259307654930637455e-02
-3.858721365378015022e-02
3.471841993029416429e-01
-4.968205058315033895e-01
5.061660866924275748e-01
4.326107074807774566e-01
-1.447813970618124557e+00
-4.995959074749110052e-01
3.456196804653469679e-01
-1.460761988555439039e-01
6.365070061492588138e-01
-8.903661037357455399e-01
-9.229695991939301791e-02
-5.885826374607630029e-01
-1.848740306187061533e+00
1.123648870489057483e+00
-8.565250133711161951e-01
-9.188154613841810203e-01
1.283239179665283114e-01
1.851812561460117079e+00
5.133028533242578462e-02
-4.152424572908692824e-01
-1.596262183356422781e-02
-4.026578733927066445e-02
-1.265925010594053157e+00
-8.345628303208054710e-01
1.213427387704310689e+00
-1.772251966576106064e-01
-5.467459903069373794e-01
7.590043859213793098e-01
-4.804799808868704947e-01
5.139089739198734463e-01
7.580890891415861255e-01
-8.076859454672344896e-01
-3.946919441673735207e-01
-4.428152713269861707e-01
-2.209221970975319138e-01
-3.067873129342657545e-01
-1.976942426991596946e-01
2.261481980574799877e-01
-4.999749274456715131e-01
4.292327336368542134e-01
8.503855500462536021e-01
-1.447309015765052553e-01
-2.737295461663631357e-01
2.115242755982515988e-01
7.967348775462363974e-01
7.384313220938569788e-01
9.895473793418307906e-02
-1.046326028131154828e-01
-1.191848652852049995e-01
-7.621217244993916395e-01
5.958204055633009588e-01
-3.616349829160918627e-01
2.956069314187343977e-01
-2.349590545704547395e-01
3.913866757176460709e-01
2.445165741167993900e-01
-1.167224108137404404e+00
-4.088927190749469531e-01
-1.134249994730640365e+00
-5.138614544556254771e-01
6.681726780092933637e-02
-2.458593824988843934e-01
4.652536726420897217e-01
-4.117184625026681921e-01
3.788092092776729203e-02
1.200026675715761826e-01
1.052069222860015252e+00
5.461127371590768220e-01
-3.976832037104250928e-01
-4.103141231736451289e-02
2.063754639034263150e-01
5.538771605673681320e-01
5.955794208216680374e-03
8.071441995486141607e-01
4.085859250945885757e-01
1.278361440759560708e+00
7.411398487383125122e-02
9.816479063783489778e-01
-3.472588555057352089e-01
-5.615401590681385890e-01
8.778536137089787417e-02
9.258458669501301586e-02
3.748619805814650263e-01
-2.238688534157589061e-01
-1.937763290253156079e-01
3.496692195850368834e-01
-7.100790361121163130e-01
-7.946342102482755188e-01
1.088137403896273447e+00
-1.033037339502094198e-01
-5.951108788834109653e-01
-7.144479112397683629e-02
-1.901891325443481051e-01
5.622091402222832990e-01
5.197118871685582064e-01
-3.054679216043663104e-01
1.598580134124505392e-03
-3.976469792654269142e-01
-5.027625893131526524e-01
-3.550166295776762126e-01
-1.363717239180028074e+00
-6.499387595797934125e-03
-9.828417215232438942e-01
-8.108389137034366367e-01
-5.813168496592187040e-01
2.758199554272282583e-01
-5.658795555605236061e-01
3.107478589984857820e-01
-8.909479663009221007e-01
9.384152341449514267e-03
-5.806993275717694525e-01
8.100959481667313611e-02
1.281690475071339819e-01
5.053187989442915473e-01
-3.197979856725421399e-01
-2.828079979500524033e-01
4.219647187096901009e-01
9.139229856895580983e-01
4.561452129134213607e-01
1.258951155044467640e-01
-1.053206409106686836e+00
-2.229182830690330519e-01
-4.183858733884386893e-01
-9.125063951645877580e-01
6.380480566289818967e-01
-5.131243633854838393e-01
-8.085710907762955202e-02
-4.102674971913526925e-01
-1.452226778090547121e+00
7.891870762348260904e-01
-2.740928003727303164e-01
5.819219220134410619e-01
-1.059038376460850195e+00
9.585471335987376662e-01
5.353683017870736194e-02
-4.149258592818567126e-01
9.291959776683889061e-02
-3.201953869454570167e-01
-9.994404163746057890e-01
2.538601474628630061e-01
5.005580872708064177e-01
1.483103345528924422e-02
-5.010335399952410285e-01
-2.149667438078393111e-01
2.905564219281355776e-01
4.773431534325069947e-01
9.166902352544312738e-01
3.623985012549493234e-01
-3.194790116476040609e-01
1.351837211766494073e+00
3.388059441552915274e-01
6.489773159218403809e-01
-2.335064651123719415e-01
4.041142066725633697e-01
2.893186611754126059e-01
-9.392331962826641067e-01
-2.978228720430138310e-01
-5.657108179353396160e-01
-5.381039587361957643e-01
-1.572845412374039853e-01
-1.665560043702223325e-01
-6.182117357038112715e-01
-1.648315336489066585e+00
-4.039674424620922077e-01
2.235505145267318028e-01
6.843110425738174740e-02
1.872547442858372158e-01
6.215083455220655750e-01
1.896746539275784293e-01
4.387799173051973867e-01
-6.372947871761085459e-01
6.553644852334254978e-01
-5.959674196613873320e-01
-1.020173980971396333e+00
2.340547815253479769e-01
-5.747486958554741676e-01
-5.979219700585012287e-01
-2.321409956642468408e+00
-1.575334042557470227e-01
1.193140902347041177e+00
6.339907940589835089e-01
-1.830906225383666097e-01
-1.204268215048269752e-01
5.252185524432269048e-01
9.243373013274518435e-01
-6.135195247859086543e-01
-1.421523038000280792e-01
-4.784324513247222299e-01
-5.071347208140668528e-01
-4.786518817838809614e-01
1.747539399312312280e-01
1.020602988242169218e+00
-9.715077728443439753e-01
-7.844135598254071695e-01
4.022371959925408191e-02
-1.569841587327864829e-01
-2.763222400756817354e-01
-1.301512325695343364e+00
8.686050742248396794e-01
3.423509818027579144e-01
7.588667618235378498e-02
7.327134533286678852e-01
-4.561111534398646361e-01
4.822627850481085998e-01
4.053542863800405627e-01
6.146918137640966506e-02
-1.098439380112530284e-01
1.666796354936427305e-01
-2.162749250805499068e-01
6.729679246192534769e-01
-5.995999392788320392e-01
6.142704422277418530e-01
1.503744685520738145e-01
2.165600735784547481e-01
3.160760923511247711e-01
-1.191415902837328566e+00
1.114255711041849395e-01
-9.725783819217115322e-01
-7.183271184006131405e-01
-6.970445648114904635e-01
-7.069470929901777723e-01
5.100821788353115949e-02
2.416000453621109934e-01
6.930710120446286204e-01
1.284459767492917015e-01
2.110408667613603018e-01
-1.020598965869949915e+00
-3.831071867042641355e-01
5.030335886370522758e-01
8.084007888952360332e-03
-2.309880856184243214e-02
-1.432920744845116445e-01
5.056073316024183306e-01
-1.338037958169620900e+00
1.712659748842982887e-01
3.388261012664406380e-01
6.068603200858240232e-01
5.276642663460023863e-01
-8.167461436937606400e-01
2.037720522507688869e-01
9.594376624793476971e-02
9.629588800419064398e-02
4.229970179839259714e-02
-3.443559005459650990e-01
-5.532082355344767333e-01
2.394868162836369940e-01
8.791844421954717603e-01
-1.081569117733227614e-01
1.742997837513531323e-01
1.887084392584243986e-01
-4.215472983089911807e-01
-4.075858422789222502e-01
-1.726106779685131931e+00
-5.843552411156283100e-01
-8.049417510884109284e-01
-1.431547084751496612e-01
-9.669433386106907058e-01
1.113864519701555977e+00
-4.822804035017336233e-01
-7.743032589211433780e-01
-2.308377825129504402e+00
9.858867124373675850e-01
2.077515284123627737e-01
4.936354334025949697e-02
-8.941331634924027938e-01
1.147669295300977055e-01
-2.365686284093611036e-01
-4.603455510876576229e-01
7.903535265931438403e-02
4.779625179601429963e-01
1.100788445443978691e-01
-2.604306331558383647e-01
1.296063527433055640e-02
3.008950100166662978e-02
1.899264642019460325e-01
-9.785477648505007675e-01
1.035180315868082790e+00
-5.843313228654609670e-01
-3.976892397653009059e-01
-6.759337557404219154e-01
-1.505473775922605117e+00
7.902810263608883723e-02
-7.560640107573046720e-01
-3.062360336885325829e-01
4.834440444635168532e-01
-3.432020233904102824e-01
-8.645356609140719684e-02
-1.555769881517123920e-01
-3.543646791039432031e-01
1.450639654434526804e-02
7.775644637985998919e-01
-7.832518086501594201e-01
1.428277399356433719e+00
-3.424503521282495910e-01
5.107524047439060411e-01
-1.650752446318000111e-01
1.735618375253406009e-01
-1.603552847107145851e-01
6.663143225552516924e-01
9.084821657689483576e-01
2.730711670198509022e-01
7.304618580063773070e-01
-4.766645524774988374e-01
-6.836303750022743042e-02
-3.607608210445745200e-01
9.448267010133264421e-01
8.389544092520200280e-01
6.076407525730100900e-01
-2.270482208114970035e-01
-3.843458678990820943e-01
3.625453021931258624e-01
-3.970440985468624007e-01
-2.273193721968258529e-01
-9.860333792173792133e-02
-4.710312919969301682e-01
7.306555500758951105e-01
-1.487328515142452012e-01
5.065827515538643411e-01
2.528751375167263005e-01
2.439702360294386807e-01
-4.818508668263103978e-01
4.263505648608911791e-01
-2.074870976865232919e-01
-1.477572161530202877e-01
-2.478842331673192234e-02
-7.485728498949679732e-01
1.136860860996272926e+00
-3.940045549786609369e-01
2.819501139287083902e-03
3.099719720952589519e-01
2.945542007222261560e-01
1.094033653767723768e+00
-2.955432079188335948e-01
1.100006041431429438e+00
9.913975660570559789e-01
-1.414592850490400622e+00
8.266839898155042832e-02
-2.636858458448863018e-01
1.813222312141866688e-01
1.062245904965724019e-01
2.474572450514260780e-01
9.084100333627105339e-01
1.362621770866397908e+00
-1.117918130679691480e+00
1.127518137941939003e+00
-1.379549853604160603e+00
-1.180205414668953789e+00
-1.882109170992443126e-01
1.931187328811789783e-02
1.105373392366697072e+00
5.467870828575893682e-01
-2.312076415836425980e-01
-1.262895155073364251e+00
9.679697413924835958e-01
-6.440320103226344628e-01
4.462580931718918009e-04
-8.670732653347057450e-02
1.858046830078021294e+00
-3.564717231463827574e-01
-1.527685660064851625e+00
4.365150592766831039e-01
-2.306325052447159685e+00
1.922039067768039899e-01
-5.444649251612303509e-01
-2.486576219523817244e-01
-3.555150755434652865e-01
-8.320284267082977969e-01
5.366586497417704660e-01
-5.118602507516178957e-01
-1.198080052915981852e-01
-1.135458932370393192e+00
-4.861006391480593436e-02
-7.258800672555736355e-01
-1.097545020669269178e+00
-1.667583383213412596e+00
1.760601685517770854e-01
-4.962620334855096793e-01
3.932521841432379262e-02
-1.766676870565060398e-01
-1.205197387167671330e+00
-9.021142338869672095e-01
-8.294478886460279199e-01
-8.051745760624511306e-01
7.812496934255515058e-01
1.146287560573164832e-01
-6.788544233828184282e-01
-3.292117303049062471e-01
-3.860157255948277744e-01
5.644614213033343209e-01
-4.391653833198524426e-01
-1.264490758383347568e-01
-4.150552207746276423e-01
-5.554606236073706960e-01
-5.618403604940356288e-01
5.657988267135913851e-01
-1.840951415870328844e-01
-1.289885754750302205e+00
1.125843228316769640e+00
6.565901600579484576e-01
5.848385747139861479e-02
-1.132871613541769129e+00
-1.082569043061319292e+00
1.386290070948534847e-01
5.795244746835059857e-02
-5.026625194679468223e-01
-6.645067758214062703e-01
5.041479094967868946e-01
-7.765451482929552895e-02
3.980589852497216086e-01
6.906797824356551985e-01
5.109830740456806630e-01
4.009894763319126199e-01
3.239677070228485500e-01
-3.301000683735302310e-01
-2.085833855965844030e-01
-2.688520224083357224e-01
-5.378599815778501991e-01
-6.666325894721012446e-01
-9.010399959868493625e-01
-5.275577978486278852e-01
-1.339292173483297432e-01
-1.142408998287528732e+00
-1.678902727145459295e-01
5.051321685566663167e-01
-1.120287483170968379e+00
4.695054596668963853e-01
4.152549576220385674e-01
-9.892235017855419699e-01
-8.087032771172024681e-01
-2.737107565773566620e-01
2.131569181049797201e-01
-5.906665052697430696e-01
1.074653095475732734e+00
9.393147458875352740e-01
-1.139556561584685213e+00
6.765597741969191503e-01
5.099524582317682686e-01
1.666208655040644082e-01
2.844992640340775480e-01
-6.164129461227210172e-01
-2.267729073346038682e-01
7.190827110709996361e-02
2.690058633133332044e-01
6.222997975106649982e-01
-7.975021022751269673e-01
-1.228795983347570342e-01
2.427934945666534450e-01
6.997905203160614818e-02
-4.651877078205979288e-01
3.166764293034149969e-01
-3.772781553575454971e-01
-2.840793464698001536e-01
2.627646439313480187e-02
-8.966886242492790871e-01
-5.553515479049808690e-03
-2.460328488662764101e-01
-1.797717055565239974e-01
1.346742030731586937e-01
-7.781904877018703814e-01
8.149794250669257778e-01
-3.626389557013935949e-01
-1.893923878235785452e+00
-1.255330868640449182e+00
5.282747944106753746e-01
-5.310451426726761071e-01
-2.707704630850980010e-01
-3.723341249490357274e-01
-2.570743956364025529e-01
-1.490886840366143939e+00
-8.432701499227590602e-02
-9.039644841055363145e-01
-4.521318378527547921e-01
3.074646291578444490e-01
1.126516340471774402e+00
3.779242810455940571e-02
7.675489162079163208e-03
8.436549515331919213e-01
-7.798680717148558372e-01
4.521103976553970671e-01
9.253551822094818746e-02
-6.864837234152227907e-01
-3.676154707705254765e-01
3.030783569564263757e-01
1.888155666374924380e-02
2.136665852457153569e-01
1.737026637421115183e-01
-3.288735185004894035e-01
-4.231697943522583216e-01
-7.043497295997909191e-01
7.085152668618581728e-01
-9.547854872052389252e-01
-7.268924369343694458e-01
1.885421876975272859e-01
-1.254421373034452447e+00
3.150132869172033168e-01
8.392613316702561832e-01
-1.553991653908783910e-01
1.901026386006750002e-01
-4.327615535369497834e-01
-2.950439090195517977e-01
1.334974655402589860e-01
5.361181564016896939e-01
-5.320081270822609731e-01
3.557410420375828330e-01
-1.921734821441862806e-01
9.135560829619748802e-03
3.524349155423975866e-01
2.444455942782992608e-01
-1.637116436910461825e-01
-1.438691307861361679e-02
2.099225992012474507e-01
4.187021877373702239e-01
-1.007803416223721271e+00
3.149656178328896772e-02
7.510256003394976121e-01
-1.331592106003698817e+00
4.708294909082879620e-01
-1.672337347047904377e+00
-1.414178736268894010e-01
-2.140726515211719416e-01
-1.110010134686536531e-01
-1.498572379095755025e-01
-3.995273562935963696e-01
-8.260663716208327401e-02
1.754779246316451324e-01
-3.561280517708734217e-01
1.917269618808921106e-01
1.300931000342136379e+00
-8.540849200392894858e-01
-3.849212746489447667e-01
5.633842978348191366e-01
3.121149663023086163e-01
6.129819552474624622e-01
2.455053967397485826e-01
3.339605080289114181e-01
-2.236141841199730251e-01
-7.092887445887638975e-01
-6.568684025575448615e-01
-3.827951901288706438e-01
6.152227472900673177e-02
-5.804823017379394656e-01
-1.657658881040662835e-01
8.488463932277934276e-02
3.249120235110298793e-01
-1.107444313159681171e-01
8.524875404433647219e-01
-8.437549521064973135e-01
-7.431650440000314717e-02
-9.710050826461710805e-02
4.204512206532071694e-01
-6.185993813995687152e-01
-3.783010373342654553e-01
2.718187659174289283e-01
7.130147955930259407e-01
1.044446049891631034e+00
4.950154852608359413e-01
6.345615223378717751e-01
-3.843339473850212462e-01
9.227746840142918572e-01
9.191879343467670438e-01
-5.764007442048502128e-02
4.674042380099212579e-01
5.472982895817337656e-01
-2.813175719566585187e-01
1.269716370298903385e-01
9.149526882584719800e-01
-3.577848349004595363e-01
-1.502217942201760081e-01
-9.270596768154473200e-01
3.286265229292522072e-01
-1.745202611356724276e-01
2.990719718875505251e-01
6.849798561888587045e-02
-5.793177717263809923e-01
7.062525790220037791e-01
5.586675143077881600e-01
-3.839478922995427368e-01
2.211977533860045586e-01
-8.484322124540266685e-01
-7.949714542852464039e-01
3.348125197994606950e-01
-9.805553433544380582e-01
-4.438256754552473149e-01
3.915858040712372201e-02
1.245564450312666160e+00
-3.051918562488600273e-01
-1.895633216045222724e-01
-2.427428979961652189e-01
1.663770864010384765e+00
2.585976736586022007e-01
-5.908421682209867853e-01
1.017750999115135002e+00
9.078652691378308326e-01
4.629524648078113813e-01
1.122345740587910257e+00
1.178777752129210210e+00
-1.083457216052650107e-01
-4.139911185664884030e-01
-4.540955395919734627e-01
3.789912853791070901e-01
5.206948857255895291e-01
-9.613389777778547085e-02
-3.216041415877350929e-01
-8.626709442863309540e-01
-3.424931019650601094e-01
-6.523193789098797879e-01
4.245888376600031044e-01
2.418248154391191562e-01
8.659249938829010063e-01
1.487656696786165966e-01
-3.659321495033438509e-01
-1.076106911862821369e-01
5.825809681644535942e-01
1.878050721312654048e-01
8.431880115925975971e-01
8.297618216206323893e-01
-1.571182151032961549e-01
-1.065887594800889460e-01
-1.419497072708548302e+00
7.262839837398191722e-01
-5.859357156760935936e-02
8.169840046670726608e-01
-3.593803441212968242e-01
-9.110265933073637967e-01
2.551100089604795840e-01
1.015518781391916425e+00
-3.594329503150412997e-01
9.600462883877689535e-01
-1.035069652491428016e+00
-3.561722976590646628e-01
-1.197745287093938238e+00
2.686802352830803819e-01
1.407408376471268596e-01
6.339480919687012772e-02
-8.827456831752806821e-01
1.289120619567006187e+00
7.732882641008052005e-01
9.876990182314315803e-02
-7.044836430371530511e-01
3.168789627808417109e-01
-3.363839843431248866e-01
-1.756457329975686932e-01
-3.194417296455132060e-01
2.831858174765747860e-01
-1.927422590158087701e-01
-2.679289295124269721e-01
3.113077433447628550e-01
3.501070912897501497e-01
-1.280242233923653217e+00
2.744400650838634270e-01
9.519236378717457203e-01
6.020396774242042781e-01
-1.997505894503231461e-01
2.028067905642727542e-02
-5.331413570735783480e-01
8.316392784355217671e-01
1.805557250241172085e-01
-8.284750421875353155e-02
-8.420785813393383279e-02
1.550799339076638361e+00
-3.567513074934502981e-02
3.857623882534824133e-01
1.055167006698095378e+00
1.401092785272932906e+00
8.526879396451461091e-01
6.076079056603909123e-01
-8.851867015090935098e-01
-6.563502644995864443e-01
4.896257259324001687e-01
5.631264116962952926e-02
4.573756343159423032e-01
1.870376850106105771e-01
9.211370126216547050e-01
-1.137994741649241970e+00
-7.109600252116026198e-01
-1.435360755780172859e-01
-1.230586290271166394e+00
2.410959074221410425e-01
6.023638577739576228e-01
9.005765389104247731e-02
-3.186020378332674596e-01
3.242521081515663539e-01
1.973553705777561618e+00
4.316313588344220520e-01
2.306074640561011080e-01
-6.876622135780414702e-01
-8.838254969392238536e-01
-2.520107732591645444e-01
4.216912181337471033e-01
-8.223115995909946463e-02
3.571490048004166695e-01
5.108811568591917762e-01
-8.957800044984312038e-01
3.776527516248595617e-01
6.001466615561827922e-01
8.170760005473010068e-01
-1.306306731499846663e-01
1.485953594020195112e-02
-1.125026702134119816e-01
-6.696589105976324952e-01
-1.061589801383933107e+00
1.114619943933946367e+00
-1.162188188732660166e-01
-7.982240301135847815e-01
7.055735579902044918e-02
-4.022971896497622435e-01
1.272331755308427681e+00
-3.074271365739988937e-01
-5.352774563684041809e-01
5.355541064599869117e-01
-2.035679538875814210e-01
6.372869870800137448e-01
1.572785038104296262e-02
1.377499364369425106e+00
6.988848652013359697e-01
7.921867163518847565e-02
-5.296052717730679316e-01
3.802424832963655632e-01
-7.809789467055137102e-01
-9.302485902263013529e-02
9.277063222268919773e-01
-3.822719850938796071e-01
-6.242717513927447115e-01
-3.095154106433417596e-01
7.513838900690261724e-01
1.510948048815070610e-01
-1.202814588683846608e+00
5.034521701873475585e-01
1.591168640835043391e-01
1.482252888777244593e-01
-7.212685611417750664e-01
9.790632993066150647e-02
4.848279285377077308e-01
6.999978767360826026e-01
9.081503365500249725e-01
4.690064325271260937e-01
7.288148398892957402e-02
-7.704210732285514673e-01
-6.415537233152175389e-01
-9.882163572496480697e-01
-1.617138427784912125e-01
5.044169550786765654e-01
-5.396200249397331561e-02
7.754240798056777351e-01
-4.593671323644237248e-01
2.417183567848981696e-01
-2.879052964739989839e-01
-3.891360177189416847e-01
8.304800169488807393e-01
8.406568611104869859e-02
8.750417572899120700e-01
7.490614957674068819e-02
3.389910562354573331e-01
-2.130563153034907842e-01
8.428513460261677359e-01
-1.948333116284528543e-01
-5.146900968608619786e-03
-1.133949734447936564e+00
-1.407004813662893206e-01
1.010179282820826252e+00
9.770838483702295463e-01
3.255095607842838357e-01
-1.670773896053341367e-01
5.157807129688118941e-02
-3.008008538123392306e-01
-1.652906212910787431e-01
1.272266382022129161e+00
7.653936697591134930e-02
-3.546715140988725423e-01
-1.564140734419401602e+00
-6.965970146865129164e-01
-5.414392601288233742e-01
-8.876221127451708881e-01
-8.687258450818182709e-01
-1.034988828963140151e+00
-6.543665135397709331e-01
-4.765098153019646787e-01
-6.451933095404260854e-01
6.652328196574142094e-01
-3.309348383525030357e-01
-1.336159234631332460e+00
6.281298475613232846e-01
-4.771231472310283328e-01
-1.116960424884632541e+00
1.447335000910686897e+00
-3.541517398744994383e-01
2.537762678511779058e-01
5.970191465428582589e-01
1.359830294571127141e-01
3.574798714964098068e-01
9.982124850040019481e-03
1.249967879970903528e-02
-1.986159599475150195e-01
-1.053429364167911331e+00
1.656856467168894564e-01
-1.788215783697233441e+00
9.906931587342486800e-01
-6.019062308887805912e-01
-2.356295991911525611e-01
-2.506260457750517645e-01
2.651337760677812683e-01
-2.857671959344352253e-01
4.257039814154068846e-01
-8.042592352774522446e-01
5.525335860642277552e-01
5.994870441538515671e-01
1.909151062807659116e-01
1.449593501890058533e-01
2.994291787148828377e-01
1.068775448168013398e-01
4.705381081116470909e-01
-8.481816888487569983e-02
-9.790180564351895764e-01
1.333738334750540488e-01
-4.370006333925426922e-01
-1.647602060057629103e-02
7.767462219799199374e-01
-1.192964198020551869e+00
3.046319503377770133e-02
2.076036624856580914e-02
1.413718052398378333e-01
4.450949249485374182e-01
-2.059557870240202870e-01
1.219672229964826826e+00
5.818967267619106210e-01
-2.143256264681656642e-01
-1.449428628724764856e-01
6.144966390087169827e-02
1.138814649063871087e+00
-7.373279324948160962e-01
-1.486185967714992451e+00
4.340215324455605206e-01
-1.274115512132780736e-01
-2.343870357242023861e-01
2.447338876591516055e-01
1.096223016859108945e+00
6.190332798294146954e-01
-2.469815761640026253e-01
-7.774978727665864398e-01
-1.588518787746839855e-01
4.143892188243161190e-01
-2.283959598286751103e-01
-1.090996409529328304e+00
-1.078361744177553927e-01
-1.363181195442425775e+00
-7.008525301056107715e-01
1.220882767794761126e+00
-7.289598892308832845e-01
-9.928628585442771382e-01
-7.916999177313187586e-01
-5.598316445928270824e-01
4.914620596200114377e-01
1.196155471972682793e+00
-1.166344020022584971e-01
4.013784144388088393e-01
-2.569334345712963596e-01
-9.681631008048150466e-01
7.812281432880046061e-01
-6.799087318222296616e-01
4.180986420608201470e-01
4.287090961137900447e-01
-1.817058074294886083e-01
5.608402446022795473e-01
5.753668726515022147e-01
1.649225419285683891e+00
-1.903118340687957044e-01
-7.637436696350190513e-01
-9.472026491954750327e-01
-2.109574094486823537e-01
-5.191116987624870838e-01
1.433278593116076749e+00
-7.009058728012869111e-01
1.200189217536620223e-01
6.976041840755975443e-02
-3.150479059307844665e-01
-1.196841800408395606e+00
-1.119956653171905181e-01
1.441045896278354999e+00
2.451158601409701987e-01
1.089015934222219428e-01
-7.857519565943817952e-01
-7.750753904185003762e-01
-1.865224811090181456e-01
6.811257693289105575e-01
-3.725486746488333445e-01
1.482602300841762144e+00
-6.608034496391317347e-01
2.236313592077836532e-01
-2.614708956422120423e-01
-9.262009289451649252e-01
8.040199696035887911e-02
-8.218065449217455409e-01
-1.067068912222870480e+00
1.050765432616778128e-01
1.929710487620184267e-02
6.934749306849923300e-01
3.462673255222665780e-01
-5.137142830087989553e-01
3.425361871810315151e-01
-1.221318409929755155e+00
-7.084796100941552766e-01
1.360270872993399882e+00
6.759974259401047014e-02
-1.534382785984895747e-01
-3.880298816556302377e-01
8.099729707550906710e-03
-1.284462966896056102e-01
1.296909001783224547e+00
6.086834253210073875e-01
-1.547567484974186058e-01
-8.290012416162984010e-02
-5.770558537966036239e-01
-2.052382048278795779e-01
-9.150359169324424613e-01
7.461193535916937902e-01
9.333930098170362122e-02
1.620136123685496088e-01
2.282233692597590569e-01
-1.490356435243501698e-01
-3.040855954604861355e-01
3.481151402146756557e-02
-1.544727140061993520e+00
-2.171975079443200229e-01
-1.276193253913167069e-01
-1.057782647272733634e-01
7.464771002855665749e-01
9.209982259863842557e-01
2.442944457997846541e-01
-1.354289876952226912e+00
9.378431178270396629e-01
-3.627552095091903794e-01
-5.292779357508070603e-01
-1.253012821440852242e+00
-4.728401100621515418e-01
8.507962408123486142e-01
4.657246982972687022e-01
2.282294617209092991e-01
4.729780132634857637e-01
-7.987595871837278594e-01
-6.578165032327385475e-01
8.941399145589654651e-01
5.980969905485782334e-01
7.077197474893228701e-01
6.940218441378420700e-02
1.567556773536837866e-01
7.765751173804051888e-01
1.423911352125934116e+00
-3.341321038695532764e-01
5.424556696659852406e-01
-3.016780736409803154e-01
-6.192090033660748727e-01
-4.903784003104991740e-01
-4.473092867161714281e-01
-1.900809205751095021e-01
-6.968574888933947165e-01
-3.076937324538322471e-01
-1.916350058659968880e+00
5.045798497705114016e-01
3.880658537897534455e-01
-3.263189219085227410e-02
-5.232606644964779008e-01
-2.598455045121408347e-01
-8.018743266678551862e-01
1.404917979445485798e-01
1.160297134472045855e+00
-2.862589352678579502e-01
-2.723732368848237329e-01
2.725925989373738645e-01
-7.338629763360745573e-01
1.284137915710993116e+00
2.391256047061860457e-01
1.514092415411028014e-01
7.489083130754163875e-01
-5.525337694540866096e-02
8.424242030994779640e-01
2.561538642648260033e-01
-9.117011183630063798e-02
1.807531292317263727e-01
-1.108658337329870847e-01
1.040409183350718081e+00
1.205967825731972809e-01
2.652476082647456934e-01
-1.453231919043549425e-01
1.474531857992085193e-01
-1.344195574877173449e+00
-5.060863167715137223e-01
-6.944010688825805744e-01
7.475735413790158823e-01
-5.022760618651065379e-01
-8.584949337726026641e-01
8.202083036729108656e-01
-2.007486298987564144e-01
6.423966334126989253e-01
-1.286526281750325573e+00
3.167616773030779709e-01
6.467366937219543033e-02
8.343672796233292388e-02
-1.725018142322962689e-01
-9.502795833808974635e-02
7.069861752032493563e-01
3.304182440711622704e-02
-7.118967600671775031e-01
-3.182413606972041009e-01
3.043404968963909774e-01
-1.724048849021387664e+00
-1.315889697015710125e+00
4.198560122836614283e-02
1.961993586152965818e-01
-7.101076074727621368e-01
-6.785574680556294425e-03
1.553827060212196187e+00
4.353603793263154387e-01
-8.151092003315749679e-01
1.036418674967625186e-01
-1.260278275684479921e-01
1.912871692440419880e-01
-5.043560927116663706e-01
3.128168297593022507e-01
3.562733603745957822e-01
-9.363380120533548734e-02
1.597895936303178832e+00
-1.341485052059474548e-01
-4.380937084605900367e-01
3.565835595112831768e-01
6.533137843587883964e-01
-4.997473563940095787e-01
-2.232825912099944965e-03
1.426467681437130874e+00
-3.039339069019142414e-02
7.568831365586099480e-01
2.316134067191946144e-01
-1.115751136201089677e-01
-2.702984333922087146e-01
7.159057833555839689e-01
-8.085707662891903347e-01
-4.705224172221322831e-02
-2.717910446072364650e-01
-5.994032905779212994e-01
1.780480200580402128e-01
3.490964554668155584e-01
3.020371998906234978e-02
-3.185886366692436411e-02
-5.695480322356543113e-01
2.380248206605846129e-01
-5.083822452878905551e-02
-3.144254194968931770e-01
-3.011669597608687132e-01
2.728119911573645417e-01
-5.191980367968973553e-02
-5.469969010008166599e-01
-1.536089787372756810e+00
7.790700485578705425e-02
2.826848613189869575e-01
-6.198206083366262220e-01
-3.552248417781402878e-01
1.181116397991285982e+00
1.408881387333789093e-01
5.728332455540350310e-01
1.082706209251167451e-01
5.094551969909377753e-01
3.958279802074127218e-02
-5.742877648319881789e-01
-1.090312458318529742e-01
9.777056889379753812e-02
4.106917195652473040e-01
1.095774566952325557e+00
7.099673675300639530e-01
4.291682929010498526e-03
1.785064535619760306e-01
8.868323849914601098e-01
3.758093133407732767e-01
-1.067337823377406458e+00
-3.970078970220640713e-01
2.179022917027886308e-01
1.227451114894062556e-01
3.636066632976644453e-01
-7.677800976920163833e-01
6.883455518922998451e-02
5.677842303428755066e-01
7.079391057224675432e-01
-6.039204611391273403e-01
-2.977100444792579736e-02
-3.299511514971698034e-02
-2.675021462300248842e-01
-4.050650758504856785e-01
-2.073735974207959742e-01
-1.135435737296515146e-01
1.392527864726762488e-01
6.045883242081384612e-01
-4.326050871613509319e-01
1.201310783965983120e+00
4.591541057494819000e-01
3.523808859323338538e-01
5.509069727574427144e-01
4.076272339961612978e-01
4.968581276977399597e-01
7.978198063713208832e-01
-6.728835908938473054e-01
9.179453656203273582e-01
-1.646937492211111298e+00
4.514062604103630805e-01
-1.521089326745884041e+00
1.159643148685907121e+00
1.098520128169557797e+00
-1.268002380707589083e-01
-6.848341651824592091e-01
-6.322483407378665099e-01
-8.313654472852753941e-01
-9.550660471075200775e-01
7.701657303392712706e-01
6.181032763311953282e-01
3.325634196218052452e-01
4.535349216112480875e-01
5.901578964418883189e-01
-5.787645001346346518e-01
-2.197908361043259262e-01
8.269445087481840373e-01
-1.889018225964860243e-01
7.502062220824066152e-01
1.096722558754170906e+00
-6.222049677245344856e-02
-1.076524421075008675e+00
6.202721956972645501e-02
2.742902709375266701e-02
-1.330068093337679613e-01
6.963062728469360252e-03
-9.530974796360665025e-01
-1.848883761927693214e-01
1.852399641880874137e-01
1.760877363820236852e-01
7.134981080135016640e-01
-5.833306184074760203e-01
8.431099096386329705e-01
-5.827866163121142584e-01
3.678756314557931617e-01
5.985850472269453881e-01
