---------------------
  #    meV     cm^-1
---------------------
  0   26.8i    215.9i
  1   18.2i    146.4i
  2   16.4i    132.4i
  3    8.2i     65.8i
  4    2.9i     23.6i
  5    2.6      21.4
  6    7.4      59.4
  7   15.8     127.5
  8   18.2     146.8
  9   34.9     281.5
 10   45.7     368.3
 11   47.9     386.1
 12   78.7     634.5
 13  127.2    1025.7
 14  133.8    1078.9
 15  139.2    1122.7
 16  165.7    1336.1
 17  178.0    1435.6
 18  182.4    1471.5
 19  184.8    1490.6
 20  199.1    1605.8
 21  366.6    2956.9
 22  373.5    3012.1
 23  376.0    3032.5
 24  430.3    3470.2
 25  469.9    3789.8
 26  484.7    3909.2
---------------------
Zero-point energy: 2.031 eV
