---------------------
  #    meV     cm^-1
---------------------
  0   14.3i    115.6i
  1   12.8i    103.5i
  2    9.4i     75.7i
  3    5.9i     48.0i
  4    3.7i     29.5i
  5    5.6      45.0
  6    7.3      58.6
  7    8.9      71.9
  8   11.0      88.6
  9   15.8     127.6
 10   19.7     159.1
 11   22.8     183.7
 12   23.3     187.8
 13   39.9     321.5
 14   45.7     368.6
 15   58.3     470.4
 16   59.4     479.5
 17   68.9     555.6
 18  127.7    1030.2
 19  132.2    1066.6
 20  135.0    1088.5
 21  138.4    1116.5
 22  175.0    1411.2
 23  180.8    1458.1
 24  181.0    1460.1
 25  195.7    1578.3
 26  205.1    1654.5
 27  205.2    1654.9
 28  357.3    2882.0
 29  363.6    2932.7
 30  367.4    2963.4
 31  423.9    3418.9
 32  439.5    3544.5
 33  440.1    3550.0
 34  461.6    3723.3
 35  475.9    3838.3
---------------------
Zero-point energy: 2.696 eV
