---------------------
  #    meV     cm^-1
---------------------
  0   12.8     103.6
  1   19.1     153.7
  2   22.7     183.4
  3   25.2     203.6
  4   27.2     219.3
  5   36.3     292.6
  6   37.3     300.9
  7   40.1     323.0
  8   46.6     375.7
  9   55.4     446.8
 10   65.3     526.5
 11   75.9     612.3
 12   78.1     630.2
 13   84.6     682.5
 14   93.8     756.3
 15  109.1     879.8
 16  143.1    1154.5
 17  166.8    1345.2
 18  196.4    1584.0
 19  197.9    1595.9
 20  364.3    2938.2
 21  424.0    3419.5
 22  455.3    3671.9
 23  468.2    3775.9
---------------------
Zero-point energy: 1.623 eV
