---------------------
  #    meV     cm^-1
---------------------
  0    7.9      64.0
  1    9.8      78.7
  2   13.5     108.6
  3   14.4     116.0
  4   17.3     139.3
  5   22.6     182.2
  6   24.8     199.7
  7   28.3     228.2
  8   42.8     345.0
  9   66.0     532.0
 10   75.1     605.8
 11   80.8     651.8
 12   85.2     687.0
 13   99.6     803.3
 14  118.8     958.3
 15  152.4    1229.5
 16  162.7    1312.6
 17  182.5    1472.2
 18  201.4    1624.4
 19  390.4    3149.0
 20  406.3    3277.3
 21  420.9    3394.9
 22  434.8    3507.1
 23  468.9    3782.0
---------------------
Zero-point energy: 1.764 eV
