---------------------
  #    meV     cm^-1
---------------------
  0    8.0      64.3
  1   13.5     108.7
  2   17.0     136.9
  3   20.8     168.0
  4   22.2     178.7
  5   23.9     192.8
  6   26.9     216.9
  7   32.6     262.7
  8   34.7     279.9
  9   41.0     330.5
 10   67.8     546.5
 11   72.0     580.8
 12   76.0     612.9
 13  103.4     834.0
 14  128.4    1035.5
 15  138.0    1112.7
 16  168.8    1361.4
 17  180.2    1453.2
 18  180.6    1456.5
 19  210.0    1694.2
 20  369.4    2979.4
 21  380.8    3071.5
 22  382.3    3083.7
 23  472.2    3808.6
---------------------
Zero-point energy: 1.585 eV
