-3.540627528314504957e+01
-2.045624717324940889e+00
-7.299149521848015354e+00
2.456399874164449670e+01
-1.216948305263953500e+01
-9.406772564350603716e+00
-2.460640288597812742e+01
-5.140949806175689218e+01
-2.192556486310132868e+01
-2.307156162006430122e+01
-2.139143029614486125e+01
4.319790958763979560e+00
2.028426186660979624e+00
-1.097146209168812447e+00
1.776134630458045649e+00
2.705243309056459111e+01
-1.045473988745324334e+01
-7.358945338887068033e+00
1.196644557363430295e+01
-6.323052414280864753e+01
3.167894119907387562e+01
-1.355607449648215379e+01
-2.476459366690784591e+00
-5.722079683705885600e+00
-9.498610650683190215e-01
-2.209296986035354848e+00
4.905885485591679185e+01
-1.530120677825027542e+01
-4.131977422885825035e+00
-3.100534401735130530e+01
4.007273859909287239e+01
-4.426153028465151351e+00
-2.181994193235590274e+01
1.145506920287195385e+01
-2.095918233067038727e+00
1.329119338952884277e+01
-5.512859250635813169e-01
2.770400838925979770e+00
1.931682590176608016e+01
-5.582590214587114019e+01
3.111559573304492687e+01
8.285510972261832308e+00
-6.401146078379213122e+00
-1.784104733646221774e+01
7.044414589614291344e+00
-1.116204475663099061e+01
2.543993810127693678e+01
2.030015993814038211e+01
-1.307295509276860912e+01
-1.671260119621393869e+01
-1.762832933870100760e+01
-2.124040099943874083e+01
1.078358543160413774e+01
-2.768814821498176570e+01
8.493246748002206914e+00
3.533064273843703518e+01
4.073403808401980797e+01
1.897942628671879106e+01
8.520850772244841664e+00
1.772156919218355142e+01
5.198024862289611292e+01
8.798257491103015582e+00
-3.049353570371609834e+01
-6.159333274323159912e+00
-1.440270594072234189e+01
3.397516655984462375e+01
-4.026747102319501437e+01
-3.502178590569269545e+01
-1.786033250039496068e+01
-1.000635009667678332e+01
-2.287488095782975961e+01
1.603952142847587936e+01
5.328979757100967163e+00
7.990338326819966142e+00
-2.211940912609973253e+01
-1.938083455852941483e+01
-3.340555665113617323e+01
1.840709307692617358e+01
-1.915125615624984334e+01
1.729764923832833290e+01
-5.500568392310889010e+00
-1.522266074994070095e+01
-2.929629807450945833e+01
-8.677007511049907862e+00
-6.253096957940499578e+00
-7.050451605798542687e+00
2.284872040373912583e+01
4.278718546892147856e+01
-2.516048936255926449e+01
-4.390063494406773259e+01
-1.100016945731016449e+01
6.076864796658475143e+01
-3.312772836015559363e+01
1.828900290266489037e+01
-6.653641890024175609e+00
-3.410465763850564258e+01
1.412737596355370329e+01
1.996676448607314569e+01
-9.837752067535745937e+00
1.870372580833122811e+01
-1.371348052393932448e+01
-3.197158794164897699e+01
5.368077680077976765e+01
2.557179691474465244e+01
1.448610432534499637e+01
8.020516466414505885e+00
1.524028910676280191e+01
4.618804484870156557e+01
-1.509355502221304945e+01
3.398919289686226364e+00
-7.737190029153498472e+01
9.036196485649924171e+00
-3.789070490081343223e+01
7.940187674128878825e+00
1.248243056781184634e+01
-2.041208098515409119e+01
-2.896209830662795071e+01
1.223185727522491106e+00
-1.721959721985371061e+01
2.186202509458939858e+01
-2.837206119899583712e+01
-3.151362446540815654e+00
-2.059145722587124538e+01
-1.996544820913072726e+00
1.127097197757720437e+00
1.272651500482248821e+01
4.244987370615262989e-01
-2.965946510954950099e+00
3.642123106671348864e+01
5.156162842946834246e+01
2.783583925648749613e+01
4.024130578294486327e+01
-6.643625208922763647e+00
5.659813064492084322e+00
3.010362146267266326e+01
-5.058757183648339151e-01
-4.308423117466307417e+01
-2.309688050287782346e+01
-2.869579226050653631e+01
-1.570174327836789985e+01
1.620031272902076580e+01
-6.731021054482255295e+01
-9.449001171284635348e+00
2.511500921731565938e+01
-2.125456237486525879e+01
-1.765224343340918267e+01
3.376254554882081038e+01
2.525872431548856412e+01
-1.874427357321270904e+01
1.577096983333146341e+01
-1.439597030359462337e+01
1.938890774843985554e+01
1.937469985580008824e+00
7.502677894995343877e+00
-4.835311050238448871e+01
-2.683298186052087075e+01
-4.932716891412212590e+00
-9.459974386915988021e-01
-2.317943517125246444e+01
6.163387704248714272e+01
-9.875026877995594532e+00
-1.827289076762922093e+01
2.023312506246679732e+01
-2.605173798178682887e+01
-2.074930839284823492e+01
1.849688109135234981e+01
7.231561755907243594e+00
8.669085305216981396e+00
8.897993232180340328e+00
-6.255701564528465042e+00
9.014437048397667240e+00
3.307329100403465816e+01
-1.503369330607756638e+01
1.089267420384942398e+01
5.158581690160984579e+01
1.852603237025290639e+01
-4.287544837346899840e+00
-1.159280300967044752e+01
8.828838514238637458e+01
-1.211487479743124140e+01
2.125864139429444322e+01
1.471134173699817893e+01
1.670222418819044208e+01
5.017630999603431974e+01
2.715178865983943979e+01
-1.551503646152834648e+00
1.373809249372624208e+01
2.784235254694465311e+01
2.043839550469991195e+01
-3.305349081514947329e+01
5.343557988864608888e+01
-4.761718664319496241e+01
-6.979949416136157936e+00
3.123338548977652351e+01
8.469025466397322788e+00
4.214620444712863900e+00
1.608354146123075168e+01
1.264914758721835142e+01
1.952327192679800305e+01
-3.546931028454093848e+01
2.252268034466226254e+00
-1.505185412120317778e+01
-3.784967618411009482e+00
-2.486627255000144032e+00
-6.092009493302048995e+00
-3.265662626740720498e+00
4.751336038479504964e+01
-4.780496857502328112e+00
-1.475863154638096830e+01
-1.453251584959510012e+00
7.368470069444569504e+00
-3.381527564903585414e+01
-2.899396521330132259e+01
-2.053494346573801010e+01
-3.504691431408841140e+01
-9.080601925036258848e+00
-2.365916719158035164e+01
1.036135174701989570e+01
7.255989557226740772e-01
-7.107347343155879571e+00
-4.691493662835952705e+00
3.253484246908158184e+00
-8.337216710097948180e+00
3.856318521807344268e+01
-4.903856023026227717e+01
-8.571921550222821651e+00
-7.669343924397875156e+00
9.031490784422828710e+00
1.273531029029462047e+01
-2.663341128088882215e+01
-8.594926395172052480e+00
2.435287795756674356e+01
-1.139473226658977723e+01
8.984841630051221273e+00
1.932257202492922943e+01
-1.627328435694607833e+00
6.317118164055148100e+01
-7.901037765010585190e+00
-1.795645391452410422e+01
1.808544514036952933e+00
-1.392759480041596021e+01
3.091856843766751695e+01
-2.400663059919440201e+01
6.866304608536211163e+00
3.210038381141885111e+01
-7.202100330921382465e+00
6.692937798394473248e+01
7.249196261817695586e+01
-3.759253002688728884e+01
3.335159691623744038e+01
1.229077926503120466e+01
-3.151371977028959748e+01
9.421214833002473199e+00
2.378125369806160450e+01
2.433074076549317510e+01
1.323114062879540143e+00
9.574251865192934474e+00
4.211178777799278805e+01
-1.327003899206211202e+01
8.029223026596223889e+00
4.060891645489562052e+01
-2.091833003421176329e+01
-1.128051391289255889e+01
3.167040634751347739e+01
1.624796427318317882e+01
4.280304416217865082e+01
1.705223061437956744e+01
6.161718005026955325e+00
1.507016761506292823e+01
2.288996105251176516e+01
-3.026136915126357962e+01
3.863590076300823739e+00
1.397340975785375683e+01
6.553994877131913199e+00
1.336835226906208618e+01
-3.462025322194700294e+01
1.807120772757861005e+01
-2.413934204074803347e+01
-1.881616532683872833e+01
1.204725382796914346e+01
-6.580610413617179688e+00
3.269088253392092724e+01
-9.451774380082582638e+00
1.699482350578173850e+01
1.826318714930943088e+01
4.391377525512963587e+01
3.081371066235423228e+01
2.759615154105517831e+01
-1.908142577626534830e+00
-4.723259986721444648e+00
-1.807341382120944218e+01
4.512542713378647363e+01
4.490718888796394026e+01
2.206656278577163732e+01
-1.422629959928281096e+01
2.811629784021917544e+01
-2.902328107664487788e+00
1.010587429892029832e+01
3.735036559453232030e+01
-7.107852206919034188e-01
-4.505943500602228369e+00
-1.139090183401799550e+01
-3.305897057378834347e+01
5.398413067100582907e+01
2.858147835523772073e+01
-3.377495106290785998e+01
-9.324305618476870450e+00
1.487782497617117272e+01
-5.669961241812615071e+00
3.585466753990583300e+01
7.119488790012525214e+00
4.515443733036175900e+01
1.956774955310578434e+01
-1.285348599284810689e+01
1.131514750073272069e+01
-3.541995482502557024e+00
-1.551002923572971781e+01
8.893317286358183082e+00
8.492636907131952739e+00
5.304647637895222090e+01
4.458653411761142138e+01
3.137143700695088455e+01
3.771952034958223976e+01
4.897206940697543587e+00
-1.467485618098089617e+01
8.069646075000548535e+00
-1.891668847780005791e+01
-3.037506455742227729e+01
-3.153048852694257675e+01
-1.768293333519906696e+01
-6.156084583726828896e+01
-1.975314020011973071e+01
-4.906840296319101924e+01
1.325598128895616412e+01
-2.623204253278161602e+01
2.636767591720953874e+01
-5.601947211897849854e+01
-1.685837248465384164e+01
2.425587236039990557e+01
1.185754489599312933e+01
-5.028680218267978574e+01
3.201839993757323555e+01
-1.467908576896579120e+01
3.049091185710903318e+01
-1.318484542755911093e+01
-4.440966265600189899e+01
8.144312646608270256e+00
-3.688322114706625143e+01
-4.225500887806077799e+00
-1.674118592415132056e+00
2.316974623160604096e+01
7.137646750158955911e+01
-2.444366183819340677e+01
-1.981298743895611381e+01
-2.385007221935296684e+00
-6.464497137236520530e+00
-4.573441549807344586e+01
-3.158353563286095778e+01
2.712256223016950685e+01
-1.203148559776113302e+01
1.144871827251299123e+01
-2.780180755931837666e+01
-9.289954201006963785e+00
-2.349604524867319810e+01
2.918555656246238073e+01
5.403371533120548520e+00
-1.263929283373772705e+01
-9.627549563463588811e+00
6.731512011037608545e+00
-4.645701356325389497e+00
2.439646169351905769e+01
-1.459307451391953236e+01
5.649746507614622715e+00
2.008453571732768239e+01
7.754768004422430749e+00
-1.205691448157003265e+01
8.712578930364264806e+01
3.331119123771111390e+01
2.444444353351094890e+00
5.734070729285065227e+00
-3.548399745949723183e+01
1.903712680565848814e+01
-4.329394588325740756e+01
-1.649653662073623650e+01
-3.120567545741201343e+01
-1.119434758758919202e+01
3.219133778967363924e+01
-3.213659197759736230e+01
1.357599004731176251e+01
-2.164721444205952139e+00
1.175818433800785101e+00
-2.029077118402940982e+01
-2.511480251761614113e+01
-3.163033063556838442e+00
-2.026744646940154837e+01
-1.124607879321618498e+01
-2.339407838630685887e+01
-5.242400572078455667e+00
-1.965503217427151128e+01
-2.845996391667318903e+01
1.187392836077799529e+01
-8.143633319779752355e+00
1.386101939799212346e+01
4.840040866473145797e+00
-4.316057893556202174e+01
-2.975605529509838476e+01
-2.589659683970634774e+01
1.840615757283967469e+01
-1.396805184039195069e+00
-3.515617301344029499e+01
3.338706035422213603e+01
-2.221315811253293759e+01
3.237155430535057832e+01
-1.793223490860992797e+01
-2.739164281524307398e+01
1.342447128677895307e+01
-3.853978027975753662e+01
-1.952016102432543221e+01
3.512981475192196967e+01
1.069683692440298728e+01
-2.488358626532345852e+01
3.078461516875048432e+01
-1.030282272524345899e+01
-2.155540069205397913e+01
-1.725723683739633429e+01
-2.840609393955998030e+01
1.570179847675530738e+01
-5.096667766212786432e+01
-4.490818832803310556e+01
-5.758555288122693128e+00
-1.705825208498711731e+01
-3.353160428383996816e+01
4.167134252347887013e+01
7.609555176389315534e+01
-1.558550485514068384e+01
-2.020679261046979036e+00
-3.438743367631097669e+01
3.715912200770759455e+01
1.158151781586545326e+01
-1.357551625375606363e+01
-2.067256222956785905e+01
8.360946144503266453e+00
-3.293751567759928633e+01
-9.998393380086895377e+00
-4.934412546298801772e+01
2.066978287613244447e+01
6.281039463364095354e+00
-1.023250637107025796e+00
-5.859244349054620216e+00
-2.271758847971636897e+01
-6.219204920551248961e+00
7.445304572499624385e+01
-1.037831165037761139e+01
-2.727154178817352204e+01
-3.963249459107893813e+01
7.922233104350823396e+00
-2.127212837075875740e+01
6.159003099930117742e+00
1.722643748368898997e+01
4.321833194377830978e+00
1.778615358108784505e+01
8.584408581549567430e+00
3.322766732076280505e+01
1.495763169017467931e+01
-1.986131809149900107e+01
2.724132138117916213e+01
1.981117562936307763e+01
7.024104458115914440e+00
2.404741177563141719e+01
-1.610178081804955497e+01
4.184108624587528880e+01
1.336165345284576844e+01
-1.801721224791882747e+01
-3.346748353694467326e+00
-1.023893866436603162e+01
1.158111466557400604e+01
-1.326306796354487005e+01
-4.484474407116508132e+00
-7.292727547716083336e+00
4.594357530936889589e+01
3.138541397225776564e+01
-3.688319058877222290e+01
-4.593832926642420489e+00
-2.996463898202679843e+01
-8.223781426037703568e+00
-1.340010342933288712e+01
4.885645508995480668e+00
-5.981232377804861500e-01
-1.630898327637501666e+01
9.620496940947703024e+00
-4.686079151425133205e+00
-5.331122509194827330e+00
4.890955546469359660e+01
8.207781115675942374e+00
-4.685092216509983842e+01
-2.252649002783618926e+01
5.438528370138192258e+01
1.545756979310169754e+01
-5.385263531911903101e+00
6.067494367424916391e+01
-9.170165820956555081e+00
-5.174928910931527071e+00
-4.597949286677135206e+00
8.796626711951091693e+00
1.769168842635465566e+01
2.475425721474053375e+00
1.644698465358567319e+01
-7.252369543726075563e+00
-1.997361816857988970e+01
-2.362398557799620846e+01
-2.724896004894804946e+01
2.338369210072610827e+01
7.372474021047494830e+00
2.165099300612640221e+01
7.916307430008714618e+00
5.065662822577394309e+01
1.058747767969959597e+01
-4.571785243160547907e+01
-1.944944344576921935e+01
3.480928778367967880e+00
-1.651698614645933105e+01
3.583386380813891492e+01
-7.933207863037182506e+00
9.539349579317168093e+00
2.992292702042296071e+01
-4.239810456453625420e+01
8.487789002852542808e+01
1.176665843498179242e+01
1.351398173259548230e+01
2.053305978568729984e+01
4.237185698076018525e+00
-2.639634458395505590e-01
1.987287781418908139e+01
-2.101743531904506312e+01
4.709656923437094633e+01
4.165734864191608722e+01
-2.363139240222133708e+01
9.149692379512202933e+00
3.972650572990303885e+01
-1.167606369764835961e+01
9.897130878850362024e+00
2.138377481141776570e+01
2.302760219908921613e+01
-4.332872023847110654e+01
-5.835350172603455121e+00
-1.738967011921035066e+01
-1.781574924198366716e+00
-4.503298047471449905e+00
1.013564921945828701e+00
-7.112921073564763219e+00
-1.802758167712045179e+01
7.500463340267430112e+00
3.914970794136820587e+00
3.010776439306367536e+01
-2.484805709146111496e+01
2.474474027993750269e+01
2.682089980857784894e+01
-7.081652321979220233e+00
4.619598527516463093e+01
-3.860948276964768411e+01
-5.849048152081736873e+01
-4.876759051202984807e+00
-4.526890807712447895e+00
-6.669069960408364750e-01
4.533140380311655093e+01
-2.765215074174605547e+00
2.429428772942719661e+01
3.050506879543041805e+01
2.119188481746380148e+01
-6.466122732618885038e+00
3.381903639128114492e+01
-9.037664415472718815e+00
-2.012756150531464527e+01
-2.322652706148448942e+01
6.115722265867958640e+00
2.007524177820241107e+01
-7.644792897438463797e-01
1.974064922440282999e+01
3.239072151495463459e-01
3.435394214302401394e+01
9.835266690668021283e+00
5.101483586560597416e+00
-2.121723185955374902e+00
1.826103005946070823e+01
2.130167279293604565e+01
9.751922740438487835e+00
-1.021207566593716365e+00
-3.115970874809281455e+01
1.650699709750925592e+01
1.078249828643859587e+01
2.013881222788644010e+01
1.598760504475669109e+01
2.047682398708908380e+01
-4.906713892842617497e+00
1.765768283452939613e+01
-1.521222791259253881e+01
-4.160242829526055175e-01
-3.070913406405676938e+01
-1.742815804569158900e+01
2.280680998262062786e+01
-5.106579917479869835e+01
1.505062572334441029e+01
8.958750056463031797e+00
4.706044682402216495e+01
-1.073018392963119538e+01
1.887946304302709777e+01
-5.654201204418654925e+00
-2.744272121492805638e+01
-3.850287808082612173e+01
-6.643333706289730856e+00
-5.011805665766007678e+01
6.652956325429443041e+00
-1.126596061958768580e+01
1.747978308162979033e+01
1.331708293311243096e+01
-1.618061532123198276e+01
-1.657436045237545841e+01
2.322386821171583193e+01
-3.479623313656760075e+01
-6.921193506470928014e+00
-1.070268109888672114e+01
1.546752217681168773e+01
5.291574261689220293e-01
1.533019640410941520e+00
-1.068940187520296803e+01
3.102504947866887619e+01
-3.138965041741971618e+01
3.889024545005270284e+00
3.411103151881698636e+01
-2.081731394510956079e+01
1.745580684658762038e+00
-1.609763148538831956e-01
-3.690868758565609653e+01
-2.268012059214848364e+01
-2.819277086781722730e+00
1.599338051668465255e+01
1.867602217475825910e+01
3.476692199925111026e+00
-5.444061266142853128e+00
1.010509287865801298e+01
-2.409339839401590666e+01
-1.123675463328339674e+00
-2.937163750508292992e+01
-1.578036418417590880e+01
2.753857723343517705e+01
-1.615917555245189874e+01
3.843786389921865521e+01
-1.360851569005734518e+01
1.857123407067037135e+01
1.432167992877023721e+01
-3.589441789347087308e+01
-1.424498594373015692e+01
4.917170892298543095e+00
-2.361972876541206290e+01
-2.137095712090541610e+01
-4.942778146223361091e+01
-3.063450373977593699e+01
-2.893426769340629789e+01
-2.488622157534805979e+01
4.844840627064144201e-01
1.034744943381298299e+01
3.875419539329286067e+00
1.378523603383163021e+01
-3.215444352219408586e+01
8.628289621088299555e+00
1.525291587490315237e+01
-3.814146013552024783e+01
-3.517819402239223336e+01
-2.385937693313763930e+01
-1.539908732030473004e+01
9.221958882943738445e+00
-7.639218753894283509e-01
-2.385149481343554356e+01
1.695855787625112043e+01
-1.348432593244697841e+01
2.843676389800245374e+01
-5.033547910116968183e+01
3.580115775089250008e+01
-5.100031005122300343e+00
-2.272302243257128396e+01
-1.420228341672458328e+01
1.038217377259591956e+00
2.532755754035931162e+01
-4.170194563656846753e+01
-6.686723414909522489e+00
-1.143796343179883479e+01
2.529953392265025514e+01
4.724685933978630459e+01
-5.621921554960266576e+01
5.259759357769530652e+01
2.351042535451774995e+01
-4.223414008610198067e+01
-1.807169388115994479e+01
4.480578334118283834e+01
3.359587642191871737e+01
-1.179568315488830876e+01
-3.330057943850277979e+00
8.120387975168391392e+00
4.222841501790806262e+01
-3.212321925279370305e+01
7.189783222310325073e+00
-4.710809553612662626e+00
1.544517850930736813e+01
-4.104616113045980796e+01
-1.864912824161351068e+00
-1.720811974780536246e+01
2.701062894792801217e+01
2.378755109140986690e+01
-4.936932034612800635e+01
-2.702171956682731491e+01
-1.220369720574109351e+01
-2.406160987523293215e+01
-6.604463848547396765e+00
-1.150929243931534529e+01
2.544225118754775394e+01
2.377901444760942695e+01
-1.236262719511472596e+00
-2.592830105749284542e+01
-4.808947744904270394e+01
2.687555663741153467e+01
-2.777532227693253475e+01
-2.055978290226022409e+01
3.365014199625711910e+00
-2.030820100885027557e+01
-2.210090553140076963e+01
-1.620825870380090805e+01
-2.710095141082311443e+01
-1.465310777722062596e+01
-2.938259694919003095e+01
3.166052998627336379e+01
3.474023941209085820e+01
-3.728154963500344365e+00
-1.241675151989852566e+01
-2.243278984250309804e-01
2.572319036437204431e+01
-4.862391406108463343e+01
-1.127359384769863482e+01
2.783697244638750590e+01
4.007327534030125094e+01
-9.466765732156346758e+00
5.626987233813679268e+00
3.102034478187437117e+01
9.382288709531763971e+00
-5.613811334197862379e-01
-2.513522605792360309e+01
1.140161696332324937e+01
-1.961895380880284279e+01
-5.976410969654608607e+00
-1.097133431640997969e+01
-9.297208897726960686e+00
1.281030968631318956e+01
4.473966751944605846e+01
-1.388507376081165035e+00
1.941011838941378187e+00
-5.150815640407328999e+01
-1.073489229640290432e+01
-2.035091011697778640e+01
-8.666073462018175633e-02
-2.651898116492039037e+01
4.826334328684023944e+01
4.592428658739675029e+01
7.965406248869825845e+00
-1.118024713464149045e+01
9.382499579412041157e+00
1.168571131755703618e+01
-2.696753146885056651e+01
-4.743514055057516998e+00
1.071175391666935184e+01
7.534729384119231099e+00
3.115503297777149783e+01
2.288904517214680823e+01
-1.198942468109959236e+01
1.472396094349944917e+01
-5.610487778150972815e+01
-7.172788834592509488e-01
4.936679536286027314e+01
6.770033564316236152e+00
-1.174130656606848788e+00
1.728352205087838911e+01
-1.617666793437743777e+01
5.087593013093034244e+01
-9.408037173153132926e+00
4.551447679334319218e+01
2.215403582692582773e+01
-2.292073533344853331e+01
1.830901130928489806e+01
-1.730235704993577883e+01
-4.091337440697100192e+01
-3.642992373704515785e+00
-3.153226992298424136e+01
-2.975139061251542216e+01
-2.786587212151758308e+00
2.045472880849303010e+01
-5.492024507771859021e+00
-1.773255932971164839e+01
5.072693132877560629e+00
-3.917464628182904107e+01
-3.972570108827474300e+00
-4.698264584409213285e+01
2.769924816535272782e+01
-6.954161596058980876e-01
-2.827126763241706442e+01
-9.428944307652670886e+00
1.047142478556770584e+01
-2.001586875162399792e+01
-2.583897679422388194e+01
5.338509761785451246e+01
-1.373306980735085858e+01
-2.281893612940996263e+01
1.547981085768731901e+01
-1.000765422265364890e+01
3.096974618553530689e+01
-2.569189663098370602e+00
3.930289958698637065e+00
6.123098239043889635e+01
-7.056632601984972553e+00
-2.078003770395753236e+01
-2.443014535364306994e+01
-2.886827483173863129e+01
-1.938379177513024842e+01
1.539222162639453018e+01
1.537463897132346347e+01
1.267214059681728600e+01
4.165442501330642244e+01
1.862957618455368447e+00
1.185077907082890647e+01
-3.605232934572769921e+01
1.509367018726095466e+00
-1.058026663340550044e+01
-1.510262419026662428e+01
-1.964487936252623967e+00
1.912635657952563406e+01
2.166445303810417045e+01
-3.951801115765363193e-01
6.885364186484025595e+00
1.565674809904352038e+01
1.981085487307301207e+01
-1.385174482164750032e+01
-7.142050804150869681e+00
3.937010548389565656e-01
-1.310672400842099705e+01
-2.885701707391376658e+00
-2.036544575516271038e+01
4.501714736155733476e+01
3.646620021628751829e+01
-9.232729809562044920e+00
9.078512008476423034e+00
-2.631281507170141865e+00
-1.702017324655452057e+01
2.025706446477781952e+01
-5.405574037614428562e+00
2.266977345775322306e+01
-2.972923867484514915e+01
1.018647164282643303e+01
-5.614047820709970438e+00
-3.058570351461003156e+01
-1.383103668171384015e+01
1.516156691501167586e+01
-5.191523523858928968e+01
2.441713646516421932e+01
2.648836609644783380e+01
-5.673507156312163957e+00
-3.394706081125349328e+00
-1.780967941729187487e+00
1.421563401412714711e+01
-1.856297966906871011e+01
2.050306244080771023e+01
1.734900369193422875e+01
-5.589023431301905021e+01
-2.012893756779823207e+01
1.350683892939684583e+01
-4.859691818686570741e+00
2.467633272442841275e+01
-3.622308405600290371e+01
-3.014719382905127532e+00
-2.379654556194185488e+01
-7.312293009460785242e+01
4.372445304501587771e+01
-3.320738167676665853e+01
-3.480737771265665259e+01
5.069434051054329871e+00
7.373938573266337926e+01
6.638217499343852523e-01
-1.599182750585760004e+01
-1.769878781353668273e+00
-3.108272995055237686e+00
-4.874303239464000370e+01
-3.482697871038593007e+01
4.660527044906471872e+01
-5.836050638985682326e+00
-2.143361352443844225e+01
2.807066303742351465e+01
-2.040113331139561126e+01
2.099913067929418276e+01
3.026389832254192669e+01
-3.248418940621880324e+01
-1.598488675716714624e+01
-1.975058090661275401e+01
-1.016842271398749631e+01
-1.004783414458693613e+01
-5.918262041133516504e+00
8.133473187489130396e+00
-1.942121958233854428e+01
1.614135604419011827e+01
3.295357935449160891e+01
-5.131983194333415099e+00
-1.156187162843735905e+01
8.284750662600771420e+00
3.183473418153940315e+01
2.967993757703014523e+01
5.541887808856301945e+00
-3.175067094801818257e+00
-4.958183279870269189e+00
-2.888370335428638924e+01
2.187865577782487492e+01
-1.272128914492529361e+01
1.131610281184680389e+01
-7.941556682198438466e+00
1.534691699794291253e+01
1.040333216334941824e+01
-4.580925125474112747e+01
-1.515331825833573021e+01
-4.469176994334443975e+01
-2.032147360295289218e+01
3.027244345819916305e+00
-9.778556403985874113e+00
1.857092231100628510e+01
-1.704551894647619292e+01
2.089502333263830280e+00
6.094052981002050728e+00
4.025629745900579337e+01
2.040757836401321867e+01
-1.718041480398084531e+01
-6.948255787188060140e-01
6.932108472812416267e+00
2.178544659698717112e+01
2.265670539857751464e-01
3.105050159433528734e+01
1.281406191135002004e+01
5.146925271364784749e+01
1.111883237377583100e+00
3.724021650889260115e+01
-1.534536348444490272e+01
-2.145075717566522400e+01
2.522405914977582597e+00
5.324647205651501736e+00
1.523646533531200475e+01
-8.060069487387750087e+00
-7.777872882669498722e+00
1.473184514548586321e+01
-2.755683609974423121e+01
-3.132594159071724960e+01
4.500989369629985504e+01
-3.371293090906306134e+00
-2.222742566041712564e+01
-2.302583773592871808e+00
-7.646512083936727322e+00
2.414139748032982880e+01
1.882094619846918704e+01
-1.144997217591924255e+01
4.622100478095205744e-01
-1.504447683852114892e+01
-2.004481471951140747e+01
-1.522106949744176063e+01
-5.492641794977554071e+01
2.784960079209497508e-02
-3.660212323416348568e+01
-3.164655214576721676e+01
-2.118179062038842630e+01
1.088095638177168212e+01
-2.073097137979510762e+01
1.312653528275298243e+01
-3.479176123759289396e+01
5.992037709358442044e-01
-2.353736583080229749e+01
4.844850436577885944e+00
6.390320053754564356e+00
1.895819182018470883e+01
-1.192126501486458778e+01
-9.100253842496954348e+00
1.678182691382189162e+01
3.368242549299404232e+01
1.865765846025439600e+01
4.714939982427495124e+00
-4.075988402088566431e+01
-9.640906103326358334e+00
-1.792212588569140053e+01
-3.434443479169476632e+01
2.296711928913936163e+01
-2.060093325972019329e+01
-1.877865123059962116e+00
-1.593259154290801405e+01
-5.666068729273160898e+01
2.941484980265114757e+01
-9.985732049734849625e+00
2.300958457593213780e+01
-4.058124159832503608e+01
3.829187194782221582e+01
2.090087739050090931e+00
-1.635580574925412023e+01
4.868918022903073961e+00
-1.183485106110353513e+01
-3.724709827778426074e+01
8.243866539543859062e+00
2.022876029772072570e+01
1.000982761202635629e+00
-2.059222626944261947e+01
-9.287757709233062542e+00
9.982244198897689103e+00
1.814929837585020778e+01
3.581432771139192539e+01
1.343165035289928255e+01
-1.321198722866344610e+01
5.420897740385963459e+01
1.363216015491103406e+01
2.412677548245662251e+01
-1.034764068275325144e+01
1.591297459445270590e+01
1.112556149442818310e+01
-3.522961233499412970e+01
-1.171905317821493497e+01
-2.322667441480759365e+01
-2.095380652152184098e+01
-6.857626146179825355e+00
-7.853714881990129015e+00
-2.395981662232395593e+01
-6.298058251421161913e+01
-1.640131075469000876e+01
7.112867205962402295e+00
5.168777499152838573e+00
7.890606040545023347e+00
2.634366485691870707e+01
7.985650303360191771e+00
1.845385954016853702e+01
-2.369207415846261711e+01
2.595874056186966072e+01
-2.582586628825839625e+01
-4.083927335340632681e+01
1.246723167778816332e+01
-2.451035956210975542e+01
-2.231744765683632181e+01
-9.008799405181221687e+01
-6.565217077933901635e+00
4.633178512438774987e+01
2.408615005673130582e+01
-5.808972658176742243e+00
-7.830120840707706975e+00
2.144167530310153325e+01
3.777544603952253510e+01
-2.364537132901826055e+01
-6.145304070536496965e+00
-1.932116186802466018e+01
-1.993944197295820686e+01
-1.748327084730308201e+01
7.207971139380951797e+00
4.020385684493305689e+01
-3.706676810727995530e+01
-3.188064099009272923e+01
1.871927210294387578e+00
-6.044658005393756639e+00
-7.626509933260781082e+00
-5.123671454077026510e+01
3.570824896602069032e+01
1.360390136149237605e+01
5.303733970558496935e+00
2.753104209087148035e+01
-1.862395816349197375e+01
1.760634688132582681e+01
1.581306803376895687e+01
2.092785531210637373e+00
-3.475177745174736543e+00
5.024643843445321778e+00
-8.970623599615414889e+00
2.879871020652059599e+01
-2.277653951345862993e+01
2.447412230524412280e+01
5.488708584277105729e+00
8.200646014414076035e+00
1.289923019721231867e+01
-4.938844203066007310e+01
4.763931836505832962e+00
-3.806509218107919423e+01
-2.784273330246927713e+01
-2.784399417617629524e+01
-2.836204594845267479e+01
3.022556618200269440e-01
9.513548512766121235e+00
2.829837942795512618e+01
4.919413160797649454e+00
8.160360544760859369e+00
-3.988769915563995028e+01
-1.451727713646793916e+01
1.934381482823557974e+01
-1.136850958204192352e+00
-3.964673810835961376e-02
-5.066556122984820831e+00
1.990732276883161944e+01
-5.186877159508009072e+01
6.419795662498803068e+00
1.154203475027713921e+01
2.455926939040900692e+01
2.102305783684614937e+01
-3.215442986167030881e+01
6.415771727707095806e+00
3.324162679910855900e+00
2.714108769429913082e+00
3.362203441237227253e+00
-1.072163246737684972e+01
-2.007846865428462024e+01
1.074519742378025455e+01
3.415067977925571086e+01
-2.816486386213000515e+00
6.594619829371282549e+00
9.625436311632739717e+00
-1.460046778741164530e+01
-1.543894572499738160e+01
-6.782055034588327658e+01
-2.099072464439809949e+01
-3.101944201652642619e+01
-3.814066133027893102e+00
-3.834858835680299194e+01
4.265743482997538649e+01
-1.779132979349770949e+01
-3.043980297809935109e+01
-8.787796536358678168e+01
3.776727932910912955e+01
7.569335466299804693e+00
3.435366471931303067e+00
-3.557326097172395407e+01
5.006732731690362925e+00
-1.128232387970706441e+01
-1.859715108755496615e+01
6.613567652537930996e+00
1.915997073375174864e+01
4.157523880225227231e+00
-1.206645970378940547e+01
-1.160300189830536510e-01
1.576458765394733064e+00
8.906421304198431699e+00
-3.611132412493304145e+01
4.096609471186270923e+01
-2.433572670286069695e+01
-1.698347293237677036e+01
-2.780845397623278359e+01
-5.905779849765751521e+01
5.104773720278480198e+00
-2.973323635022526901e+01
-1.082859369911101055e+01
1.852182778989833878e+01
-1.469281348776240748e+01
-2.011544587774210413e+00
-6.677171456076763434e+00
-1.141812669330835206e+01
1.808399559008517343e+00
3.079822067454095702e+01
-2.857475941707900802e+01
5.651324762616908970e+01
-1.284794763514662463e+01
1.899318832823489345e+01
-7.813003417867520284e+00
6.480340004722620506e+00
-6.173526325600732889e+00
2.491526560799445633e+01
3.481998082838349973e+01
1.086806912618170884e+01
2.618275113031121748e+01
-2.018932683316937471e+01
-3.734901320050322937e+00
-1.268591740729965522e+01
3.891909076134851375e+01
3.268266226776341909e+01
2.468258544231304086e+01
-8.749868176530355868e+00
-1.579261572689316040e+01
1.411871776035519588e+01
-1.592941699214701146e+01
-7.043458138763810439e+00
-3.290132667004087352e+00
-1.676666757576047928e+01
2.820717177540895193e+01
-4.688568002745064689e+00
2.152588977698842854e+01
1.108366539034905429e+01
9.808230081226426478e+00
-1.877646188489403301e+01
1.505000561263517511e+01
-1.035396975468256642e+01
-6.659914815890800810e+00
-1.768724306571073157e+00
-2.731308623339344877e+01
4.231614260144021955e+01
-1.513035198934889003e+01
-1.777648970891931413e+00
1.262586378220414929e+01
1.089782228407332809e+01
4.205728194139561538e+01
-9.816147767752170239e+00
4.275714411430871564e+01
3.837379909998942651e+01
-5.316562936422275243e+01
2.884370776941253212e+00
-1.052195515215706223e+01
8.855523892559659771e+00
3.342540698513857933e+00
1.128133623376203332e+01
3.537080268003031591e+01
5.536982321654681982e+01
-4.262086409606541793e+01
4.290426749780874616e+01
-5.553817659325201817e+01
-4.607426995577139905e+01
-8.196037680236258893e+00
6.249874807335231708e-02
4.135602002642286834e+01
2.028335341785572155e+01
-6.836556594587761992e+00
-5.059371054933041023e+01
4.002554465201193068e+01
-2.370766258015402173e+01
1.031916779068126289e+00
-4.026158125560939993e+00
7.146674302597975270e+01
-1.438006910932992355e+01
-6.054990252208233414e+01
1.778540055167098899e+01
-9.229642722032988900e+01
6.545462796788143578e+00
-2.070947087243322926e+01
-1.042782610329957294e+01
-1.539625794153539573e+01
-3.317045888307438872e+01
2.170110291844584083e+01
-2.153892627651445935e+01
-6.654119986689636335e+00
-4.474506090298751815e+01
-2.485599490700650449e+00
-2.965602142441658629e+01
-4.230740284940014817e+01
-6.444404823962310047e+01
5.203694608146065548e+00
-2.018073369052083876e+01
3.530920687213438214e+00
-7.982687008522248107e+00
-4.608879062623833534e+01
-3.685313976869522890e+01
-3.093814716992193325e+01
-3.213630188164455603e+01
3.022273649373501314e+01
2.919752808579559655e+00
-2.825732198094863179e+01
-1.230570676348912684e+01
-1.394596596465002847e+01
2.281736695785500046e+01
-1.764563878420798204e+01
-4.349332924916023302e+00
-1.589747937582831128e+01
-2.030956660449760420e+01
-2.293659352121007089e+01
2.097240344654211697e+01
-8.787631157413841265e+00
-5.248579286638118901e+01
4.375576672499363440e+01
2.498260365466264332e+01
1.498336357758603299e+00
-4.429248562568710668e+01
-4.248940381844914782e+01
3.938142035173427757e+00
4.164097909757344951e-01
-1.799086683161431210e+01
-2.599804584431510079e+01
1.782769073780980307e+01
-3.146127962826369640e+00
1.494907502763248885e+01
2.777757174896947845e+01
1.804939245920488133e+01
1.810722157655416709e+01
1.355045682849765853e+01
-1.187019243950544478e+01
-8.461058681291007133e+00
-1.230240251479187208e+01
-2.083996786328719963e+01
-2.429197434608153117e+01
-3.616063995710456425e+01
-2.113508712210851570e+01
-5.790570856786914078e+00
-4.362420798313644354e+01
-8.123475533520263525e+00
2.069283237929905894e+01
-4.483385681402768341e+01
1.691927886538968551e+01
1.525437020408787703e+01
-4.081096961360441355e+01
-3.220645388720203073e+01
-9.750130690805661970e+00
9.965317555489036749e+00
-2.236894894128812439e+01
4.109818145944601042e+01
3.648367398882712109e+01
-4.390259751927908383e+01
2.540573751613027298e+01
1.976537290785319101e+01
4.988234235638230984e+00
1.230571704554922974e+01
-2.432361139929381011e+01
-7.439803535748183094e+00
4.716642920205345035e+00
1.092935453126767698e+01
2.405015908695786919e+01
-2.918096758928515655e+01
-3.423674841503839161e+00
8.514172747285016385e+00
3.036998978483978817e+00
-1.697238970420529824e+01
1.242002956980714856e+01
-1.453424164198783330e+01
-1.165566616108269216e+01
6.500470210943944949e-01
-3.461082466445517980e+01
1.682266711638142453e+00
-9.576239777161731581e+00
-7.883459539261991722e+00
4.801237033524472508e+00
-3.089091228400079103e+01
3.374716676306346130e+01
-1.433559942617063143e+01
-7.589953237363278049e+01
-4.860294137787519730e+01
2.106270800788800557e+01
-2.302480825943439413e+01
-1.073946228585504059e+01
-1.495911911890809876e+01
-1.043509945756133561e+01
-5.740386974735318404e+01
-3.584019459155797449e+00
-3.545677511239256319e+01
-1.959734916624611856e+01
1.210172654261702974e+01
4.478833630935270094e+01
1.597232764365571711e+00
-5.509007034246309331e-01
3.392526909291056825e+01
-3.154539887327931069e+01
1.817681195179277864e+01
4.326071441799612671e+00
-2.714381424122586850e+01
-1.452944488123037559e+01
1.268622712112846784e+01
3.598521982404534469e-01
6.929195702001205603e+00
5.900575162018128594e+00
-1.349576480054685135e+01
-1.844235787514332969e+01
-2.844679569585861145e+01
2.807086185824022095e+01
-3.676515351432132661e+01
-2.728856262434075575e+01
7.118388061082768559e+00
-4.956217636769034129e+01
1.281469046830372349e+01
3.650896251658230085e+01
-4.149854718714628632e+00
6.635975731682364653e+00
-1.640501363324540307e+01
-1.252768253097249840e+01
5.948294710152140397e+00
2.166380405934220121e+01
-2.211650444673308513e+01
1.538135383792071309e+01
-6.046666959383088624e+00
1.750369722716925480e+00
1.319886775879878371e+01
8.507181290918950367e+00
-7.329149885335517922e+00
1.536426336999738851e-01
1.093883487194204918e+01
1.627601661475887340e+01
-4.090727331163630254e+01
1.830395318904947999e+00
2.937996538270800073e+01
-5.262181128852671463e+01
1.732266263652412874e+01
-6.647325904926599094e+01
-6.134099678785799981e+00
-8.448823621730241484e+00
-2.937621290850302103e+00
-6.922987177786126267e+00
-1.435716865005838372e+01
-5.424454895203780325e+00
6.841792860691100486e+00
-1.515861380782949297e+01
6.870936737583818399e+00
4.992812977380359030e+01
-3.453306761567890248e+01
-1.506441204795066824e+01
2.267777306218923172e+01
1.367492052015728632e+01
2.490934583470933461e+01
1.199665155553661222e+01
1.202867683811459187e+01
-9.148303770320723061e+00
-2.796737781724802119e+01
-2.575049085588790376e+01
-1.538936872781315657e+01
2.653572337143330628e+00
-2.402931734366529781e+01
-7.944647697002164222e+00
4.154200042828705364e+00
1.356285759979732575e+01
-5.805816970499805052e+00
3.395825657343928583e+01
-3.294800245333081534e+01
-2.225811282956954074e+00
-1.782451121813293682e+00
1.567787459925815341e+01
-2.237041310691135010e+01
-1.416235573427022132e+01
1.069064397170068048e+01
2.560454586668218724e+01
4.249407149766129521e+01
1.818073447369451401e+01
2.379929551414998912e+01
-1.589081047687302473e+01
3.581516881219937432e+01
3.757556620037476591e+01
-1.444249783053692227e+00
1.942928260193733081e+01
2.145746320124793272e+01
-1.336040884605692725e+01
4.823324869661405501e+00
3.450658469110732085e+01
-1.370698014508838014e+01
-5.190346146088927526e+00
-3.427472580496483090e+01
1.350505534299020383e+01
-7.284961774577823235e+00
1.121744578286421756e+01
3.336878198829680287e+00
-2.262206222118828336e+01
2.589064632216704354e+01
2.277804039158874616e+01
-1.526970272561499087e+01
1.080645448686814092e+01
-3.465182838566715873e+01
-3.017420950021174519e+01
1.406917016137367682e+01
-3.869844785568173506e+01
-1.747818097925861736e+01
2.941093493591040442e+00
4.694709562879609877e+01
-1.443578259642035277e+01
-6.950508032867048769e+00
-1.022609037257115006e+01
6.363032642581673315e+01
7.954566738924796709e+00
-2.443783805458662073e+01
4.017984794593292008e+01
3.558228247045890669e+01
1.784113105033463853e+01
4.263659347755611861e+01
4.874129969745061430e+01
-4.249391102288704758e+00
-1.572463128540928778e+01
-1.644741844559354149e+01
1.636391287811154882e+01
2.128460550618672187e+01
-3.892429207594133800e+00
-1.312151389397635626e+01
-3.462480530516762656e+01
-1.431717382396814742e+01
-2.561457814656523624e+01
1.708657735382547571e+01
9.681017920029148627e+00
3.613768011814727288e+01
4.217030210978748528e+00
-1.334821424975825721e+01
-4.808522809709270263e+00
2.239043310318101021e+01
7.074247039147678606e+00
3.088197397597255645e+01
3.159378836395217149e+01
-6.846356994152898778e+00
-6.092964003695598763e+00
-5.693762221888658814e+01
2.868653339692716742e+01
-6.763913973808257651e-01
3.069387114254476501e+01
-1.229087099424668850e+01
-3.538608440491026386e+01
1.193494014994611518e+01
4.129405973526635876e+01
-1.483476614583535991e+01
3.743664299382697891e+01
-4.121933949475173620e+01
-1.304983599772079117e+01
-4.602855773614203372e+01
1.080934930036187325e+01
4.583059995302619427e+00
3.066425853451505645e+00
-3.518329732031190815e+01
5.124866057169009537e+01
3.066729295386977583e+01
4.967866937905682789e+00
-2.916983635808267650e+01
1.224142563386504889e+01
-1.318582521053575363e+01
-7.004505778932468729e+00
-1.353625432430794717e+01
1.037505976119532392e+01
-8.161045986737633484e+00
-1.139303370572454810e+01
1.176643105773439402e+01
1.463956231261842333e+01
-4.845407530776833482e+01
1.121479153540602169e+01
3.813370099320430029e+01
2.271143144707417605e+01
-5.934738713677048416e+00
8.643128052983186649e-01
-1.982985367561153112e+01
3.278647382338863281e+01
8.764823354563759494e+00
-2.347395450095035585e+00
-4.194654095455689458e+00
6.037218259647190166e+01
-1.811011419214224816e+00
1.380606161015370503e+01
4.212365710704179378e+01
5.428896008023620823e+01
3.505535994558991320e+01
2.287646182614517443e+01
-3.744748946289317360e+01
-2.555958200512151279e+01
1.943636529055979167e+01
3.905846187631340172e+00
1.783618219547909689e+01
8.936088945145556295e+00
3.464448179925707905e+01
-4.363682602846962055e+01
-2.747741056457846298e+01
-6.489864942703007955e+00
-4.817823203605156834e+01
1.074982049561545239e+01
2.478353016296752287e+01
3.821495159548362608e+00
-1.247883847944325453e+01
1.304135390252054094e+01
7.772904143609105176e+01
1.739436993180419222e+01
8.883608851003486961e+00
-2.644277874021571506e+01
-3.370646725388252207e+01
-8.241880692659364627e+00
1.857476830616738539e+01
-3.368156128778025504e+00
1.335096195772077010e+01
1.961447012184521554e+01
-3.213446589701626976e+01
1.470102379561262751e+01
2.482705702393025149e+01
3.173201313823443570e+01
-3.713161077758314832e+00
2.630752123136062437e+00
-5.630080849677028709e+00
-2.716688809611602551e+01
-3.902211481228206935e+01
4.464892956941717017e+01
-4.360357780565152552e+00
-3.105469680638080376e+01
3.043475220521031588e+00
-1.456455759316478549e+01
5.096517853883361227e+01
-1.306679248249008651e+01
-2.012279638216719491e+01
1.952211702723133158e+01
-9.220641451610589456e+00
2.503189686571397488e+01
7.255322270267754448e-01
5.456933246697573736e+01
2.959003796995661872e+01
2.245750402553309044e+00
-2.090266893161403061e+01
1.543491307149903946e+01
-3.026639346328256863e+01
-4.885459570405629393e+00
3.441330768664748518e+01
-1.569292773281304676e+01
-2.519423856541715168e+01
-1.358215705537966755e+01
2.807702609620002931e+01
7.103088390647052108e+00
-4.653950806191498657e+01
1.869054296144049943e+01
5.245266060144899711e+00
5.190167220317093211e+00
-2.823601496034103775e+01
1.646632857242281034e+00
1.897375990969199222e+01
2.691151601322623321e+01
3.697045857655631096e+01
1.623981908202072333e+01
2.222233418852297859e+00
-3.034404730919573012e+01
-2.621731034176937669e+01
-3.876601110905752989e+01
-7.380363535351136761e+00
1.781076234395123947e+01
-1.399708458770206221e+00
2.879414522437406276e+01
-1.837250685558325358e+01
9.207960509102633750e+00
-9.778589541122983064e+00
-1.675817601530928513e+01
3.433333175443235064e+01
3.961186291254961134e+00
3.532118784082103957e+01
2.702191428707237719e+00
1.250755536795309730e+01
-1.003925173548293515e+01
3.410709787589954090e+01
-9.326770148606783550e+00
3.380183499276876447e-01
-4.385498983599805456e+01
-5.384212116182908403e+00
4.016008949079059676e+01
3.593371233575697943e+01
1.508938499867738869e+01
-9.298948771926632162e+00
3.089865823869189398e+00
-1.176438340566198804e+01
-7.781092646732730600e+00
5.191645112316334831e+01
2.793752066397189537e+00
-1.475211386438206773e+01
-6.092433169254627501e+01
-2.671665975236604140e+01
-2.158232385391099228e+01
-3.606071709193665242e+01
-3.267915860899472591e+01
-3.890852360902903229e+01
-2.580947148234455568e+01
-1.786977539868763643e+01
-2.778034536520119957e+01
2.637659258880666968e+01
-1.169795010602803131e+01
-4.975108678023508446e+01
2.263901100990565851e+01
-1.715634534748596707e+01
-4.567764562668109818e+01
5.466808146179018024e+01
-1.464115691078986359e+01
9.653071789887860632e+00
2.256511009217362584e+01
5.065730597672427393e+00
1.495418447723199051e+01
1.809810389514723283e+00
1.115848548860611800e-01
-8.348974900715482761e+00
-4.247512137430118173e+01
6.704239018351593415e+00
-7.019776533056904100e+01
3.995876222377110309e+01
-2.398555813940924963e+01
-9.936346577142671777e+00
-1.025291850299868202e+01
8.471653553144955495e+00
-9.633085126820972732e+00
1.524109669675368650e+01
-3.115717024049799022e+01
2.021849843696924154e+01
2.433020767788752536e+01
5.918643258882156033e+00
6.451254472682592223e+00
1.219316039666240670e+01
5.117960706741371268e+00
1.560089116420107302e+01
-4.499542886242181794e+00
-3.963673858614782830e+01
5.428218716667515764e+00
-1.404459070070157622e+01
-3.052821699629788554e+00
3.117597509107508813e+01
-4.537784640736283848e+01
8.044983012719058024e-01
1.172172935793298620e+00
5.159975390074095003e+00
1.770731589826118579e+01
-6.894208543421271429e+00
4.694105749858437093e+01
2.489060683683347008e+01
-8.683334012917086397e+00
-4.285485706541152240e+00
2.137090871377495205e+00
4.352571822106398258e+01
-2.991195703361370306e+01
-5.824498454861748087e+01
1.743355533903283572e+01
-6.886158970862652495e+00
-9.459945233473845860e+00
9.374089125800580291e+00
4.303693141914592957e+01
2.511108325381829331e+01
-9.088492917275459604e+00
-2.976840557207182769e+01
-4.837576233892008304e+00
1.600234967969446132e+01
-8.676127074267384387e+00
-4.225976992389985298e+01
-3.447040628407961549e+00
-5.407575439463052192e+01
-2.875885816324986877e+01
4.660003175363942773e+01
-2.957605375953386329e+01
-3.880366401709645174e+01
-2.929866285669600501e+01
-2.098029673801977424e+01
2.055953483825857120e+01
4.790167324619616096e+01
-3.750409100115291494e+00
1.471449124238620243e+01
-1.206716857881886540e+01
-3.952765420997935308e+01
2.676387236472518083e+01
-2.686862290612742754e+01
1.487729736137305281e+01
1.818332434085390048e+01
-6.063130105291634209e+00
2.154292081817192184e+01
2.346174535604662026e+01
6.469548557762604446e+01
-6.789816223405864548e+00
-2.949460244876426884e+01
-3.586782228864279887e+01
-9.756775263716448876e+00
-1.913178186691211025e+01
5.393500425036705792e+01
-2.503326081769995426e+01
6.565168534027325364e+00
2.786381328248751288e+00
-1.255509347354672656e+01
-4.846846384030237687e+01
-3.585643104526354819e+00
5.627983444024117432e+01
9.910661012053168406e+00
4.293301083815663333e+00
-3.297131408978164302e+01
-3.279101272850709847e+01
-8.032833032351931024e+00
2.624613363631726770e+01
-1.453728629365801339e+01
5.872022716610939597e+01
-2.764228950474105773e+01
1.073776912608404643e+01
-7.836029680700846711e+00
-3.701729883799009713e+01
2.486566324088585134e+00
-2.929307728363471597e+01
-4.219651075332990331e+01
6.335449463660893343e+00
1.082168175444763847e+00
2.985649260213160971e+01
1.350217256042152769e+01
-1.920233387713563289e+01
1.232519712454489991e+01
-4.998363023519662107e+01
-2.734104095039197091e+01
5.100470329008431492e+01
4.706327703407836793e+00
-6.044746492915521685e+00
-1.700459465473898035e+01
-2.496472469320849541e+00
-5.642812559354581481e+00
5.089988430189467294e+01
2.379504345902623186e+01
-6.749072848668674851e+00
-2.006599359423205442e+00
-2.247610497109264571e+01
-8.970548177791215494e+00
-3.598818678147824812e+01
2.824790590387203082e+01
4.000496171452581962e+00
5.883784071927266268e+00
1.022823944108677097e+01
-4.595315212441221320e+00
-1.175281422630644457e+01
3.074060578885273287e+00
-6.184139134439951135e+01
-8.852427040047274431e+00
-5.862225434893446163e+00
-4.414467186180544900e+00
2.754434460703934917e+01
3.715117157022969963e+01
9.876061718259677491e+00
-5.439697524773789894e+01
3.555626578068159915e+01
-1.225513012271841262e+01
-2.139779628356123453e+01
-4.983527558313132744e+01
-1.720979741163490928e+01
3.548468919454919046e+01
1.747637884832005284e+01
5.800748725039909459e+00
1.925480599507707780e+01
-3.332779643681220705e+01
-2.659184693564014879e+01
3.226039247126632858e+01
2.224254389956323053e+01
2.744993637296667544e+01
2.791907106710823427e+00
4.843024445039446846e+00
3.114598386833560539e+01
5.518612186837174249e+01
-1.193160717463414500e+01
2.202172563402689320e+01
-1.477745473061884240e+01
-2.505734873683777408e+01
-1.980331179550267962e+01
-1.989887740804519467e+01
-8.263037542539450442e+00
-2.715698475394344769e+01
-1.119741113725609694e+01
-7.753019892687527204e+01
1.937314937366838308e+01
1.267006206606240326e+01
-2.693830552961323122e+00
-2.218744149734652638e+01
-1.057399652158423464e+01
-3.135418064926022907e+01
5.621604809915965006e+00
4.602266251303309730e+01
-1.258391132915437538e+01
-9.646871479820902096e+00
1.196410507827482661e+01
-2.917372706006868555e+01
4.835617909595418951e+01
8.403885553547723930e+00
7.921483998994176545e+00
2.827247006270530960e+01
-1.434509022501742947e+00
3.196503741291456890e+01
1.079371677204531466e+01
-2.247769400313828214e+00
4.696232038909016637e+00
-3.634118686341764715e+00
3.781480401944935466e+01
4.907492423071346366e+00
1.037910144893839970e+01
-6.629766489478754465e+00
8.010279436903005035e+00
-5.264249757114615136e+01
-2.011248266173765842e+01
-2.781410017279296198e+01
2.708147012262423914e+01
-1.826778952510511544e+01
-3.424094075340906329e+01
3.302079563829022391e+01
-6.960547721415593969e+00
2.311909809645459291e+01
-5.139704255027083946e+01
1.060923929170848012e+01
2.955847846785175648e+00
3.470731035329663428e+00
-6.625883825896437429e+00
-4.140868350343396287e+00
2.893856540157640467e+01
1.050779728270356372e+00
-2.891688933017658769e+01
-1.069201355875702575e+01
1.254952526281603298e+01
-6.556555778269283508e+01
-5.015111905763139077e+01
7.394937969528996291e-01
7.993515980420795586e+00
-2.678375341050775660e+01
-1.089497930355719291e+00
5.990026582082504092e+01
1.597149115142218534e+01
-3.065365026430083617e+01
5.321917158137949855e+00
-5.277105068521443343e+00
7.125718296087917736e+00
-2.025282813112224289e+01
1.252305287189573235e+01
1.496161746939833392e+01
-3.945393694046543942e+00
6.348927384074673341e+01
-4.500184997767533446e+00
-1.798475714216993993e+01
1.357710259828240851e+01
2.441909451970826694e+01
-1.923944632273193633e+01
-1.029944309181558992e+00
5.568142799287426215e+01
-1.585291038383616069e+00
3.336722180808200733e+01
8.322286477491076084e+00
-3.983614722401206620e+00
-1.287645791530781025e+01
2.967489562454957763e+01
-3.178690477519359092e+01
-6.159392034446113939e-01
-1.034395299794999801e+01
-2.258283237213484540e+01
8.508192955344696884e+00
1.509379691293408321e+01
2.449483531261876124e+00
-2.460869397275473602e-01
-2.260302497282089007e+01
9.201835216827277009e+00
-1.870717432007666048e+00
-1.287841295912869555e+01
-1.145950365598552168e+01
9.411573511211173582e+00
-2.130935826944096334e+00
-2.149597786343588268e+01
-6.195527202164350911e+01
5.911132075490741045e+00
1.097506195519495975e+01
-2.754894571489661814e+01
-1.356408185255435228e+01
4.699804137067904719e+01
6.367433695725139842e+00
2.244326501246882799e+01
4.904420304152893095e+00
2.264143307081380385e+01
3.250750066022789042e+00
-2.214974213003739578e+01
-6.165288374021997697e+00
3.089494865389212919e+00
1.788371736684015900e+01
4.288934313540221410e+01
2.795875458616339415e+01
1.720458851726988314e+00
9.678233176811687599e+00
3.444018426202737260e+01
1.501815238722495138e+01
-3.942816571937950698e+01
-1.567705393106277256e+01
6.378893917984186146e+00
4.846079130997139828e+00
1.401592358021072471e+01
-2.945508287788337043e+01
3.990245918321598140e+00
2.457818207505991381e+01
2.719511347854151495e+01
-2.443438069298818505e+01
1.732578262166839522e-02
-1.272611260575274628e+00
-9.700232972857435243e+00
-1.614038723230752481e+01
-8.790385323851808153e+00
-4.985693404952506569e+00
5.741977174466455835e+00
2.405244158739056815e+01
-1.755387616435071152e+01
4.601793381171034980e+01
1.865885383772632622e+01
1.526305458668235815e+01
2.015299949298352544e+01
1.542241844943891493e+01
2.065192797849320527e+01
3.112823622158177272e+01
-2.591408995644458457e+01
3.541520461996031344e+01
-6.489032556342914404e+01
1.801964659400050550e+01
-6.080354066512015265e+01
4.744255268710747941e+01
4.289499221748562263e+01
-5.335418671260214296e+00
-2.740019955607732527e+01
-2.413720718184296743e+01
-3.129763973954354128e+01
-3.604515407162006113e+01
3.217604418951705725e+01
2.393962596148733724e+01
1.360049069813122458e+01
1.611170282079820026e+01
2.538446954651865894e+01
-2.228553347281115293e+01
-1.006499202441838747e+01
3.137737833032544899e+01
-7.435184307286178296e+00
3.035304774356643520e+01
4.237404976296055281e+01
-3.273868806193968695e+00
-4.165566028832893153e+01
2.848885341535265070e+00
-1.443138211079753930e+00
-5.811580001769357295e+00
5.653144704629653461e-02
-3.709234085511764079e+01
-7.158455410449192868e+00
5.057890596173461262e+00
7.556138615870651165e+00
2.779178304327486160e+01
-2.427809984771764107e+01
3.171028487810201568e+01
-2.269964793053330254e+01
1.460221811075277287e+01
2.299016265806360337e+01
