-3.541095900798234197e+01
-2.036731536040619517e+00
-7.305226548494296424e+00
2.455922187178341431e+01
-1.217483957812136453e+01
-9.405452264786390515e+00
-2.459812970671003995e+01
-5.141755256613164704e+01
-2.194172505823607366e+01
-2.308267538176596645e+01
-2.137558929019942866e+01
4.307629695740079256e+00
2.025346217672947091e+00
-1.082583413730688449e+00
1.775074668162915259e+00
2.705619677669074008e+01
-1.046254902708527368e+01
-7.368667440819919534e+00
1.197109301796444925e+01
-6.323450402493207179e+01
3.166668416212191062e+01
-1.356097671991670950e+01
-2.476666922396168147e+00
-5.725475378603420040e+00
-9.569572972656033016e-01
-2.223964456007863078e+00
4.907531373919144357e+01
-1.526603867340978127e+01
-4.132612458753840201e+00
-3.099536629162464862e+01
4.009854939734839263e+01
-4.444651556643535173e+00
-2.182758313507548564e+01
1.146121399290266396e+01
-2.091661237027778952e+00
1.328263209992002203e+01
-5.579377978841080221e-01
2.774258653223938609e+00
1.930271304553943423e+01
-5.584712380061617409e+01
3.111509208588591946e+01
8.275128241800302931e+00
-6.385230265243876602e+00
-1.784840581496144551e+01
7.046194839806787513e+00
-1.114383846548528822e+01
2.544335915473794785e+01
2.031210918912347552e+01
-1.309156358036909751e+01
-1.672235385317753753e+01
-1.762371549095149703e+01
-2.124255200249934816e+01
1.078492187107570999e+01
-2.768847169240581252e+01
8.479049154595543314e+00
3.533001335564806311e+01
4.071832837039391251e+01
1.897951905470489464e+01
8.530774733545285926e+00
1.771166730168931736e+01
5.198226440495892575e+01
8.816927798754534251e+00
-3.049597843870316183e+01
-6.175487904825843088e+00
-1.440926388055237339e+01
3.398174296385812454e+01
-4.028998457951769296e+01
-3.502779393922833151e+01
-1.784689899919835909e+01
-9.986304923555053392e+00
-2.289468258768295073e+01
1.604237190003480862e+01
5.338865764936258529e+00
7.988774905785874125e+00
-2.211885547755071002e+01
-1.937912279553347616e+01
-3.339221700172677743e+01
1.842473004659296976e+01
-1.914226654124651361e+01
1.729092988419705534e+01
-5.492996285099372322e+00
-1.523551983686800781e+01
-2.931086714651716818e+01
-8.680849952832147665e+00
-6.263405692129424551e+00
-7.058148231331387024e+00
2.284971872832052497e+01
4.276899191856000471e+01
-2.515722255626468495e+01
-4.390617495048486774e+01
-1.100307232404037450e+01
6.078375528888744839e+01
-3.312058241789005564e+01
1.828843572966695774e+01
-6.639610674060804740e+00
-3.412842344267315298e+01
1.414288027817595150e+01
1.997896751949059535e+01
-9.827793282017154297e+00
1.870937269098311617e+01
-1.373379201641739655e+01
-3.195776081133038815e+01
5.368105145318395444e+01
2.557247328177845702e+01
1.449103689837386355e+01
8.010410412242691791e+00
1.521007143327972244e+01
4.620461398007458342e+01
-1.510171112851547903e+01
3.395412377952212069e+00
-7.739258981805176063e+01
9.052767727047964286e+00
-3.789858041405258859e+01
7.934985174159351118e+00
1.248031387328404662e+01
-2.039593269318407920e+01
-2.897322940763552879e+01
1.234717934638410952e+00
-1.722016853282724469e+01
2.185645490763559451e+01
-2.836106041799962441e+01
-3.145576140280752497e+00
-2.059969778823163722e+01
-1.990695384209857366e+00
1.120942946406657370e+00
1.270871860721464941e+01
4.288234568513757949e-01
-2.983250296411995350e+00
3.641390975470581992e+01
5.156229923849548413e+01
2.783096738638317191e+01
4.025821061948818169e+01
-6.655354684860135706e+00
5.660507441762860026e+00
3.010185423998649412e+01
-5.127049133386947233e-01
-4.307969528830759032e+01
-2.309811215560367259e+01
-2.869945565283877897e+01
-1.570601381469824531e+01
1.620386250766335934e+01
-6.731828982328823940e+01
-9.436192715456883207e+00
2.511092424270991330e+01
-2.127492628957904230e+01
-1.765699404363920166e+01
3.373625813785497485e+01
2.527233350953147806e+01
-1.873999081958388047e+01
1.575584571933080724e+01
-1.438988994610342331e+01
1.939511923213559541e+01
1.951044354655948609e+00
7.520946618553239205e+00
-4.836084068485446608e+01
-2.684009270343196718e+01
-4.932122281739793834e+00
-9.411020455414433883e-01
-2.317229405816522103e+01
6.163898403040161611e+01
-9.865192894870290274e+00
-1.827298415704885315e+01
2.023159203866430289e+01
-2.605614609899669887e+01
-2.075047251965088435e+01
1.850184961362663216e+01
7.223167517584563768e+00
8.659612515398976029e+00
8.880770004460131872e+00
-6.256270299324455664e+00
9.020984398342534405e+00
3.308184250928330528e+01
-1.504015934393950715e+01
1.089883139873043660e+01
5.158590291670467565e+01
1.851662660696514706e+01
-4.272673820614159013e+00
-1.158013467479392489e+01
8.828551102350758129e+01
-1.211201700267385206e+01
2.126376702593765344e+01
1.470649386621954591e+01
1.671145658743341755e+01
5.019247590943268733e+01
2.715571515209040854e+01
-1.557727317554775226e+00
1.371841628871169405e+01
2.784267123433846791e+01
2.043451477015628370e+01
-3.304399771258795226e+01
5.344413646969729825e+01
-4.762662321092984996e+01
-6.984978415759151460e+00
3.123582595608048962e+01
8.452962928457342429e+00
4.209544346773554935e+00
1.609788251979114904e+01
1.265086006130982810e+01
1.951381533585961847e+01
-3.547466868674558782e+01
2.256682850514494021e+00
-1.505339825711439516e+01
-3.780931968196384219e+00
-2.482877196661092967e+00
-6.083837608359580429e+00
-3.261858571980496890e+00
4.752298799909280547e+01
-4.777395976792320198e+00
-1.476739617315350017e+01
-1.461877360657776848e+00
7.369832159660845150e+00
-3.381450982088666990e+01
-2.898050322642703236e+01
-2.053645258254626071e+01
-3.504153502335924486e+01
-9.077956500537393225e+00
-2.365731652741335367e+01
1.036321568807271376e+01
7.183050878027685826e-01
-7.106151474891902353e+00
-4.691550300963328368e+00
3.260108617133766984e+00
-8.364632241822164360e+00
3.855822766856591954e+01
-4.902653510922885971e+01
-8.562649112433554421e+00
-7.679291315671793683e+00
9.043758731952237895e+00
1.272144337206434273e+01
-2.664685430756810547e+01
-8.591793328192153467e+00
2.435932008310275521e+01
-1.141035267992213420e+01
8.972818127874717220e+00
1.933793035726314713e+01
-1.620582323566026162e+00
6.318809414686791115e+01
-7.911231294574406547e+00
-1.797920748697606541e+01
1.801318916342239618e+00
-1.393500440353449221e+01
3.090988084880819997e+01
-2.400391665665615193e+01
6.877306334471029459e+00
3.209463527477052480e+01
-7.206200384744050780e+00
6.693314011132792984e+01
7.247955235516008088e+01
-3.761446235203800370e+01
3.334587671285272847e+01
1.228724888565358242e+01
-3.150961914897840188e+01
9.437076493726010540e+00
2.376668199450807606e+01
2.432599692706412498e+01
1.335499555130326144e+00
9.577829126334620469e+00
4.210013087286807831e+01
-1.326789402577369970e+01
8.020308494012372336e+00
4.060406101930936984e+01
-2.092570652458664426e+01
-1.127342627596286206e+01
3.166678464231069512e+01
1.625689219983231482e+01
4.281905896924229182e+01
1.705288988258732275e+01
6.153019294287929597e+00
1.506533842402001255e+01
2.289294605995179666e+01
-3.023945419745402319e+01
3.850722783174603592e+00
1.394953307404854748e+01
6.532675954899389126e+00
1.336725623249625983e+01
-3.461710018273221579e+01
1.808428035536451262e+01
-2.414436886270118521e+01
-1.881196089527153248e+01
1.202899633665927581e+01
-6.591691884733080542e+00
3.268014360292522724e+01
-9.470146430805186810e+00
1.697580772517059700e+01
1.826453266468291758e+01
4.391606671812517249e+01
3.081479910353215246e+01
2.760449667094195547e+01
-1.936118848041672891e+00
-4.713895507838486765e+00
-1.806830395437128800e+01
4.511950048380745670e+01
4.491853653903768873e+01
2.205440283993017658e+01
-1.421966414662962563e+01
2.812154045609111108e+01
-2.914236885583363801e+00
1.012194427848619682e+01
3.735804480752810264e+01
-7.163761399028771848e-01
-4.514327708970597541e+00
-1.141285151164186118e+01
-3.304257117995175008e+01
5.397969145989932827e+01
2.855615164597668354e+01
-3.376840483388099301e+01
-9.311005172140468744e+00
1.487634505261350526e+01
-5.678967180795226000e+00
3.584693622875698793e+01
7.134779165785204214e+00
4.515695165867282412e+01
1.954021855311182421e+01
-1.286361710844334993e+01
1.131547163844113868e+01
-3.547538929326918833e+00
-1.551926421926935973e+01
8.890490044776811374e+00
8.509606104848501218e+00
5.302982594482288903e+01
4.458306570824353798e+01
3.137358837523626676e+01
3.775227854603713240e+01
4.895227265893524304e+00
-1.468474337412635577e+01
8.065110834519344962e+00
-1.892725705960554805e+01
-3.036773648130267844e+01
-3.153115136129798657e+01
-1.767958982758943876e+01
-6.157557367510474933e+01
-1.974316343598376022e+01
-4.906179288030378416e+01
1.323849885911400115e+01
-2.623933413262933456e+01
2.636740545567889171e+01
-5.600349705469722039e+01
-1.684991941267995230e+01
2.427622683473836673e+01
1.185624795124594755e+01
-5.026938838913596896e+01
3.202881282189008516e+01
-1.468225523504722219e+01
3.049693973090839449e+01
-1.320486490611997965e+01
-4.439526798546739883e+01
8.157418243581474826e+00
-3.687383589983681986e+01
-4.236776361283460801e+00
-1.670234196337212040e+00
2.318075265696765541e+01
7.138211848838943752e+01
-2.445073172894331037e+01
-1.981871004629141453e+01
-2.391655875090407335e+00
-6.464524576609107953e+00
-4.573141294221420594e+01
-3.160171674286769417e+01
2.714040776702898938e+01
-1.203320290215702926e+01
1.143938315265378947e+01
-2.781083345929900474e+01
-9.270537714550130204e+00
-2.350623676723465394e+01
2.917953429155447509e+01
5.427084916254727887e+00
-1.264859107055008280e+01
-9.616558683681489583e+00
6.727953136340218521e+00
-4.648759432904057576e+00
2.439208388976808806e+01
-1.460629079531889829e+01
5.627434394778731530e+00
2.007779432133719411e+01
7.765801297121015523e+00
-1.204562102587169647e+01
8.714188162813888994e+01
3.330227629790290678e+01
2.444240771665931788e+00
5.741540235932973246e+00
-3.548052707611401502e+01
1.903660466090869363e+01
-4.328612624845585799e+01
-1.650057354816757993e+01
-3.121170518356319690e+01
-1.119553602929113367e+01
3.219040273263834706e+01
-3.213681579046046011e+01
1.356768580157136483e+01
-2.166848134823965211e+00
1.175927799421174313e+00
-2.030285458490291717e+01
-2.511412056386870972e+01
-3.167577283147068101e+00
-2.028212511460436929e+01
-1.125242882823945934e+01
-2.339346893919494619e+01
-5.239473207445318081e+00
-1.965045586068497130e+01
-2.845813063369922702e+01
1.189074348717441154e+01
-8.154696551223366896e+00
1.384996396402340224e+01
4.847011151614985636e+00
-4.315386812265987970e+01
-2.975720476596200115e+01
-2.588922859136815191e+01
1.840521579286496490e+01
-1.389369601755916506e+00
-3.516308739516861692e+01
3.337854392309225915e+01
-2.221785812593155640e+01
3.235803474854044026e+01
-1.792349618376843878e+01
-2.739569030034920161e+01
1.344483129180713377e+01
-3.854220191913780980e+01
-1.952078345451377572e+01
3.514724087198760571e+01
1.070841434953081261e+01
-2.485179946885222080e+01
3.078459857438106440e+01
-1.029474986656930469e+01
-2.153419941750820499e+01
-1.726008810712119157e+01
-2.841929172811541093e+01
1.569287016334424578e+01
-5.096897742309937485e+01
-4.492162036002335412e+01
-5.737351913806321591e+00
-1.705324221810701601e+01
-3.353641350261703025e+01
4.167989857898339778e+01
7.609262530474512687e+01
-1.558975158081652523e+01
-2.014253326135872157e+00
-3.440040507020635374e+01
3.715498298468929761e+01
1.158115087709202840e+01
-1.355434374966216637e+01
-2.067813934229832284e+01
8.351419140755226067e+00
-3.293966415113963819e+01
-9.981606572482604633e+00
-4.935359062738481839e+01
2.065393939755068686e+01
6.302789689019533625e+00
-1.018022720028568529e+00
-5.855508147209604886e+00
-2.270049479509077628e+01
-6.215582894727958774e+00
7.445237064066014909e+01
-1.037429496501846415e+01
-2.725898913311075944e+01
-3.962689704085968856e+01
7.912108838565302449e+00
-2.126069512059049771e+01
6.143238799111713888e+00
1.722360276439196980e+01
4.322787320967961477e+00
1.779341651707357386e+01
8.591203157423137782e+00
3.323679618872773744e+01
1.495898276539358562e+01
-1.985175986611147891e+01
2.721525284412770418e+01
1.982063322099239144e+01
7.030751228070784009e+00
2.404767972455235281e+01
-1.608500381957774295e+01
4.185164684405808089e+01
1.335023503229746922e+01
-1.801404774924159113e+01
-3.354464349528306855e+00
-1.022666971226698251e+01
1.158278926747857440e+01
-1.327247129591233943e+01
-4.477118648786699850e+00
-7.284785736555363655e+00
4.594003327600785269e+01
3.138347346343175559e+01
-3.690295676405553138e+01
-4.592414480962631274e+00
-2.997793895126218899e+01
-8.226175038677979501e+00
-1.340532671589045322e+01
4.876494724807798775e+00
-6.051079649505410885e-01
-1.630424807891654382e+01
9.602123260993508325e+00
-4.691030899630902695e+00
-5.345424594129823959e+00
4.890713542083241805e+01
8.212977197166161147e+00
-4.683863451868844407e+01
-2.254151587984409844e+01
5.436440143356065846e+01
1.544399184282286797e+01
-5.391508745098576583e+00
6.067667001116262782e+01
-9.190618562686580617e+00
-5.173414510307878800e+00
-4.604811260815267815e+00
8.790954933838463603e+00
1.768195385911516837e+01
2.481701656526055899e+00
1.646002083278710870e+01
-7.257423876785750849e+00
-1.996611176033701440e+01
-2.361141818463709541e+01
-2.725164161419240827e+01
2.339230940708048934e+01
7.377035878592529627e+00
2.165271442188334561e+01
7.923109827105520253e+00
5.065216118720829286e+01
1.058137800647049431e+01
-4.571407607079152058e+01
-1.944531211420364514e+01
3.491131370183587990e+00
-1.652332607299669576e+01
3.583097337440915453e+01
-7.927005091591240671e+00
9.537678297916031056e+00
2.991944100571379295e+01
-4.240535085030018081e+01
8.488585654838280448e+01
1.176511848202218857e+01
1.351964934957788955e+01
2.052901172004349917e+01
4.240313627826026277e+00
-2.789109428669576118e-01
1.987884157837288512e+01
-2.100652489605414530e+01
4.708119407326037731e+01
4.164418682859749765e+01
-2.361860970160152817e+01
9.155404892626506808e+00
3.972088168087179838e+01
-1.168242989541803922e+01
9.893243762843326294e+00
2.138754180353490852e+01
2.304222031741204546e+01
-4.332308465623671623e+01
-5.827202289323338391e+00
-1.739246127258535779e+01
-1.791463096969351909e+00
-4.509227347703571809e+00
1.000832815800151820e+00
-7.139293149858303877e+00
-1.800647831072978988e+01
7.490099533971303458e+00
3.916819590139198226e+00
3.010866561121936158e+01
-2.483974404427846139e+01
2.472082834350237590e+01
2.683039612739398194e+01
-7.094143627763997983e+00
4.618863326600306607e+01
-3.860810040411860200e+01
-5.848371833264593533e+01
-4.861963940242409521e+00
-4.507627285497278535e+00
-6.395975218538865192e-01
4.531501156602643476e+01
-2.777665221419283625e+00
2.428547693240329863e+01
3.050217158681809337e+01
2.120490051362452277e+01
-6.448916490822625747e+00
3.383776909677908407e+01
-9.036647266146019319e+00
-2.012067335841436488e+01
-2.324803549529050883e+01
6.106438372688998584e+00
2.009827286322351370e+01
-7.769627072295719472e-01
1.975989798658207519e+01
3.281876585212728514e-01
3.435099951507976357e+01
9.846798074766013542e+00
5.095626977511230393e+00
-2.139075145889194118e+00
1.826019083765771711e+01
2.130124146644371308e+01
9.766927904134718119e+00
-1.019913139349085895e+00
-3.115477040241355766e+01
1.649577322200804730e+01
1.078299249116227543e+01
2.015721033477801427e+01
1.598683612389957887e+01
2.046936857982829139e+01
-4.906250507561878749e+00
1.764369437533227369e+01
-1.522874352520193497e+01
-4.161698917718013035e-01
-3.071919665625489415e+01
-1.743434199963414244e+01
2.281307663120326623e+01
-5.107402170943669262e+01
1.505366217705545751e+01
8.969559471292029684e+00
4.706520268220185699e+01
-1.074644939126370957e+01
1.887950189646347354e+01
-5.662276568132540433e+00
-2.743220968877670884e+01
-3.853077195680742761e+01
-6.634698631567943039e+00
-5.012095699145744021e+01
6.672343956043732760e+00
-1.127894399784486801e+01
1.747409957512735446e+01
1.331728888880900286e+01
-1.616751949869419036e+01
-1.656571965918243450e+01
2.323145570517200298e+01
-3.477544970465830687e+01
-6.912873975271622840e+00
-1.069422743897649042e+01
1.545380587090205182e+01
5.092148857206098000e-01
1.531951744733987653e+00
-1.068659354665333439e+01
3.102412586194870414e+01
-3.137660429908032711e+01
3.889902102688608920e+00
3.410324635541357452e+01
-2.080297012584266270e+01
1.741240597807575341e+00
-1.817618451873954655e-01
-3.692253719392611089e+01
-2.270412136369924383e+01
-2.824062054805938971e+00
1.599058308019764496e+01
1.866406141709583721e+01
3.480891980917732553e+00
-5.440969988070833097e+00
1.009919179640161246e+01
-2.410562036458094326e+01
-1.113819874137078614e+00
-2.938194613380935039e+01
-1.577875535363871506e+01
2.753284876820549698e+01
-1.616729588192458777e+01
3.842574298194114135e+01
-1.359918539276719684e+01
1.857876542516032714e+01
1.432241132093579949e+01
-3.589072457834072338e+01
-1.425186947387518899e+01
4.906301720154900181e+00
-2.360135492447490435e+01
-2.138289623393116301e+01
-4.941738130463943435e+01
-3.064675834032755120e+01
-2.892527995453184531e+01
-2.488223320930319460e+01
4.835929014995059561e-01
1.034142054462230931e+01
3.868339599033475906e+00
1.376831273027251257e+01
-3.215866754145955042e+01
8.613457565882470135e+00
1.525172150008457095e+01
-3.814818658537922147e+01
-3.518486119040886706e+01
-2.385789946093473191e+01
-1.539017639961513595e+01
9.220255508429715974e+00
-7.453499993904983967e-01
-2.385693022809921615e+01
1.697550946379249126e+01
-1.347625725415608144e+01
2.844885254778176886e+01
-5.032597835205930892e+01
3.577845231488187494e+01
-5.080375068637273728e+00
-2.273525082713573653e+01
-1.420459452047265358e+01
1.028689268472895435e+00
2.532069170924210866e+01
-4.170101898451523681e+01
-6.686433351231528377e+00
-1.143481365062780242e+01
2.530748454851860174e+01
4.723913010068396545e+01
-5.622339515115731956e+01
5.260506949870938342e+01
2.351888728198966305e+01
-4.222940263595820198e+01
-1.808247963334285657e+01
4.480077708549426063e+01
3.360640782418738581e+01
-1.179003312556068295e+01
-3.330993055108763201e+00
8.119302925074535437e+00
4.221530084746157740e+01
-3.212132639252348554e+01
7.204240708338716104e+00
-4.701951589628706074e+00
1.547016432544756981e+01
-4.104649423938384700e+01
-1.865309048886246046e+00
-1.721641608647477284e+01
2.700501012557953118e+01
2.379162622393356230e+01
-4.937632530109328854e+01
-2.702663313098395292e+01
-1.221468532587681466e+01
-2.403874996900633221e+01
-6.606228408113494766e+00
-1.152503404492266270e+01
2.544944915203723212e+01
2.378925064845645920e+01
-1.247159180342407581e+00
-2.591071632746749032e+01
-4.808830936859695271e+01
2.687967532974346341e+01
-2.777960482256976604e+01
-2.054482799847090746e+01
3.371186341818244614e+00
-2.029327646528269469e+01
-2.210323499220973531e+01
-1.620758874050221721e+01
-2.708956824890103121e+01
-1.464820532306707079e+01
-2.937461904533833490e+01
3.167091472776975891e+01
3.475166370154971673e+01
-3.726656193350777357e+00
-1.241683659095326675e+01
-2.432555297518206316e-01
2.571111612498702925e+01
-4.863304273721789173e+01
-1.127260327780001603e+01
2.785754301364534058e+01
4.005021449101121789e+01
-9.482728833247392686e+00
5.627753451049443356e+00
3.100539993317619292e+01
9.385884082644111004e+00
-5.699005008738993183e-01
-2.511748861919011233e+01
1.139735702714256149e+01
-1.961640011515120818e+01
-6.001237150326147685e+00
-1.096551910586066469e+01
-9.304297350769303421e+00
1.279923268856438767e+01
4.474675153432087882e+01
-1.390502168633602764e+00
1.937460209481457696e+00
-5.150757542978550418e+01
-1.073502332038691520e+01
-2.035658577238828570e+01
-7.107753720708842593e-02
-2.649779882410436471e+01
4.824203599856400615e+01
4.593757078540141947e+01
7.975095919530950539e+00
-1.117251784721526064e+01
9.371648158437736242e+00
1.170444777318319041e+01
-2.696205153447681369e+01
-4.741193916615941362e+00
1.069300024610549826e+01
7.536434944806885028e+00
3.114371676002602385e+01
2.289027721344834276e+01
-1.199068477010590072e+01
1.474203248017879275e+01
-5.610830798127874885e+01
-7.302516786711308328e-01
4.937298135459309378e+01
6.780194465884619603e+00
-1.157765434017846928e+00
1.727674621996564497e+01
-1.615756160854446577e+01
5.089144879327373872e+01
-9.406647571217419568e+00
4.552691664514881609e+01
2.214946265508309864e+01
-2.293630860847639497e+01
1.831417785447905544e+01
-1.730141499906767422e+01
-4.089962461965035345e+01
-3.653034524676229466e+00
-3.152827327537079327e+01
-2.976499045630527007e+01
-2.779743481340261724e+00
2.043505854003177546e+01
-5.480512149710222047e+00
-1.775534307320378957e+01
5.068448995680199687e+00
-3.917941464667069340e+01
-3.973482249300218427e+00
-4.699287141805314150e+01
2.771818721947821018e+01
-6.990472862215568739e-01
-2.826194489172702617e+01
-9.458992259285807336e+00
1.047064863231554455e+01
-2.000428422348998936e+01
-2.583749611367618115e+01
5.336426317359050131e+01
-1.372549395049011878e+01
-2.285399323642764102e+01
1.547878474241633739e+01
-9.997882227944835165e+00
3.094468365334172333e+01
-2.550181377105388947e+00
3.932476696754250156e+00
6.121765047970421847e+01
-7.074485835797702293e+00
-2.077272358671274333e+01
-2.441282796301277358e+01
-2.888845168696923338e+01
-1.938384669391905391e+01
1.538173809759496180e+01
1.537219970755069198e+01
1.267762386899592997e+01
4.165642560954097462e+01
1.853890768219770280e+00
1.184623460789309490e+01
-3.606630540274011310e+01
1.495974577461765875e+00
-1.059622339254062240e+01
-1.511640084757442537e+01
-1.937485220557846333e+00
1.912021885416390887e+01
2.167114894322185137e+01
-3.980082709928201012e-01
6.871422478489137120e+00
1.566537660728226200e+01
1.982739392058678618e+01
-1.383418272595045551e+01
-7.142881401681279385e+00
3.932479834220146131e-01
-1.312127911241520906e+01
-2.910316076008342634e+00
-2.034494311619357632e+01
4.500306305360062709e+01
3.646114005625645405e+01
-9.237944797917975848e+00
9.072270325784330680e+00
-2.628434529653445040e+00
-1.700426532826566017e+01
2.025225651404760185e+01
-5.408601815773295129e+00
2.264770585413299386e+01
-2.972841503152197262e+01
1.018328150880157068e+01
-5.618112122209367953e+00
-3.058937830651882450e+01
-1.384411118363118476e+01
1.515058120974662614e+01
-5.192707519229102786e+01
2.439844191518523076e+01
2.648834244037635699e+01
-5.669898845476936344e+00
-3.388155859187861552e+00
-1.775000789110094956e+00
1.420371833803648087e+01
-1.855884772818322404e+01
2.050511505597249950e+01
1.734470976409102150e+01
-5.591865502064160864e+01
-2.011304160417883224e+01
1.350644191459203469e+01
-4.858753375402841357e+00
2.466312575967181431e+01
-3.621086879207246056e+01
-3.011491005039431457e+00
-2.378741326107287080e+01
-7.311646362048179526e+01
4.372580380490323648e+01
-3.320587457401859410e+01
-3.480235355474793835e+01
5.071766257256804522e+00
7.373765263338552245e+01
6.620398059969829774e-01
-1.598593448223195423e+01
-1.757041778440168400e+00
-3.108610607299176820e+00
-4.874941152926935217e+01
-3.483148499808338272e+01
4.660918713457616747e+01
-5.829625217716284169e+00
-2.142867229177788602e+01
2.809607968419936697e+01
-2.039870834059686899e+01
2.099476705400826404e+01
3.026188892428651656e+01
-3.248535813819046325e+01
-1.598190989358226943e+01
-1.973950793501893486e+01
-1.015949913925723536e+01
-1.005998335769882601e+01
-5.922236762438160440e+00
8.132848902039143013e+00
-1.941182965275550032e+01
1.614936477501684919e+01
3.295935692465078404e+01
-5.137215189485090150e+00
-1.155355144219097951e+01
8.280014578588463792e+00
3.182961597194906744e+01
2.967390263417281915e+01
5.522746397542675822e+00
-3.165578948764647294e+00
-4.952617973368006687e+00
-2.888569561751689463e+01
2.188220507194692743e+01
-1.272845454440665947e+01
1.129582369119162877e+01
-7.951378546658816049e+00
1.535571150153612052e+01
1.039678185956759648e+01
-4.581312138949866153e+01
-1.516964344924025454e+01
-4.468181480218227364e+01
-2.030541629884606891e+01
3.028737411426590143e+00
-9.774517010990336985e+00
1.856696135131915071e+01
-1.704109461554020299e+01
2.084681427774931706e+00
6.089359707983362568e+00
4.027500414116065031e+01
2.041494018041116476e+01
-1.717111769934610521e+01
-6.956840037665728005e-01
6.931147671363788731e+00
2.177479310308677896e+01
2.293460417378412330e-01
3.105721111941517165e+01
1.282701395256230370e+01
5.146972847019128494e+01
1.119629283948526677e+00
3.725160824725142561e+01
-1.533451867434362725e+01
-2.145138357975702803e+01
2.540897296591509757e+00
5.307872397235428252e+00
1.524109694454671171e+01
-8.038512032204607749e+00
-7.782318119895201392e+00
1.471972895545129489e+01
-2.755196560551985385e+01
-3.131415480902934689e+01
4.499825995022837333e+01
-3.383111479087006046e+00
-2.224290070112093787e+01
-2.309520024544397643e+00
-7.654286842911062649e+00
2.412070739499641547e+01
1.882845696462766227e+01
-1.145450580576130051e+01
4.459498895684674835e-01
-1.504915750690265952e+01
-2.005543911616274499e+01
-1.521215999491971615e+01
-5.491936033036401454e+01
1.320760543137566856e-02
-3.661935877225913316e+01
-3.164185451851300712e+01
-2.120284263762891896e+01
1.087733228252233175e+01
-2.073645761949973121e+01
1.311244058130462520e+01
-3.478756927632021245e+01
5.931754949706942170e-01
-2.353220751696404989e+01
4.826763958152596956e+00
6.383479522110881987e+00
1.894905657350054184e+01
-1.192295334860841649e+01
-9.108630531417816201e+00
1.677648887805824174e+01
3.368565645040501977e+01
1.864824302082530494e+01
4.721082832439265076e+00
-4.075463774516937576e+01
-9.637799054817577371e+00
-1.792723894595440015e+01
-3.435554841681289417e+01
2.298403268197233729e+01
-2.060196313541155178e+01
-1.878014499225884038e+00
-1.593565789608388172e+01
-5.667057431288699831e+01
2.941566997888465096e+01
-9.996363584324569729e+00
2.301633220375123301e+01
-4.058486381779117380e+01
3.828462355041409637e+01
2.077884468199499679e+00
-1.635882583954519731e+01
4.862401567102637046e+00
-1.184578963089606418e+01
-3.726855311216550604e+01
8.251482279517716734e+00
2.021401980325896375e+01
9.997636661059914331e-01
-2.057762704146625765e+01
-9.277516710533575406e+00
9.977702568221332058e+00
1.814646652658666426e+01
3.581686266629161253e+01
1.344391132707909264e+01
-1.320268106423759491e+01
5.418261245499492418e+01
1.363199816193570157e+01
2.411897131443653564e+01
-1.034184118102177763e+01
1.592396335083093106e+01
1.111619302487764571e+01
-3.523741320374875841e+01
-1.172110104753872406e+01
-2.322025946575525879e+01
-2.094225772817100051e+01
-6.839518322057472233e+00
-7.863772247788006098e+00
-2.395053500147264458e+01
-6.298511820577702736e+01
-1.639654324097136850e+01
7.130282911802737544e+00
5.147378583129807339e+00
7.872844040597314574e+00
2.634703212209339540e+01
7.992508600661849982e+00
1.844424084566526290e+01
-2.370132269175435624e+01
2.597137765301584977e+01
-2.582309242896786827e+01
-4.084722998704546626e+01
1.244467728373683713e+01
-2.448800372058954622e+01
-2.232392364839346044e+01
-9.008974498173850520e+01
-6.568766570881990674e+00
4.633214092120459782e+01
2.408906944133359929e+01
-5.819010561031120687e+00
-7.822568961053093517e+00
2.141753830966865735e+01
3.777335932037391331e+01
-2.364767655650712896e+01
-6.136540049866994195e+00
-1.931605575796754692e+01
-1.994853385105608368e+01
-1.748689095292772322e+01
7.220163052272020821e+00
4.021371549161779058e+01
-3.707110722482707388e+01
-3.187427909411422888e+01
1.858729231061573728e+00
-6.044786326241307961e+00
-7.640891739093600421e+00
-5.124134503985499123e+01
3.569024388044701368e+01
1.361432575466386652e+01
5.284006400577101914e+00
2.753168015829086812e+01
-1.861638902927117556e+01
1.761126240628792772e+01
1.581126641860709015e+01
2.105365424925736306e+00
-3.484439750326664864e+00
5.032505306287013980e+00
-8.963146308507312199e+00
2.877874916940430694e+01
-2.278523306301596563e+01
2.446316159689493475e+01
5.490304064310578269e+00
8.202442507763635149e+00
1.290476997918466395e+01
-4.937299377076318763e+01
4.760021919341482999e+00
-3.807109186497271480e+01
-2.784429125690791906e+01
-2.785223738387182379e+01
-2.835897680679232735e+01
3.225434242141886898e-01
9.510224033633420504e+00
2.828835610303113413e+01
4.922529575053403050e+00
8.161182789053199826e+00
-3.989549696542241009e+01
-1.452503937112181376e+01
1.934487576879178050e+01
-1.122014990519417665e+00
-3.389897326593427351e-02
-5.059710764664373528e+00
1.990624012321353575e+01
-5.187645248821922905e+01
6.423016210259969938e+00
1.154831697835948034e+01
2.455335790634157433e+01
2.102490144618265333e+01
-3.215643407727358749e+01
6.410932776133734023e+00
3.329096041774477044e+00
2.719238024548133126e+00
3.338436366326703819e+00
-1.073729980457540023e+01
-2.007380387588678161e+01
1.073998612664991015e+01
3.415426590428296549e+01
-2.840020182506350466e+00
6.588192134089666752e+00
9.607226952318114854e+00
-1.459914412216636492e+01
-1.543271534552229696e+01
-6.781054386871281281e+01
-2.101086286942606307e+01
-3.101400800896145427e+01
-3.831059870967692405e+00
-3.834992334168057937e+01
4.266998845107445959e+01
-1.779755819301857400e+01
-3.043731625728079848e+01
-8.789563731246289535e+01
3.776982774727275682e+01
7.572591201030547836e+00
3.403013810715208365e+00
-3.557789470988646485e+01
4.999066066321745438e+00
-1.127863484454519494e+01
-1.859896886794224713e+01
6.595845316796253854e+00
1.916358559776196557e+01
4.164296321261545586e+00
-1.204760260510948910e+01
-1.302258112889944641e-01
1.574171191779299761e+00
8.914810589228068238e+00
-3.612315262487167189e+01
4.095684507214889436e+01
-2.433109861866448398e+01
-1.698214194588358339e+01
-2.778766304209261762e+01
-5.904357680245521323e+01
5.103192239385407447e+00
-2.970829685054584957e+01
-1.084641345961733094e+01
1.853074721474200715e+01
-1.467638238573965737e+01
-1.995832151501360840e+00
-6.672903015758180345e+00
-1.144375703133141542e+01
1.799148375044588022e+00
3.080289487181572383e+01
-2.859254429167592093e+01
5.650703596537007911e+01
-1.283565593287030993e+01
1.900471300361253668e+01
-7.797032637309214920e+00
6.482388022061410737e+00
-6.175201228517209984e+00
2.490875354950003384e+01
3.482718209105929219e+01
1.086278690028466087e+01
2.620404704799179285e+01
-2.018859355280345369e+01
-3.725978774711236952e+00
-1.270757298329834839e+01
3.891763632107068815e+01
3.269238350358529033e+01
2.468774719783198179e+01
-8.751208341230210408e+00
-1.578545368836850571e+01
1.410762484893871971e+01
-1.591791036195681386e+01
-7.052643746454862139e+00
-3.291896919295766111e+00
-1.676973595386733962e+01
2.821407273324628306e+01
-4.684885668611450171e+00
2.151858037643396671e+01
1.106959178257329945e+01
9.812902879205509521e+00
-1.877781535365370758e+01
1.506438284478886658e+01
-1.034924376301438542e+01
-6.665201613684075710e+00
-1.765396655994038611e+00
-2.733387986882792120e+01
4.232755254858204808e+01
-1.513533318002102668e+01
-1.755780449875601334e+00
1.261996973046125703e+01
1.090340810760724821e+01
4.205636088247133131e+01
-9.824446691387464625e+00
4.276408391657182051e+01
3.837449595160578042e+01
-5.318824236801890493e+01
2.886298657755610009e+00
-1.051887870462013552e+01
8.842683784724158613e+00
3.342150680209030611e+00
1.125821998540612867e+01
3.537070895207112642e+01
5.534176993098179054e+01
-4.263360882616595404e+01
4.292112854834749669e+01
-5.553382584883036088e+01
-4.605752840646010782e+01
-8.188476669763687710e+00
6.916297881969057926e-02
4.135599516440660750e+01
2.030188576933528566e+01
-6.845353251823894425e+00
-5.060974398415721964e+01
4.001805601875419427e+01
-2.371207912599516021e+01
1.025659114234372282e+00
-4.019338789513099641e+00
7.147032563205374345e+01
-1.437739412915482262e+01
-6.055437027650270920e+01
1.777929430962876722e+01
-9.228026302439141659e+01
6.551072459023771444e+00
-2.070985065176508044e+01
-1.042349103628416529e+01
-1.539442874690003293e+01
-3.315807403024317068e+01
2.169932360907674251e+01
-2.152275816812705855e+01
-6.639043291682526160e+00
-4.475091087947879487e+01
-2.480823224453388320e+00
-2.964985827477528346e+01
-4.230542901169883407e+01
-6.447191557136892470e+01
5.216574339602345844e+00
-2.016172365987486614e+01
3.500005416306066763e+00
-7.963514131641147742e+00
-4.609930537422934549e+01
-3.684400140763926146e+01
-3.095569307264929648e+01
-3.212397891317814924e+01
3.021797593498597223e+01
2.933011859942368460e+00
-2.824234952782619246e+01
-1.231099803801868120e+01
-1.394852344885248385e+01
2.281080869205669259e+01
-1.764929839461138883e+01
-4.359260561049371319e+00
-1.589083868045355530e+01
-2.031243072675385974e+01
-2.293184415877564675e+01
2.097615678411722229e+01
-8.783093577572259392e+00
-5.247657438078005043e+01
4.377202248256588746e+01
2.498258482596798302e+01
1.508885028192935351e+00
-4.429433966879327045e+01
-4.250079263884657621e+01
3.947933560407989262e+00
4.346890190786609764e-01
-1.798860505525760800e+01
-2.601094954113938940e+01
1.784700313814886385e+01
-3.142240875158847757e+00
1.494115342392672119e+01
2.777993749035204019e+01
1.806252771442231619e+01
1.809708389355139957e+01
1.354815652528472825e+01
-1.188303302425015318e+01
-8.452653652342860369e+00
-1.228762297779583790e+01
-2.083769687934272952e+01
-2.430860386185429434e+01
-3.616324643606414213e+01
-2.113438423053599280e+01
-5.789454877795321863e+00
-4.365102307362701595e+01
-8.098272639749552582e+00
2.067613378064521612e+01
-4.480844528111055070e+01
1.691202132864908947e+01
1.524452830149897409e+01
-4.079858847142725153e+01
-3.220941519088466976e+01
-9.753119125188845828e+00
9.962267755814352199e+00
-2.236862146915530047e+01
4.109008385414882980e+01
3.647181247707175089e+01
-4.390544775365560781e+01
2.542427665410878035e+01
1.976885806196830231e+01
4.994317228550357868e+00
1.230285046545797911e+01
-2.431648147985825403e+01
-7.435036904253109924e+00
4.700164137143190146e+00
1.092907166014134646e+01
2.405390574731733011e+01
-2.919567723930101621e+01
-3.415261577530316117e+00
8.514610336510628485e+00
3.014613990607898586e+00
-1.698036038850128904e+01
1.242081477858395999e+01
-1.454517658264559543e+01
-1.165409943452202413e+01
6.568393333790254474e-01
-3.461290942694004968e+01
1.674723500424818212e+00
-9.597837202597418127e+00
-7.871806703075037603e+00
4.790664214729076775e+00
-3.089648430496410469e+01
3.372887944587517950e+01
-1.434512711689579589e+01
-7.588293443325355270e+01
-4.860333482403507332e+01
2.106293650558789921e+01
-2.300257384111560555e+01
-1.073631877092446985e+01
-1.496800949094824063e+01
-1.042664105526654339e+01
-5.740122728850698763e+01
-3.600319772004695551e+00
-3.545942450820609793e+01
-1.957351317633879262e+01
1.211822764085349036e+01
4.478057942181496287e+01
1.596147210474033074e+00
-5.433975080754436249e-01
3.391937958991759672e+01
-3.152067037805632310e+01
1.817915857537160917e+01
4.326953782688292449e+00
-2.714596456568608573e+01
-1.451432962687891859e+01
1.268268590365164528e+01
3.543088967271188494e-01
6.926736160306845136e+00
5.904968622956062063e+00
-1.348569328624591890e+01
-1.844020973027409127e+01
-2.843967636021494627e+01
2.805761315420755864e+01
-3.676327653804798956e+01
-2.728973015933422630e+01
7.126065344297700221e+00
-4.957256242597993889e+01
1.280948348769757672e+01
3.647899145044976876e+01
-4.153744597022246410e+00
6.623406014550539567e+00
-1.639952764530471541e+01
-1.252249992456182781e+01
5.936997415793598520e+00
2.166113208521158739e+01
-2.211124364557161925e+01
1.537420887852931628e+01
-6.052267488606560164e+00
1.724178883140893959e+00
1.321040359295579947e+01
8.528915570263805535e+00
-7.318623304555799791e+00
1.493505990488870339e-01
1.093361707640349323e+01
1.627471239791580615e+01
-4.090044331745770023e+01
1.844129313382268265e+00
2.938282212140880034e+01
-5.263816754320322389e+01
1.732301972224973952e+01
-6.647224295272982886e+01
-6.126729359285789656e+00
-8.448117885374045954e+00
-2.950383094758535663e+00
-6.911972777754442632e+00
-1.436504554400494271e+01
-5.405198631609721360e+00
6.845631266547314908e+00
-1.514283569183251998e+01
6.867918810765004878e+00
4.992846726423493919e+01
-3.452801602825496730e+01
-1.506318754632516743e+01
2.266778401136522803e+01
1.367708643909668353e+01
2.489562603610711022e+01
1.197938447580204269e+01
1.204806976997633683e+01
-9.146664899290385620e+00
-2.796456553564664205e+01
-2.576080155395504789e+01
-1.537348220574486390e+01
2.648961999101487663e+00
-2.402900717395505126e+01
-7.939395266894266001e+00
4.155824879625257040e+00
1.355217922054316659e+01
-5.801025758755024242e+00
3.396109638027722610e+01
-3.292828645478283534e+01
-2.238079901380928050e+00
-1.788483189639713089e+00
1.567390629442252958e+01
-2.238087828592480122e+01
-1.416820396290938788e+01
1.069955853545309843e+01
2.562084954130060055e+01
4.248393740597590806e+01
1.820240644368021776e+01
2.379747117913359489e+01
-1.589125275992180519e+01
3.582166293364383591e+01
3.756687526159902291e+01
-1.464049173950570548e+00
1.943335097667383593e+01
2.146110998611425202e+01
-1.334621165092018202e+01
4.820198161784219337e+00
3.451235968903796447e+01
-1.371846542036192318e+01
-5.213271509926130420e+00
-3.428494990757952365e+01
1.350911911346224770e+01
-7.282796637158909903e+00
1.121020460153405907e+01
3.338209351904822597e+00
-2.262048474337710857e+01
2.590336691979874217e+01
2.278079350228298949e+01
-1.526197169889846350e+01
1.079837959365653433e+01
-3.464965909798019084e+01
-3.017225705506568190e+01
1.405893272669788985e+01
-3.869442743600379231e+01
-1.747588279986975124e+01
2.942702638091532208e+00
4.694985263685955346e+01
-1.441230965118697327e+01
-6.956126217276604962e+00
-1.021333691890487216e+01
6.363149656680775479e+01
7.966410820975355023e+00
-2.442070943170209318e+01
4.018006889318576214e+01
3.558065725950213221e+01
1.784607869140151593e+01
4.264059479923759000e+01
4.872137023555441715e+01
-4.261567152224127852e+00
-1.572880534468036728e+01
-1.647465127336215573e+01
1.635525666517224863e+01
2.127234908762059717e+01
-3.893680432746293718e+00
-1.312113603468594647e+01
-3.462748141039288896e+01
-1.432351470901410551e+01
-2.562133424990133790e+01
1.707587920359085842e+01
9.684060635244804871e+00
3.611693474321828035e+01
4.208265349012066281e+00
-1.335668385143657133e+01
-4.803989964208101426e+00
2.239348388529013789e+01
7.085535155441050392e+00
3.088106493512373163e+01
3.160560413276971303e+01
-6.850853050945715950e+00
-6.088314807191004263e+00
-5.691148281669870812e+01
2.868505563838409955e+01
-6.940128030534538084e-01
3.069019911768501174e+01
-1.229236505979402239e+01
-3.539002067836634069e+01
1.192818647825480483e+01
4.128663553157696242e+01
-1.484384189999545356e+01
3.745332963364853640e+01
-4.122472129757440484e+01
-1.304625634088354502e+01
-4.602252340278499787e+01
1.081858253497117062e+01
4.589109610136773654e+00
3.057369644688947119e+00
-3.518381690355863611e+01
5.123047804046251485e+01
3.067598257374140758e+01
4.972948340904736142e+00
-2.914789547663264102e+01
1.224737054397550651e+01
-1.319974742183674721e+01
-7.002595432870748482e+00
-1.352669657603024689e+01
1.037544793277414357e+01
-8.150399182740358128e+00
-1.138556442078007080e+01
1.177252716970355095e+01
1.463239093410391689e+01
-4.844224440376717666e+01
1.121252865071150495e+01
3.812738118753760830e+01
2.271131546116663458e+01
-5.940217506142591475e+00
8.757654238733039165e-01
-1.983720293906358734e+01
3.278246091240578153e+01
8.772773816712174266e+00
-2.356946918146860526e+00
-4.193210764675029623e+00
6.036477691506917154e+01
-1.800139149847211684e+00
1.382494524275227832e+01
4.211237883282608152e+01
5.430267353108915529e+01
3.505417456367612772e+01
2.289175540845494083e+01
-3.742599241948434496e+01
-2.556473441558898685e+01
1.943017495645101178e+01
3.887039258989176460e+00
1.782739315488367993e+01
8.936596877844010578e+00
3.464804219475414016e+01
-4.363808936460697652e+01
-2.747843547318680635e+01
-6.488577296405679817e+00
-4.816572400467917703e+01
1.072925776673493203e+01
2.476496697221276122e+01
3.842108545046471590e+00
-1.248424973288678075e+01
1.305006612591566295e+01
7.774229162716289920e+01
1.738849309469111404e+01
8.875317219519047285e+00
-2.645073110634015734e+01
-3.371679883907262365e+01
-8.253990247277812387e+00
1.856506850146354282e+01
-3.364858744947696323e+00
1.334430009026606001e+01
1.961661065574367058e+01
-3.215620897335088557e+01
1.470026517788562614e+01
2.484681153209692184e+01
3.174771562378651879e+01
-3.718464677992557199e+00
2.610195887614452204e+00
-5.630564852859180291e+00
-2.717019202577731107e+01
-3.903526434065204853e+01
4.464999167358803334e+01
-4.356413964958349538e+00
-3.105879501384498553e+01
3.030971070150542346e+00
-1.456843673734411482e+01
5.097090724363647496e+01
-1.306364885074083304e+01
-2.012386265587142020e+01
1.952497429557985242e+01
-9.210304580632339366e+00
2.502388931800385308e+01
7.110054477905123349e-01
5.457887044005005350e+01
2.956910159763599566e+01
2.233497638724262657e+00
-2.089822817729036331e+01
1.542920212081725140e+01
-3.026396357962728700e+01
-4.881323122077333210e+00
3.442088077732022100e+01
-1.568353790383068258e+01
-2.519456779906954580e+01
-1.357566046283079686e+01
2.808807500823991177e+01
7.103790208633469661e+00
-4.655416063088294720e+01
1.869898371562973693e+01
5.256798165838489467e+00
5.185409692400440917e+00
-2.824184392658753495e+01
1.654442955608260490e+00
1.897955313997549354e+01
2.692719812180548900e+01
3.695655995157657969e+01
1.624192681265622085e+01
2.229475186117923613e+00
-3.033819593035826756e+01
-2.621693432577706062e+01
-3.877955472132508419e+01
-7.358122913622764827e+00
1.782151856020686864e+01
-1.408786410969952385e+00
2.880742419107730257e+01
-1.836416411674770188e+01
9.207600778937660380e+00
-9.778297014280852295e+00
-1.675275884483137290e+01
3.432959790109464393e+01
3.968966554076047260e+00
3.530518470729538194e+01
2.707924583877456826e+00
1.251355123993025842e+01
-1.002999738691562470e+01
3.410564007673376352e+01
-9.314319854144059718e+00
3.308227839942361470e-01
-4.386024510952972832e+01
-5.390917080753894197e+00
4.016876147175830170e+01
3.595831436855866059e+01
1.506809992803366782e+01
-9.281987898841023821e+00
3.075147646489355679e+00
-1.176082979904703052e+01
-7.762606448696772077e+00
5.190521408890084842e+01
2.794196999887674338e+00
-1.473748551274550778e+01
-6.093492110135223072e+01
-2.673115258712195441e+01
-2.158246666736357611e+01
-3.605767525360812442e+01
-3.267894263469759153e+01
-3.891917730200952974e+01
-2.580605912482374720e+01
-1.788339123414499454e+01
-2.776607724937754540e+01
2.637371127610069976e+01
-1.172006402183177443e+01
-4.979705610623739176e+01
2.265356043342924863e+01
-1.715570237820104182e+01
-4.567118472360368742e+01
5.467567628853137762e+01
-1.462823187439484585e+01
9.667738194798289442e+00
2.258636370262325954e+01
5.054393141636751352e+00
1.493908581774218192e+01
1.815084186450633297e+00
1.137543405752072800e-01
-8.343067166767212939e+00
-4.246367681575321740e+01
6.706621226013908199e+00
-7.021355903111629004e+01
3.994373509986326098e+01
-2.397435764796011881e+01
-9.929355002810098085e+00
-1.024771335754223855e+01
8.473204514658034370e+00
-9.648743475747394882e+00
1.525498484417717293e+01
-3.114733990303071209e+01
2.023367240066488648e+01
2.432280913314034265e+01
5.935057603591829434e+00
6.440502895238978454e+00
1.219295737043626104e+01
5.101356025225243229e+00
1.562185459405077381e+01
-4.501807220810434274e+00
-3.960674138601319783e+01
5.424750173811219156e+00
-1.405222760502317669e+01
-3.038696164688474255e+00
3.116826833413927034e+01
-4.539316937921807948e+01
7.974086357910437073e-01
1.176313892968067876e+00
5.163130857278673602e+00
1.770854893236432304e+01
-6.895168986869144589e+00
4.694939388472448627e+01
2.489922077635365838e+01
-8.687581115019447964e+00
-4.296315737270731461e+00
2.129764649637735374e+00
4.354367161762053229e+01
-2.992120534641219365e+01
-5.825824919649079447e+01
1.743225054895486892e+01
-6.875643072950481383e+00
-9.457162541629827501e+00
9.371770658772476281e+00
4.303833513001401911e+01
2.510504356061443332e+01
-9.097836771455035887e+00
-2.976761883995257563e+01
-4.834990078959620519e+00
1.600305137646498110e+01
-8.667104997133293409e+00
-4.226871347436747328e+01
-3.440565119150960527e+00
-5.406379429985720719e+01
-2.874958597428664575e+01
4.659315246458000104e+01
-2.957046792725289208e+01
-3.879502997223858074e+01
-2.931018099270281141e+01
-2.098121943160035130e+01
2.055286854267632179e+01
4.790219296385059522e+01
-3.742384220774255255e+00
1.471348944030307848e+01
-1.205616582689765437e+01
-3.951678812163426358e+01
2.677584927058067166e+01
-2.686155965034254223e+01
1.488902070207115003e+01
1.818565817734294399e+01
-6.063793805020395666e+00
2.155496031602646667e+01
2.346416539151552172e+01
6.467962028408300057e+01
-6.810049837552128338e+00
-2.947645007750608670e+01
-3.587729032413864161e+01
-9.743731707436303680e+00
-1.912980779541501164e+01
5.395568690839047576e+01
-2.504325179834353321e+01
6.556959064118093039e+00
2.797664937803631346e+00
-1.255522543905429700e+01
-4.844740616783388987e+01
-3.584802708355141476e+00
5.628503760159505021e+01
9.898834140671155524e+00
4.295695078133690004e+00
-3.294942722751366659e+01
-3.278914628828806599e+01
-8.016758402645940862e+00
2.625032237981139360e+01
-1.453927653829012456e+01
5.872501200362677309e+01
-2.762062994385235015e+01
1.073098146087299654e+01
-7.859926782511990950e+00
-3.701637575809252212e+01
2.480627023993832836e+00
-2.930240323792145318e+01
-4.220704163747973325e+01
6.315531823370690745e+00
1.080745874171242349e+00
2.984335906062872823e+01
1.350186667472257085e+01
-1.919901298917756449e+01
1.232654826396594672e+01
-4.996457367311214881e+01
-2.735110610598388803e+01
5.101408186966031622e+01
4.709180573087031974e+00
-6.064049203242518615e+00
-1.700590488636399300e+01
-2.477924379756643702e+00
-5.639455833934221118e+00
5.088793338986781123e+01
2.379137382881130947e+01
-6.764320467737491072e+00
-2.026364887979013929e+00
-2.248532850876210176e+01
-8.971373569456545738e+00
-3.599630967708267804e+01
2.825034751521674181e+01
3.997339096813306014e+00
5.892345491880405461e+00
1.021906233361784189e+01
-4.593046728395666634e+00
-1.174743294573176655e+01
3.049288607338996648e+00
-6.182066073787970595e+01
-8.849641648541648919e+00
-5.847555668499751391e+00
-4.410754057840634346e+00
2.755878373981968821e+01
3.713517826433615454e+01
9.874413430311847151e+00
-5.439410204655398928e+01
3.556428063145159513e+01
-1.227060907280693414e+01
-2.138830160150342863e+01
-4.983023274890506826e+01
-1.723848998292930901e+01
3.546121440952703807e+01
1.746471843569679550e+01
5.815632757787227547e+00
1.924197008539860576e+01
-3.332207214707594289e+01
-2.657520224495975469e+01
3.226633947901362376e+01
2.224920537528109321e+01
2.745376073856016319e+01
2.777522747797647185e+00
4.840999547136817682e+00
3.114613157386230569e+01
5.518439236923165936e+01
-1.194714041649276481e+01
2.199583465745433841e+01
-1.473891701953607480e+01
-2.505793952865520424e+01
-1.978933481281026729e+01
-1.988051176473442183e+01
-8.258175681290509829e+00
-2.716218593261604042e+01
-1.120827914759593114e+01
-7.752076980278603457e+01
1.938049333481524172e+01
1.267855720506940642e+01
-2.688255047092269479e+00
-2.217450552303057520e+01
-1.057564310167552435e+01
-3.134262424348634113e+01
5.628462021165148599e+00
4.602539570566045768e+01
-1.259000940715850447e+01
-9.653018716638911201e+00
1.194679983685404068e+01
-2.916828439810350204e+01
4.837074906056295731e+01
8.411290538644841774e+00
7.926596738554735566e+00
2.828377862018646738e+01
-1.423030880625390182e+00
3.196767780073020049e+01
1.078951282495039266e+01
-2.262412203658556109e+00
4.704079379165335695e+00
-3.626814971812706290e+00
3.783902290478675923e+01
4.903602326592817917e+00
1.037042213857992579e+01
-6.629029334021879549e+00
8.005510653496145324e+00
-5.264531789352179203e+01
-2.011004652835077877e+01
-2.781772130917192953e+01
2.709926978355423444e+01
-1.827363017373869525e+01
-3.425114740324130480e+01
3.300235565806087834e+01
-6.971504647256068665e+00
2.312883595114647051e+01
-5.139193597643662770e+01
1.062574505531158664e+01
2.958419110970723409e+00
3.465912141249702927e+00
-6.621408867159743750e+00
-4.131906389892378684e+00
2.893937000324682529e+01
1.057717931043157478e+00
-2.890540591281558136e+01
-1.070052227194352668e+01
1.255637887107745598e+01
-6.557766121787221891e+01
-5.016142339324280641e+01
7.458069817991201944e-01
7.984967471218894275e+00
-2.678306076956053516e+01
-1.090045865523023849e+00
5.992093077624946318e+01
1.597364607373930312e+01
-3.066772171012047465e+01
5.315067800640235873e+00
-5.275593669932085561e+00
7.128849714845962637e+00
-2.024612735673517250e+01
1.251526226636931227e+01
1.495962182972880328e+01
-3.947185542369822997e+00
6.347628013739105768e+01
-4.510953633484746206e+00
-1.798164477919146975e+01
1.356681302715759330e+01
2.443682853957517409e+01
-1.924735434840698645e+01
-1.028383923173567638e+00
5.568743219488926854e+01
-1.599310101960611519e+00
3.335650904744650802e+01
8.331216965039061506e+00
-3.990471006825323741e+00
-1.287827912483788850e+01
2.967324819828374416e+01
-3.178134068558807712e+01
-6.240112443668976994e-01
-1.035130937363180692e+01
-2.258901148256637725e+01
8.498788384477135693e+00
1.508480915628042140e+01
2.446432119363578295e+00
-2.431351599514641748e-01
-2.259974566166661702e+01
9.207822815276571760e+00
-1.886341168100443610e+00
-1.288206075179500942e+01
-1.146499196723276270e+01
9.434228411773432299e+00
-2.129254655734939661e+00
-2.150010439796599826e+01
-6.194869900169152288e+01
5.891627823170153988e+00
1.098681879471486411e+01
-2.752839126105644141e+01
-1.356516971088245782e+01
4.699168940626844915e+01
6.357362767743069298e+00
2.242018296030937563e+01
4.889898887843017405e+00
2.262805179279612844e+01
3.243294694177450310e+00
-2.214731200039462067e+01
-6.141439073657494419e+00
3.093928202724384846e+00
1.786708526280156661e+01
4.289409956591759965e+01
2.796214466053797310e+01
1.712049237107606814e+00
9.660226538727869183e+00
3.444370008812376227e+01
1.501067731781751746e+01
-3.944768242457595875e+01
-1.568707944797051823e+01
6.392444642852865400e+00
4.845246713560698026e+00
1.400937534976070253e+01
-2.946765474142435437e+01
3.985844444578432899e+00
2.456330887364396176e+01
2.719350684490736114e+01
-2.443325789314579310e+01
2.165684994963612553e-03
-1.263807079107380105e+00
-9.704502650765562066e+00
-1.614299944500791639e+01
-8.785238628905602809e+00
-4.972717430445356968e+00
5.749286724720832353e+00
2.405048059934728855e+01
-1.755180956687429727e+01
4.603227445312126065e+01
1.865000084507323663e+01
1.525086775107425296e+01
2.015508664145654905e+01
1.543348330403651758e+01
2.063871750033270658e+01
3.112962278521510484e+01
-2.591724079848501816e+01
3.541385003555777189e+01
-6.488154563335234570e+01
1.801963087608735492e+01
-6.079626501287665974e+01
4.744328430930073637e+01
4.289508227550592778e+01
-5.332559562030667166e+00
-2.740946898974775081e+01
-2.413704196038108307e+01
-3.131465869287745818e+01
-3.604693463990952296e+01
3.216483954578822591e+01
2.393233704977046727e+01
1.360247194119722280e+01
1.613528182486317064e+01
2.536898758545308397e+01
-2.229210391342104458e+01
-1.006267705063217477e+01
3.138035265264857543e+01
-7.430851408545407821e+00
3.034563096707486807e+01
4.236424240164224386e+01
-3.264344800739371166e+00
-4.165839768511676766e+01
2.832335863255650565e+00
-1.428943228441498903e+00
-5.799815224199619479e+00
6.234229473346886152e-02
-3.709927564366449815e+01
-7.174928285787046889e+00
5.063337028737702639e+00
7.553111508493742576e+00
2.778220830167617805e+01
-2.426257956990154696e+01
3.174120307613077330e+01
-2.270317313124671443e+01
1.458918485435958701e+01
2.298863415846641800e+01
