-3.476751119912583476e+01
-2.014047356273181322e+00
-7.159473230392919163e+00
2.413099447191343927e+01
-1.195200734860836178e+01
-9.235506725703970687e+00
-2.414631768048448635e+01
-5.045474901006315349e+01
-2.151168060501630919e+01
-2.264416748646641508e+01
-2.103417646299604371e+01
4.276429981538331759e+00
1.991059666708423492e+00
-1.078786404999078741e+00
1.733330984781360939e+00
2.657130474369733975e+01
-1.024670287107574040e+01
-7.203732603545660140e+00
1.176031024771123157e+01
-6.208262804527979739e+01
3.111945312457726232e+01
-1.332910687423191121e+01
-2.417965985639384030e+00
-5.614139300954036571e+00
-9.438692101481933605e-01
-2.127357247089193493e+00
4.814427980860719458e+01
-1.506728385299987849e+01
-4.027413302306513287e+00
-3.044140841719473656e+01
3.932079882159325734e+01
-4.329079060558441938e+00
-2.141680124532268792e+01
1.123933093780950543e+01
-2.057014883786308701e+00
1.306559924176772824e+01
-5.367783657015650078e-01
2.724259960036988559e+00
1.899453370290164145e+01
-5.478411071667031251e+01
3.053622607419055157e+01
8.145450004168210967e+00
-6.285866488593285339e+00
-1.751038727044997501e+01
6.910205250062119831e+00
-1.099369773181200571e+01
2.497431133472406373e+01
1.993812071484489934e+01
-1.283430790012442912e+01
-1.639664328068124632e+01
-1.733205936118019963e+01
-2.085201670805875551e+01
1.060522041770423129e+01
-2.716193493465965503e+01
8.327325869817912007e+00
3.470097110267576568e+01
4.001710457376218244e+01
1.863844892334540759e+01
8.327338450043157536e+00
1.740273520656228357e+01
5.103803896811382401e+01
8.605841275517207123e+00
-2.993375802765660865e+01
-6.049867525372292221e+00
-1.413958033361097932e+01
3.334853739534949568e+01
-3.950041193525960637e+01
-3.441864286544637253e+01
-1.755739044564410278e+01
-9.853207328137955301e+00
-2.243480993517059119e+01
1.574291074338540852e+01
5.214523036705543291e+00
7.846937949832579307e+00
-2.173171675714641182e+01
-1.901766428530626740e+01
-3.281374455471299001e+01
1.806636134143690242e+01
-1.882493912842883788e+01
1.700402626116095917e+01
-5.421973674218794947e+00
-1.493055285666673626e+01
-2.873785581187219407e+01
-8.523460553368579440e+00
-6.132924677572532346e+00
-6.894584896665364226e+00
2.243645613955247953e+01
4.204951158610398920e+01
-2.470248325329192340e+01
-4.308720536571871662e+01
-1.080384517987629067e+01
5.965139506098125821e+01
-3.256033227655948536e+01
1.795912881718646759e+01
-6.532816758321018824e+00
-3.346527402343352264e+01
1.383794689611116269e+01
1.958695021888880206e+01
-9.692299666053614260e+00
1.839114709372472589e+01
-1.346921553153288187e+01
-3.139276878908040658e+01
5.270263999784549469e+01
2.510961997854241190e+01
1.421119222647601532e+01
7.882671921391818159e+00
1.500074741549907742e+01
4.534075099943564169e+01
-1.480642835817739034e+01
3.356080803432149651e+00
-7.594431466313801593e+01
8.829868275430982294e+00
-3.719839777577325890e+01
7.802323853411735399e+00
1.225420201010722110e+01
-2.005228126950584056e+01
-2.843148192329863377e+01
1.210590874285458085e+00
-1.692807335088278364e+01
2.145696314761775625e+01
-2.788440738520527873e+01
-3.094414370221386434e+00
-2.020227974478002153e+01
-1.956343739887472566e+00
1.113222654370986220e+00
1.252071947556709119e+01
4.241631046705265362e-01
-2.898269620812982339e+00
3.576773150260366663e+01
5.063069431280567301e+01
2.733848618432459432e+01
3.949831047761685454e+01
-6.510063328521368931e+00
5.572123474181807978e+00
2.954977189874068699e+01
-4.911478844924914711e-01
-4.230984755917586426e+01
-2.269262448167859958e+01
-2.818556720974441987e+01
-1.541558066426272688e+01
1.592439917056373133e+01
-6.608263145791204352e+01
-9.297768717555783269e+00
2.465666008758516625e+01
-2.084592472470185953e+01
-1.734225042978459896e+01
3.317317012049625191e+01
2.476604853612283819e+01
-1.841394913508052866e+01
1.549584590937226380e+01
-1.415000457237928799e+01
1.902030207063315004e+01
1.858367770187470569e+00
7.357549081327007912e+00
-4.747543891008271544e+01
-2.633368280564765840e+01
-4.840153034892523465e+00
-9.332722581355810121e-01
-2.274662290814558219e+01
6.053317339426689614e+01
-9.707154916638160103e+00
-1.796653427496023880e+01
1.982321806428882383e+01
-2.556469956368572838e+01
-2.038443544589813428e+01
1.818920846354006926e+01
7.130029431582649124e+00
8.542623229479715974e+00
8.752950155410786692e+00
-6.156063852796734182e+00
8.866550577198154315e+00
3.245686592458596920e+01
-1.475284531219330120e+01
1.068415394371191951e+01
5.066290284247185127e+01
1.820598532801341207e+01
-4.201609377652687272e+00
-1.139987185351499477e+01
8.669068699017751101e+01
-1.189177024738877719e+01
2.088154708245068036e+01
1.443632012704594558e+01
1.638364514457965271e+01
4.924484457676135207e+01
2.667696083618454850e+01
-1.511963725896032784e+00
1.350161076805045468e+01
2.735130605173497997e+01
2.006311006308200717e+01
-3.243277975706899952e+01
5.247187284572135013e+01
-4.674210466333627778e+01
-6.844633845931099358e+00
3.065340476271839520e+01
8.348184389520540094e+00
4.162105148964769796e+00
1.577482766982842577e+01
1.244299397201231727e+01
1.916857668980105700e+01
-3.483509224952859995e+01
2.208087662814364194e+00
-1.479559728758431447e+01
-3.715472180703770277e+00
-2.468420624083478288e+00
-5.981482051874795758e+00
-3.204931940987592043e+00
4.664332132482047655e+01
-4.697630361713081015e+00
-1.447620218414019178e+01
-1.431986919025963090e+00
7.238649462146383939e+00
-3.319275465493703337e+01
-2.850219455546144331e+01
-2.017235221975995785e+01
-3.441445968913257047e+01
-8.911187916715448409e+00
-2.323273671431339693e+01
1.014994279706564839e+01
7.250578150337148031e-01
-6.969543391915806296e+00
-4.596934327973571044e+00
3.192037299741429024e+00
-8.139385965312712301e+00
3.789093388967808096e+01
-4.814591114917243431e+01
-8.437880838779594939e+00
-7.515442158513849336e+00
8.870567923332259852e+00
1.254087665725599265e+01
-2.615173039582020920e+01
-8.433382302029855282e+00
2.391471487572538024e+01
-1.118775172045776856e+01
8.842719784968039676e+00
1.896223581646155765e+01
-1.614277806993470676e+00
6.201094152438417950e+01
-7.745387335046871158e+00
-1.760825789550023046e+01
1.780178671786700306e+00
-1.367151648895733729e+01
3.036292657971540621e+01
-2.356685200455352458e+01
6.745263853977007784e+00
3.151758948717466069e+01
-7.051659985744805681e+00
6.574233972464412545e+01
7.117180841988044904e+01
-3.689628887500407473e+01
3.275956041641359207e+01
1.208913489510231898e+01
-3.095030841462185833e+01
9.218228776501852906e+00
2.335582501493456675e+01
2.388761449099089873e+01
1.282908953618658643e+00
9.419345433795285771e+00
4.136637017045188713e+01
-1.304100591171636836e+01
7.922380729221583096e+00
3.986303413994517086e+01
-2.054350655410578952e+01
-1.108462920627668780e+01
3.109948696481979624e+01
1.595657355938003263e+01
4.201020690668724455e+01
1.675587457796612512e+01
6.045207879554908459e+00
1.480018935328997998e+01
2.248192793752767216e+01
-2.975714678833449511e+01
3.808290532056446409e+00
1.374597331150062374e+01
6.454763718609001444e+00
1.313875836145781761e+01
-3.398801112421535464e+01
1.774317629487796921e+01
-2.371570154527876184e+01
-1.848688552094887427e+01
1.186051970358384722e+01
-6.461104611544740806e+00
3.211077176398822530e+01
-9.248988233670502268e+00
1.669633449694802607e+01
1.793941092285780314e+01
4.311343007114638937e+01
3.025991469570224268e+01
2.709027908841534327e+01
-1.830169349787610145e+00
-4.647830839825672911e+00
-1.774286784359367175e+01
4.431539448097774425e+01
4.408380423537283832e+01
2.167363443405021428e+01
-1.396453880001639902e+01
2.759657598849796045e+01
-2.831511929670256222e+00
9.897257340576338436e+00
3.667428116935320759e+01
-6.823899128649202339e-01
-4.418908886815984260e+00
-1.116949090079850748e+01
-3.247894736579968367e+01
5.301622800666112312e+01
2.808456296372048655e+01
-3.316201949649025948e+01
-9.142734909102131269e+00
1.460045230941836181e+01
-5.536830922075040462e+00
3.521622982853175898e+01
6.973434499966288058e+00
4.434520357353540021e+01
1.924920669696020425e+01
-1.259587314299307081e+01
1.110365500912334369e+01
-3.469258093356330619e+00
-1.522355538311404644e+01
8.714033450077295129e+00
8.314892046542013304e+00
5.211676319176478955e+01
4.379388969747643046e+01
3.081367798904545907e+01
3.702489873030560830e+01
4.822536726444297983e+00
-1.440387982971662950e+01
7.940944792099173810e+00
-1.855547021671779717e+01
-2.983775991906284730e+01
-3.093126113155261692e+01
-1.734022196302325369e+01
-6.044542807558235609e+01
-1.940272729901958826e+01
-4.817706704959437047e+01
1.304761095924761705e+01
-2.574761337425235297e+01
2.588813207698046881e+01
-5.503949275531329022e+01
-1.657129917085073600e+01
2.379869188588256179e+01
1.163984404999511924e+01
-4.938636647546658054e+01
3.143619393251373140e+01
-1.440793859196946869e+01
2.992009203262391992e+01
-1.289178758674503911e+01
-4.360322780823594258e+01
7.968660866314024815e+00
-3.620414524412973378e+01
-4.131656403488818796e+00
-1.666386257187343567e+00
2.272080754453918416e+01
7.010343342247671217e+01
-2.399190389826185310e+01
-1.943402906623509807e+01
-2.337728985455783004e+00
-6.345925044408431859e+00
-4.490587223808836370e+01
-3.099684980372936138e+01
2.660259601508428773e+01
-1.181459655809811693e+01
1.127197195475460489e+01
-2.730050150864175862e+01
-9.131048070519881321e+00
-2.305648895428524270e+01
2.867510805877731173e+01
5.280063275669533596e+00
-1.241757225072507254e+01
-9.463113352738872663e+00
6.604212112914623845e+00
-4.535080543459685032e+00
2.395591892128086897e+01
-1.432903682468474926e+01
5.573441674157322723e+00
1.974953077741884044e+01
7.612334929099517922e+00
-1.184473482552215273e+01
8.554553305783173300e+01
3.272869447245987828e+01
2.384172784545555146e+00
5.643064437325733707e+00
-3.485359083580169681e+01
1.869539094081699204e+01
-4.253025276467062099e+01
-1.619760073198864347e+01
-3.063584402232049797e+01
-1.101210781943859729e+01
3.162307862289731020e+01
-3.154588762985234496e+01
1.333727738767179005e+01
-2.149671401501848322e+00
1.146123327622802890e+00
-1.993398070979495174e+01
-2.466695734128077788e+01
-3.131696242790383167e+00
-1.987018983599612909e+01
-1.101806668833640401e+01
-2.299610166762543884e+01
-5.151943067413832011e+00
-1.932250707212712371e+01
-2.793673889488475481e+01
1.162401120300319235e+01
-7.985255148164043248e+00
1.361830954935308569e+01
4.740004726553120662e+00
-4.238371100738283559e+01
-2.919893147391025678e+01
-2.543687536837720131e+01
1.803603456027497032e+01
-1.369665619062160999e+00
-3.450020945756901369e+01
3.278925847271491278e+01
-2.180740337680827423e+01
3.181216618462094203e+01
-1.762670762660016877e+01
-2.688054029953900681e+01
1.316725932150848166e+01
-3.781924973997151795e+01
-1.916888650844495601e+01
3.448151779997172639e+01
1.051881992071446348e+01
-2.446542122807971964e+01
3.022367418001011430e+01
-1.010447207062901498e+01
-2.117711367640197295e+01
-1.692891667176493797e+01
-2.790030643966127855e+01
1.543030552750172291e+01
-5.005223217329316299e+01
-4.409440494028666535e+01
-5.663361152836671408e+00
-1.675163114082980087e+01
-3.291780310332737258e+01
4.092077618609920364e+01
7.471314597478344410e+01
-1.530686841475969118e+01
-2.003743698091739134e+00
-3.374501805812664657e+01
3.649620182743103669e+01
1.136647781657390510e+01
-1.333972459362570362e+01
-2.028952656278693212e+01
8.212763355032933532e+00
-3.232126728598601773e+01
-9.843253314951851962e+00
-4.841632609652538122e+01
2.030699501515977090e+01
6.142348137982082790e+00
-9.890821670973650726e-01
-5.784813177512148741e+00
-2.231560078331051500e+01
-6.119303506140568061e+00
7.310419102175640660e+01
-1.019598003049827639e+01
-2.679571320314985883e+01
-3.891830575568131678e+01
7.777225321419109605e+00
-2.090371482828700778e+01
6.062553237878240964e+00
1.690701358311747526e+01
4.257931646796578207e+00
1.745819447211484388e+01
8.429222380094259393e+00
3.262917663972996252e+01
1.466457801405502437e+01
-1.951790887597011448e+01
2.676154709951278221e+01
1.945139191054519756e+01
6.883625586095902804e+00
2.362564052230351308e+01
-1.583806037303823899e+01
4.109633786624118557e+01
1.312677832853651694e+01
-1.767561311772853117e+01
-3.285434118117947833e+00
-1.006883303763234494e+01
1.138498192492031080e+01
-1.298244789188169079e+01
-4.418427444028594664e+00
-7.148518183242572377e+00
4.512023710900257356e+01
3.079395424735355391e+01
-3.617253577375538498e+01
-4.534310514632224454e+00
-2.940820193109863112e+01
-8.067247880118259218e+00
-1.315585069985613842e+01
4.796391984393267194e+00
-5.671693768500105648e-01
-1.602826247515903901e+01
9.461588047977556926e+00
-4.592322306174196456e+00
-5.214907275536177167e+00
4.802293217666010605e+01
8.051055340171789254e+00
-4.602693196470965376e+01
-2.213245612254502248e+01
5.341558427459114000e+01
1.518750894298017329e+01
-5.296706590084681920e+00
5.957083961448088871e+01
-8.978158998232686372e+00
-5.089052601144913979e+00
-4.518141666320445893e+00
8.632270589677744965e+00
1.738543642418707691e+01
2.426126144290513764e+00
1.615011869849865889e+01
-7.114356644654293405e+00
-1.962423476810933209e+01
-2.322740352646919604e+01
-2.673163984006987448e+01
2.295792944126472435e+01
7.213453490916435840e+00
2.126016844307143572e+01
7.774857882706498913e+00
4.974332137091303707e+01
1.040230152560508259e+01
-4.493378257072009774e+01
-1.910333973247345796e+01
3.405018752792749126e+00
-1.621836659146828197e+01
3.519953359427694295e+01
-7.761815920677690883e+00
9.358410104397165696e+00
2.938937324636796689e+01
-4.162722143249760620e+01
8.334228407575420761e+01
1.155750821516636506e+01
1.328200775773456144e+01
2.015864475099795072e+01
4.163062731081879519e+00
-2.333452701457758849e-01
1.951115972937805054e+01
-2.064755010827781234e+01
4.625566758406118595e+01
4.091144741341807389e+01
-2.323207350823879835e+01
8.961753922482671442e+00
3.898924592587414395e+01
-1.146303693400436430e+01
9.732715403063224358e+00
2.099116873467010436e+01
2.259297819341395552e+01
-4.255420017341458561e+01
-5.723527931833075399e+00
-1.707536663373577568e+01
-1.728953895653745576e+00
-4.417470492354066636e+00
1.001441972398993130e+00
-6.958954774913223673e+00
-1.770924246726826823e+01
7.363625994293769850e+00
3.834512654079389904e+00
2.956132830629983133e+01
-2.440211457322808997e+01
2.432171954200896380e+01
2.631943675985489506e+01
-6.933848109868932852e+00
4.537299278420947246e+01
-3.791745149348477639e+01
-5.743481515584434760e+01
-4.808421767661279489e+00
-4.435394504140788285e+00
-6.717742719292800757e-01
4.454126197735406834e+01
-2.708949844803406393e+00
2.385214687197736794e+01
2.994427170557760576e+01
2.081306596396439090e+01
-6.397755240032154234e+00
3.318865818422887060e+01
-8.858614211170575459e+00
-1.975185239153375960e+01
-2.279723535055086359e+01
6.022276062132121410e+00
1.968514245542203867e+01
-7.444280333854464970e-01
1.937493659086857178e+01
3.144544257453389946e-01
3.373362625380929103e+01
9.635878781145351013e+00
5.020470718623840867e+00
-2.088125089911898158e+00
1.792753700462290567e+01
2.090801900479583253e+01
9.568202717878875774e+00
-9.914621644900449837e-01
-3.061396603306341291e+01
1.620905178681150005e+01
1.058898889120195008e+01
1.976434343651195746e+01
1.568203063772202199e+01
2.010974636553046224e+01
-4.804793511149554774e+00
1.736319824084284846e+01
-1.495217216859305154e+01
-3.944746191316426120e-01
-3.014981453554560176e+01
-1.710232042198450131e+01
2.238535521585635735e+01
-5.013390886112833300e+01
1.475164051698951084e+01
8.825045837668653803e+00
4.621041853621670725e+01
-1.050953806546174008e+01
1.855098496159734367e+01
-5.542685465885085705e+00
-2.695097806805766538e+01
-3.778916450735755461e+01
-6.523171004551493013e+00
-4.919907213823059777e+01
6.520432423975137226e+00
-1.106462300173203595e+01
1.716794443981228824e+01
1.310656328164299111e+01
-1.589945251972372375e+01
-1.628449811978430262e+01
2.277317487054256162e+01
-3.420972542767483304e+01
-6.802452386029898435e+00
-1.052009896753645535e+01
1.521820409952029607e+01
5.439583221086650155e-01
1.499370104707281826e+00
-1.049506387810706087e+01
3.047436456713964503e+01
-3.085452264511013709e+01
3.805193968943456184e+00
3.350151555037521689e+01
-2.046617850128555460e+01
1.726194558214487529e+00
-1.380533884692454194e-01
-3.620882877912624309e+01
-2.224613406705219631e+01
-2.755344297521924446e+00
1.570569045649887840e+01
1.835295404566389266e+01
3.403941042724994759e+00
-5.359042460787350137e+00
9.902614259379390660e+00
-2.363451651369558704e+01
-1.109859039098182620e+00
-2.884944875921192420e+01
-1.550893279282614401e+01
2.703971124794779257e+01
-1.586946769892000475e+01
3.774840187856602824e+01
-1.336815524004231293e+01
1.821203703500464144e+01
1.404854824373555289e+01
-3.524692731531250445e+01
-1.396346612563712597e+01
4.853608313303027444e+00
-2.323061999510564135e+01
-2.095693708881319139e+01
-4.856603393744978803e+01
-3.006296450539880993e+01
-2.839537569624485513e+01
-2.442381147918368356e+01
4.612642191699904970e-01
1.013767818820922173e+01
3.816732928690001359e+00
1.354225622493036951e+01
-3.156907955634517293e+01
8.487670344522257437e+00
1.501557378699729384e+01
-3.743810841732883432e+01
-3.456258177255926967e+01
-2.346063460685348900e+01
-1.513640500685443868e+01
9.035503411068390278e+00
-7.358226103553988651e-01
-2.340362201070940174e+01
1.664554750747095113e+01
-1.326011030441821958e+01
2.791144072779388807e+01
-4.944556450146913562e+01
3.516786170567260683e+01
-5.023868469116646196e+00
-2.229873485763321384e+01
-1.391310125928346508e+01
1.035719889166841767e+00
2.486724392097594816e+01
-4.095820115751548229e+01
-6.562595471665133573e+00
-1.124498019615554512e+01
2.484320665553713070e+01
4.641847174038855428e+01
-5.522419624775341163e+01
5.164445594251338889e+01
2.306856932229480606e+01
-4.145608071736812406e+01
-1.774312650225732568e+01
4.400813783387088307e+01
3.298680533897697842e+01
-1.158160501023053257e+01
-3.253060198535308700e+00
7.971814977483440146e+00
4.146148535522657141e+01
-3.153811182488747988e+01
7.051913327938564180e+00
-4.634135430762533758e+00
1.514915433071143980e+01
-4.031461208696911314e+01
-1.840611262526572034e+00
-1.688262346063714503e+01
2.652143569105616905e+01
2.336232236819023456e+01
-4.850028958647862964e+01
-2.653387569420162606e+01
-1.198271265412734010e+01
-2.364184478452451543e+01
-6.478606606841282201e+00
-1.127655750220102959e+01
2.496982039497106598e+01
2.333001946009713379e+01
-1.180747083742090808e+00
-2.549020289002456963e+01
-4.723995365894182896e+01
2.641144842225151024e+01
-2.726486773854693979e+01
-2.021049743157124112e+01
3.294753313244285664e+00
-1.995455255402885086e+01
-2.170474365587838861e+01
-1.591503524095452349e+01
-2.661417991229606628e+01
-1.439005505092767478e+01
-2.884633179708407624e+01
3.105979052874455704e+01
3.409465774349622791e+01
-3.674309821401266163e+00
-1.217944349438704421e+01
-2.437307757264193242e-01
2.525469585527815752e+01
-4.772446434384089287e+01
-1.104673239550149333e+01
2.731380669290803098e+01
3.939131614620004029e+01
-9.298348449180451780e+00
5.504197114444423278e+00
3.047688269911898828e+01
9.208443314320831519e+00
-5.383179337969465905e-01
-2.470124174904913161e+01
1.121159836143334587e+01
-1.926366733315060742e+01
-5.823971436670632329e+00
-1.078731793859111576e+01
-9.129441298957658546e+00
1.259165280914086793e+01
4.392156994933925773e+01
-1.340688979632489009e+00
1.890602044305055074e+00
-5.057212322534859084e+01
-1.052877667065700962e+01
-1.997364344004793679e+01
-1.156751461525686864e-01
-2.607302208556686196e+01
4.739183528169721171e+01
4.507053219920072706e+01
7.783855107106113280e+00
-1.098484420879810841e+01
9.232452306202134196e+00
1.144539205959823391e+01
-2.649713833516010197e+01
-4.683189932234085973e+00
1.054823840631536314e+01
7.388001081859158603e+00
3.060971125206260979e+01
2.245612502226597940e+01
-1.177013718465170200e+01
1.444555527653182025e+01
-5.509034542078985908e+01
-6.776260629187973450e-01
4.845861877865650058e+01
6.631336340007948138e+00
-1.167203552352646057e+00
1.698726215190933431e+01
-1.590855660127491333e+01
4.993902394835373570e+01
-9.247125552582630803e+00
4.468402972168462384e+01
2.176336267644349931e+01
-2.251506949494273613e+01
1.798190144424712855e+01
-1.698837898171437644e+01
-4.018297121491883672e+01
-3.585444098781692901e+00
-3.094914807896176967e+01
-2.922309771867054451e+01
-2.734478310633178921e+00
2.009629577124150046e+01
-5.404971771758809496e+00
-1.739029752258846884e+01
4.987392932381084165e+00
-3.847188622771543010e+01
-3.911103593808823220e+00
-4.612827192289552158e+01
2.714487906428051645e+01
-6.548198353569176788e-01
-2.777302165843997273e+01
-9.228538468545565365e+00
1.028347945036290412e+01
-1.967795098083728789e+01
-2.538370645674328330e+01
5.246706809857727194e+01
-1.347139438480127183e+01
-2.237457827266450749e+01
1.520411030656182305e+01
-9.844752387642756730e+00
3.043428378913411692e+01
-2.554834398314540067e+00
3.855975054352512643e+00
6.014527765559995487e+01
-6.917749068085498720e+00
-2.040929098099442740e+01
-2.398400715451020915e+01
-2.831313029535579062e+01
-1.904686324627562044e+01
1.509174932572398120e+01
1.511354532092462932e+01
1.240756996188719086e+01
4.091727326833370171e+01
1.838421618414542991e+00
1.164924601764789713e+01
-3.539031266319344127e+01
1.497526146241625611e+00
-1.036168203526477782e+01
-1.484641961439251645e+01
-1.945817682013341710e+00
1.877593724475181602e+01
2.128107383030987876e+01
-3.849773528561541980e-01
6.789602655572025469e+00
1.536297346641224770e+01
1.942704572082067216e+01
-1.362611209099181053e+01
-7.037478379213723656e+00
3.846011261334894016e-01
-1.286904669959420744e+01
-2.809173465531046077e+00
-2.000886073372342366e+01
4.423960631139959787e+01
3.583519008819143892e+01
-9.088220167932547611e+00
8.937026214935713142e+00
-2.583026817237414008e+00
-1.673179650117955930e+01
1.990002269974313975e+01
-5.315199581071055945e+00
2.229279302838091326e+01
-2.919438123645266714e+01
1.001503409356698171e+01
-5.534644632386914509e+00
-3.003658752655093167e+01
-1.360126596009115474e+01
1.490173673561097445e+01
-5.095236398793264243e+01
2.399812166721682161e+01
2.601376302749855540e+01
-5.566397086173976660e+00
-3.337467284908484544e+00
-1.767748947935643855e+00
1.394283559578138920e+01
-1.822578538056333741e+01
2.014659628479575559e+01
1.702389897638900607e+01
-5.485909844694128878e+01
-1.976169805915790789e+01
1.326030499004772878e+01
-4.753427335346913196e+00
2.424500711231995354e+01
-3.558926292742654596e+01
-2.993308591319646439e+00
-2.336420300287027985e+01
-7.180450646995852537e+01
4.292849206469701073e+01
-3.259049243598667545e+01
-3.416416067658931865e+01
4.978949842605331355e+00
7.241668007677623109e+01
6.453612384739528807e-01
-1.570764062487162960e+01
-1.748301790169705328e+00
-3.055395896870841455e+00
-4.783274544808503492e+01
-3.419937275425611745e+01
4.575492666678788822e+01
-5.729223665662459553e+00
-2.104004487367695475e+01
2.754645006416842534e+01
-2.002271311735103154e+01
2.060616480768044312e+01
2.973103907467572782e+01
-3.187883850440901767e+01
-1.568422156106834109e+01
-1.940034812677328091e+01
-1.001061682466860248e+01
-9.837061853577253601e+00
-5.824038374723158995e+00
7.985418851458234712e+00
-1.906850853912060018e+01
1.585088905641632095e+01
3.234592090652241581e+01
-5.025502020866959185e+00
-1.138527888628044593e+01
8.145940114830722223e+00
3.126948063913528131e+01
2.914112396052708220e+01
5.469925023126336328e+00
-3.109667402430773109e+00
-4.868682425353995313e+00
-2.835986479862052079e+01
2.149079086394347371e+01
-1.247061108229802073e+01
1.112352749663324403e+01
-7.793144991339602257e+00
1.507031558397153503e+01
1.021466743670799104e+01
-4.496352771924657077e+01
-1.486664273705537198e+01
-4.387802247224824725e+01
-1.992923337999513933e+01
2.955991340433854475e+00
-9.612837009847339687e+00
1.823733997392562856e+01
-1.675532813169266433e+01
2.064890849381669113e+00
5.989373910701033310e+00
3.950577515631931647e+01
2.003323861167528719e+01
-1.688234007542953208e+01
-6.863234603779062581e-01
6.789064883311397125e+00
2.140835713802738738e+01
1.954530696228289344e-01
3.048069269671248094e+01
1.255473151755667516e+01
5.054387029006869625e+01
1.062716466016297545e+00
3.655719701386941267e+01
-1.506939131966350942e+01
-2.103480696454685273e+01
2.451918872348159084e+00
5.236759225531045558e+00
1.495614854557217654e+01
-7.926150115800169260e+00
-7.629429729085359213e+00
1.446546579601752924e+01
-2.705241850226056499e+01
-3.077627057824810208e+01
4.421984244824844268e+01
-3.316668933482162629e+00
-2.181116211658930837e+01
-2.249497520464281308e+00
-7.512096018294698752e+00
2.373744411135182020e+01
1.846764917891931645e+01
-1.125807509750325153e+01
4.728331339057660898e-01
-1.475472367360787018e+01
-1.969067128921199128e+01
-1.491762255403887139e+01
-5.393486932699040892e+01
6.102176328954556084e-02
-3.592025092155641630e+01
-3.107224924856549819e+01
-2.077819523550618896e+01
1.069001379082459380e+01
-2.034032756921328655e+01
1.290284174123278405e+01
-3.417534838680886367e+01
5.945741893865204020e-01
-2.310404801551818466e+01
4.779652677445596964e+00
6.268806739972802688e+00
1.863241440163017160e+01
-1.171063574332774238e+01
-8.909323763955399045e+00
1.648994485009583144e+01
3.306357053780020294e+01
1.832846475107484707e+01
4.625381073129119613e+00
-4.001938863953279224e+01
-9.491787158813608016e+00
-1.761407591084127944e+01
-3.370686537256347037e+01
2.254597433286505748e+01
-2.024947418380708086e+01
-1.843581312253661508e+00
-1.564936285547881312e+01
-5.563762468490742208e+01
2.886011980524261844e+01
-9.823167431692127138e+00
2.260271277020967773e+01
-3.983241955409582147e+01
3.760609411740003338e+01
2.059010202430414438e+00
-1.605487839835637232e+01
4.808960921136588240e+00
-1.160308723577520595e+01
-3.655194813030993828e+01
8.070863262272141014e+00
1.990029595294222986e+01
9.670351754124340005e-01
-2.021912325231636487e+01
-9.134420363188780811e+00
9.804265484171622802e+00
1.781964012044349488e+01
3.515835282525693373e+01
1.319848791563981649e+01
-1.296445004704446546e+01
5.326320420825840074e+01
1.336827029484020457e+01
2.369486775168361703e+01
-1.018472318297273205e+01
1.561251643754948759e+01
1.095040678432172854e+01
-3.458983804118210514e+01
-1.150382219909013770e+01
-2.281752114668307385e+01
-2.060190894458068556e+01
-6.750710196381191963e+00
-7.724183166126636024e+00
-2.355562673419393604e+01
-6.182473732324213245e+01
-1.612124728601423129e+01
6.959023864959021921e+00
5.087662933438934942e+00
7.760185307234010565e+00
2.585918265462748877e+01
7.822755252591488073e+00
1.812532523286026276e+01
-2.323314846907111075e+01
2.549664359546943615e+01
-2.536338871756234425e+01
-4.011106802280380634e+01
1.225564913443366777e+01
-2.408758458115951839e+01
-2.190240246477786457e+01
-8.844661546529101770e+01
-6.459690298359781480e+00
4.550078091004934322e+01
2.364943134450252415e+01
-5.712249011732069448e+00
-7.698322978293020924e+00
2.107491319857544454e+01
3.711000153681126790e+01
-2.321537129794086241e+01
-6.011361236076425030e+00
-1.899472273848348891e+01
-1.957736076525742419e+01
-1.715799949950476133e+01
7.060189901506774390e+00
3.945392258922151996e+01
-3.638521675657361243e+01
-3.129917976696981441e+01
1.842409128938982121e+00
-5.950519527863548319e+00
-7.447050896843425249e+00
-5.031112610000013774e+01
3.510204731218820484e+01
1.336161594275273501e+01
5.245395007156488987e+00
2.701335923691794960e+01
-1.830172455313239510e+01
1.727119300909083321e+01
1.551538288511122232e+01
2.031592238114200200e+00
-3.397830763778035390e+00
4.932195893794155239e+00
-8.824146522370824641e+00
2.830732359937066178e+01
-2.234574579985979881e+01
2.404329871582154965e+01
5.386922576923637962e+00
8.066782665017228737e+00
1.267666996086740028e+01
-4.853196235820743709e+01
4.705534450380582712e+00
-3.739264093360358743e+01
-2.733549224333254557e+01
-2.733008989925588139e+01
-2.785819429690278071e+01
2.879776051750582155e-01
9.361027809984918235e+00
2.779012752506389461e+01
4.820492350347812760e+00
8.023557470455472185e+00
-3.916824443911332310e+01
-1.423473661344471708e+01
1.899216184775096394e+01
-1.134059882311447609e+00
-3.709457796898618653e-02
-4.958746873879249506e+00
1.954467227214254876e+01
-5.092532719052894663e+01
6.281389414197995791e+00
1.130712579823706676e+01
2.412427541130645281e+01
2.064003855827212419e+01
-3.156853295203401899e+01
6.296942623755768409e+00
3.262676659604466067e+00
2.652036603141937121e+00
3.322050919012013992e+00
-1.051829773184076089e+01
-1.970358352893742904e+01
1.055362780962698821e+01
3.353851442322809362e+01
-2.765604003071985062e+00
6.459387273681556962e+00
9.477938981865264623e+00
-1.432837212904922808e+01
-1.517252554928546715e+01
-6.658874837772425792e+01
-2.059523286560298061e+01
-3.047719155826787585e+01
-3.726090175382580583e+00
-3.766094684409395654e+01
4.187116748927837762e+01
-1.746158704935987771e+01
-2.990803077212868288e+01
-8.627493252055512585e+01
3.706639856390236787e+01
7.446606200803842057e+00
3.407867923723159720e+00
-3.494936921454825551e+01
4.928355743603560768e+00
-1.110927042785381502e+01
-1.827465661775075745e+01
6.515070945643550715e+00
1.882026947870321010e+01
4.080411091914605493e+00
-1.186242913654785980e+01
-1.180823457119686282e-01
1.546235380507397394e+00
8.744993277598041459e+00
-3.543924614920473459e+01
4.024810895316476689e+01
-2.390083440417510019e+01
-1.668837369087813727e+01
-2.731569412168641975e+01
-5.801093218345093305e+01
5.007572956832923694e+00
-2.920792996860689072e+01
-1.061324176523642393e+01
1.817895996794635494e+01
-1.443184648332632491e+01
-1.950059433675448872e+00
-6.563613644032486150e+00
-1.119786446272149760e+01
1.773635708087478946e+00
3.025233781161199431e+01
-2.803131064524697535e+01
5.548828877639948587e+01
-1.261876466483940362e+01
1.862845046605086452e+01
-7.675492602880829907e+00
6.348944564835054649e+00
-6.056613129629738523e+00
2.444866583151122086e+01
3.417012780780576264e+01
1.067896885818463204e+01
2.567272651176472209e+01
-1.982567780265978286e+01
-3.687950961217961066e+00
-1.242901137207365991e+01
3.824047590616373782e+01
3.210134766764872438e+01
2.425601775209219113e+01
-8.577888556846744450e+00
-1.550571931409675130e+01
1.386794192973994910e+01
-1.566056722530210266e+01
-6.926690223087916820e+00
-3.212881163362219183e+00
-1.646546908005714727e+01
2.767762234836222035e+01
-4.602161055395292522e+00
2.113997051162085228e+01
1.090413931390045832e+01
9.616291646578311259e+00
-1.842954633572423973e+01
1.474911985466223996e+01
-1.018023476917639414e+01
-6.559845170863098929e+00
-1.739185249897190033e+00
-2.679934978295119663e+01
4.153935225828854527e+01
-1.483359725583252242e+01
-1.773592396134830551e+00
1.241186544488773080e+01
1.071017059123914805e+01
4.130216168560194490e+01
-9.603028282262101811e+00
4.197588340157551556e+01
3.766774569745493295e+01
-5.219030920623453085e+01
2.828150377054051035e+00
-1.033251515390549002e+01
8.727676075739211115e+00
3.306615737991620563e+00
1.108041532836637089e+01
3.471352452150122048e+01
5.440897694667233964e+01
-4.183676908608930489e+01
4.212552538141301284e+01
-5.454295389520862614e+01
-4.525681776946346702e+01
-8.051705028906525285e+00
4.755556728028409452e-02
4.059520243927917704e+01
1.991122660916130371e+01
-6.704143519156275488e+00
-4.968095434120449738e+01
3.931799814185222885e+01
-2.326656056370836723e+01
1.013566931160426066e+00
-3.969873593408514978e+00
7.014908554183637079e+01
-1.410589478774215877e+01
-5.946299608822732807e+01
1.745193951278474742e+01
-9.062571749939866095e+01
6.413590878126512962e+00
-2.032540946324716913e+01
-1.025598197695517655e+01
-1.510558515913966460e+01
-3.256275746238517854e+01
2.130662122663977698e+01
-2.117068861598684038e+01
-6.549858988532776038e+00
-4.393214957865538395e+01
-2.434477192336146345e+00
-2.913307671452342618e+01
-4.154559234754640329e+01
-6.326361467407917871e+01
5.106125848584184723e+00
-1.983251091139138111e+01
3.496833961050185735e+00
-7.848859020320560376e+00
-4.525862460063069648e+01
-3.620585949622635979e+01
-3.038102565131640631e+01
-3.157821600570150622e+01
2.968176636420069769e+01
2.844703595131505836e+00
-2.775316242333039440e+01
-1.208888283794124163e+01
-1.368231732884551377e+01
2.241788622169852374e+01
-1.730710055644463807e+01
-4.255807670442088408e+00
-1.563610458321159058e+01
-1.991110592632820442e+01
-2.254141127094911212e+01
2.057795099076068368e+01
-8.648951170309402414e+00
-5.157382099031877942e+01
4.293382258350831648e+01
2.451897077485362786e+01
1.459067165431235935e+00
-4.350964430678948247e+01
-4.172203160068249872e+01
3.843019059182381625e+00
3.962022357550836205e-01
-1.765073290317945975e+01
-2.550855057644966095e+01
1.748455796083868563e+01
-3.084802810359462910e+00
1.467740625259915532e+01
2.729811183497656657e+01
1.770024914163226981e+01
1.778802878491006823e+01
1.331788987054302531e+01
-1.163971802953773249e+01
-8.307331463905498481e+00
-1.210538831342586974e+01
-2.047082702135645604e+01
-2.383446333223264446e+01
-3.550222994376429142e+01
-2.075266148797781085e+01
-5.684574705626644686e+00
-4.282104211275202488e+01
-7.977434664021700428e+00
2.035706833552800532e+01
-4.404135124178537808e+01
1.661271560122514757e+01
1.498797738496969600e+01
-4.009345656013755388e+01
-3.162959557715080905e+01
-9.583603598394972778e+00
9.788493908097379403e+00
-2.195488757703054716e+01
4.034866222257355162e+01
3.581355921312413670e+01
-4.311614931319405741e+01
2.492583273606504690e+01
1.939561343014565864e+01
4.882334219925297703e+00
1.208001437790446175e+01
-2.389034359931508789e+01
-7.295117496034890792e+00
4.641914135814658948e+00
1.073898302439326358e+01
2.360681990969642641e+01
-2.861785017860395541e+01
-3.369962012599501122e+00
8.352215578416036124e+00
3.009635797491654330e+00
-1.663976201578271485e+01
1.219476483842645109e+01
-1.425776013338627024e+01
-1.146654740392035876e+01
6.370307502012053646e-01
-3.398767868179947982e+01
1.646890394010881664e+00
-9.396298254771238589e+00
-7.736354620809976268e+00
4.727259196708473610e+00
-3.033255313331144976e+01
3.316021086577828214e+01
-1.409017823895167965e+01
-7.453137945948969900e+01
-4.769405959643802362e+01
2.068025297554964936e+01
-2.263087458711120803e+01
-1.052355794731715832e+01
-1.466471276262595325e+01
-1.026726300032902373e+01
-5.635118508250246805e+01
-3.520269160318150625e+00
-3.482741200806856341e+01
-1.927622753034609104e+01
1.185832728990962437e+01
4.400510454132103177e+01
1.583816764636413410e+00
-5.484007455101078676e-01
3.331485591112340217e+01
-3.101782769298941389e+01
1.784975298928711851e+01
4.241331498886381723e+00
-2.667086311715104330e+01
-1.427529194710206184e+01
1.246116835837324288e+01
3.645725611588588322e-01
6.803342626676563754e+00
5.768547760704578309e+00
-1.325000188715804939e+01
-1.815544833072362962e+01
-2.795772300385294784e+01
2.758435498474017322e+01
-3.609571166345821780e+01
-2.680809576792917426e+01
6.965772247163357633e+00
-4.865976772982321563e+01
1.260823745674267116e+01
3.587807985032691249e+01
-4.067418616441088375e+00
6.509223494493468820e+00
-1.612671614433932632e+01
-1.231251920508165654e+01
5.826307966574688635e+00
2.128492069465279712e+01
-2.172239974025333709e+01
1.510732385491397167e+01
-5.927295233679416242e+00
1.754589548865595816e+00
1.296591651364322217e+01
8.332754688614727456e+00
-7.205776435891635856e+00
1.374340590531915041e-01
1.072640560618049221e+01
1.600455799031740867e+01
-4.018187360934479102e+01
1.803422264959976928e+00
2.882381553841190325e+01
-5.166236840705533950e+01
1.700474608456235615e+01
-6.526533106250468563e+01
-6.031892970872066329e+00
-8.293914531973427984e+00
-2.895932563272367588e+00
-6.809066910809406181e+00
-1.407266851396533980e+01
-5.339717064116655365e+00
6.681819046311510135e+00
-1.493204370508956558e+01
6.750051731889655571e+00
4.902726676067388212e+01
-3.389990716912907942e+01
-1.477966499774805698e+01
2.227706046071611468e+01
1.342558628392363573e+01
2.447431272839857286e+01
1.181739028303289629e+01
1.178150426657971650e+01
-8.987809854515148800e+00
-2.743870934425554253e+01
-2.529143235685998548e+01
-1.512044410000081029e+01
2.614259588973737891e+00
-2.361436697860557388e+01
-7.812031558817952970e+00
4.069334055410820383e+00
1.330839775068250219e+01
-5.710859501796726079e+00
3.334958489147985006e+01
-3.236684478099357420e+01
-2.184566865806061742e+00
-1.722867938223892281e+00
1.538817954253685372e+01
-2.193691819621191286e+01
-1.388923188865862812e+01
1.048924716681977287e+01
2.510050970227919720e+01
4.174967729409267747e+01
1.783700307748947012e+01
2.337562120030379731e+01
-1.559838260662336396e+01
3.517731001619375775e+01
3.691275541594353626e+01
-1.410798479321954346e+00
1.906040420464972840e+01
2.105065766044219799e+01
-1.312351146983161243e+01
4.752086445123438807e+00
3.386468106058879357e+01
-1.345333565896933692e+01
-5.098110389207249682e+00
-3.363188657465979503e+01
1.325720101441353904e+01
-7.160041384688085486e+00
1.100657091856851366e+01
3.258423041344400417e+00
-2.221236566087790010e+01
2.541366344767584451e+01
2.236238863173625191e+01
-1.499315043777100698e+01
1.064005856379831982e+01
-3.404981860703958318e+01
-2.960478126514883002e+01
1.379926287231666038e+01
-3.798882749489425237e+01
-1.714724597498540604e+01
2.881098849199247525e+00
4.608902144165712400e+01
-1.418593804142440717e+01
-6.828091918644801694e+00
-1.004833554191074541e+01
6.247054399984907036e+01
7.789075473176595210e+00
-2.401092226997960211e+01
3.947789879067534002e+01
3.495102958845147612e+01
1.750254469052069339e+01
4.186891328060590922e+01
4.788642064954559885e+01
-4.159846035228671468e+00
-1.542507538988412819e+01
-1.614873787668483374e+01
1.608570334406930158e+01
2.090634884258011539e+01
-3.830667801378169202e+00
-1.288435720641751914e+01
-3.401051668264523187e+01
-1.405713103943850228e+01
-2.514634419475868299e+01
1.677566296935793844e+01
9.516762032130259286e+00
3.550672916595357265e+01
4.148911985960751281e+00
-1.311246651324580625e+01
-4.715418988156635294e+00
2.197527218121940251e+01
6.955894181047256097e+00
3.032082223532086118e+01
3.101656591845761568e+01
-6.708951601743194715e+00
-6.009194855135653768e+00
-5.593304616811832375e+01
2.816944520059258394e+01
-6.700896758516705631e-01
3.015380907219656592e+01
-1.206268945337598097e+01
-3.474174838971542556e+01
1.173507431574664750e+01
4.053840380930236620e+01
-1.456228475894593544e+01
3.675000583075370741e+01
-4.047929186657751188e+01
-1.281317160579426684e+01
-4.519817805132845479e+01
1.058491851481227286e+01
4.474625142461434280e+00
3.018333646982426899e+00
-3.454843731820045605e+01
5.034203248485295035e+01
3.011130566844838086e+01
4.888339206550199378e+00
-2.867915493856179410e+01
1.204277092049224507e+01
-1.293551083978482552e+01
-6.893271865102519769e+00
-1.331118791343681096e+01
1.018146956418100046e+01
-8.037579185318321606e+00
-1.119712428488054456e+01
1.157095136495604493e+01
1.438245701955983691e+01
-4.755943948413431599e+01
1.101586149443173213e+01
3.745548322607392322e+01
2.230132311436304349e+01
-5.808668997597690620e+00
8.405671386380930699e-01
-1.947264956076392650e+01
3.217915927231803153e+01
8.617364650537865600e+00
-2.309614988426233140e+00
-4.131670811423475698e+00
5.925001934440177820e+01
-1.788380401593713032e+00
1.352109724670091850e+01
4.137187439362935493e+01
5.328889159101720452e+01
3.443015031327013276e+01
2.245173148300517596e+01
-3.680483695455701820e+01
-2.509203127750680551e+01
1.906914466313867251e+01
3.862125769973744127e+00
1.750751474570535038e+01
8.795850336169252159e+00
3.402562228573307834e+01
-4.283562100811624163e+01
-2.697653259128955483e+01
-6.380867894083621650e+00
-4.729997549728749107e+01
1.057009146028134694e+01
2.436449185981661003e+01
3.739330732232758692e+00
-1.226486217573722115e+01
1.281971649719397988e+01
7.632914630085031149e+01
1.706444816670403952e+01
8.715563753830906535e+00
-2.593750052601509992e+01
-3.308801264829912725e+01
-8.101872891023489842e+00
1.826995087892433389e+01
-3.295016714124301416e+00
1.313151974755223250e+01
1.927880836060211323e+01
-3.151189166603563763e+01
1.442143949632469457e+01
2.436664563900859548e+01
3.113318583244029014e+01
-3.633991763801475372e+00
2.589968276380716361e+00
-5.529675262963763771e+00
-2.666933256858726509e+01
-3.828564408033949462e+01
4.381955187493556281e+01
-4.275894525196775930e+00
-3.048600509120952040e+01
2.996827142492421103e+00
-1.428814088771240876e+01
5.005597833456366175e+01
-1.286139619955122271e+01
-1.976690525469717841e+01
1.918977184152245741e+01
-9.067611094337536315e+00
2.455571642425181267e+01
7.355217408865826201e-01
5.357559158436879443e+01
2.908528981785843825e+01
2.206669088779428023e+00
-2.052836844100674796e+01
1.516127019088247607e+01
-2.971460310700753382e+01
-4.805463574766903889e+00
3.377626436777418917e+01
-1.541968377115730959e+01
-2.473011785766081516e+01
-1.335554600180634566e+01
2.756393380227950729e+01
6.956279400246508260e+00
-4.567448160243812083e+01
1.834227732671782007e+01
5.136256826354923533e+00
5.095285855000213360e+00
-2.773603100183811421e+01
1.614424071592054588e+00
1.861758499959383073e+01
2.639591963972216604e+01
3.633094864529060430e+01
1.593267922527473246e+01
2.160269337553813784e+00
-2.980529464118515648e+01
-2.576500352065662014e+01
-3.804153671625775246e+01
-7.257064290444816379e+00
1.748961934786484562e+01
-1.372191353719344420e+00
2.827418114947892036e+01
-1.803032263782745304e+01
9.034829133204823393e+00
-9.610580881446395551e+00
-1.648386926917563144e+01
3.372696205043089890e+01
3.887232646544475756e+00
3.469418815887524943e+01
2.644962640347955585e+00
1.227285351120826462e+01
-9.887987240736322292e+00
3.349262059531135094e+01
-9.187470106264569836e+00
3.503535220144318174e-01
-4.307197394323384287e+01
-5.283732238028918005e+00
3.943037831552985040e+01
3.524985682363177375e+01
1.484659366048732210e+01
-9.148926184228812986e+00
3.066193544562537454e+00
-1.156298405256548278e+01
-7.657742224578456103e+00
5.099689408003458624e+01
2.764643127488454866e+00
-1.448376636049783883e+01
-5.979646978299732041e+01
-2.620540323943139072e+01
-2.120374458748167967e+01
-3.539490347511485879e+01
-3.207079591505063831e+01
-3.819426201834332346e+01
-2.535659614768528769e+01
-1.754688387065817778e+01
-2.729553232131310381e+01
2.590006931795061007e+01
-1.147759708851435789e+01
-4.879148777638124557e+01
2.221241249817276753e+01
-1.682526280244024974e+01
-4.485197901277162202e+01
5.366408583563809032e+01
-1.439085916520940600e+01
9.468999955407667812e+00
2.214585882287411778e+01
4.977828516185780927e+00
1.471910940090808140e+01
1.779729486866926891e+00
1.055398305762142996e-01
-8.207821880494151401e+00
-4.172291289961196981e+01
6.589808359359075496e+00
-6.891623883842896703e+01
3.925680644134543229e+01
-2.356290949622973585e+01
-9.778172406530558192e+00
-1.007771002443752195e+01
8.320153490872012725e+00
-9.449066695058618848e+00
1.494479762792969524e+01
-3.059177731988596349e+01
1.983513807683974051e+01
2.390662533319336802e+01
5.785907965291897881e+00
6.347496715846091320e+00
1.196714664649161364e+01
5.050179166173023759e+00
1.529306753178369149e+01
-4.414772194539608563e+00
-3.895308345116507098e+01
5.312743705471802969e+00
-1.376903296860345449e+01
-3.015297351945235960e+00
3.064723906747030924e+01
-4.453680371931806548e+01
7.953842576770284722e-01
1.164737148452303472e+00
5.080202300510933355e+00
1.738100383407055460e+01
-6.747943203380248889e+00
4.607836172366273786e+01
2.441550308228748634e+01
-8.520107481356276935e+00
-4.180149629189770621e+00
2.107133062534018109e+00
4.271740374097231552e+01
-2.937614926518665470e+01
-5.719423566931459391e+01
1.711215402544797826e+01
-6.805102704833302596e+00
-9.301367033816575258e+00
9.185645301863814893e+00
4.222880937404934798e+01
2.465743099646368819e+01
-8.909954594058888233e+00
-2.923419594230418284e+01
-4.751165250555722253e+00
1.570679410639815998e+01
-8.519692494938425398e+00
-4.151582986877190251e+01
-3.403828120878969798e+00
-5.310190747112042686e+01
-2.826220422668936294e+01
4.576005628447853724e+01
-2.904778717025567403e+01
-3.809715552878685685e+01
-2.875032888292628996e+01
-2.060388734097108454e+01
2.019778024241654180e+01
4.703644138576728295e+01
-3.710081800675368413e+00
1.443350404471317461e+01
-1.186935564111261954e+01
-3.882714050597435573e+01
2.624877253352435247e+01
-2.638445088486724899e+01
1.458108437147902237e+01
1.785465643914008638e+01
-5.955824376118357577e+00
2.110482782425501114e+01
2.304090742185659479e+01
6.353129782815665294e+01
-6.648446690489777211e+00
-2.898776698447939282e+01
-3.520217041783735112e+01
-9.597732514605354481e+00
-1.879614295356141440e+01
5.294489088526236742e+01
-2.457965892882359071e+01
6.456352414613780510e+00
2.726440632555210186e+00
-1.233391954786848999e+01
-4.761196071939366448e+01
-3.512598648802111256e+00
5.525711541586272801e+01
9.738305422943270173e+00
4.207559444788273595e+00
-3.240440323122015798e+01
-3.222397629004535702e+01
-7.891723220056093169e+00
2.577768662238372599e+01
-1.426039958572616229e+01
5.766222279109368287e+01
-2.717464670487927947e+01
1.053725316738871243e+01
-7.676928004323372079e+00
-3.638025508394616736e+01
2.423759181090872517e+00
-2.876936516023295098e+01
-4.144590187861166442e+01
6.232182994739844162e+00
1.056669464929726132e+00
2.932459465452728864e+01
1.325602531688890195e+01
-1.886413256019317330e+01
1.206896500848137066e+01
-4.910858326335424806e+01
-2.684711082215153510e+01
5.006047902394183069e+01
4.623247285545190266e+00
-5.936151633618749202e+00
-1.669692077454993751e+01
-2.459178345935924881e+00
-5.554922568907443292e+00
4.999565931309933831e+01
2.337953807312592858e+01
-6.623623983851075536e+00
-1.951433848404349192e+00
-2.206264145843092805e+01
-8.798607610577221294e+00
-3.533645760400827385e+01
2.773322048862813105e+01
3.917432248933863548e+00
5.774378109984411367e+00
1.006914324242937653e+01
-4.494185912924660187e+00
-1.154143307089071158e+01
3.057653291412965935e+00
-6.073156977373322718e+01
-8.710743756666772697e+00
-5.763494113227210391e+00
-4.341464191501344771e+00
2.702238359326003092e+01
3.650246555971452267e+01
9.707365093547707602e+00
-5.342518168765549547e+01
3.490228156219183120e+01
-1.201132169052044674e+01
-2.100551971185771549e+01
-4.893062308741161814e+01
-1.687842410412977756e+01
3.487441360429676251e+01
1.715360549661693312e+01
5.658849434269910716e+00
1.890530309536282516e+01
-3.274185094706746213e+01
-2.612151203982944025e+01
3.165859196404676368e+01
2.182414485441428553e+01
2.695104265649723629e+01
2.784475546127239909e+00
4.750268245467310635e+00
3.058362715113261743e+01
5.417878965979895156e+01
-1.169398144763759717e+01
2.162248879089327147e+01
-1.455224811769770099e+01
-2.460317371499414207e+01
-1.946152195366752835e+01
-1.955342387824472894e+01
-8.130480484348396431e+00
-2.667753518470973972e+01
-1.098362534250682643e+01
-7.613624493378803493e+01
1.903395310598205015e+01
1.242634565354871512e+01
-2.662838931634809114e+00
-2.178031561806716354e+01
-1.037203535825494782e+01
-3.080296941047737391e+01
5.515744430830721967e+00
4.519039895151961161e+01
-1.236598147241124934e+01
-9.474877176078436491e+00
1.176668394924462291e+01
-2.865831153091525607e+01
4.746371764695041406e+01
8.243009558120860447e+00
7.806334224285251366e+00
2.773698000687178933e+01
-1.413790752389246563e+00
3.137515859453020539e+01
1.060349935776652330e+01
-2.204049246212193225e+00
4.589704076686132339e+00
-3.576795538936522689e+00
3.709730699620229188e+01
4.828580532467015018e+00
1.018656736832110710e+01
-6.509581876895083496e+00
7.872639325919308817e+00
-5.169861768966035243e+01
-1.971958336686606117e+01
-2.732427125964824199e+01
2.656422916869379947e+01
-1.792287690064372896e+01
-3.362976685470988514e+01
3.242489025946906622e+01
-6.822182231242237549e+00
2.269205738686486029e+01
-5.044571815315873664e+01
1.039913102750754526e+01
2.904513675596874123e+00
3.436227999886057205e+00
-6.522665799894042493e+00
-4.081024356984300994e+00
2.842010313543587330e+01
1.014509534605906538e+00
-2.842799760647886842e+01
-1.049631651448233072e+01
1.232445142412316841e+01
-6.437715718905160145e+01
-4.922505796882155238e+01
7.137167482700021992e-01
7.869380067781371224e+00
-2.630209907928204416e+01
-1.073855009541063055e+00
5.881076808869318029e+01
1.564955644433291582e+01
-3.009696339168203849e+01
5.224687764145144797e+00
-5.186717342982873902e+00
7.005310605621325237e+00
-1.991195472441631864e+01
1.230867657704127893e+01
1.470854584154375289e+01
-3.864921125267812840e+00
6.235162172878671072e+01
-4.408169298564700966e+00
-1.764126793409349148e+01
1.331829193625480912e+01
2.398236960836243270e+01
-1.886159267819135721e+01
-1.019687201482931016e+00
5.467297145068174302e+01
-1.560254537509365491e+00
3.280057439858569523e+01
8.171574727070719746e+00
-3.894452074219756810e+00
-1.266096013911140972e+01
2.913022237668273817e+01
-3.120283225273881555e+01
-5.888889823403644641e-01
-1.015748428022590133e+01
-2.215853794392182863e+01
8.388074638814025263e+00
1.483815011840134801e+01
2.415918837960077781e+00
-2.303723610897918661e-01
-2.221340782684950454e+01
9.031166412621146833e+00
-1.827421689409874261e+00
-1.262911618505789590e+01
-1.124739082918465982e+01
9.206519238440137087e+00
-2.091086247316525260e+00
-2.110534003443044071e+01
-6.085751800964914082e+01
5.837928080096034478e+00
1.076576242045608467e+01
-2.706710619589556188e+01
-1.332437625965690131e+01
4.616284219147432566e+01
6.273705016431080139e+00
2.203482106571539134e+01
4.827569385683517567e+00
2.223180109199169863e+01
3.201953618049230954e+00
-2.173858170451887872e+01
-6.087534421823960429e+00
3.042192200902348986e+00
1.757014144163562719e+01
4.208518464678655846e+01
2.745715319706442870e+01
1.701546050805944787e+00
9.538393772313611407e+00
3.381343955284145864e+01
1.475007676449985894e+01
-3.868017711571323503e+01
-1.540217934475657557e+01
6.236183443568563689e+00
4.756890978431130179e+00
1.377025736378407572e+01
-2.891220414016405016e+01
3.927433595252985299e+00
2.415753397347459952e+01
2.671051454484745591e+01
-2.400106874426384707e+01
2.754999755333642497e-02
-1.257496760152292836e+00
-9.498978435133722087e+00
-1.584810757430263806e+01
-8.642055444567034783e+00
-4.922292084323686367e+00
5.660059311880388577e+00
2.362702790380638618e+01
-1.724162448542291770e+01
4.518606105187529920e+01
1.832308507470074233e+01
1.499452879745231826e+01
1.978449461816050459e+01
1.513486653586408082e+01
2.030910715193955696e+01
3.055410785979709942e+01
-2.543066789932563410e+01
3.477380779943464972e+01
-6.372667331960386150e+01
1.768180000382100658e+01
-5.970386820077985135e+01
4.659881330703035474e+01
4.210400048340399337e+01
-5.251577615659073217e+00
-2.690149400262777135e+01
-2.370796363120956585e+01
-3.073413824801463079e+01
-3.539289055875732970e+01
3.161053970530466017e+01
2.349171393480160930e+01
1.334918004901392408e+01
1.579694987335369660e+01
2.496850642885692650e+01
-2.188297707701576655e+01
-9.895188440984753697e+00
3.081118119071685868e+01
-7.301497787233500958e+00
2.981787168204930083e+01
4.161406942906809547e+01
-3.222356635594145757e+00
-4.091057752832256256e+01
2.803111767896950823e+00
-1.440482289614159583e+00
-5.696939759865074393e+00
4.951243100586566470e-02
-3.640829255187884428e+01
-7.002828246070606610e+00
4.954308099234777885e+00
7.448983435977737599e+00
2.729852306401988926e+01
-2.385490675261091553e+01
3.110872405513839567e+01
-2.228460335681577931e+01
1.434500478833712123e+01
2.255374880670853344e+01
