[[-408.14329793]
 [ 355.52541162]
 [-270.64712442]
 [ 182.10973707]
 [-112.65610213]
 [  71.22709163]
 [ -54.00173063]
 [  50.92416758]
 [ -52.61943125]
 [  53.88461907]
 [ -53.47355065]
 [  51.90673102]
 [ -49.62776323]
 [  46.43463693]
 [ -42.00902714]
 [  36.55603407]
 [ -30.98195514]
 [  26.45347975]
 [ -23.79956515]
 [  23.13059324]
 [ -23.93196774]
 [  25.41664204]
 [ -26.88671968]
 [  27.85797686]
 [ -28.03447723]
 [  27.24029547]
 [ -25.45263816]
 [  22.87094862]
 [ -19.95650366]
 [  17.32062082]
 [ -47.97948024]
 [ -32.56587952]]