-3.458395027386124809e+01
-2.011531834805751373e+00
-7.124611689820660843e+00
2.400041604160115583e+01
-1.188712083534288411e+01
-9.186518698016527651e+00
-2.399541675561812326e+01
-5.017136843656852818e+01
-2.140543251086405263e+01
-2.253066994957123370e+01
-2.094050816994625563e+01
4.256300360644715397e+00
1.988955413385724569e+00
-1.069484427093613021e+00
1.718930429317097719e+00
2.644105283462238276e+01
-1.017844365848085886e+01
-7.173014500869015819e+00
1.170997195206979313e+01
-6.175682828484598019e+01
3.095946420881604411e+01
-1.327997244771876240e+01
-2.395419136740382982e+00
-5.582951738181122892e+00
-9.581695435713299958e-01
-2.110858366074950254e+00
4.788515015715853451e+01
-1.500767970539990870e+01
-3.994850275695682740e+00
-3.028844329367542798e+01
3.912498237264935597e+01
-4.312900873885752162e+00
-2.129812859149012638e+01
1.118562630164124982e+01
-2.047145691834856507e+00
1.299452902633473173e+01
-5.396099270610932308e-01
2.714427131135238369e+00
1.890028894609772436e+01
-5.448688897083090410e+01
3.036926635894536730e+01
8.110486666004305789e+00
-6.253259294206344521e+00
-1.742356587720122008e+01
6.879097549441070214e+00
-1.093340567481700987e+01
2.483180018075404405e+01
1.983780396502459098e+01
-1.277963605951356385e+01
-1.632074505223442884e+01
-1.725700580970516285e+01
-2.074475418501543800e+01
1.054721418791311294e+01
-2.700460900871365766e+01
8.275010107552191130e+00
3.452305161665850619e+01
3.980311107560254413e+01
1.853695442958400008e+01
8.269223285512836696e+00
1.730818278678322031e+01
5.077157665506490503e+01
8.556235895283748505e+00
-2.976721045628416107e+01
-6.017190132565019667e+00
-1.404957085662127270e+01
3.317023493579402782e+01
-3.927362412470856157e+01
-3.425278356917897327e+01
-1.746113495911694713e+01
-9.795552119473370567e+00
-2.232191491381558990e+01
1.566157846577472412e+01
5.180982864309441993e+00
7.803493214755150120e+00
-2.161976602344873655e+01
-1.891488757874893167e+01
-3.264694257623102658e+01
1.797399260595511805e+01
-1.872610155815708310e+01
1.691335733289963628e+01
-5.400977587284933712e+00
-1.484730187496754183e+01
-2.858660768371317573e+01
-8.491313445029874174e+00
-6.093052245958290314e+00
-6.844417039093258381e+00
2.231661771996570565e+01
4.182811944801677839e+01
-2.457360865952281159e+01
-4.285154436615732720e+01
-1.074996564436939650e+01
5.932972543279959154e+01
-3.239384953995774197e+01
1.787650729616194667e+01
-6.502799213859532301e+00
-3.328830808580531198e+01
1.375726214558419258e+01
1.949704676786888058e+01
-9.657704057734108005e+00
1.831564697390723495e+01
-1.340154871670063130e+01
-3.121848139664410837e+01
5.242354101076165307e+01
2.498357353607991627e+01
1.414093464189082283e+01
7.850430911574363790e+00
1.494252427756624968e+01
4.510999433865032415e+01
-1.472480845408827044e+01
3.346535067175160805e+00
-7.554497098100307539e+01
8.768418517871808149e+00
-3.701106705521152662e+01
7.762970155811103723e+00
1.218941567244675639e+01
-1.994548814040240359e+01
-2.828607033868519238e+01
1.209685105864139132e+00
-1.684285686913943891e+01
2.132997148511000773e+01
-2.775457994045453347e+01
-3.075479607688976103e+00
-2.009579961117972857e+01
-1.947571540396694445e+00
1.107711069760597411e+00
1.246292605069376691e+01
4.326577273939733459e-01
-2.876514036337880498e+00
3.557745301292264628e+01
5.036453885119298945e+01
2.720029320946197515e+01
3.930149071518580683e+01
-6.462634421036739241e+00
5.554957105076056223e+00
2.938636691030689008e+01
-4.973620187326446285e-01
-4.207734534040753260e+01
-2.256439345925936379e+01
-2.804866114965346924e+01
-1.532781277370686013e+01
1.586057810948244651e+01
-6.573973922067489184e+01
-9.265895858119733930e+00
2.452966621228763699e+01
-2.073386356863935021e+01
-1.726502407314262655e+01
3.301296723183310178e+01
2.462740573272790812e+01
-1.833086671422297798e+01
1.541069305571861037e+01
-1.406981056709848588e+01
1.890669844677023903e+01
1.833872515172032536e+00
7.324478526868077211e+00
-4.723162196044403061e+01
-2.619169223875436359e+01
-4.801160876711719538e+00
-9.165512762153031900e-01
-2.261578267515017160e+01
6.022596623092260870e+01
-9.666137373292713164e+00
-1.788420678213402937e+01
1.969958568758426054e+01
-2.543506023731449517e+01
-2.028270960454321425e+01
1.810750626032512400e+01
7.099426816198999290e+00
8.510118755386201883e+00
8.715015623774675646e+00
-6.125026441320500226e+00
8.835394241478155664e+00
3.228432624110426730e+01
-1.466314570921269933e+01
1.063222389861996930e+01
5.040117918958416965e+01
1.811923633812456558e+01
-4.182777723490801236e+00
-1.134841140926847913e+01
8.624290217695551064e+01
-1.182666291528971669e+01
2.077350817467851130e+01
1.434762060492346336e+01
1.629875220799440427e+01
4.897379967655115252e+01
2.654988264654605246e+01
-1.495006394438789243e+00
1.343111816113736268e+01
2.720638794487172163e+01
1.994446105396926328e+01
-3.224292872781336428e+01
5.220542017040150995e+01
-4.647952563168047391e+01
-6.808428684779570972e+00
3.049124016648745794e+01
8.309276343212296467e+00
4.164289159757174730e+00
1.568675193386761180e+01
1.240517185429752089e+01
1.906481552208072117e+01
-3.465984880082959307e+01
2.203173770936246001e+00
-1.473072405106984206e+01
-3.698708841895708588e+00
-2.471078575887190709e+00
-5.949339699274540649e+00
-3.183949309440464503e+00
4.639225627570095867e+01
-4.686224661716849482e+00
-1.438766050058512747e+01
-1.427519260834152703e+00
7.204518879950825294e+00
-3.301070956745134310e+01
-2.835138991705522926e+01
-2.008145161647362897e+01
-3.423748921786042843e+01
-8.863091571279060332e+00
-2.311794736829632058e+01
1.009108299416065790e+01
7.207704630065308038e-01
-6.926916608819567500e+00
-4.569845949616038183e+00
3.177866569219602866e+00
-8.095953780700710922e+00
3.770932478810233590e+01
-4.788759588227588893e+01
-8.399885471416560279e+00
-7.473775628958932771e+00
8.822262358826918671e+00
1.249618127279090629e+01
-2.601874740035600553e+01
-8.403894155412785949e+00
2.377989654118030671e+01
-1.112518669124617432e+01
8.807750267320244575e+00
1.885861152628167758e+01
-1.618825922494949054e+00
6.168296355146378573e+01
-7.717527544812469387e+00
-1.750824379022833455e+01
1.771184627861771332e+00
-1.359201810274510080e+01
3.021139827475322193e+01
-2.343259423543271680e+01
6.716670717599811269e+00
3.136634353511570339e+01
-7.001056419504493533e+00
6.540415790379995542e+01
7.079480967700118299e+01
-3.669406202101788494e+01
3.259761447907885668e+01
1.203037312450686613e+01
-3.078784946591051153e+01
9.164475420956357254e+00
2.323456421194637755e+01
2.375172396134405517e+01
1.270725686956396316e+00
9.379804418929893473e+00
4.114379144377988951e+01
-1.297871756944095978e+01
7.894596160839252974e+00
3.965667314080582173e+01
-2.043510369395659154e+01
-1.101750898829710934e+01
3.092926436307290317e+01
1.586819628507232949e+01
4.179680842762689963e+01
1.665949150949944624e+01
6.003237387917920387e+00
1.472586317355896313e+01
2.235706708566985412e+01
-2.960888578717148789e+01
3.788048312990838440e+00
1.367303759895767357e+01
6.425419314923942693e+00
1.307052911674509232e+01
-3.380896275507468829e+01
1.765605158060526492e+01
-2.359187887410831763e+01
-1.839706968455296021e+01
1.180662668182252872e+01
-6.434309733310229262e+00
3.194905534855783458e+01
-9.202399964673901422e+00
1.661018043530577870e+01
1.786962613792132970e+01
4.289289993781000021e+01
3.010506264393240627e+01
2.693209252667183762e+01
-1.809727009717192914e+00
-4.625233278888572386e+00
-1.764799099573048125e+01
4.408557014549953124e+01
4.384934707656270803e+01
2.155837724445130732e+01
-1.388367968346013015e+01
2.746176031624580105e+01
-2.825971577674124546e+00
9.835811075243050539e+00
3.647729803149394456e+01
-6.675547425900987264e-01
-4.382409251941396633e+00
-1.111262257499021189e+01
-3.230302815897979940e+01
5.273759507546262171e+01
2.793594383104772305e+01
-3.297378644460235364e+01
-9.080144070125840017e+00
1.452109979613188884e+01
-5.496502507674009053e+00
3.502669414091356970e+01
6.931894551336114318e+00
4.412502062300723082e+01
1.916668837789882929e+01
-1.253030626168566641e+01
1.105117996558146842e+01
-3.451671216158757716e+00
-1.515335947362038382e+01
8.665813821494140257e+00
8.270374228978994324e+00
5.186356034508962409e+01
4.357482623500528973e+01
3.065010093364895738e+01
3.683965346183913425e+01
4.799086803637194976e+00
-1.433048270527626755e+01
7.909905600002559822e+00
-1.845688703888844628e+01
-2.967447510209363770e+01
-3.075964588875575600e+01
-1.724527118284169092e+01
-6.013527217716728046e+01
-1.929744660916996679e+01
-4.792283517682365357e+01
1.298949886001283183e+01
-2.561378114493545155e+01
2.574994401666907606e+01
-5.475880063364361661e+01
-1.648954840047559856e+01
2.368392135746810823e+01
1.158040427234674041e+01
-4.913078770019792074e+01
3.129237713824397815e+01
-1.432040819822890398e+01
2.976395429173707896e+01
-1.280512657371872365e+01
-4.336579892279380033e+01
7.916828197013359159e+00
-3.601087795287543258e+01
-4.114344200934567652e+00
-1.665391002288643563e+00
2.259773903013136476e+01
6.974562455496175062e+01
-2.386621106448384921e+01
-1.933037392372177976e+01
-2.320397200508210744e+00
-6.309050435943703405e+00
-4.468092913594282578e+01
-3.082759470765986975e+01
2.645882011823084667e+01
-1.175366926875648232e+01
1.121967868730112627e+01
-2.716214679630107298e+01
-9.088559709270100484e+00
-2.293930488581577265e+01
2.854031212414815855e+01
5.244378633643862031e+00
-1.235194621995731268e+01
-9.419930225716854011e+00
6.571317553972910730e+00
-4.506861790515387156e+00
2.383691799439955616e+01
-1.425215892702431120e+01
5.538873758578006345e+00
1.964902028912415233e+01
7.575522625195276305e+00
-1.177493146744691899e+01
8.510306997500015314e+01
3.255777098500965394e+01
2.357875259213315644e+00
5.642724986334030746e+00
-3.467124733780346446e+01
1.860902925468622016e+01
-4.231211771126663734e+01
-1.610081021989094552e+01
-3.046374321862435863e+01
-1.096545320425983050e+01
3.145586748202401850e+01
-3.137669476550831860e+01
1.326514785325755952e+01
-2.137792433039464868e+00
1.144320369768990986e+00
-1.984602308284658534e+01
-2.455212588671176377e+01
-3.126114228165022269e+00
-1.976477662035713934e+01
-1.094709123307541176e+01
-2.288591321060827966e+01
-5.134565625238639797e+00
-1.922635257606548009e+01
-2.778939650012769391e+01
1.154793878688069952e+01
-7.944524455857603584e+00
1.355265762118327189e+01
4.704913299164335427e+00
-4.216417515304493691e+01
-2.904619308979582826e+01
-2.529439360875271348e+01
1.792776223260909774e+01
-1.357639393215805512e+00
-3.431095338575786968e+01
3.262848445523480478e+01
-2.167773677051234671e+01
3.165054513757701216e+01
-1.753179302106745752e+01
-2.673754126026719291e+01
1.309806772420733978e+01
-3.761154723250127319e+01
-1.906544077671517812e+01
3.430295431735774514e+01
1.045635929835293609e+01
-2.433890888328772917e+01
3.005618204999932885e+01
-1.005020796429647589e+01
-2.105882679920978262e+01
-1.683508767924186600e+01
-2.774977880693160159e+01
1.535796562260713927e+01
-4.980127097324023566e+01
-4.386703396617738804e+01
-5.636203536141636050e+00
-1.667584157644762399e+01
-3.274418194096261203e+01
4.071044390257202394e+01
7.431968725694369482e+01
-1.522982404732924522e+01
-2.004348666407594237e+00
-3.356018355004294307e+01
3.631680530546714181e+01
1.129678386665898415e+01
-1.327618609825174190e+01
-2.018497736552818367e+01
8.168409871578546699e+00
-3.214529959493131628e+01
-9.803966922351150970e+00
-4.815866529118810035e+01
2.020141522965570857e+01
6.103591811663306999e+00
-9.716935271669626673e-01
-5.760559276656238126e+00
-2.219289990641027543e+01
-6.084206084958736938e+00
7.270308749392928860e+01
-1.015885523798937129e+01
-2.664991328480658694e+01
-3.872633761561834831e+01
7.732563558661013303e+00
-2.079598049663255210e+01
6.036470413826997117e+00
1.680843855859500025e+01
4.248314417226850992e+00
1.734799496130992580e+01
8.378179294263844668e+00
3.246535368974423363e+01
1.458507472855930587e+01
-1.941310882167176999e+01
2.660733625118206191e+01
1.935194831257794590e+01
6.849550307742532596e+00
2.350968523433519408e+01
-1.575448282629141517e+01
4.089645760695299259e+01
1.306069117928841550e+01
-1.757801584118963945e+01
-3.259828169350075910e+00
-1.001891489820042125e+01
1.133742089415241594e+01
-1.290462344008751217e+01
-4.389413265243476303e+00
-7.100900575362516065e+00
4.489118069041421677e+01
3.062258822745428688e+01
-3.597571708502078991e+01
-4.512091550235609816e+00
-2.925789437717597252e+01
-8.033965977458535690e+00
-1.308868958482625544e+01
4.760595289981267797e+00
-5.524665713136958090e-01
-1.594327514405979684e+01
9.419342009704820384e+00
-4.569209539804226949e+00
-5.188846315712986268e+00
4.778000958502582307e+01
8.000638551422419198e+00
-4.578815214477356932e+01
-2.201503730470483333e+01
5.314283474241346994e+01
1.511655526377737147e+01
-5.278516450400786653e+00
5.923975340246295218e+01
-8.928650631316230601e+00
-5.068412358477189628e+00
-4.485293882901771667e+00
8.577919270774884808e+00
1.729617265329412845e+01
2.425611538181719595e+00
1.607013880190385180e+01
-7.083614309023289479e+00
-1.951692585104436262e+01
-2.311321121708254367e+01
-2.657983852557663340e+01
2.283487563348643334e+01
7.173030615179136760e+00
2.114776179991473271e+01
7.723005759334455433e+00
4.948519434477603340e+01
1.035336434608043987e+01
-4.472165681748379029e+01
-1.900581642075449906e+01
3.389146134640448338e+00
-1.614091479370081572e+01
3.501971813529357291e+01
-7.705063969970296966e+00
9.313651509200127521e+00
2.923232203517683558e+01
-4.139262606178908754e+01
8.291475690500942619e+01
1.149868103213439952e+01
1.322245759839938728e+01
2.004919933223757766e+01
4.136847878834544190e+00
-2.294637271488682018e-01
1.941894231845432728e+01
-2.053848639857176295e+01
4.600858807148949836e+01
4.068671727371258839e+01
-2.311410001492522781e+01
8.896817777315561671e+00
3.877872851364733719e+01
-1.139826991767426989e+01
9.683973526146957056e+00
2.088546994978968740e+01
2.246860240530736519e+01
-4.232720563251987755e+01
-5.697050156511920704e+00
-1.698232122281573453e+01
-1.702315075021544999e+00
-4.401011569075436114e+00
9.795570609718424748e-01
-6.914532502772971156e+00
-1.761594643521800663e+01
7.319898939563032059e+00
3.807797455666388942e+00
2.940196545097317227e+01
-2.427033668049637072e+01
2.418924352107467257e+01
2.617524421348915098e+01
-6.898844476408470427e+00
4.514361042720001649e+01
-3.772628772165603550e+01
-5.713281389682443034e+01
-4.796130116989825609e+00
-4.403512672368151470e+00
-6.725481699998567819e-01
4.431503761956224707e+01
-2.703407561339766119e+00
2.373019352045503183e+01
2.977421990188675238e+01
2.070602945680997209e+01
-6.390831996234226153e+00
3.301494014842023716e+01
-8.808809174890029681e+00
-1.963766445218965373e+01
-2.267182304399491954e+01
6.000150241805954465e+00
1.957058089662325528e+01
-7.370713090400187184e-01
1.927827953107220083e+01
3.057257595974078868e-01
3.356715893481889168e+01
9.580961852067076734e+00
5.002147553751498776e+00
-2.090717378709143759e+00
1.783674212528401171e+01
2.079131394907379615e+01
9.525713178328203412e+00
-9.840078722471048422e-01
-3.046112236843436705e+01
1.612289352378888196e+01
1.053188444635469523e+01
1.966213599932160605e+01
1.558723137364320621e+01
2.001286535790703169e+01
-4.789083990950786074e+00
1.726248292338988222e+01
-1.487567473096260073e+01
-3.822905634307289802e-01
-2.999387601200126596e+01
-1.700475158833324940e+01
2.225919310548748342e+01
-4.987263011068978358e+01
1.467511020088414853e+01
8.784386631980680704e+00
4.596401037023088065e+01
-1.045933837692390966e+01
1.845698640766064358e+01
-5.511485838552800942e+00
-2.680673415024543971e+01
-3.759929905776596115e+01
-6.484460687386338407e+00
-4.892767599518566612e+01
6.497564168461281042e+00
-1.099867398108442806e+01
1.707370944858494966e+01
1.304854739641865535e+01
-1.581093810890715190e+01
-1.619024243810338248e+01
2.264994358508532812e+01
-3.404974396626870004e+01
-6.759444313791362902e+00
-1.047035140437183287e+01
1.514244376041329332e+01
5.357539956603716291e-01
1.490922926360866541e+00
-1.044344639396498309e+01
3.031997412059990893e+01
-3.069291540993333456e+01
3.762819947921343555e+00
3.332127945184711848e+01
-2.035948496005043751e+01
1.717423378902836362e+00
-1.411147848643850011e-01
-3.600489841234966804e+01
-2.212422154426215570e+01
-2.744783838538864984e+00
1.562104970532026016e+01
1.826268032106469263e+01
3.385150910959708881e+00
-5.339370487033761492e+00
9.842782031234861506e+00
-2.351792706351557172e+01
-1.095750712570719543e+00
-2.869889185903991802e+01
-1.544278475064818679e+01
2.689094357347127584e+01
-1.578676483762208704e+01
3.754243786247732828e+01
-1.330340631722265243e+01
1.810704777874815363e+01
1.397257678346656462e+01
-3.507048871252176525e+01
-1.388099767971846177e+01
4.837089831720234656e+00
-2.311780943237459951e+01
-2.083528947514990648e+01
-4.832315254963384632e+01
-2.989460523144870763e+01
-2.824204853016001948e+01
-2.429423849118558110e+01
4.533402413114515639e-01
1.007280550395471153e+01
3.786687379726714653e+00
1.346887410912606597e+01
-3.139930642078790868e+01
8.442511144691252412e+00
1.493719162384377341e+01
-3.723946844170935577e+01
-3.439548242948785628e+01
-2.335546833608236739e+01
-1.504351969300465441e+01
8.978088184952071060e+00
-7.281837633566965451e-01
-2.327808013358880856e+01
1.655609145673133753e+01
-1.320384730493502445e+01
2.776250466015531515e+01
-4.919512399924644797e+01
3.499021587157207591e+01
-5.000430738943933306e+00
-2.216459717684121244e+01
-1.383695218930333226e+01
1.038584372425809477e+00
2.473283383905478416e+01
-4.075230766127501170e+01
-6.528270684408894908e+00
-1.119432393211113919e+01
2.471788974516631754e+01
4.619113874103047124e+01
-5.493668876301961745e+01
5.137775389952361138e+01
2.295654550425770424e+01
-4.123253432295049947e+01
-1.764418459769545677e+01
4.378204910626615742e+01
3.283179260590532067e+01
-1.151031960757086381e+01
-3.233195026159023655e+00
7.919407002434311948e+00
4.124194632434515029e+01
-3.136583311950493425e+01
7.006745806652972419e+00
-4.617086774973209629e+00
1.506990484129659080e+01
-4.010574775510166035e+01
-1.829102976536077563e+00
-1.679404572670829765e+01
2.638293107508567914e+01
2.325579482707662748e+01
-4.824548156426561718e+01
-2.639271563152722422e+01
-1.192369997692850347e+01
-2.352345621770685113e+01
-6.436181690067598993e+00
-1.122023923744330887e+01
2.483916534969185363e+01
2.320506948539301106e+01
-1.163743061173363458e+00
-2.537110287463028158e+01
-4.700016820422391106e+01
2.627878840032849439e+01
-2.712436533442263453e+01
-2.010723012136531906e+01
3.273662373270973092e+00
-1.984696495393693283e+01
-2.158848186203218233e+01
-1.582020908555482208e+01
-2.646106259968127006e+01
-1.431740173814676709e+01
-2.869494866549490553e+01
3.089212205120066912e+01
3.391034346897092178e+01
-3.655750883300754595e+00
-1.211208960714344585e+01
-2.472404039475009085e-01
2.512265126839332652e+01
-4.746658473816354729e+01
-1.096932137572213151e+01
2.717191213605605071e+01
3.918521347688253798e+01
-9.263942780298350499e+00
5.459947947143746205e+00
3.031710959939971417e+01
9.166385454895532803e+00
-5.421214434617525058e-01
-2.458547971902567042e+01
1.115849878482680424e+01
-1.915483791544519931e+01
-5.781015476981480106e+00
-1.073583557950507839e+01
-9.085930149340327944e+00
1.253281527666737816e+01
4.368950581356529028e+01
-1.318081629269656219e+00
1.887397255183074662e+00
-5.029760289216143576e+01
-1.046336468672990350e+01
-1.986519761051695809e+01
-1.182315756279308516e-01
-2.595522000940059115e+01
4.714162193110232124e+01
4.482036449021973112e+01
7.734735296706801932e+00
-1.091894740196107705e+01
9.190199146289018017e+00
1.137932968705048609e+01
-2.636806420011778584e+01
-4.665488781330111578e+00
1.049105910726439106e+01
7.351667043911916721e+00
3.045356169868954055e+01
2.233088846030310037e+01
-1.169927624322562565e+01
1.437018669796250947e+01
-5.479705978405664268e+01
-6.622308317908931485e-01
4.820066042536942064e+01
6.583039232320402334e+00
-1.161535485960428105e+00
1.689909490092207989e+01
-1.584224725647291621e+01
4.967321915971521662e+01
-9.195197821576925890e+00
4.445283436822330714e+01
2.165861579827644334e+01
-2.238684877471695245e+01
1.789154929773354752e+01
-1.691736933967754908e+01
-3.998303032347558883e+01
-3.565145846606071700e+00
-3.078523434031160377e+01
-2.906345452224331893e+01
-2.731798817641703181e+00
1.998390711322610969e+01
-5.376794091592060454e+00
-1.730133757734370192e+01
4.966321386542830396e+00
-3.828309465568398196e+01
-3.897029757454633980e+00
-4.588619264660405861e+01
2.697751699822259752e+01
-6.453578579747016875e-01
-2.762331568825862860e+01
-9.161987330389507633e+00
1.023885789499684051e+01
-1.957296007681999583e+01
-2.525407716415261916e+01
5.220324217431208069e+01
-1.338828328979178650e+01
-2.226719590369441448e+01
1.511390128388604381e+01
-9.786941687754719510e+00
3.027976017420327537e+01
-2.545336767659875932e+00
3.857253640160735131e+00
5.984386279803118214e+01
-6.882511176402147157e+00
-2.029534529658553765e+01
-2.383755772940503448e+01
-2.816342011568355019e+01
-1.894324891094129271e+01
1.500104226720230827e+01
1.503702786846594108e+01
1.232432775624821630e+01
4.070982177641928956e+01
1.837685105097079941e+00
1.158771636990293530e+01
-3.521480277466041287e+01
1.490067907575024719e+00
-1.029822231733439253e+01
-1.477065846605830757e+01
-1.931962856429208841e+00
1.867128620661850391e+01
2.117461296820329153e+01
-3.784443587501122863e-01
6.770133629997474145e+00
1.527442643832830527e+01
1.932104711712065637e+01
-1.357102363115789956e+01
-7.016344950876487019e+00
3.810960182370735083e-01
-1.279849407854385390e+01
-2.789071949808317186e+00
-1.990285755984609750e+01
4.402387402126744576e+01
3.566433313020593232e+01
-9.044315292973010401e+00
8.890102965433840154e+00
-2.568903490469470086e+00
-1.664477844875392520e+01
1.979009824135073714e+01
-5.297636563080914129e+00
2.219077154790568329e+01
-2.905499137327932857e+01
9.969863689600657608e+00
-5.515585339478491278e+00
-2.989138315202620788e+01
-1.355169994275615863e+01
1.483861444674507624e+01
-5.067165807786290088e+01
2.388386270388730281e+01
2.587580338582012018e+01
-5.543602255208861962e+00
-3.322836906332511830e+00
-1.766963436464067172e+00
1.386278450155759856e+01
-1.813625036526403278e+01
2.005143738267111075e+01
1.692569708390610117e+01
-5.458635947104482966e+01
-1.965719863354188135e+01
1.319531325453250403e+01
-4.711080991135219165e+00
2.410963749698386493e+01
-3.539999978544511805e+01
-2.985831066787682175e+00
-2.324855079569157823e+01
-7.143321939314722613e+01
4.270829621468044479e+01
-3.240515138243898718e+01
-3.397772445478430114e+01
4.958045871794979575e+00
7.203318789767882890e+01
6.351491191757219212e-01
-1.561780229859363089e+01
-1.743726172909475736e+00
-3.043148876281378534e+00
-4.757276822553193085e+01
-3.402851115621230349e+01
4.551040490531888594e+01
-5.693730585119737952e+00
-2.093160760743935356e+01
2.740441429269674245e+01
-1.992898441825077072e+01
2.049756546888716002e+01
2.958694716737930719e+01
-3.171424630706968628e+01
-1.559385489729197616e+01
-1.930923912306755597e+01
-9.967615014320131195e+00
-9.773689340652595092e+00
-5.782157240492836081e+00
7.941274678280137778e+00
-1.896432574751261768e+01
1.576546271991330173e+01
3.217716586777254406e+01
-4.998776477669615304e+00
-1.132833363202792043e+01
8.104259714475972487e+00
3.110806407973811361e+01
2.898626831763901635e+01
5.448284293430134539e+00
-3.081787820546082912e+00
-4.840309160811756328e+00
-2.819798331959447069e+01
2.136762560412404355e+01
-1.238831648639418148e+01
1.104725442036425420e+01
-7.762832496452006126e+00
1.499849883594202993e+01
1.016055213095593501e+01
-4.472171209763382649e+01
-1.479818961308262715e+01
-4.364844850406853993e+01
-1.981160137916111807e+01
2.935147857151704898e+00
-9.558981189405727719e+00
1.814379469773174947e+01
-1.667603454448743605e+01
2.062723147590105555e+00
5.966095235662464802e+00
3.929241309147062111e+01
1.991991753526616549e+01
-1.679347492921075258e+01
-6.837873789529140822e-01
6.740443540648129783e+00
2.129796382024151313e+01
1.936838484826068907e-01
3.032412154938234039e+01
1.246552882487373992e+01
5.028990571221339678e+01
1.049349633211832611e+00
3.636522062989473625e+01
-1.500310069274659952e+01
-2.092181523522939557e+01
2.443135552432778468e+00
5.199387294236828438e+00
1.487725269739675582e+01
-7.873762359187594484e+00
-7.589701171999621465e+00
1.440064391596478188e+01
-2.690834504231932556e+01
-3.061163332415870286e+01
4.399740566150336463e+01
-3.307535044495864440e+00
-2.169306311269244958e+01
-2.235986131143860689e+00
-7.479880130040896802e+00
2.362091445039069981e+01
1.836197675173664834e+01
-1.120882488301776903e+01
4.728208737324735011e-01
-1.467735536778482697e+01
-1.959298548681880447e+01
-1.483532007125410246e+01
-5.365649849404401550e+01
5.441103303697047977e-02
-3.572431387129046243e+01
-3.090797449626295901e+01
-2.067191207356182758e+01
1.063615324382271865e+01
-2.022894102438468167e+01
1.283113153341032131e+01
-3.399732267536532504e+01
5.900384183474329802e-01
-2.298242417528436832e+01
4.765357990478690908e+00
6.242731229517637814e+00
1.852892553306045897e+01
-1.165198625841100011e+01
-8.847052334408715524e+00
1.640765001902289200e+01
3.287938941358378031e+01
1.822980797889525206e+01
4.608703459310959261e+00
-3.981373742449213182e+01
-9.453365572918514204e+00
-1.754580589672974611e+01
-3.352372268579000547e+01
2.243463954693487494e+01
-2.015196389731733007e+01
-1.821478661695252299e+00
-1.557121321851417406e+01
-5.534364143707242079e+01
2.869473705831865118e+01
-9.769679395949310674e+00
2.249357134541594405e+01
-3.961775845253916373e+01
3.741675569871557627e+01
2.041533113015390200e+00
-1.596945107269380060e+01
4.795949434770989228e+00
-1.154710597054068444e+01
-3.635983362839252209e+01
8.016540477680919707e+00
1.979830312142341597e+01
9.672013750512746810e-01
-2.011052582216331075e+01
-9.092393188828339134e+00
9.736437099138242957e+00
1.771910368402927816e+01
3.497322367696734347e+01
1.313839533340490107e+01
-1.289288130660031584e+01
5.298512336112195698e+01
1.329793171010509312e+01
2.356345605542072263e+01
-1.014470381212731809e+01
1.552502232788062031e+01
1.088616668317324354e+01
-3.440771892527232012e+01
-1.144630440644100133e+01
-2.270520349692343842e+01
-2.049316683120818539e+01
-6.713376343705590443e+00
-7.695216521779400409e+00
-2.342920377708654200e+01
-6.149025660845194352e+01
-1.603487913333396619e+01
6.916790275901234963e+00
5.060145650842855503e+00
7.718369700018214985e+00
2.573940940788548914e+01
7.776941015470228535e+00
1.803460211645210620e+01
-2.309650899445622940e+01
2.537839615099221646e+01
-2.523609609440123336e+01
-3.991819271061928021e+01
1.219542949921884656e+01
-2.397079555648463156e+01
-2.178022483767479400e+01
-8.798255051610277633e+01
-6.428754419377909812e+00
4.526527297437377229e+01
2.352344725302859985e+01
-5.686061412270078108e+00
-7.669964986424702147e+00
2.096986556373181543e+01
3.692276272967393425e+01
-2.309982507499798032e+01
-5.970880693969093045e+00
-1.889500529648847760e+01
-1.948858306649862016e+01
-1.705277942917848577e+01
7.021287586502431566e+00
3.925824291294821933e+01
-3.618553292244672548e+01
-3.113808682673848693e+01
1.828971400687322557e+00
-5.914641649080067509e+00
-7.386274933282241051e+00
-5.005575050269345638e+01
3.492568690383792784e+01
1.330393306710607249e+01
5.224700586054616736e+00
2.686259231739268216e+01
-1.821168542623126996e+01
1.717214629741349796e+01
1.542929744461991959e+01
2.012155634063617526e+00
-3.374679396330847680e+00
4.898044752106237354e+00
-8.772244052570442818e+00
2.816711149184865803e+01
-2.222576924202684268e+01
2.391583595598737588e+01
5.350274419083945077e+00
8.021884561070777409e+00
1.262853602498768169e+01
-4.829184065639805112e+01
4.688111306788414367e+00
-3.719703657566466859e+01
-2.718939190226262070e+01
-2.719107431452515300e+01
-2.771911222761301019e+01
2.874736569378910644e-01
9.311093969093661826e+00
2.765052706195658061e+01
4.797566952343480295e+00
7.983029331282402552e+00
-3.897259771457891020e+01
-1.415327330256974392e+01
1.889137142096269883e+01
-1.130703046881500029e+00
-2.718364308600484947e-02
-4.922756274041546476e+00
1.943956568067866897e+01
-5.066010542736572120e+01
6.246779152321174422e+00
1.123939568033819114e+01
2.400043715829162494e+01
2.052541177270486372e+01
-3.140709921668826610e+01
6.249739775067439496e+00
3.244540709273138646e+00
2.622498895528480034e+00
3.310405274527539632e+00
-1.045369940703909606e+01
-1.957887328179964470e+01
1.050436693863767346e+01
3.337298684905084656e+01
-2.761356519864420989e+00
6.414350452992579221e+00
9.438526733636848576e+00
-1.423702949233657478e+01
-1.508592017004366426e+01
-6.623083055838989708e+01
-2.047228500620389013e+01
-3.030675225756732516e+01
-3.704650933232272791e+00
-3.746459154401244973e+01
4.165647287338313731e+01
-1.736970875168424300e+01
-2.975603076718851980e+01
-8.582398481183713557e+01
3.686286113758322358e+01
7.403485980521395504e+00
3.394414242264389259e+00
-3.477417887929601648e+01
4.903362088259086704e+00
-1.107123605161649493e+01
-1.818311708055238185e+01
6.499115865072404574e+00
1.873203402294234365e+01
4.058102513678456091e+00
-1.179999269697140107e+01
-1.275712090861702563e-01
1.538172350633175256e+00
8.719062980009596231e+00
-3.524078863097348346e+01
4.003699973944848978e+01
-2.378441817700361582e+01
-1.661144722706716692e+01
-2.716749415116584032e+01
-5.769919511307358562e+01
4.993307844499383918e+00
-2.905028665482231531e+01
-1.055854667893719778e+01
1.809307610990862258e+01
-1.434956638909417848e+01
-1.917899799574797726e+00
-6.526136964013915076e+00
-1.112880662542232812e+01
1.768588418016395991e+00
3.009890144162939407e+01
-2.787770239809248807e+01
5.518659691619191676e+01
-1.255177343031206760e+01
1.853122762795848644e+01
-7.630683203334136522e+00
6.310870126986248607e+00
-6.030689314700026671e+00
2.431235292322207897e+01
3.398099991422161281e+01
1.061862509750609718e+01
2.551729447024381159e+01
-1.973569408580901552e+01
-3.678156883014011669e+00
-1.235901475017925577e+01
3.806461198158447701e+01
3.194430191580562450e+01
2.414236337728493709e+01
-8.519315591605504778e+00
-1.542322311390657319e+01
1.379318940979245411e+01
-1.558329047818716617e+01
-6.884809432921088046e+00
-3.192698690183412680e+00
-1.636087524992547060e+01
2.753166717679697229e+01
-4.569630577481980538e+00
2.103596681085316789e+01
1.085416383533460838e+01
9.572726178187487278e+00
-1.833178823539409308e+01
1.467001549554326800e+01
-1.014752441540076688e+01
-6.538679508870188783e+00
-1.732778642085264664e+00
-2.665620738630224196e+01
4.131740402456910033e+01
-1.474853441219150696e+01
-1.775080190900609978e+00
1.234159283014992781e+01
1.065858546440065879e+01
4.108319965448144728e+01
-9.526841870602510198e+00
4.175694391404294947e+01
3.746342108503996826e+01
-5.190703149072351152e+01
2.808494651046430590e+00
-1.028230324985858601e+01
8.694743730467791920e+00
3.292243944339162454e+00
1.101709374629939475e+01
3.453027627681755973e+01
5.412515666245692358e+01
-4.161601632469114520e+01
4.190545488903342175e+01
-5.426209683839857689e+01
-4.501430809832976365e+01
-8.008174317101790507e+00
3.830729361141038680e-02
4.036132318766173910e+01
1.981899053816215428e+01
-6.661229185423906074e+00
-4.943145012245472003e+01
3.911858089329464150e+01
-2.313305960985172760e+01
1.000151640157810107e+00
-3.959650102096446744e+00
6.976128641095837679e+01
-1.403138563874341571e+01
-5.916127869658549798e+01
1.735235409058907408e+01
-9.014399733136467319e+01
6.374823039762333110e+00
-2.021208590712836894e+01
-1.020652390413908961e+01
-1.503415291808568099e+01
-3.239400571247477956e+01
2.120123130524119404e+01
-2.106562856505356507e+01
-6.510308146628233317e+00
-4.370859599407401674e+01
-2.420269505610008309e+00
-2.897802345407792757e+01
-4.133621562891005397e+01
-6.293945053096962283e+01
5.078847352940869087e+00
-1.973061136475209310e+01
3.479504862884084559e+00
-7.816352115633549147e+00
-4.502496760917341589e+01
-3.602166770367136905e+01
-3.022151597697103398e+01
-3.141919638091542311e+01
2.952542376081256492e+01
2.819362902993034936e+00
-2.761383815123275554e+01
-1.203257390346095690e+01
-1.360883028125650185e+01
2.230657675686589414e+01
-1.721041026250502171e+01
-4.236143194441353899e+00
-1.555778283257473049e+01
-1.979385357788922306e+01
-2.242909049020094869e+01
2.046134531447845006e+01
-8.620021642208740786e+00
-5.132023681634802870e+01
4.271323429810041716e+01
2.438896135890899330e+01
1.455699112525394412e+00
-4.329075303370370875e+01
-4.150023785043202906e+01
3.809696434816260080e+00
3.898965620408603172e-01
-1.753646682709722882e+01
-2.537135560188576378e+01
1.738682185505376765e+01
-3.060518120864770708e+00
1.459066533477744088e+01
2.717062390633185487e+01
1.759668160525200165e+01
1.770642653868387129e+01
1.325235658906122893e+01
-1.157423663363803712e+01
-8.265283389087528576e+00
-1.205375485870234442e+01
-2.036077988207716771e+01
-2.369682244042354569e+01
-3.531925998946280743e+01
-2.064691728857060582e+01
-5.659633204578653931e+00
-4.261083611786557412e+01
-7.929116639147025580e+00
2.025863524568375240e+01
-4.379850494859175569e+01
1.651726686547277723e+01
1.490613390927637738e+01
-3.989948302220852838e+01
-3.146475580476990785e+01
-9.526816910007909200e+00
9.747039695659978520e+00
-2.184412742124044371e+01
4.012831849687073316e+01
3.561483073101805985e+01
-4.289486896031587548e+01
2.480057753246398988e+01
1.930081531817555174e+01
4.856666509689830491e+00
1.203078107242977524e+01
-2.376601650346366057e+01
-7.241906424603016035e+00
4.619829760908487515e+00
1.068606965505379947e+01
2.348364523930062830e+01
-2.845721702352138394e+01
-3.335134025988281792e+00
8.306004965134476947e+00
3.000025866405422903e+00
-1.653972734955821267e+01
1.213749300799840114e+01
-1.418840981075413765e+01
-1.141328540257212154e+01
6.383600974473040424e-01
-3.381120997518053173e+01
1.648215059456127562e+00
-9.363480244699019295e+00
-7.690898961688333202e+00
4.688274425747493979e+00
-3.018010977846032006e+01
3.299247204535751621e+01
-1.402257182260912316e+01
-7.413554400128475663e+01
-4.744327841025605608e+01
2.057522754550265631e+01
-2.251473206298683749e+01
-1.045727508633183334e+01
-1.458627094752871045e+01
-1.021578654166036415e+01
-5.604217615763980120e+01
-3.514943020595012513e+00
-3.464958187649091315e+01
-1.918151086972164876e+01
1.179832950894245869e+01
4.378227370217533121e+01
1.577753980564864378e+00
-5.581581869622738168e-01
3.313886981787219099e+01
-3.085295030841483310e+01
1.776679204198808293e+01
4.225779618761123402e+00
-2.653377474608868170e+01
-1.419252529719349809e+01
1.239290808706783764e+01
3.596648517267766465e-01
6.762140853387833772e+00
5.732571321074942716e+00
-1.317364103006997311e+01
-1.808611496101616467e+01
-2.782669922118429895e+01
2.742855392099770029e+01
-3.589968908284143367e+01
-2.666294175328974347e+01
6.926800783085681701e+00
-4.840452066151419785e+01
1.254873350926553144e+01
3.570554842463093337e+01
-4.030428492338117508e+00
6.466717564718933886e+00
-1.604318967838557342e+01
-1.225406650566790745e+01
5.788334087155760699e+00
2.117048735292981476e+01
-2.161552925518189028e+01
1.504453882267227982e+01
-5.894072956461144486e+00
1.737245800912916138e+00
1.289969439013341912e+01
8.292800075617506650e+00
-7.177393183936686683e+00
1.327402282279024348e-01
1.067665916846198115e+01
1.592690904306604693e+01
-3.998410093154515721e+01
1.822227393288585517e+00
2.866601248260946733e+01
-5.140393937595501939e+01
1.690827709984721139e+01
-6.493206621477612828e+01
-5.997992569015885067e+00
-8.250886346114413072e+00
-2.892927368869322891e+00
-6.779781442631161781e+00
-1.398833682971886105e+01
-5.317028078274745440e+00
6.638979297154818937e+00
-1.486146371805601163e+01
6.707093308600477144e+00
4.876908822287697376e+01
-3.372927837478010815e+01
-1.469994480840111351e+01
2.217059047518267789e+01
1.337871138344361555e+01
2.435175933536742576e+01
1.176449193794066872e+01
1.172088535914636509e+01
-8.947072070542560596e+00
-2.729201516075418965e+01
-2.516691582872368826e+01
-1.503180117950088857e+01
2.594259575745496704e+00
-2.350407037538826671e+01
-7.780846837357373147e+00
4.053753682486387788e+00
1.323581652711305878e+01
-5.688898791061632210e+00
3.318398138257964547e+01
-3.218392676210717696e+01
-2.180937101546533086e+00
-1.697947621005873486e+00
1.529589634589146385e+01
-2.181175873814435562e+01
-1.381233244713905606e+01
1.043211381991024389e+01
2.496338526973775629e+01
4.153385019574511716e+01
1.774308769329641677e+01
2.324281908870005964e+01
-1.552032029893953435e+01
3.500648686274070087e+01
3.671545437748113727e+01
-1.407703451132022110e+00
1.896846908831474821e+01
2.093621274665002829e+01
-1.306419881786148096e+01
4.725212901360976048e+00
3.368275252345421222e+01
-1.339196109341395413e+01
-5.076392529205577375e+00
-3.344129835826641539e+01
1.319329112296532003e+01
-7.131780258557114394e+00
1.093780138117676870e+01
3.245430860063578393e+00
-2.208883678332288980e+01
2.527712485392729036e+01
2.225176934376028726e+01
-1.491947594233239727e+01
1.059340764212996788e+01
-3.388878310258184001e+01
-2.944772155475622100e+01
1.372234606440542848e+01
-3.778428748055851827e+01
-1.705527106763509337e+01
2.868655613399255344e+00
4.583555362251749443e+01
-1.412233506848991738e+01
-6.799449167341194311e+00
-9.990792802358356539e+00
6.213940537157770905e+01
7.728544725101727408e+00
-2.388709465097187490e+01
3.927652469980966998e+01
3.476753577240464210e+01
1.740561676095413191e+01
4.164030388184829690e+01
4.764328479478105294e+01
-4.140909433850751498e+00
-1.534115633192908490e+01
-1.606775917402887899e+01
1.601185672492590584e+01
2.080496144851792906e+01
-3.811170758947795889e+00
-1.281619888857719047e+01
-3.383999641247973500e+01
-1.398554020143841115e+01
-2.501882217610705084e+01
1.668644558224519869e+01
9.475840328655237954e+00
3.532651485149091286e+01
4.116752010275661178e+00
-1.304654530141618807e+01
-4.690901173857554340e+00
2.185532128438589439e+01
6.927143201353715085e+00
3.014989730895439379e+01
3.085800506380422803e+01
-6.681059034972008703e+00
-5.989700324669016140e+00
-5.563362923367532176e+01
2.802297344905610998e+01
-6.647499444185314132e-01
2.999658335612924986e+01
-1.198872682296020287e+01
-3.455114573162111924e+01
1.168343018214103424e+01
4.032854033327507892e+01
-1.448693376962352630e+01
3.656074179870904572e+01
-4.027352248721632577e+01
-1.273955677868235625e+01
-4.496054207575724604e+01
1.053049066317126403e+01
4.450394958385686550e+00
2.996709206884048626e+00
-3.437715522396501910e+01
5.008963196570272203e+01
2.996246215952209013e+01
4.876709951890120465e+00
-2.853233635006358782e+01
1.198352900525830478e+01
-1.287473024023529433e+01
-6.857671958810328761e+00
-1.324550541863345643e+01
1.012435215784289610e+01
-8.000684621503239669e+00
-1.113989492068930076e+01
1.150609690684399311e+01
1.430847236760583030e+01
-4.728632746320261049e+01
1.096800782458799972e+01
3.726388355112217710e+01
2.218008063178288580e+01
-5.764463488497763244e+00
8.410170235185603360e-01
-1.936244281350735719e+01
3.200225169223256216e+01
8.583700229319163100e+00
-2.301977233181389693e+00
-4.125674382513693672e+00
5.892880902677916310e+01
-1.768817006960176741e+00
1.343610760416297012e+01
4.115941118047717850e+01
5.300152946201608728e+01
3.425768160154910902e+01
2.233708662769072362e+01
-3.662324227707181024e+01
-2.496239388294472406e+01
1.896275012222264422e+01
3.849391330212711182e+00
1.741524765988262402e+01
8.763898623654881703e+00
3.384274162216655668e+01
-4.260465671078615202e+01
-2.683067612520957823e+01
-6.353768945498558196e+00
-4.704429237033734523e+01
1.051441917853813379e+01
2.422858836742830135e+01
3.734009389475829721e+00
-1.220511165915081619e+01
1.276231047198342594e+01
7.594115037841595495e+01
1.696995162351595354e+01
8.659040115259983850e+00
-2.579912182735881743e+01
-3.291029536401111955e+01
-8.056370482803878019e+00
1.818084745792634749e+01
-3.271715976024324846e+00
1.305516062471139094e+01
1.918062298951542743e+01
-3.132800823397275281e+01
1.433317149502505572e+01
2.426614104108341508e+01
3.096295270364043972e+01
-3.608865343328403696e+00
2.583104543934155117e+00
-5.510208336859463429e+00
-2.653227332060228605e+01
-3.807846053522550278e+01
4.358954507960476121e+01
-4.245521743709730345e+00
-3.031877349318483539e+01
2.984792814634417368e+00
-1.420234885043385020e+01
4.980243400594878267e+01
-1.280597255863568762e+01
-1.966391564100672440e+01
1.908568761120341151e+01
-9.017807699138103317e+00
2.441697207587725416e+01
7.336888897582696245e-01
5.330087662209041355e+01
2.894523778897821131e+01
2.188524936456175851e+00
-2.041662611623264922e+01
1.507064141018796022e+01
-2.955138094530818904e+01
-4.791537544810182681e+00
3.358890139001510988e+01
-1.533842036314106849e+01
-2.460494118512775685e+01
-1.329688323308454301e+01
2.741849317114679252e+01
6.924073288124375836e+00
-4.543587118761431043e+01
1.823408746884230425e+01
5.099490952040696357e+00
5.060827370075713816e+00
-2.760338570570132788e+01
1.587221123274417778e+00
1.851993491174482642e+01
2.625357388910745726e+01
3.614983140040816068e+01
1.583123867882473235e+01
2.141303553102503088e+00
-2.965400621099314549e+01
-2.564835322933666362e+01
-3.784683080141877554e+01
-7.215436139649966663e+00
1.739054405510626111e+01
-1.358674254145562088e+00
2.812946468610488182e+01
-1.793260196856755329e+01
8.991415114204983183e+00
-9.549822397407496055e+00
-1.640246370568316081e+01
3.355872830846561783e+01
3.878890340876239406e+00
3.451302060224350043e+01
2.622707380542351530e+00
1.220624612055709513e+01
-9.852774637983884531e+00
3.331567674753650010e+01
-9.141296994179015201e+00
3.535720623220903747e-01
-4.284843092221893812e+01
-5.258695004047069688e+00
3.922925877374410675e+01
3.505453911711762771e+01
1.478104224963283286e+01
-9.111670429942819283e+00
3.062052481598087184e+00
-1.150675944307094767e+01
-7.618880674786055351e+00
5.074572332674486574e+01
2.758129692606757999e+00
-1.439936920966070488e+01
-5.948347697124246736e+01
-2.606999284355730850e+01
-2.109737297628990405e+01
-3.520487923867148083e+01
-3.189244726521761208e+01
-3.798116249782276554e+01
-2.521956320201274337e+01
-1.746800380512149786e+01
-2.716581241253243206e+01
2.577080232782284597e+01
-1.142369331969092627e+01
-4.852666949048710876e+01
2.208402070697741237e+01
-1.672523048084765307e+01
-4.462514413857319084e+01
5.336948701175637666e+01
-1.431277204495161470e+01
9.426950542954273260e+00
2.202891931662216507e+01
4.944319833969132105e+00
1.465173331765794273e+01
1.786360969374513274e+00
1.057496106262227897e-01
-8.171549556258767666e+00
-4.150000786717646406e+01
6.554734735379682320e+00
-6.856191678572247383e+01
3.906021281509761423e+01
-2.344288942606235082e+01
-9.739012306831199339e+00
-1.003432846990131111e+01
8.255472688276595861e+00
-9.402456963882812602e+00
1.485870291887741246e+01
-3.042681986281355933e+01
1.971954263333913104e+01
2.377881051262589907e+01
5.750937430942130391e+00
6.315973390164998591e+00
1.190358294461249500e+01
5.020951728829800231e+00
1.520013680749423202e+01
-4.385772495385893421e+00
-3.874873747242001798e+01
5.279859796850985276e+00
-1.366951125387367938e+01
-2.999281475030670663e+00
3.049302639003414583e+01
-4.429856789105210169e+01
7.842230338940794354e-01
1.164495237836035813e+00
5.057140614015821711e+00
1.728690330971178923e+01
-6.708733399650814277e+00
4.584704896886222514e+01
2.429745960534486926e+01
-8.477258660366835841e+00
-4.150310168936300670e+00
2.089216243301336817e+00
4.249477329852220464e+01
-2.924219369646112909e+01
-5.689948751856422859e+01
1.702848097766920432e+01
-6.782348593265012937e+00
-9.250934993439372533e+00
9.134021132978517699e+00
4.200237298382015183e+01
2.453053538493645647e+01
-8.862143681210369550e+00
-2.908142779792237320e+01
-4.720017952894252744e+00
1.562485021481058567e+01
-8.465785271286478064e+00
-4.130623454390763527e+01
-3.378535220548840812e+00
-5.282597948402830923e+01
-2.812454037927255968e+01
4.551072117105424297e+01
-2.890038143529311299e+01
-3.788325599966427149e+01
-2.858650041673762132e+01
-2.049205194695606735e+01
2.009824446011475629e+01
4.679557272831971915e+01
-3.686885131593186316e+00
1.435754384817735740e+01
-1.181591148850164075e+01
-3.863448165111839216e+01
2.608924051739084149e+01
-2.624085783367661406e+01
1.449853567139325605e+01
1.776681623074470906e+01
-5.909887764275595146e+00
2.098346592904729846e+01
2.292213200984788557e+01
6.319275473340107396e+01
-6.611573367166442949e+00
-2.883468578460075094e+01
-3.501367809963346645e+01
-9.551967284220481247e+00
-1.867878271525032474e+01
5.265938872746448851e+01
-2.443983617540658315e+01
6.434706621332422216e+00
2.720094777767940286e+00
-1.227064602314816000e+01
-4.735991016295344025e+01
-3.491042336617198316e+00
5.496878356000965482e+01
9.685779657743282200e+00
4.184999872805406085e+00
-3.224744555580504368e+01
-3.208213426233044174e+01
-7.852732675447423816e+00
2.564742440539305335e+01
-1.417973541154557893e+01
5.737160809874421830e+01
-2.703944435692136494e+01
1.048845326951598622e+01
-7.632963228864468874e+00
-3.620744843780826727e+01
2.403665266868017625e+00
-2.860962361661825071e+01
-4.124195106560034674e+01
6.202991308270213722e+00
1.057279394569818010e+00
2.918523563685306499e+01
1.317952025427763374e+01
-1.875805089134079040e+01
1.199637061120995440e+01
-4.886078832103030578e+01
-2.671280564557099524e+01
4.978861119178790773e+01
4.610237671282654048e+00
-5.921034394142168367e+00
-1.662244927708465525e+01
-2.455091323697217831e+00
-5.531596456013232910e+00
4.972602490539051701e+01
2.325401610636373562e+01
-6.598461812939490301e+00
-1.945503984335971381e+00
-2.194989820751002085e+01
-8.751705711854754099e+00
-3.515581469187438302e+01
2.757278402060471478e+01
3.897807729269516130e+00
5.749798818189105987e+00
1.002566385834228413e+01
-4.460438210407179582e+00
-1.147723362988733342e+01
3.049273261735340412e+00
-6.041549168385425617e+01
-8.665533388276770665e+00
-5.738410345033173598e+00
-4.320935714468831179e+00
2.687444144692203452e+01
3.631300162718924440e+01
9.665546755639638832e+00
-5.315616248229591889e+01
3.472069661229971871e+01
-1.193872087341568999e+01
-2.089628058011197709e+01
-4.867309005960069612e+01
-1.678870944462420312e+01
3.470213034849420808e+01
1.704665667559527265e+01
5.597552995375821183e+00
1.880087255293116755e+01
-3.258582309726679682e+01
-2.598404250474516175e+01
3.147316656452841244e+01
2.170332238737515240e+01
2.681136010458340024e+01
2.771145681843179887e+00
4.712738529628779816e+00
3.043583644041089542e+01
5.388114210327597675e+01
-1.163977159052637944e+01
2.149739143050561552e+01
-1.448326156988758839e+01
-2.446918591441864521e+01
-1.935440071370382498e+01
-1.946196591674930687e+01
-8.094111774548906624e+00
-2.654338592293683519e+01
-1.092134086117894753e+01
-7.575382725320332611e+01
1.893857241648308332e+01
1.235005439699811802e+01
-2.658883903804834858e+00
-2.166631430290021854e+01
-1.031179762908089970e+01
-3.064419865544681443e+01
5.486389980833507707e+00
4.495711633934722329e+01
-1.232677951205420186e+01
-9.417732368799988762e+00
1.171163229155240515e+01
-2.851051970422352611e+01
4.720438401655496108e+01
8.187909762387768353e+00
7.788583589995141665e+00
2.758579083406792165e+01
-1.394276461799222488e+00
3.120807275207442899e+01
1.055011232906350926e+01
-2.188350055509616254e+00
4.556322304143833435e+00
-3.537297595855164900e+00
3.689744935456411667e+01
4.798219898141468320e+00
1.012619272183690100e+01
-6.482964494123706345e+00
7.843402956245526525e+00
-5.142523678681806132e+01
-1.960095800230641316e+01
-2.719212194800689986e+01
2.640817094845633051e+01
-1.782557209582537894e+01
-3.345830107282955623e+01
3.224400316318076420e+01
-6.778085145761110653e+00
2.256422798387819739e+01
-5.017758131118455367e+01
1.032921159289274371e+01
2.890994283242818597e+00
3.430345601845544934e+00
-6.493176631818386113e+00
-4.057567644587436462e+00
2.827236907047418057e+01
1.006484264981423848e+00
-2.828324492747074714e+01
-1.043547257757693103e+01
1.226055268094854966e+01
-6.402867629206832589e+01
-4.896078207453879116e+01
7.132134662302291872e-01
7.828398671772021089e+00
-2.615927702596268034e+01
-1.064816140503268116e+00
5.851156223068880990e+01
1.554642929724099076e+01
-2.994119030773191525e+01
5.204358559579517873e+00
-5.162496299400565647e+00
6.963173344731131920e+00
-1.981082591788393188e+01
1.224740933493933426e+01
1.463903941774100304e+01
-3.843407635240424725e+00
6.202803941622993023e+01
-4.390397308838572599e+00
-1.754880552382820724e+01
1.323107335130214324e+01
2.386172067558771914e+01
-1.875738573892238037e+01
-1.017590391997035937e+00
5.438905757614503500e+01
-1.560061292691671042e+00
3.265388446007210632e+01
8.119475217461427974e+00
-3.870782001351109614e+00
-1.262160037515786826e+01
2.898455318458360352e+01
-3.103006319536486046e+01
-5.772140296118095648e-01
-1.010626739539216601e+01
-2.203324826562063521e+01
8.352304623579636100e+00
1.476874464136036025e+01
2.408637155464987245e+00
-2.141954027712245079e-01
-2.210160163713862858e+01
8.986849151941612490e+00
-1.828558825335178994e+00
-1.257245445478372403e+01
-1.118462435174856751e+01
9.152199668696169965e+00
-2.070176387937522122e+00
-2.099504448958703051e+01
-6.053822232753935850e+01
5.826157373018418184e+00
1.070614730469790743e+01
-2.693135119592599835e+01
-1.325981098989154816e+01
4.591841949795752953e+01
6.242689256066896064e+00
2.190359889878089916e+01
4.798493954602520262e+00
2.212087481086450680e+01
3.190506764857019562e+00
-2.161905414905085365e+01
-6.060355692090894308e+00
3.023039180179097229e+00
1.748502041544168151e+01
4.185718205227630051e+01
2.732121130989304447e+01
1.692062604920664626e+00
9.499559087886979114e+00
3.364022461798091967e+01
1.467017169330980408e+01
-3.847565503901904549e+01
-1.532286596625726816e+01
6.188164742746153024e+00
4.732359165670430912e+00
1.369383927757981922e+01
-2.876101724660941272e+01
3.913915445254239955e+00
2.403564392419093565e+01
2.656916827054353547e+01
-2.387931171220145643e+01
2.579475142107412466e-02
-1.242305882389729277e+00
-9.442487459575261255e+00
-1.577373747566437601e+01
-8.600265247548122716e+00
-4.901415999410644986e+00
5.628160982326448902e+00
2.350350056206700344e+01
-1.715631997625072813e+01
4.495345781858196688e+01
1.821863630756567431e+01
1.490982047990254955e+01
1.967241211925686883e+01
1.505077981433028711e+01
2.021517382555742870e+01
3.039305800029195836e+01
-2.529038503729702114e+01
3.458979791129445402e+01
-6.339285371373233602e+01
1.758909797122983321e+01
-5.939694856326826766e+01
4.637337242364702661e+01
4.186936476752751446e+01
-5.227297739749076300e+00
-2.676484026658249604e+01
-2.358708470167141513e+01
-3.056962320929196153e+01
-3.520600602747958874e+01
3.145144217884026716e+01
2.336404605010469027e+01
1.328103871825679505e+01
1.571858321854358564e+01
2.485233506023834593e+01
-2.177256556002254229e+01
-9.859411384354388019e+00
3.064756740312148509e+01
-7.259145441081685135e+00
2.967403539472244489e+01
4.139062471688939127e+01
-3.215555826285793728e+00
-4.069478341385502063e+01
2.784732160045336968e+00
-1.453464914223607352e+00
-5.664520436766338207e+00
4.903583930374111333e-02
-3.622072240615437977e+01
-6.975198915562017987e+00
4.914975659337999403e+00
7.410705235732010010e+00
2.715120943890624972e+01
-2.373401281457293521e+01
3.094789732532495918e+01
-2.217097080636861506e+01
1.426339363912271097e+01
2.243144935922959604e+01
