---------------------
  #    meV     cm^-1
---------------------
  0    4.9      39.5
  1   10.8      87.2
  2   14.6     117.8
  3   22.0     177.4
  4   26.0     210.0
  5   36.3     292.5
  6   71.2     574.5
  7  124.0    1000.0
  8  125.0    1008.5
  9  128.7    1038.4
 10  151.2    1219.3
 11  165.0    1330.6
 12  178.2    1437.4
 13  184.4    1487.3
 14  185.6    1496.6
 15  200.6    1618.3
 16  369.3    2978.6
 17  378.8    3055.4
 18  383.2    3090.6
 19  420.6    3392.0
 20  430.2    3469.9
---------------------
Zero-point energy: 1.805 eV
