---------------------
  #    meV     cm^-1
---------------------
  0    7.7i     62.2i
  1    6.1i     49.1i
  2    1.3i     10.2i
  3    0.2i      1.9i
  4    2.6      21.0
  5    6.4      51.5
  6   36.1     291.4
  7  101.2     816.3
  8  119.7     965.4
  9  128.9    1039.7
 10  143.2    1155.1
 11  165.1    1331.8
 12  178.8    1441.7
 13  184.2    1485.4
 14  186.4    1503.1
 15  204.3    1647.5
 16  363.4    2930.7
 17  374.5    3020.3
 18  379.1    3057.4
 19  428.4    3455.2
 20  438.8    3539.3
---------------------
Zero-point energy: 1.720 eV
