[[-4.73499422e+00]
 [ 3.76061977e+00]
 [-2.51506975e+00]
 [ 1.51727836e+00]
 [-8.73415854e-01]
 [ 5.07849963e-01]
 [-3.19465805e-01]
 [ 2.23918262e-01]
 [-1.70463382e-01]
 [ 1.28577613e-01]
 [-8.22685595e-02]
 [ 2.94642093e-02]
 [ 1.24868742e-02]
 [-3.28736836e-02]
 [ 3.45334973e-02]
 [-2.92330479e-02]
 [ 2.41744609e-02]
 [-2.06532746e-02]
 [ 1.39808742e-02]
 [-4.96184730e-03]
 [-3.32726455e-03]
 [ 6.64343009e-03]
 [-3.38354317e-03]
 [-6.17647685e-03]
 [ 1.67379995e-02]
 [-2.52371077e-02]
 [ 3.06381263e-02]
 [-3.51585342e-02]
 [ 3.84860595e-02]
 [-3.99353469e-02]
 [-7.01468920e-01]
 [-4.34859179e-01]]