---------------------
  #    meV     cm^-1
---------------------
  0    8.4      68.0
  1   11.2      90.2
  2   13.7     110.7
  3   17.3     139.3
  4   22.1     178.6
  5   24.6     198.2
  6   25.2     203.5
  7   29.3     236.5
  8   41.4     333.8
  9   52.5     423.2
 10   67.1     540.9
 11   69.6     561.7
 12   84.2     679.1
 13   90.6     730.7
 14  102.7     828.4
 15  117.2     945.1
 16  133.6    1077.7
 17  146.7    1183.0
 18  164.3    1324.9
 19  180.5    1455.7
 20  200.9    1620.6
 21  203.7    1643.1
 22  375.7    3030.5
 23  398.2    3211.5
 24  418.4    3375.0
 25  430.8    3474.3
 26  467.6    3771.8
---------------------
Zero-point energy: 1.949 eV
