[[-400.12162781]
 [ 348.74215158]
 [-265.66183304]
 [ 178.7750278 ]
 [-110.48658635]
 [  69.75224279]
 [ -52.88221463]
 [  49.95666983]
 [ -51.69919428]
 [  53.00681254]
 [ -52.69163957]
 [  51.26489088]
 [ -49.09213646]
 [  45.92559706]
 [ -41.47239312]
 [  36.02044973]
 [ -30.52641544]
 [  26.14729877]
 [ -23.64842165]
 [  23.0852977 ]
 [ -23.91520838]
 [  25.35941129]
 [ -26.73563913]
 [  27.58211359]
 [ -27.62040989]
 [  26.69815542]
 [ -24.80928337]
 [  22.16649639]
 [ -19.23619548]
 [  16.63857554]
 [ -46.87186975]
 [ -31.82808107]]