-3.540662672083995233e+01
-2.045822129126690925e+00
-7.298953446837423087e+00
2.456402732723071836e+01
-1.216920587820827393e+01
-9.406539278291916162e+00
-2.460495219054178051e+01
-5.140917159558331662e+01
-2.192474869771807278e+01
-2.307305776829031174e+01
-2.139213475349674809e+01
4.317712898827934964e+00
2.028704002910075133e+00
-1.096727345275795074e+00
1.776397142364373849e+00
2.705337460457911902e+01
-1.045428749584831962e+01
-7.359477817680485146e+00
1.196932894807542880e+01
-6.323041882165369998e+01
3.167921148052403169e+01
-1.355867115018054392e+01
-2.476316259480793036e+00
-5.722238963437931147e+00
-9.506142557426642270e-01
-2.210023562066353975e+00
4.905956843840093029e+01
-1.530299518320906316e+01
-4.130760122224444331e+00
-3.100670479197208351e+01
4.007474108556971260e+01
-4.426920549020906037e+00
-2.182129605330959521e+01
1.145438369205565721e+01
-2.096254126214148528e+00
1.329186241643520816e+01
-5.519678809363313121e-01
2.769104428048009936e+00
1.931791365834374119e+01
-5.582616141994111558e+01
3.111641879968286162e+01
8.285089821310876346e+00
-6.401489736790125562e+00
-1.784056669859846167e+01
7.045866333927961023e+00
-1.116061300020180624e+01
2.544114607804169736e+01
2.030007127630011610e+01
-1.307455781073878143e+01
-1.671467312419565587e+01
-1.763071697779611213e+01
-2.124118680209882370e+01
1.078463550418831574e+01
-2.768733162032339123e+01
8.492707948099848636e+00
3.532950182042054621e+01
4.073398210221183291e+01
1.897848357784306472e+01
8.520185248899892372e+00
1.772146430802331452e+01
5.198212954827738486e+01
8.799249787602263950e+00
-3.049272957579763954e+01
-6.158852662606875583e+00
-1.440221078218581852e+01
3.397575408865168356e+01
-4.026619874309456293e+01
-3.502333773757578683e+01
-1.786045501193052587e+01
-1.000417615897288215e+01
-2.287517709310188252e+01
1.604033023814396586e+01
5.330438128996661362e+00
7.990449387481220356e+00
-2.212036203798526302e+01
-1.938154435262521247e+01
-3.340611277916470812e+01
1.840872049049818315e+01
-1.915170577187979006e+01
1.729810552610661034e+01
-5.501279166157826417e+00
-1.522311369572918238e+01
-2.929686958044727874e+01
-8.678243212129018502e+00
-6.253382139729581013e+00
-7.049500869015815852e+00
2.284878576887960122e+01
4.278646504497507408e+01
-2.516018659003850999e+01
-4.389964625324756753e+01
-1.099989756246546335e+01
6.076840049637644370e+01
-3.312829143165131285e+01
1.829071533863572085e+01
-6.653205962986135091e+00
-3.410474930116498626e+01
1.412693585551755859e+01
1.996770796592053898e+01
-9.839107255484719872e+00
1.870557274180634977e+01
-1.371406692247273895e+01
-3.197102811157495239e+01
5.368274421280557362e+01
2.557371217780462302e+01
1.448632785893533992e+01
8.020482325363559539e+00
1.524087105386030316e+01
4.618844800606561307e+01
-1.509345734771844860e+01
3.398835829092973881e+00
-7.737360479692756599e+01
9.036484477681597127e+00
-3.789220486766257068e+01
7.939941236669142199e+00
1.248291791845336718e+01
-2.041076342412338818e+01
-2.896383542511921405e+01
1.223950577569496545e+00
-1.722012590654162523e+01
2.186221395004324108e+01
-2.837276945482284418e+01
-3.152441590597391041e+00
-2.059215921500300084e+01
-1.996207269503230464e+00
1.126551680174827652e+00
1.272713497261585758e+01
4.264598503185084155e-01
-2.965458566126471851e+00
3.642107258682277404e+01
5.156211075909686770e+01
2.783738407772005985e+01
4.024249503279477835e+01
-6.642365606570741932e+00
5.660131174839335699e+00
3.010248484130704583e+01
-5.066681566033537365e-01
-4.308302260103550907e+01
-2.309641410280063312e+01
-2.869725802133012849e+01
-1.570092921326556024e+01
1.620220260119018008e+01
-6.731183645896851431e+01
-9.450818063887396647e+00
2.511536804297395520e+01
-2.125531014741167724e+01
-1.765547680388522167e+01
3.376339132505137286e+01
2.525978955823597971e+01
-1.874601593244720732e+01
1.577176256089100548e+01
-1.439558958652182241e+01
1.938856203692410674e+01
1.937410895555757406e+00
7.502219883457883043e+00
-4.835359867252662980e+01
-2.683229575596115524e+01
-4.930801468265713083e+00
-9.461411267363901700e-01
-2.317790753367251000e+01
6.163598341562317273e+01
-9.874956656812855726e+00
-1.827294020265492236e+01
2.023253597501570766e+01
-2.605252968013373049e+01
-2.075009026398880962e+01
1.849681786303671061e+01
7.231591571916872851e+00
8.667667159791221820e+00
8.898748151899269487e+00
-6.256098031984350882e+00
9.014425239870831774e+00
3.307293289335185449e+01
-1.503231062305053456e+01
1.089271943446101432e+01
5.158550666857364320e+01
1.852769352225324440e+01
-4.286813468548018591e+00
-1.159349864063803892e+01
8.828943944265472510e+01
-1.211663888724467597e+01
2.125937378498511521e+01
1.471093615870523763e+01
1.670207003630029163e+01
5.017646958567291904e+01
2.715291676208585159e+01
-1.550423204644946651e+00
1.373811548250534997e+01
2.784353663776886378e+01
2.043723880353468303e+01
-3.305248377622314138e+01
5.343749031900722457e+01
-4.761680570069994189e+01
-6.980410628980749266e+00
3.123383656515342466e+01
8.469168310617369855e+00
4.216640812122705029e+00
1.608242049418140596e+01
1.265084249673000727e+01
1.952195302379678310e+01
-3.547036841957606157e+01
2.253197619891693648e+00
-1.505244884257945159e+01
-3.784884495543359151e+00
-2.487656686602349509e+00
-6.093545375309131984e+00
-3.266001685705958835e+00
4.751334999740834064e+01
-4.780293549419454280e+00
-1.475856377737540015e+01
-1.452558701039034617e+00
7.368830767704466211e+00
-3.381625371058554208e+01
-2.899382484029914053e+01
-2.053545264928357028e+01
-3.504910912057556516e+01
-9.081292212542027897e+00
-2.366042490408703003e+01
1.036154603683866071e+01
7.245533522323057696e-01
-7.107477212829138580e+00
-4.691587173718687609e+00
3.254128300302639332e+00
-8.338896752882874353e+00
3.856398208971766906e+01
-4.903931959093822002e+01
-8.571817429742356609e+00
-7.669080041988884489e+00
9.031191109937225292e+00
1.273687283420613880e+01
-2.663449449435654515e+01
-8.597556425382720136e+00
2.435184830489524188e+01
-1.139394212546934426e+01
8.985255841129031751e+00
1.932206037527731723e+01
-1.628815771843733273e+00
6.317303623543455160e+01
-7.902651821333563475e+00
-1.795732352996685677e+01
1.807435434137033781e+00
-1.392840105887637492e+01
3.091887916633987743e+01
-2.400732283562975056e+01
6.868141560779804422e+00
3.210064032234382125e+01
-7.200513327482724435e+00
6.693063654426612175e+01
7.249253624372886406e+01
-3.759419975010087001e+01
3.335320334694182520e+01
1.229082662040366358e+01
-3.151340782515653416e+01
9.422061857667266338e+00
2.378247239046390860e+01
2.433005422705855381e+01
1.322796135783534055e+00
9.576412815666969891e+00
4.211099046608222807e+01
-1.327073648642344494e+01
8.028606185407646478e+00
4.060769089420659839e+01
-2.091734904455309163e+01
-1.127944744628517526e+01
3.167143830701876794e+01
1.624742407238107944e+01
4.280507604336929717e+01
1.705114205704342112e+01
6.162055464723920295e+00
1.506935698692166170e+01
2.288955678204695232e+01
-3.026158231568210510e+01
3.863351595291902640e+00
1.397413298925822644e+01
6.553602590170953590e+00
1.336927778859904947e+01
-3.462176510259191531e+01
1.807313182919403971e+01
-2.413959181043213675e+01
-1.881743224569790840e+01
1.204795313579219851e+01
-6.580018204405973847e+00
3.269335114603325110e+01
-9.453553130186350018e+00
1.699510004837532051e+01
1.826576020068790740e+01
4.391520428230634110e+01
3.081372726804010398e+01
2.759499355153324274e+01
-1.907714724281589724e+00
-4.724113884466163427e+00
-1.807335846856977923e+01
4.512633989362981879e+01
4.490772841339207844e+01
2.206601236317246162e+01
-1.422660452252074492e+01
2.811817352532531800e+01
-2.903028325588280723e+00
1.010576457776496540e+01
3.735043934997290194e+01
-7.100460791515530445e-01
-4.504534052455483106e+00
-1.139223766116953129e+01
-3.305909292453563353e+01
5.398581442294226918e+01
2.858179536993230840e+01
-3.377512144868654786e+01
-9.324192899015869784e+00
1.487665949002683519e+01
-5.669223918015788399e+00
3.585362905998315597e+01
7.120215533417962206e+00
4.515599555174179613e+01
1.956872915865957552e+01
-1.285509659363486890e+01
1.131595459696696082e+01
-3.542521691926083349e+00
-1.551106022047002853e+01
8.894595284965987503e+00
8.494602206531681077e+00
5.304868757141157687e+01
4.458681670189461954e+01
3.137183411095605834e+01
3.772226868914333409e+01
4.897358330524113512e+00
-1.467697700192985621e+01
8.070598986695955546e+00
-1.891619829589521729e+01
-3.037385450818885602e+01
-3.152982442980515998e+01
-1.768421160432902184e+01
-6.156174517349506914e+01
-1.975423931817489631e+01
-4.906875130626504244e+01
1.325610938389113969e+01
-2.623241696070812523e+01
2.636830663445476830e+01
-5.601934551887600122e+01
-1.685890626458973429e+01
2.425693983159789013e+01
1.185858013355351659e+01
-5.028789553470463147e+01
3.202018297095327171e+01
-1.467802947912426248e+01
3.049127746520835558e+01
-1.318409891624381203e+01
-4.440899855570370391e+01
8.143535699686566431e+00
-3.688214556909252906e+01
-4.224623581435935193e+00
-1.674229950136263412e+00
2.316966190416694360e+01
7.137787019756314066e+01
-2.444433634848428483e+01
-1.981427135602051237e+01
-2.385195137924995379e+00
-6.462934771511214649e+00
-4.573629405588201280e+01
-3.158334292738720706e+01
2.712395978838378596e+01
-1.203083329283640523e+01
1.144906826794516519e+01
-2.780197876306647231e+01
-9.289478792984652955e+00
-2.349721428818935465e+01
2.918682139613250115e+01
5.403704033143242214e+00
-1.263997247739979457e+01
-9.627556218079178052e+00
6.732034562325068805e+00
-4.645577507392914640e+00
2.439533447029876356e+01
-1.459345226687719332e+01
5.648605759746089916e+00
2.008507722806039908e+01
7.754732025689349939e+00
-1.205614494648233403e+01
8.712826625451776863e+01
3.331117401481816387e+01
2.444018270716910024e+00
5.736004601940180692e+00
-3.548363561758230844e+01
1.903849065145101349e+01
-4.329420907904687965e+01
-1.649625300684058971e+01
-3.120593417796794711e+01
-1.119533503342037761e+01
3.219255586311300021e+01
-3.213751982680949482e+01
1.357592379006471361e+01
-2.164903600659897620e+00
1.175963229140165822e+00
-2.029120965410626809e+01
-2.511641756707760464e+01
-3.163801888362627324e+00
-2.026788316600703865e+01
-1.124514715523864083e+01
-2.339352529061838482e+01
-5.242811185992270140e+00
-1.965424530950110693e+01
-2.845994902764871881e+01
1.187350357874142759e+01
-8.142265901909553349e+00
1.386298214347496582e+01
4.839601334121603315e+00
-4.316188814071534097e+01
-2.975688622306265074e+01
-2.589750339223417086e+01
1.840440430488399670e+01
-1.397228514390150167e+00
-3.515522939919605960e+01
3.338893768117763727e+01
-2.221224928417197475e+01
3.237202851645191970e+01
-1.793153411858016000e+01
-2.739157691313573650e+01
1.342492909528556311e+01
-3.854002112932407442e+01
-1.951957640705484209e+01
3.513084492310107976e+01
1.069631676299070477e+01
-2.488325487051389473e+01
3.078377973247889798e+01
-1.030287390379174894e+01
-2.155483230800501815e+01
-1.725674645745928615e+01
-2.840629970175899643e+01
1.570375389398159172e+01
-5.096929143489296621e+01
-4.490809335745277053e+01
-5.758767446802437462e+00
-1.705992663678759413e+01
-3.353245740226180516e+01
4.167179761527080473e+01
7.609738505544220288e+01
-1.558496344379001641e+01
-2.021861772559645942e+00
-3.438712624431376952e+01
3.716173741704659506e+01
1.158034416387454257e+01
-1.357511473617677211e+01
-2.067371165354816753e+01
8.360824044454588488e+00
-3.293692960169702388e+01
-9.997712771468883375e+00
-4.934422861404692640e+01
2.066809665795670981e+01
6.281278710808265942e+00
-1.022046129829107031e+00
-5.860345464873262245e+00
-2.271608897632268054e+01
-6.220003101516880406e+00
7.445305564636183249e+01
-1.038079721374481323e+01
-2.727125159240230801e+01
-3.963482188351730429e+01
7.921988477309298560e+00
-2.127259337832980890e+01
6.158667016642652925e+00
1.722552607615512699e+01
4.323047605537510663e+00
1.778566546414048233e+01
8.584646911283357440e+00
3.322960551346227476e+01
1.495844569613652197e+01
-1.986132002011949282e+01
2.724155561390311675e+01
1.981102164501535867e+01
7.024502638097104068e+00
2.404733313952087315e+01
-1.610147114688741965e+01
4.184113221334476407e+01
1.336211011796599379e+01
-1.801722944480564337e+01
-3.345871848857683517e+00
-1.023835705192777823e+01
1.158205062982821687e+01
-1.326346684021556399e+01
-4.484043051529326362e+00
-7.291458876035505909e+00
4.594563494539562498e+01
3.138583190347958407e+01
-3.688332029411230906e+01
-4.593148616079744784e+00
-2.996539433438590549e+01
-8.225109553067056822e+00
-1.340016369324608547e+01
4.883945507005705622e+00
-5.978014700648266455e-01
-1.630843471109881193e+01
9.621609761732614174e+00
-4.685825676233683623e+00
-5.330824193937807820e+00
4.891111933082976293e+01
8.206963337906774569e+00
-4.685327789588549052e+01
-2.252703071639825794e+01
5.438714638070655383e+01
1.545771865040325110e+01
-5.386315098653881250e+00
6.067427559774392876e+01
-9.170007184325413618e+00
-5.175702321691090901e+00
-4.598198867812641311e+00
8.795482322560332022e+00
1.769285998224457757e+01
2.476547736248718934e+00
1.644699646393991088e+01
-7.253974305325513683e+00
-1.997321939991594775e+01
-2.362443051436999042e+01
-2.724830530471496104e+01
2.338470818028727649e+01
7.373010282326980303e+00
2.165039609579798707e+01
7.915840292152495294e+00
5.065819699641181728e+01
1.058707333260613126e+01
-4.571941338260575094e+01
-1.944968850523510184e+01
3.480810932858503293e+00
-1.651701437813980533e+01
3.583408257720904544e+01
-7.930997240243641500e+00
9.539459616981858403e+00
2.992225255874214440e+01
-4.239765378434310605e+01
8.487912629098138950e+01
1.176717525933653974e+01
1.351500433032902038e+01
2.053302064449208331e+01
4.235061291281908780e+00
-2.651976554677730746e-01
1.987294619197575685e+01
-2.101703314391681943e+01
4.709702096986713116e+01
4.165738100746666817e+01
-2.362984766113171986e+01
9.148083053765560635e+00
3.972594242190058367e+01
-1.167547866856156702e+01
9.897874174456063656e+00
2.138384825734949146e+01
2.302786875756919471e+01
-4.332737224915766205e+01
-5.835575591069812162e+00
-1.738787011256901849e+01
-1.779607182312474833e+00
-4.503774356851998562e+00
1.012735318644786275e+00
-7.113126337692676771e+00
-1.802685231532393573e+01
7.500805832590472733e+00
3.914607934196141059e+00
3.010753631984742285e+01
-2.484793756226284245e+01
2.474438612869568033e+01
2.682162760132935375e+01
-7.080152664628542425e+00
4.619568718723252232e+01
-3.861063146110325306e+01
-5.849153389830844674e+01
-4.878170058293136435e+00
-4.526669374570246873e+00
-6.663602398551802253e-01
4.533263701337966722e+01
-2.765526440091527149e+00
2.429582217865484495e+01
3.050418925436700590e+01
2.119347614583512041e+01
-6.467337157999679675e+00
3.381970605660677620e+01
-9.038921264107870002e+00
-2.012692184421905495e+01
-2.322500985006945484e+01
6.115616075582792632e+00
2.007364914633026842e+01
-7.646819144446084238e-01
1.974092422472523367e+01
3.220667060644188950e-01
3.435506641664034078e+01
9.834868753887960224e+00
5.102617805558303132e+00
-2.122877459934898070e+00
1.826128409412586961e+01
2.130239973386325403e+01
9.752514305333107814e+00
-1.021542119369541979e+00
-3.115991625310084601e+01
1.650741085758183857e+01
1.078259611448783062e+01
2.013858446926095525e+01
1.598697928920667266e+01
2.047820779519558698e+01
-4.908332941627122636e+00
1.765603271029809207e+01
-1.521387597776663370e+01
-4.147058918726997945e-01
-3.071045054580869760e+01
-1.742840580160739705e+01
2.280624314112566253e+01
-5.106683235090683581e+01
1.505170539363325588e+01
8.958287130336657356e+00
4.706165341726330098e+01
-1.073064197310139889e+01
1.887975365572620490e+01
-5.655626154725496235e+00
-2.744317027766635064e+01
-3.850495756134228031e+01
-6.644101565046675262e+00
-5.011811383652703711e+01
6.654247480533740600e+00
-1.126464556547573892e+01
1.748011281083482515e+01
1.331916496614383050e+01
-1.617985298788187265e+01
-1.657299869207594156e+01
2.322514427646301272e+01
-3.479698477261637635e+01
-6.921100316746390035e+00
-1.070265740808262933e+01
1.546625320301621187e+01
5.279332887893133375e-01
1.534087319040779107e+00
-1.068886647922832367e+01
3.102629410887442418e+01
-3.139058579590169984e+01
3.887095464940898637e+00
3.411097178148108355e+01
-2.081630954919566534e+01
1.744809079983738798e+00
-1.626891653701250107e-01
-3.690824605726619723e+01
-2.267981021755656457e+01
-2.819833292660330670e+00
1.599406917769396586e+01
1.867779784856131187e+01
3.477119301762257919e+00
-5.445126209701470543e+00
1.010494529763110449e+01
-2.409465687540830459e+01
-1.121876441354942244e+00
-2.937114805127814066e+01
-1.578309692433204248e+01
2.753828225184122402e+01
-1.615942275303777365e+01
3.843776672869287836e+01
-1.360923634218843858e+01
1.857018825866407497e+01
1.432257466965879900e+01
-3.589575459457044815e+01
-1.424459913596081151e+01
4.918052401503800297e+00
-2.362108160061642081e+01
-2.137077081224069275e+01
-4.942959746549206557e+01
-3.063430555627982699e+01
-2.893446700460515331e+01
-2.488668928624790055e+01
4.846280392878270504e-01
1.034845456065265523e+01
3.875444591342812828e+00
1.378661333316443738e+01
-3.215453668961090727e+01
8.627093194094811679e+00
1.525320392869876684e+01
-3.814214653077713990e+01
-3.517835225553946543e+01
-2.386127419670737027e+01
-1.539842654113082432e+01
9.221539028380675518e+00
-7.632144068370507739e-01
-2.385009625268936517e+01
1.695847585377350697e+01
-1.348493494816025873e+01
2.843747749116940327e+01
-5.033697693855197031e+01
3.580314108716514454e+01
-5.101433447350288475e+00
-2.272195495432443124e+01
-1.420289895602927999e+01
1.038280739919507312e+00
2.532714411557737932e+01
-4.170251641659029218e+01
-6.687126647049609574e+00
-1.143859200747370153e+01
2.530011021057626408e+01
4.724868741741887845e+01
-5.622088067669369593e+01
5.259932962893986996e+01
2.351141192325792417e+01
-4.223480844964916514e+01
-1.807140470359460949e+01
4.480645702521096041e+01
3.359842517254361383e+01
-1.179434739416041111e+01
-3.330013184289157380e+00
8.118789267407606758e+00
4.222898495915517003e+01
-3.212272385953846765e+01
7.189219529826814892e+00
-4.711337633785902312e+00
1.544567441164917909e+01
-4.104642647224022767e+01
-1.864436085922619668e+00
-1.720792771835492374e+01
2.701059647227594951e+01
2.378779689288597865e+01
-4.937038234870203723e+01
-2.702235714880475825e+01
-1.220393982436536362e+01
-2.406239551093222673e+01
-6.603922417305653880e+00
-1.150889041641107724e+01
2.544399166385750277e+01
2.377859616429046241e+01
-1.235434000252581654e+00
-2.592961011510473668e+01
-4.809132250024262589e+01
2.687611658035490336e+01
-2.777583150888891339e+01
-2.055871453608159527e+01
3.365137268098273182e+00
-2.030861648494666838e+01
-2.210144565045303011e+01
-1.620737854220273277e+01
-2.710003901005794091e+01
-1.465290313502705288e+01
-2.938202056427972764e+01
3.166098659333554721e+01
3.473892643146035653e+01
-3.728157400255838638e+00
-1.241613186863980900e+01
-2.237574839579110630e-01
2.572207838673568858e+01
-4.862345012895649177e+01
-1.127226324682152381e+01
2.783900856027082682e+01
4.007376748672730571e+01
-9.467530520931205729e+00
5.624567081774216604e+00
3.101965588291722042e+01
9.382823726292485844e+00
-5.622275990199909756e-01
-2.513560874881284235e+01
1.140098181819672618e+01
-1.961803614859627487e+01
-5.975556105997554823e+00
-1.097214276416610801e+01
-9.297857090641883815e+00
1.281198863616771177e+01
4.474001548491617086e+01
-1.388513301100829267e+00
1.942223931842477214e+00
-5.150768912572087288e+01
-1.073312823022905604e+01
-2.035135207517001277e+01
-8.710602655494881219e-02
-2.652077451192675994e+01
4.826460888504681179e+01
4.592501817780021156e+01
7.966399345183241110e+00
-1.117981722987030935e+01
9.383512472889506739e+00
1.168632112254860544e+01
-2.696803458501036488e+01
-4.744658839155079022e+00
1.071000364459797538e+01
7.535080246651091329e+00
3.115435531683422710e+01
2.288852973713818528e+01
-1.198713527207812035e+01
1.472322601337525327e+01
-5.610569921649572223e+01
-7.168604811676928534e-01
4.936783593468203435e+01
6.770502837338852942e+00
-1.173695505352725377e+00
1.728186551960212114e+01
-1.617845392103814461e+01
5.087566441118372040e+01
-9.408153484263920063e+00
4.551540353348400458e+01
2.215471903970146172e+01
-2.292033399454345499e+01
1.830969080077471745e+01
-1.730406330266450254e+01
-4.091436620737675867e+01
-3.642263836484318063e+00
-3.153315173295960960e+01
-2.975085303312636142e+01
-2.788098506963223144e+00
2.045476502351357340e+01
-5.492936752877554341e+00
-1.773369801089768316e+01
5.072415187125415059e+00
-3.917607592206769596e+01
-3.972070024244969133e+00
-4.698464281188267933e+01
2.769876679992412960e+01
-6.949879273996799611e-01
-2.827042974963542576e+01
-9.427284410795181202e+00
1.047300994736696111e+01
-2.001603449356632325e+01
-2.583894481895291051e+01
5.338530234252701234e+01
-1.373300757716609155e+01
-2.282099654113744691e+01
1.548058892604355208e+01
-1.000787138824873068e+01
3.097056583809070318e+01
-2.567858505344077003e+00
3.931836349234131944e+00
6.123328294713905962e+01
-7.056238090000732655e+00
-2.077878325524307002e+01
-2.442766781928071396e+01
-2.886953827482415136e+01
-1.938379533489012374e+01
1.539133475507230742e+01
1.537560815365907274e+01
1.267197681933940601e+01
4.165538014359157160e+01
1.864383229908241901e+00
1.185052603352679057e+01
-3.605352376117707536e+01
1.509023217104811465e+00
-1.058014231380894898e+01
-1.510441877081336770e+01
-1.963467982376641885e+00
1.912585026110053832e+01
2.166586072654195050e+01
-3.950803108481810710e-01
6.886915370248971158e+00
1.565666604628202130e+01
1.981133873273540758e+01
-1.385314126177539151e+01
-7.142447031376832456e+00
3.929745670593547402e-01
-1.310724609011333541e+01
-2.885233168621738287e+00
-2.036535115986006872e+01
4.501910581309437021e+01
3.646787051280074365e+01
-9.234772695515232499e+00
9.077983676011086800e+00
-2.631737057465560525e+00
-1.701995748687325261e+01
2.025616751937417348e+01
-5.405526822589308722e+00
2.267054209679227483e+01
-2.973010688918263966e+01
1.018766175044942202e+01
-5.614968567817641087e+00
-3.058737040685116426e+01
-1.383337372191169834e+01
1.516283920615606462e+01
-5.191525771863442174e+01
2.441701100491121679e+01
2.648842137934434504e+01
-5.674077450331992623e+00
-3.395882478642064939e+00
-1.781874920028087672e+00
1.421541323569931592e+01
-1.856598523770659881e+01
2.050321719564153966e+01
1.734813705536612360e+01
-5.589254865721943588e+01
-2.013014782598523311e+01
1.350756440031773309e+01
-4.858285759950206284e+00
2.467601228567794180e+01
-3.622180412645445813e+01
-3.016791776814102377e+00
-2.379799953169314364e+01
-7.312492631162545820e+01
4.372537848466690491e+01
-3.320613100252148797e+01
-3.480769760489727815e+01
5.069975163235632465e+00
7.373860878513323769e+01
6.640627805521432947e-01
-1.599076574339289891e+01
-1.769829186192055204e+00
-3.107579853596050157e+00
-4.874322936554604979e+01
-3.482628155993756991e+01
4.660501796588330592e+01
-5.836381507689281989e+00
-2.143448586020755897e+01
2.807196576504679797e+01
-2.040213539704485157e+01
2.099882360785642277e+01
3.026526125779072629e+01
-3.248413799604222163e+01
-1.598351791539840860e+01
-1.975046431023929472e+01
-1.016911872025062280e+01
-1.004758309763701618e+01
-5.917988401513923691e+00
8.134515950062734646e+00
-1.942153366727082897e+01
1.614156015255751697e+01
3.295426567666185491e+01
-5.131699339202189236e+00
-1.156157985143664746e+01
8.285078308783255352e+00
3.183614258824960075e+01
2.967969652755938625e+01
5.542482603313629852e+00
-3.174352953968082147e+00
-4.958829395986242616e+00
-2.888322902089962696e+01
2.187820459301988762e+01
-1.272042974644057267e+01
1.131483507157867052e+01
-7.943909686097697431e+00
1.534716183162339576e+01
1.040376986485699007e+01
-4.580911122249415257e+01
-1.515533617829959212e+01
-4.469360389546379508e+01
-2.032095372857497750e+01
3.026586038514459176e+00
-9.778686593345412348e+00
1.857183250260888485e+01
-1.704617979955648366e+01
2.090513664683570028e+00
6.094325198831882062e+00
4.025692445351091919e+01
2.040608690980970152e+01
-1.717977940946725113e+01
-6.957308262771562113e-01
6.931440879167467983e+00
2.178617093153336626e+01
2.265266836101318404e-01
3.105192706913334177e+01
1.281286679989754873e+01
5.147086523248151479e+01
1.111998139271733521e+00
3.724062915040894950e+01
-1.534670933300216689e+01
-2.145168713082958334e+01
2.523253880950761641e+00
5.322212354883788521e+00
1.523638072496163431e+01
-8.060500742600140711e+00
-7.778278715881832284e+00
1.473435544896804572e+01
-2.755800617906697880e+01
-3.132677962964746143e+01
4.501054732228305966e+01
-3.372483416941008727e+00
-2.222707548602807748e+01
-2.302891978358239555e+00
-7.646838006385621611e+00
2.414193555503115363e+01
1.882171246015511201e+01
-1.145169808767832365e+01
4.628485826371644407e-01
-1.504440659119056534e+01
-2.004573150330094222e+01
-1.522041162685110294e+01
-5.492680106761342529e+01
2.709741455373659846e-02
-3.660129637289657012e+01
-3.164750564373916575e+01
-2.118250005141612746e+01
1.088252726761959366e+01
-2.073228987959564051e+01
1.312630147684306792e+01
-3.479219305214563462e+01
5.977223533593871707e-01
-2.353782201863401724e+01
4.846198690292723654e+00
6.391795199202469746e+00
1.895843763473041577e+01
-1.192301426201711934e+01
-9.098552232046358768e+00
1.678166579484111054e+01
3.368237227031278280e+01
1.865751539041372098e+01
4.717474212284287205e+00
-4.076212674500987987e+01
-9.641960372958294556e+00
-1.792398234799736656e+01
-3.434559287345751954e+01
2.296891975744011916e+01
-2.060132758523479879e+01
-1.877399373069778221e+00
-1.593366453508960490e+01
-5.666131284635679322e+01
2.941405269126865107e+01
-9.985894091921977633e+00
2.301022808699354982e+01
-4.058147318611410981e+01
3.829283394973495547e+01
2.088987460667368623e+00
-1.635525326829325721e+01
4.869739622851000149e+00
-1.183613453741878629e+01
-3.724779808971115358e+01
8.243784397324759539e+00
2.022874530112017055e+01
1.001584901028877539e+00
-2.059211457785227140e+01
-9.288397490135992030e+00
9.980889048125135332e+00
1.814985238162134351e+01
3.581472344771123062e+01
1.343287311708138532e+01
-1.321190731084561776e+01
5.420994641429923888e+01
1.363238551575088309e+01
2.412794942304168444e+01
-1.034946827068046105e+01
1.591221769630580241e+01
1.112466225976753265e+01
-3.523056791596633275e+01
-1.171961868666426199e+01
-2.322735978285965786e+01
-2.095410439812785341e+01
-6.857239456862714633e+00
-7.853384406643272087e+00
-2.395964118774253393e+01
-6.298065065250601435e+01
-1.640047597900012022e+01
7.113201076960422142e+00
5.167757357191362644e+00
7.891315343089502221e+00
2.634536740989250347e+01
7.984571656768022052e+00
1.845398563064327391e+01
-2.369150111531807568e+01
2.596007695137518567e+01
-2.582537308135650278e+01
-4.084169961541181237e+01
1.246590528218143845e+01
-2.451130920864110863e+01
-2.231727045109686003e+01
-9.009014053507928566e+01
-6.565216858740470229e+00
4.633377516744138802e+01
2.408569024801274594e+01
-5.810014913222175892e+00
-7.829642611211852454e+00
2.144305562091284401e+01
3.777552856976684836e+01
-2.364675838220141202e+01
-6.144374353185810378e+00
-1.932020657273068309e+01
-1.994151167743831365e+01
-1.748235379327083905e+01
7.207004134982398114e+00
4.020547305864795362e+01
-3.706578262176125804e+01
-3.188105755422748189e+01
1.871891453849997333e+00
-6.043732614640532574e+00
-7.625829619845376328e+00
-5.123845784930165337e+01
3.570911373695280133e+01
1.360571244482679276e+01
5.303247677569256524e+00
2.753158265380879755e+01
-1.862495135409147906e+01
1.760631533541177163e+01
1.581294585770069716e+01
2.090996631598812883e+00
-3.474455164153116726e+00
5.023343225958205593e+00
-8.969723981141843439e+00
2.879928572869253856e+01
-2.277709832958714742e+01
2.447528224823918208e+01
5.487288117262295373e+00
8.200108186725429960e+00
1.290163852097828112e+01
-4.938851767294843853e+01
4.764464959139843359e+00
-3.806495100764379913e+01
-2.784233855540160363e+01
-2.784411266149885478e+01
-2.836300423935190906e+01
3.032091060385369019e-01
9.513301525068044384e+00
2.829936358773358052e+01
4.919894279215100141e+00
8.160314760957227520e+00
-3.988879309189672995e+01
-1.451726724220780795e+01
1.934419086376836106e+01
-1.137472499358899825e+00
-3.940470096608805761e-02
-5.065986123858522205e+00
1.990734721667745077e+01
-5.186984607304879091e+01
6.420706735978875201e+00
1.154220233357200698e+01
2.455955122951388958e+01
2.102200820008805238e+01
-3.215521981445520794e+01
6.414725928735037996e+00
3.324481939382238238e+00
2.711591928468976676e+00
3.362271897693489109e+00
-1.072168175956483083e+01
-2.007745274897666832e+01
1.074563728596359624e+01
3.415318833863932468e+01
-2.818117617146526754e+00
6.594120022809789816e+00
9.626245170770857840e+00
-1.459993363699508961e+01
-1.543912435603144218e+01
-6.782043962943275517e+01
-2.099000773576152312e+01
-3.101878221903777444e+01
-3.815134662763938422e+00
-3.834915272467762293e+01
4.265926532466735921e+01
-1.779245915503270226e+01
-3.044027179972323438e+01
-8.788105217113309209e+01
3.776670604222681504e+01
7.569354957849952825e+00
3.436808617483805506e+00
-3.557411294618486863e+01
5.006252418230189960e+00
-1.128362271627359803e+01
-1.859675379860362554e+01
6.614453321292977250e+00
1.916156734721050725e+01
4.157110317090563001e+00
-1.206589832359583170e+01
-1.166552356791044076e-01
1.576786634586937907e+00
8.907966145159491589e+00
-3.611153111244075831e+01
4.096588026486544010e+01
-2.433686066540633419e+01
-1.698424901820714439e+01
-2.780813624561693587e+01
-5.905835450699055400e+01
5.105441451163436284e+00
-2.973383839873426382e+01
-1.082895171635396281e+01
1.852371582058361810e+01
-1.469192081828234109e+01
-2.010989610847332187e+00
-6.675733524183584677e+00
-1.141711215933992207e+01
1.808973005967956738e+00
3.079864702939923404e+01
-2.857500428286262206e+01
5.651323702189668552e+01
-1.284921920039579391e+01
1.899413967654518842e+01
-7.813434582941724216e+00
6.479784400029988234e+00
-6.174681932318037525e+00
2.491539525577195491e+01
3.481923908301680370e+01
1.086811809140729679e+01
2.618094174140513530e+01
-2.018996842667506542e+01
-3.735031848530184106e+00
-1.268608619354961320e+01
3.892178106077696498e+01
3.268504868950060427e+01
2.468382126360108941e+01
-8.747851458500065291e+00
-1.579264784188168846e+01
1.411920536165857243e+01
-1.593028474113158666e+01
-7.044052958826000577e+00
-3.290147224395170156e+00
-1.676545912439219421e+01
2.820821576536830833e+01
-4.688781455637752060e+00
2.152704292358385629e+01
1.108383858545862921e+01
9.808251286606562758e+00
-1.877636811083299051e+01
1.505098235493068159e+01
-1.035572229430101743e+01
-6.660131716485466313e+00
-1.768804532153836817e+00
-2.731384974561780155e+01
4.231686190595650032e+01
-1.512966467667019010e+01
-1.778139630765394941e+00
1.262418302932935887e+01
1.089800904375408663e+01
4.205770836897818299e+01
-9.814484584409768786e+00
4.275774645067518520e+01
3.837366913935937873e+01
-5.316618254980642178e+01
2.883654786275442916e+00
-1.052287794265299681e+01
8.857257273286478494e+00
3.343348130327456147e+00
1.128121489082877815e+01
3.537189991417952939e+01
5.537007248763023881e+01
-4.262186015987009569e+01
4.290606871748025242e+01
-5.553875808567011063e+01
-4.607500582529355881e+01
-8.196042864656462257e+00
6.105775487085907116e-02
4.135502222283442109e+01
2.028553223480457746e+01
-6.836587098285093589e+00
-5.059322186546138767e+01
4.002535867719470986e+01
-2.370628551641334525e+01
1.029320438916727198e+00
-4.026868922136586093e+00
7.146568873833496127e+01
-1.437988763521448732e+01
-6.055146228957380572e+01
1.778471105437637334e+01
-9.229620447963438323e+01
6.545178304944087699e+00
-2.070960666056615196e+01
-1.042842857410877855e+01
-1.539700079884143236e+01
-3.317164934879437510e+01
2.170231207447969979e+01
-2.154011003845059236e+01
-6.651763000076357457e+00
-4.474653556737811755e+01
-2.484807245816085697e+00
-2.965434664056733993e+01
-4.231006389908634446e+01
-6.444539179481995461e+01
5.204428490422287723e+00
-2.018121491125941702e+01
3.530590154485139465e+00
-7.984500579252198804e+00
-4.609048767094640198e+01
-3.685268222846872277e+01
-3.093886922796087902e+01
-3.213759069930847545e+01
3.022327619511409580e+01
2.918610664864502269e+00
-2.825833085951208545e+01
-1.230705174808747415e+01
-1.394704433336070792e+01
2.281860274995550242e+01
-1.764543268831319267e+01
-4.349615178404540927e+00
-1.589902046011030734e+01
-2.030951371847781672e+01
-2.293706671787647622e+01
2.097196738142402239e+01
-8.788313946174611146e+00
-5.248766880761235143e+01
4.375709893079448420e+01
2.498316085021537702e+01
1.499130701200328986e+00
-4.429373986271838248e+01
-4.248909891858897936e+01
3.936710195454907080e+00
4.172519353694497113e-01
-1.798900933774200439e+01
-2.599759143938831585e+01
1.782834272712238999e+01
-3.145096598277092426e+00
1.494865781256487480e+01
2.777973984229748794e+01
1.804880260251903223e+01
1.810851420187546523e+01
1.354996589156541198e+01
-1.187123230566220400e+01
-8.461746515442669647e+00
-1.230326656754948544e+01
-2.084044295993396645e+01
-2.429134505821235734e+01
-3.616057725920570931e+01
-2.113578833466084461e+01
-5.791311818125848276e+00
-4.362728559606159706e+01
-8.122718746242242105e+00
2.069367473236868804e+01
-4.483310202469425576e+01
1.691999082855882364e+01
1.525605543690124932e+01
-4.081365958655942450e+01
-3.220639993178983218e+01
-9.749795606490550881e+00
9.965187065360581187e+00
-2.237157120673566624e+01
4.109908229130228108e+01
3.648418429947537334e+01
-4.390386164231790644e+01
2.540740212069749759e+01
1.976640879793404793e+01
4.989768661167175878e+00
1.230739564457178403e+01
-2.432426142753182319e+01
-7.439387164496352511e+00
4.716032765038391972e+00
1.092947754465814114e+01
2.405041132095138323e+01
-2.918135343072639998e+01
-3.422029575857095551e+00
8.514333206025142431e+00
3.039796933259623302e+00
-1.697199132521754450e+01
1.242074121105002149e+01
-1.453499080092491624e+01
-1.165595122352125657e+01
6.507056995176867531e-01
-3.461164641981388002e+01
1.683376220280344171e+00
-9.578068394776607875e+00
-7.882772379782124972e+00
4.799501734109355766e+00
-3.089158510666632651e+01
3.374761156390655970e+01
-1.433617997793891163e+01
-7.589965178941167778e+01
-4.860435303050273603e+01
2.106306552079109906e+01
-2.302452334941466461e+01
-1.073815168643142215e+01
-1.495890155624626772e+01
-1.043443986884385311e+01
-5.740363020290138252e+01
-3.584876049978220180e+00
-3.545784806654700105e+01
-1.959786291459511176e+01
1.210160414135177120e+01
4.478924352838149048e+01
1.597302231884967227e+00
-5.525105197004478441e-01
3.392477352183853156e+01
-3.154585095389758465e+01
1.817773197966875642e+01
4.326851401168028133e+00
-2.714432928341062734e+01
-1.452953179938214134e+01
1.268545181097152863e+01
3.591494764787341865e-01
6.929637491788014358e+00
5.900396943887855628e+00
-1.349423233126938726e+01
-1.844428224915100145e+01
-2.844831048039975485e+01
2.806975378379081576e+01
-3.676502434010186704e+01
-2.728877786249023529e+01
7.117463124647287032e+00
-4.956231919220292070e+01
1.281552557771624379e+01
3.651002222167664968e+01
-4.149621652806999350e+00
6.636564659690691315e+00
-1.640617573614474622e+01
-1.252800412131020380e+01
5.948092897757987885e+00
2.166281283463671770e+01
-2.211663532274506139e+01
1.538242683451647963e+01
-6.048049826665106821e+00
1.749545555422656662e+00
1.319892161468692393e+01
8.508040584854995814e+00
-7.330766919668079140e+00
1.535570434982389543e-01
1.093769139961216297e+01
1.627646114154990187e+01
-4.090842792715966425e+01
1.833606844409700898e+00
2.937962317404157275e+01
-5.262344942879599330e+01
1.732242305499269719e+01
-6.647401483776360465e+01
-6.133999829210500465e+00
-8.448682178966265610e+00
-2.940586560742531219e+00
-6.923699958194077908e+00
-1.435735092864098306e+01
-5.423603585853300046e+00
6.841449843480077675e+00
-1.515850618753913182e+01
6.871055174136714072e+00
4.992961090144919467e+01
-3.453397715895090414e+01
-1.506429543848139474e+01
2.267934053371135406e+01
1.367701025962969652e+01
2.491082086638499504e+01
1.199674985991066123e+01
1.202907965910489452e+01
-9.149769684678034309e+00
-2.796830437950563919e+01
-2.575150307233587910e+01
-1.538879448519231374e+01
2.652071980194520506e+00
-2.403042708833260122e+01
-7.945687827155307303e+00
4.154873651546168389e+00
1.356267350119759385e+01
-5.805631131971999537e+00
3.395959348236995368e+01
-3.294666276236074509e+01
-2.226112163593342075e+00
-1.781934634113751414e+00
1.567710544544512175e+01
-2.237023404174918539e+01
-1.416285661644718630e+01
1.068939703787061468e+01
2.560551669941563091e+01
4.249407935727079177e+01
1.818079834367176773e+01
2.379918425134607673e+01
-1.589129934108546038e+01
3.581762397422977529e+01
3.757424497377991202e+01
-1.444835762132868240e+00
1.943013576947936372e+01
2.145758796931599477e+01
-1.336138670316364596e+01
4.823610209688013128e+00
3.450843346712434823e+01
-1.370875998401461970e+01
-5.190133206208201955e+00
-3.427411766880395305e+01
1.350496336061954139e+01
-7.286429515012841307e+00
1.121620364239910828e+01
3.337362243633137382e+00
-2.262193004494436011e+01
2.589117392045218935e+01
2.277846231215241346e+01
-1.527076587041646860e+01
1.080618424846015557e+01
-3.465407579445928832e+01
-3.017549787950505547e+01
1.406861070931495306e+01
-3.869847367540904770e+01
-1.747815587956522521e+01
2.939163501601683492e+00
4.694733877623995255e+01
-1.443658613779501820e+01
-6.952081533240303202e+00
-1.022577258916300025e+01
6.363186870380729943e+01
7.952615135783183575e+00
-2.443827181561130146e+01
4.018064951081555591e+01
3.558238241665554824e+01
1.784067707010854065e+01
4.263693002103207164e+01
4.874234806444363244e+01
-4.249013090602076659e+00
-1.572523970390848547e+01
-1.644795727438480526e+01
1.636439959805575484e+01
2.128663126262574679e+01
-3.892494806247810857e+00
-1.312072468456710794e+01
-3.462535179739947466e+01
-1.431654034460348157e+01
-2.561595844942848998e+01
1.708747206465237412e+01
9.682306145221673432e+00
3.613675935645198933e+01
4.217211204703005478e+00
-1.334894293149858413e+01
-4.809086181603444032e+00
2.239011613080932506e+01
7.075324932558544333e+00
3.088329058388526960e+01
3.159525398493968851e+01
-6.846474474904283625e+00
-6.093296789446796424e+00
-5.693689352948916849e+01
2.868710162662346619e+01
-6.768530179398339897e-01
3.069541466407193298e+01
-1.229131273864811646e+01
-3.538527227049823409e+01
1.193469617547214412e+01
4.129461448601686158e+01
-1.483465253865723099e+01
3.743747492786508246e+01
-4.121978767645545361e+01
-1.305024217863169156e+01
-4.603060687208915169e+01
1.080963948188448853e+01
4.583997911222695620e+00
3.065763276906039891e+00
-3.518511379909062953e+01
5.125153040280031291e+01
3.066942320063031957e+01
4.969129832851308493e+00
-2.917060108494229098e+01
1.224091650906430573e+01
-1.318655415221959970e+01
-7.004485823296988656e+00
-1.353698738299539173e+01
1.037445782911318304e+01
-8.162209368769936191e+00
-1.139197965218411923e+01
1.176577515789955442e+01
1.463931321031120802e+01
-4.845394371878973061e+01
1.121654958222740106e+01
3.813463315104070261e+01
2.271195952740532675e+01
-5.934144676588823941e+00
8.637268122975285678e-01
-1.982934853443887846e+01
3.278561873376457925e+01
8.764142596040926492e+00
-2.347773329671099418e+00
-4.196302960008551963e+00
6.037302420015262783e+01
-1.809639332196610439e+00
1.380428266777033741e+01
4.212492136583617253e+01
5.428818472523858674e+01
3.505620182239047722e+01
2.287662990493248572e+01
-3.744826215000679781e+01
-2.555999484559779944e+01
1.943673248449931634e+01
3.907173726866773222e+00
1.783714708259071813e+01
8.935833832785817776e+00
3.464512292801617832e+01
-4.363685113434271301e+01
-2.747800364074484492e+01
-6.488783506816560021e+00
-4.817928786866315249e+01
1.074986567310668306e+01
2.478250281131008137e+01
3.822538918972156807e+00
-1.247851926949755352e+01
1.304131917843488964e+01
7.773173738924333520e+01
1.739428996308822661e+01
8.882040574917652975e+00
-2.644343365406945168e+01
-3.370703962556797251e+01
-8.242075622855054462e+00
1.857407069367553731e+01
-3.367704177145469657e+00
1.335069273585584426e+01
1.961574568924794448e+01
-3.213383436384367542e+01
1.470024116021380678e+01
2.482896932329958872e+01
3.173219973788633297e+01
-3.713946649737948746e+00
2.631012709543313122e+00
-5.631015530374284594e+00
-2.716743959287194343e+01
-3.902377906234571014e+01
4.464972174210288358e+01
-4.359628975391927952e+00
-3.105360218174048725e+01
3.044816692028277316e+00
-1.456419934220073742e+01
5.096566448243277136e+01
-1.306794280837317501e+01
-2.012330032358266863e+01
1.952282052303837645e+01
-9.219765501579615830e+00
2.503152958404393758e+01
7.262254787457322891e-01
5.456977059382393236e+01
2.959062544323957056e+01
2.246435559994928610e+00
-2.090262287913712669e+01
1.543297586690826506e+01
-3.026598246378674162e+01
-4.886086739993629635e+00
3.441370108026229957e+01
-1.569281404475219688e+01
-2.519573179438560828e+01
-1.358378628944998923e+01
2.807791123008036038e+01
7.103160592084940106e+00
-4.654003176339918468e+01
1.868932898927680242e+01
5.244183844765075264e+00
5.189898731346332283e+00
-2.823846001682761653e+01
1.645011848014831912e+00
1.897384341024340415e+01
2.691073671662978484e+01
3.697144902775455932e+01
1.623934720129230413e+01
2.222524977882002872e+00
-3.034520034128840393e+01
-2.621879698567940409e+01
-3.876640355505662683e+01
-7.380683141680492554e+00
1.781086821860040459e+01
-1.398314218785337459e+00
2.879600442561610407e+01
-1.837254279872570351e+01
9.209756851204701888e+00
-9.778129797496248443e+00
-1.675752545315827291e+01
3.433312973699569426e+01
3.962218872584855944e+00
3.532141399172843421e+01
2.700259294551415223e+00
1.250774076056704232e+01
-1.004005079602552541e+01
3.410702266908870683e+01
-9.326169203135222574e+00
3.384395982974766071e-01
-4.385562864725793020e+01
-5.384608386790233681e+00
4.016046579401077565e+01
3.593395599289820552e+01
1.509045020789997693e+01
-9.299176094856932195e+00
3.091394453204287629e+00
-1.176539974751666762e+01
-7.781549279479079928e+00
5.191830010125603678e+01
2.794950771712308324e+00
-1.475120767744479622e+01
-6.092558824256943950e+01
-2.671708219687396024e+01
-2.158279045991585576e+01
-3.605988215730167212e+01
-3.267988966931923756e+01
-3.890788092364658723e+01
-2.580909562281696878e+01
-1.787147748251618395e+01
-2.778155184013850487e+01
2.637777410311379711e+01
-1.169889274028582804e+01
-4.975064434456760409e+01
2.263766738418490831e+01
-1.715728626043020100e+01
-4.567884884385006217e+01
5.466797702325732189e+01
-1.464075093317640608e+01
9.653918949903243174e+00
2.256407942572985803e+01
5.066537921278921885e+00
1.495534038379832964e+01
1.810093950073252245e+00
1.117005374479358437e-01
-8.349723193183173464e+00
-4.247465416099313984e+01
6.702517924023723594e+00
-7.019941787324211191e+01
3.996074017376497522e+01
-2.398592359356860015e+01
-9.937609861055648253e+00
-1.025490120517036985e+01
8.470256322445907315e+00
-9.633994998686262079e+00
1.524042434491091313e+01
-3.115773189981339897e+01
2.021750667828385417e+01
2.432989701946535988e+01
5.918601451893181320e+00
6.451384049719536051e+00
1.219318413294389813e+01
5.116981520721367360e+00
1.560084862048560694e+01
-4.498078736940627209e+00
-3.963701520185284721e+01
5.427338466076065515e+00
-1.404374744421923538e+01
-3.051638938526821221e+00
3.117620270336533395e+01
-4.537821783237077256e+01
8.041661621269042826e-01
1.172632805998233607e+00
5.160662761034615187e+00
1.770778195896072305e+01
-6.895461328824374903e+00
4.694429405673679412e+01
2.489162079638030889e+01
-8.682624514335117283e+00
-4.285275497019313207e+00
2.135648292273003790e+00
4.352694375328786691e+01
-2.991385210533479722e+01
-5.824580837956807500e+01
1.743410757109398901e+01
-6.885645718504903812e+00
-9.459706136551730538e+00
9.374882953534239505e+00
4.303694961079770565e+01
2.511056926660214117e+01
-9.089270724818163671e+00
-2.976986400712331715e+01
-4.837560190180667519e+00
1.600217093365666443e+01
-8.675221974436993833e+00
-4.226101939292163934e+01
-3.446439136870338871e+00
-5.407747565719115812e+01
-2.875994830016804826e+01
4.660104930914486943e+01
-2.957653773491031757e+01
-3.880259223050944684e+01
-2.929805880058305689e+01
-2.098137546246205432e+01
2.055948992884728455e+01
4.790140635711065897e+01
-3.750132066781446838e+00
1.471603143768783184e+01
-1.206729995534315947e+01
-3.952942122724738994e+01
2.676404798448319511e+01
-2.686798249781941195e+01
1.487670879013219860e+01
1.818228547406199880e+01
-6.060777298434629756e+00
2.154204099437680497e+01
2.346125481049618600e+01
6.469711923376297591e+01
-6.789585123311780990e+00
-2.949635469136156019e+01
-3.586931928063984287e+01
-9.756954511969581745e+00
-1.913002885924098351e+01
5.393538155966541581e+01
-2.503369795117109220e+01
6.566086815932743903e+00
2.786991683008068321e+00
-1.255519036280802680e+01
-4.846775591225554081e+01
-3.585513603059155230e+00
5.628134217833994057e+01
9.910372760515414825e+00
4.292463488154226070e+00
-3.297275049282818316e+01
-3.279396126197798367e+01
-8.033271030627709308e+00
2.624831533336299572e+01
-1.453675307853399090e+01
5.872160085326780177e+01
-2.764258600653224107e+01
1.073799791164880446e+01
-7.836608080967664591e+00
-3.701882015498901524e+01
2.486726063544153931e+00
-2.929380287595495247e+01
-4.219812278473580136e+01
6.335236331427211098e+00
1.083946741633027955e+00
2.985758233940870809e+01
1.350173209601870639e+01
-1.920235323819121476e+01
1.232442323046132060e+01
-4.998465943771820719e+01
-2.734194468927114485e+01
5.100551063720048006e+01
4.706126819922175741e+00
-6.046559293791005985e+00
-1.700492693766443608e+01
-2.496862429893042190e+00
-5.644002877530908791e+00
5.089951330862797363e+01
2.379434144999753187e+01
-6.750007262854069268e+00
-2.007429915637487738e+00
-2.247606865014182986e+01
-8.969146497315250599e+00
-3.598948910648795163e+01
2.824689514243808119e+01
4.001422227470797566e+00
5.885724449533825009e+00
1.022847157737946588e+01
-4.596161829659237696e+00
-1.175334433986657068e+01
3.074744950260752674e+00
-6.184331278952025457e+01
-8.851472439526872904e+00
-5.863089145053805851e+00
-4.414546714019053297e+00
2.754504006957634488e+01
3.715140209972989283e+01
9.877634395268955814e+00
-5.439771830941613473e+01
3.555812952231576674e+01
-1.225559516978432839e+01
-2.139857188092648244e+01
-4.983577957266215464e+01
-1.720973018515029196e+01
3.548545501105009237e+01
1.747528003854063172e+01
5.798332797175902442e+00
1.925443224306732759e+01
-3.332988226704219414e+01
-2.659144181774679794e+01
3.226100482598732810e+01
2.224318380341797763e+01
2.745070054281652006e+01
2.792673273232367137e+00
4.842670636573075171e+00
3.114774625279426346e+01
5.518498619318279452e+01
-1.193286538041679989e+01
2.202074065085503207e+01
-1.477797464051906218e+01
-2.505632450589401827e+01
-1.980259528112054568e+01
-1.989969486007606747e+01
-8.263536500462180356e+00
-2.715710365484105182e+01
-1.119761208416827003e+01
-7.753189683951613631e+01
1.937396273979240391e+01
1.266994727138650134e+01
-2.694576292475616697e+00
-2.218722888699824125e+01
-1.057251911545174039e+01
-3.135594231832789092e+01
5.620814862050082183e+00
4.602356442782640045e+01
-1.258684995571957188e+01
-9.646551187677957273e+00
1.196485468657306228e+01
-2.917422991164640322e+01
4.835581623528243966e+01
8.402632432284860897e+00
7.922482279666724025e+00
2.827317401449872136e+01
-1.433803734589702117e+00
3.196634794852457162e+01
1.079460808241063319e+01
-2.247155508209274899e+00
4.697033575984306708e+00
-3.632496436281371643e+00
3.781597162070806917e+01
4.905843226495790077e+00
1.037912509313591158e+01
-6.630336100691920365e+00
8.010635097302241547e+00
-5.264224360048024209e+01
-2.011137425965591774e+01
-2.781651823867878193e+01
2.708094691850496361e+01
-1.826869765276470048e+01
-3.424086672987152724e+01
3.301966395598185500e+01
-6.959425877742660305e+00
2.311916045025091648e+01
-5.139646587797591337e+01
1.060785871069623632e+01
2.955340006161421229e+00
3.471757451343023604e+00
-6.627045209625748612e+00
-4.139873759087606686e+00
2.893817569373569398e+01
1.050097179417946336e+00
-2.891756392579571866e+01
-1.069205990139261075e+01
1.254800720552668736e+01
-6.556505342572459938e+01
-5.015202962072690696e+01
7.401893840100228772e-01
7.992439121199005569e+00
-2.678502044298770102e+01
-1.087986022776362915e+00
5.990213161208004067e+01
1.596995923715985555e+01
-3.065549250242952439e+01
5.322235017982620775e+00
-5.277109344740871677e+00
7.125049856726320741e+00
-2.025350040839484222e+01
1.252358427761042847e+01
1.496253209232418158e+01
-3.946707511723474227e+00
6.349127122930634926e+01
-4.501420782231335238e+00
-1.798427251824034556e+01
1.357532008568608717e+01
2.441901756274319268e+01
-1.923895821308212817e+01
-1.029769343867183551e+00
5.568265700676388974e+01
-1.584906030995398396e+00
3.336861690610547271e+01
8.320976641569103549e+00
-3.983861681752813411e+00
-1.287885096163546450e+01
2.967558566542611231e+01
-3.178585720101290235e+01
-6.147197064547071932e-01
-1.034361406669120242e+01
-2.258268819708978725e+01
8.508118261173834185e+00
1.509511700805783718e+01
2.448991781799691125e+00
-2.450851596753977901e-01
-2.260432873131065890e+01
9.202247811802337196e+00
-1.871668567907434522e+00
-1.287955878979509095e+01
-1.145924259298436709e+01
9.411079164886501758e+00
-2.129287057523299609e+00
-2.149652105363949772e+01
-6.195476483223609421e+01
5.912324054798148154e+00
1.097370905879820668e+01
-2.755005957721763821e+01
-1.356578176157228199e+01
4.699815523502137182e+01
6.367113805495662859e+00
2.244254443508202712e+01
4.904251249372080679e+00
2.264244666721886290e+01
3.249737124182331627e+00
-2.215001165681600526e+01
-6.165243535979712419e+00
3.088866849098366174e+00
1.788395279604193888e+01
4.288849416353446031e+01
2.795978786218898904e+01
1.718875608292620427e+00
9.678444761372986704e+00
3.444097608126530474e+01
1.501867434690523595e+01
-3.942986568084867827e+01
-1.567649013746154196e+01
6.377894314116247187e+00
4.847068337206451361e+00
1.401568501083108487e+01
-2.945531795534694197e+01
3.990488426485256923e+00
2.457837960559328394e+01
2.719469982913499706e+01
-2.443471378670923855e+01
1.599259230687266609e-02
-1.271473521826465003e+00
-9.699821643170508878e+00
-1.614114208477032264e+01
-8.789524664512640584e+00
-4.986353046920285692e+00
5.741121078029607361e+00
2.405226342459181410e+01
-1.755460921321918022e+01
4.601967385077352901e+01
1.865737554340893212e+01
1.526309963438674799e+01
2.015359732004753113e+01
1.542186123653491592e+01
2.065285018327013589e+01
3.112902033235477006e+01
-2.591372526385204367e+01
3.541617882314059784e+01
-6.489152123168659614e+01
1.801983548370890986e+01
-6.080536352344310558e+01
4.744466505564042791e+01
4.289460882374982020e+01
-5.335812916147659735e+00
-2.739969768355049951e+01
-2.413823308114481847e+01
-3.129684400773757602e+01
-3.604609373046341148e+01
3.217623355679168640e+01
2.394052083978948531e+01
1.360095384349135372e+01
1.611313887886262819e+01
2.538524040018884875e+01
-2.228626154155256245e+01
-1.006617893451755208e+01
3.137880402299549587e+01
-7.435516562664972184e+00
3.035555002906215094e+01
4.237537695293207207e+01
-3.275387241579586828e+00
-4.165654420535844338e+01
2.848983735901640557e+00
-1.443874142316403208e+00
-5.811369525110308132e+00
5.567742026693167645e-02
-3.709379767267665784e+01
-7.160115669370696878e+00
5.057128891708901008e+00
7.555887015715597954e+00
2.779243573065690498e+01
-2.427918155498031183e+01
3.171049199344759018e+01
-2.270075533911001742e+01
1.460184476745482129e+01
2.299141519088347252e+01
