-3.475040699837950342e+01
-2.027778239606249144e+00
-7.165509006687017290e+00
2.412014107188947065e+01
-1.193622117621431755e+01
-9.246006868937456602e+00
-2.408152048377021970e+01
-5.040714893532859264e+01
-2.152584226556624003e+01
-2.268863076088723574e+01
-2.105824483963849048e+01
4.236569349053272759e+00
2.000263248209179778e+00
-1.037340834510615650e+00
1.728681034023523466e+00
2.656779101876537652e+01
-1.024461175557566150e+01
-7.261598522978530923e+00
1.179741526462703405e+01
-6.205862019148269582e+01
3.112147140967374526e+01
-1.337856745867856034e+01
-2.408825302917021460e+00
-5.605035778403205882e+00
-1.008220026071910524e+00
-2.141761298716275519e+00
4.813391859950473872e+01
-1.504466658768043885e+01
-4.021102100069299468e+00
-3.045838269206828386e+01
3.939462985616103197e+01
-4.382719382472487268e+00
-2.142803040764221123e+01
1.125666555017818382e+01
-2.054583280417375590e+00
1.304844385535579931e+01
-5.567943035254643291e-01
2.738997370267270526e+00
1.897758249133149633e+01
-5.478974626709242557e+01
3.051215602672493787e+01
8.139417203669239598e+00
-6.243008473007989778e+00
-1.752203803725915066e+01
6.917102355616833620e+00
-1.093790068527107451e+01
2.496030469237200577e+01
1.994020109332655011e+01
-1.287483860842496597e+01
-1.642198173201245481e+01
-1.737421135692420648e+01
-2.083155745366443767e+01
1.056519741939139578e+01
-2.715118941378779027e+01
8.298443903814245459e+00
3.467821208030008506e+01
3.997691959062700562e+01
1.862270378939396664e+01
8.314377593981703285e+00
1.735931322942900579e+01
5.101660419869472207e+01
8.655199808222278079e+00
-2.992179096848750675e+01
-6.055112830742473307e+00
-1.411390576989336409e+01
3.336591963968660934e+01
-3.948838895402413129e+01
-3.444729524698544765e+01
-1.751652764578982158e+01
-9.765086046950443688e+00
-2.247541283277143975e+01
1.574155948810296479e+01
5.222940051981709075e+00
7.835002989884287672e+00
-2.172223401516180630e+01
-1.901615558610856738e+01
-3.279814487019390867e+01
1.810738319007180053e+01
-1.880610840546093954e+01
1.697241924254376499e+01
-5.410595279534443414e+00
-1.495234328647723032e+01
-2.876876143397912244e+01
-8.562646051325742746e+00
-6.142800072436045866e+00
-6.891722438533292916e+00
2.241748342134461680e+01
4.199744337089379087e+01
-2.467323074112126591e+01
-4.307248014700076055e+01
-1.081156553612392202e+01
5.965115281759958066e+01
-3.254449113085116352e+01
1.799729912046754521e+01
-6.525687005080840208e+00
-3.347673047605246666e+01
1.382343092920964978e+01
1.961128041823337753e+01
-9.719007514267033798e+00
1.843952416020033525e+01
-1.350657719338914831e+01
-3.133522512254555181e+01
5.267266259724249267e+01
2.514373669550570867e+01
1.422633489550599961e+01
7.904928177450671001e+00
1.499219456744721413e+01
4.534426955033393369e+01
-1.478146838548579822e+01
3.354596198322582268e+00
-7.597140181268753167e+01
8.824644883845792265e+00
-3.722778955531677525e+01
7.788655864863557099e+00
1.223819538454227995e+01
-2.003204371211228363e+01
-2.844984535513748369e+01
1.259303348094192643e+00
-1.693260790951160288e+01
2.143280932719693510e+01
-2.790114278376847068e+01
-3.093327732216266668e+00
-2.020331086451854929e+01
-1.961758705520765034e+00
1.096773985713582533e+00
1.248962381853854708e+01
4.556434711719816733e-01
-2.889167069087079653e+00
3.572091135950007157e+01
5.061733046081099019e+01
2.734741102005715163e+01
3.954462653314240583e+01
-6.485360173155960695e+00
5.610376400222321536e+00
2.951823256880578583e+01
-5.446325058450440793e-01
-4.225554555701276627e+01
-2.263923580106266087e+01
-2.818443409334483363e+01
-1.540072434618868158e+01
1.594726739540456606e+01
-6.608430850308906201e+01
-9.328787646999387562e+00
2.465246250175316334e+01
-2.084517014580728755e+01
-1.740824042108738468e+01
3.315463571489078731e+01
2.476200255496087266e+01
-1.841806788027888331e+01
1.544324270880562722e+01
-1.413453369824486572e+01
1.900529021429595744e+01
1.863856342434758062e+00
7.385556392300586026e+00
-4.746469436158804456e+01
-2.632728567223296068e+01
-4.797802333055471991e+00
-8.987429751084805574e-01
-2.269740467218531421e+01
6.054462706583854015e+01
-9.725489274349911284e+00
-1.797961344865900912e+01
1.983207242459548070e+01
-2.558266389741345392e+01
-2.037988023341355870e+01
1.820018353097475483e+01
7.136421257277824282e+00
8.520078411603606128e+00
8.752479232001817877e+00
-6.171271075742339463e+00
8.888801780365980676e+00
3.245581610591253963e+01
-1.475344454124606841e+01
1.068527354591464018e+01
5.064884863342850707e+01
1.822333081732045912e+01
-4.197710294959165367e+00
-1.140545829588921833e+01
8.666532649155473678e+01
-1.188229734090121781e+01
2.087381826424231690e+01
1.439717209349103655e+01
1.642436081831154837e+01
4.924775232432648409e+01
2.671385472788415427e+01
-1.502331861859888207e+00
1.350255272991807942e+01
2.736325509893214303e+01
2.004268022239463676e+01
-3.237689123807746228e+01
5.248082929370184502e+01
-4.668891791292743676e+01
-6.881895830460358354e+00
3.067120874511658712e+01
8.313840686222615517e+00
4.219995265321529132e+00
1.577631660133908298e+01
1.248654372560713455e+01
1.915260930594752153e+01
-3.485807018671499691e+01
2.232267872597219593e+00
-1.480441075226008252e+01
-3.747530557125323014e+00
-2.487065632043709229e+00
-5.974820197873439653e+00
-3.199074088564316298e+00
4.661409227114450005e+01
-4.713375756102948344e+00
-1.447035386209338981e+01
-1.430848166280057399e+00
7.247445951974071932e+00
-3.319097502320964566e+01
-2.844984266746797630e+01
-2.019396036734103461e+01
-3.443334599614141212e+01
-8.929938826345452441e+00
-2.325277085226241525e+01
1.013204227105730126e+01
7.008829217440677439e-01
-6.943893705594177845e+00
-4.595586869889999093e+00
3.202412731977346994e+00
-8.189349455512669351e+00
3.789317938069910952e+01
-4.810267412180246538e+01
-8.435497142464313924e+00
-7.527822470556564838e+00
8.869975488395425600e+00
1.254972410803398475e+01
-2.616978007042700938e+01
-8.494914431778425978e+00
2.388721698304469854e+01
-1.119186741499430937e+01
8.849513165101967616e+00
1.896042014673415110e+01
-1.636781033441678801e+00
6.202660423972281478e+01
-7.816260276981097377e+00
-1.761181376950548838e+01
1.781574369087564946e+00
-1.365554009419230397e+01
3.036203555372118501e+01
-2.353648231925836853e+01
6.760092781796913641e+00
3.155522176049561267e+01
-7.014634758995896391e+00
6.574182478917350636e+01
7.114184538269154245e+01
-3.688158294192169251e+01
3.276991719493118183e+01
1.207437740571009499e+01
-3.092377144383448240e+01
9.248770449642563563e+00
2.331609568202443938e+01
2.383912242662049152e+01
1.282162328228622528e+00
9.435059323991993097e+00
4.130802786631630852e+01
-1.305974912357632434e+01
7.936065800892905031e+00
3.985630893391373775e+01
-2.053329937312690845e+01
-1.103193324036466549e+01
3.107060630782269328e+01
1.594397208313191783e+01
4.204881406363449514e+01
1.671284415530425349e+01
6.009856081404336692e+00
1.480017791740046107e+01
2.246346046569881594e+01
-2.971289242502136574e+01
3.783940231419308020e+00
1.370163137421918620e+01
6.454163950072484113e+00
1.313498107855053831e+01
-3.396327550470600443e+01
1.779194446945808750e+01
-2.373107163436429801e+01
-1.848475757332718672e+01
1.184615532070395716e+01
-6.482256896441256799e+00
3.212558362278122104e+01
-9.304287298117969840e+00
1.669078224181978953e+01
1.800325478464247908e+01
4.313846839342649275e+01
3.026311998146438498e+01
2.703964627332954507e+01
-1.856634617201706305e+00
-4.650783414745120581e+00
-1.771891069283395836e+01
4.430134287160220197e+01
4.408363969202122234e+01
2.165646331899665000e+01
-1.393660874764213986e+01
2.761841813667641077e+01
-2.868547001224783344e+00
9.901873576661614607e+00
3.664089406294621654e+01
-6.485752876754844465e-01
-4.397366909840911831e+00
-1.122438090086899365e+01
-3.242637575219907831e+01
5.301531589996355365e+01
2.804877496758524558e+01
-3.313774939016207099e+01
-9.123058093773622090e+00
1.459459122328355107e+01
-5.519923140983777898e+00
3.519988630281546449e+01
6.984595669229918258e+00
4.437895862692272431e+01
1.923158711477341853e+01
-1.264131100505977656e+01
1.115048681626805660e+01
-3.471349987831786166e+00
-1.526731178441266934e+01
8.741176053137792223e+00
8.365445347542561194e+00
5.211761993438194907e+01
4.379890565437851535e+01
3.080316184645843691e+01
3.707631527053831633e+01
4.814401197009573252e+00
-1.441527831684732064e+01
7.969908155165938979e+00
-1.855765446980074884e+01
-2.978481848595571790e+01
-3.091324673454681715e+01
-1.732387770517232184e+01
-6.044747552362878196e+01
-1.939100363156885010e+01
-4.813924631977118906e+01
1.304463031427061104e+01
-2.573548979776440504e+01
2.586510813920307328e+01
-5.500581113806662614e+01
-1.659744295405553771e+01
2.385437130511118653e+01
1.165885434313926794e+01
-4.937223051362055060e+01
3.149457802560220898e+01
-1.436780593914843962e+01
2.990515133480150212e+01
-1.289010255538838123e+01
-4.356906827279220806e+01
7.955597115764120986e+00
-3.617301524726366324e+01
-4.162826065014570531e+00
-1.657354939342101652e+00
2.271796184498353455e+01
7.010607903451324319e+01
-2.401123209366593869e+01
-1.945467650756386035e+01
-2.333850418086655054e+00
-6.324092290724451004e+00
-4.492144676810508486e+01
-3.099105414454996321e+01
2.661707865940176987e+01
-1.183282905447822486e+01
1.127065383783298103e+01
-2.730421108238616057e+01
-9.129481283958938320e+00
-2.307678166704539535e+01
2.870931420278188284e+01
5.322030750178214475e+00
-1.241784699366712630e+01
-9.441190715581399218e+00
6.590396626992216511e+00
-4.515863687626819001e+00
2.395010369697516239e+01
-1.433039999178612334e+01
5.516693264598643509e+00
1.972856352273643665e+01
7.644321423925134695e+00
-1.180597455746945457e+01
8.556537670508106430e+01
3.268372581047935910e+01
2.363372395941709669e+00
5.718531789513406238e+00
-3.481369612793369583e+01
1.870535807855833355e+01
-4.251943942774244078e+01
-1.618057551306827690e+01
-3.061962556941904268e+01
-1.102488716943392433e+01
3.161643342217718100e+01
-3.152923847039384952e+01
1.329439663640715708e+01
-2.139245662409166471e+00
1.168431747421266209e+00
-1.996126938684869856e+01
-2.470300476629074637e+01
-3.126199275062731431e+00
-1.990279860243920496e+01
-1.101294392766584451e+01
-2.298821496422104360e+01
-5.165286439765417015e+00
-1.931958581886436832e+01
-2.792731936447600560e+01
1.159799693738692383e+01
-7.993564642206706594e+00
1.362273226036995766e+01
4.725318027273619492e+00
-4.236967444354650070e+01
-2.921261531244175558e+01
-2.539550567438567441e+01
1.801757664830267913e+01
-1.362046665537775425e+00
-3.448726097775559651e+01
3.278220580441697507e+01
-2.178629547239548003e+01
3.179557944273873460e+01
-1.759422475842234945e+01
-2.687066318679410415e+01
1.320803286404787968e+01
-3.780937100332229761e+01
-1.915341844509376301e+01
3.449135389197638801e+01
1.050380348368054229e+01
-2.441864039594821634e+01
3.017531183152469509e+01
-1.007933150951583912e+01
-2.113704719650553443e+01
-1.691184831375917952e+01
-2.789303751162401568e+01
1.542100981980354391e+01
-5.006799862108556454e+01
-4.409231080915682810e+01
-5.652119185593903694e+00
-1.677693814401908412e+01
-3.289766390845218069e+01
4.092241672140733044e+01
7.471147565279214575e+01
-1.532345991792817586e+01
-2.020197299636777188e+00
-3.372796754411960052e+01
3.653321775510011094e+01
1.132505056460902892e+01
-1.328727831249534574e+01
-2.030856365503460381e+01
8.220070618934421702e+00
-3.231430051312415230e+01
-9.832163189321022401e+00
-4.841090562606035519e+01
2.026530520055820261e+01
6.154489239326807137e+00
-9.637484947097050281e-01
-5.776343192593913045e+00
-2.224867912171191620e+01
-6.115439196596213378e+00
7.304289667010714027e+01
-1.024426351015614500e+01
-2.674434386330432289e+01
-3.892731042190135327e+01
7.755569197690078909e+00
-2.089038794483007422e+01
6.036115222196208663e+00
1.687510769201752225e+01
4.270821071347597808e+00
1.741571777344395144e+01
8.402083577644177126e+00
3.265640361900420885e+01
1.469612110599297239e+01
-1.949895481036107014e+01
2.670501374303078990e+01
1.945991680271691848e+01
6.886355063121101239e+00
2.362616046283037008e+01
-1.581420482145639994e+01
4.110748803832623821e+01
1.312114128933989576e+01
-1.765945076527564339e+01
-3.264488529466376576e+00
-1.006162186320767660e+01
1.142351609003523549e+01
-1.299256524215826403e+01
-4.384494926705016837e+00
-7.107395111151959100e+00
4.515072677500131704e+01
3.076705303362342647e+01
-3.618357103178334455e+01
-4.506503865838112688e+00
-2.942657227346828108e+01
-8.114140124255698083e+00
-1.314708208953614132e+01
4.760243651330824832e+00
-5.646596229525364663e-01
-1.599886535260341702e+01
9.452659102349798559e+00
-4.580634193928759146e+00
-5.214771510102991670e+00
4.804235756647702260e+01
8.056627011366842339e+00
-4.601687032917097753e+01
-2.214528936750150478e+01
5.341144156586898362e+01
1.518269295293768550e+01
-5.312438107556658906e+00
5.951202666049040602e+01
-8.997047358290785724e+00
-5.116053500390592035e+00
-4.504867686863576637e+00
8.593900879678358251e+00
1.736759502785418263e+01
2.450626848892063947e+00
1.614685263188860631e+01
-7.159407154168391685e+00
-1.957962196886927586e+01
-2.321512102242034103e+01
-2.669945726482427517e+01
2.298277577776835301e+01
7.221087009573913917e+00
2.123780233583573818e+01
7.757074096239023220e+00
4.973236924898102984e+01
1.039774819213169366e+01
-4.496114769700221814e+01
-1.910490408653625138e+01
3.428246152426552840e+00
-1.622733954294621128e+01
3.519531319394965863e+01
-7.698572475113337532e+00
9.360545323434365628e+00
2.937219939146237380e+01
-4.159058083626121061e+01
8.333617440397043197e+01
1.155895846236660418e+01
1.331314517863484070e+01
2.014188733291268818e+01
4.129246247426408445e+00
-2.569661675055954220e-01
1.952746724378059184e+01
-2.061911512757635023e+01
4.622772105110090024e+01
4.087641267169406945e+01
-2.320332107378958142e+01
8.914374501403187878e+00
3.895881776986593081e+01
-1.147143218803107345e+01
9.743875974189194267e+00
2.101643664008531687e+01
2.259694190556513149e+01
-4.252188523709634183e+01
-5.738580288121909234e+00
-1.707520757477117712e+01
-1.682794161745619022e+00
-4.400098100338574625e+00
9.390331645158198626e-01
-6.972914045516461101e+00
-1.766363534284892012e+01
7.325530637986020110e+00
3.844465285758502660e+00
2.954046043296331092e+01
-2.437061582623542222e+01
2.427211456206299545e+01
2.629558290561452338e+01
-6.952675512864999519e+00
4.538106730637953490e+01
-3.792708988135132131e+01
-5.743226142763835185e+01
-4.819409188585536796e+00
-4.405257642492017567e+00
-6.627058808880406104e-01
4.453375379258757505e+01
-2.720646943465652612e+00
2.384757875266430460e+01
2.987861298072844818e+01
2.083351267459653400e+01
-6.420598029772691007e+00
3.321762192471982189e+01
-8.854533573486904174e+00
-1.970923254015946213e+01
-2.279099017355923706e+01
6.003657016884226039e+00
1.966992564088528184e+01
-7.641169825491260781e-01
1.940211434494079867e+01
2.746624865077365030e-01
3.376631547623357221e+01
9.638051386012250532e+00
5.040679569011032868e+00
-2.124386258372510383e+00
1.792589683313192950e+01
2.091611049969671399e+01
9.592718636578098312e+00
-9.953842730647721737e-01
-3.061065239232393509e+01
1.619583804165515062e+01
1.058279102892359447e+01
1.976779222284301341e+01
1.566406721976836991e+01
2.013566659999908381e+01
-4.826964271763273473e+00
1.730865132895993952e+01
-1.497106452363868812e+01
-3.732814446575503098e-01
-3.016539812276741372e+01
-1.711924653223937298e+01
2.236751819805006392e+01
-5.012877092210952412e+01
1.476122739123985639e+01
8.826089107958239310e+00
4.619765261641114762e+01
-1.056587333597217082e+01
1.852914887086956242e+01
-5.577197962677075793e+00
-2.695268690296628833e+01
-3.783664233506800656e+01
-6.491575480360481265e+00
-4.915608415988335622e+01
6.563572990643649518e+00
-1.104604193356410136e+01
1.716569915741625607e+01
1.312332576998755940e+01
-1.585533707032462303e+01
-1.623125135447480716e+01
2.277277861113702428e+01
-3.419740935445978636e+01
-6.783937420578865840e+00
-1.052130630744407114e+01
1.518503612864157759e+01
4.845593711551430260e-01
1.516401198756284430e+00
-1.049711977602484581e+01
3.048290593856452801e+01
-3.080248023995250151e+01
3.768991265849876982e+00
3.346046675924037572e+01
-2.043016561690265576e+01
1.715336609009412427e+00
-1.831435803320573541e-01
-3.619061488420547334e+01
-2.227602827948447839e+01
-2.772435368311889192e+00
1.569513963996157457e+01
1.836951475667626710e+01
3.398428112204896934e+00
-5.362877393307599050e+00
9.896131536220849512e+00
-2.365474419204736023e+01
-1.071389618996647641e+00
-2.884011259357811241e+01
-1.554840769717139892e+01
2.701460872943209779e+01
-1.586834654268494660e+01
3.770333447472737021e+01
-1.334551351729069779e+01
1.820626322042183176e+01
1.403815346800254815e+01
-3.524476076911822275e+01
-1.397254352824272416e+01
4.889592093757414659e+00
-2.322434006855087318e+01
-2.093773235475970296e+01
-4.858241957126324451e+01
-3.004318044997657466e+01
-2.837712047683706373e+01
-2.441168497392700942e+01
4.478126670198463444e-01
1.011340799035843929e+01
3.775083328851422948e+00
1.352268572510674183e+01
-3.155878934106650036e+01
8.457316357212278035e+00
1.497792789979210681e+01
-3.743055076120049307e+01
-3.458620294092838776e+01
-2.347546170824512046e+01
-1.507594945860681435e+01
9.026847155832115277e+00
-7.175730285576378265e-01
-2.340828925621032752e+01
1.666330394710729479e+01
-1.326413057275584606e+01
2.791834869465864699e+01
-4.945854398955145825e+01
3.515562661386331911e+01
-5.008960731441312930e+00
-2.225091300772966463e+01
-1.391785714791256368e+01
1.049676537281904132e+00
2.483517044603504687e+01
-4.094721503424187858e+01
-6.580777268131157598e+00
-1.124148810071076809e+01
2.486633178124263566e+01
4.643637381249877194e+01
-5.519789764433880919e+01
5.165660436291472024e+01
2.310563242563731023e+01
-4.145592896389427295e+01
-1.775323144872517389e+01
4.399216731241319422e+01
3.302292068990908547e+01
-1.152744444457232476e+01
-3.248080298794690179e+00
7.927392172213757249e+00
4.141903693330679914e+01
-3.149175888694245629e+01
7.046968808198059264e+00
-4.627541053752935341e+00
1.517509383806674350e+01
-4.030698698743733388e+01
-1.854462405219436505e+00
-1.689507494498999662e+01
2.651485252044092533e+01
2.338934022314047922e+01
-4.848198319009514989e+01
-2.652037180568750330e+01
-1.200382335609049278e+01
-2.361606268084034355e+01
-6.469959615258261465e+00
-1.129346212379404335e+01
2.497317794668208535e+01
2.332592024523887630e+01
-1.184356831332507909e+00
-2.548852646053139637e+01
-4.723979540194159199e+01
2.641661099561133597e+01
-2.727992890558012817e+01
-2.017761227937035073e+01
3.294533804286878365e+00
-1.993333263185226656e+01
-2.170864475407847749e+01
-1.587036042245254919e+01
-2.653360538876799524e+01
-1.440034654857536012e+01
-2.882462598667441966e+01
3.104693330720512279e+01
3.407896213355950010e+01
-3.663153035149150583e+00
-1.218107788096085642e+01
-2.533018544968967944e-01
2.521347644540190913e+01
-4.769965718087263440e+01
-1.099725210454428748e+01
2.735439428739613277e+01
3.934439296059554181e+01
-9.337191116559438342e+00
5.466419310381127161e+00
3.044253130633828164e+01
9.212900310115756497e+00
-5.971530503937287904e-01
-2.468620579606351839e+01
1.121689535321428366e+01
-1.924173790110407367e+01
-5.817553637753036355e+00
-1.079457944292403226e+01
-9.142478548433587093e+00
1.259692082747096720e+01
4.391784487525040248e+01
-1.309490786639443627e+00
1.916856630069631251e+00
-5.052725360341167971e+01
-1.047619543285247801e+01
-1.997362376569628850e+01
-9.405632519275286541e-02
-2.608674303655678273e+01
4.734460849469712684e+01
4.505842944749082335e+01
7.781949414092515838e+00
-1.094148212902777573e+01
9.244179716799877156e+00
1.146337459892028221e+01
-2.649835962224889130e+01
-4.686746046242831198e+00
1.049115212515539497e+01
7.398966512542031637e+00
3.059567548769996392e+01
2.244876735202899454e+01
-1.174051939054089644e+01
1.446166919207257706e+01
-5.503697977765291682e+01
-6.659795827545806901e-01
4.845061829685479893e+01
6.621545203155278614e+00
-1.139752510699906907e+00
1.696166039765546429e+01
-1.593300236778550527e+01
4.994554043512752628e+01
-9.217495154930318790e+00
4.470191483039673130e+01
2.177007335447214587e+01
-2.248542876898306986e+01
1.797728482912359027e+01
-1.702511917872962499e+01
-4.016559112884931437e+01
-3.584970082653285317e+00
-3.094234894843306449e+01
-2.921218047997945177e+01
-2.762184608822963128e+00
2.004222924300455588e+01
-5.397581761678907242e+00
-1.742349168870924814e+01
4.987025702309949793e+00
-3.850065639363418768e+01
-3.921212266053297313e+00
-4.614162248121726861e+01
2.713118792083982100e+01
-6.495999037102251350e-01
-2.773874954110092972e+01
-9.216954076632049464e+00
1.030274469227103395e+01
-1.965056741552565711e+01
-2.538372682883249354e+01
5.242128409112829956e+01
-1.344715871315534628e+01
-2.242309548662728957e+01
1.518852689000196676e+01
-9.801955780852161126e+00
3.041475991754691321e+01
-2.512610676807412347e+00
3.918122777836401838e+00
6.013572172076806055e+01
-6.942989677905700319e+00
-2.038407117833335747e+01
-2.387887132585217387e+01
-2.833924399822711848e+01
-1.904651112496037513e+01
1.506326928566369361e+01
1.508441421060047105e+01
1.238525408433947916e+01
4.094350019268767937e+01
1.850411669046593488e+00
1.162447563174841036e+01
-3.540718704237241354e+01
1.484410093965522037e+00
-1.037422657088114875e+01
-1.486731065511196448e+01
-1.882006369754606112e+00
1.875022871905744637e+01
2.128397375391307378e+01
-3.663216117024710172e-01
6.812773293143777664e+00
1.536854386996195565e+01
1.946265046145022382e+01
-1.365431855513210735e+01
-7.061870200709165601e+00
3.882980374871038975e-01
-1.287177064917057123e+01
-2.820847773519886914e+00
-1.994376783100969419e+01
4.422967879368249555e+01
3.585783364434325904e+01
-9.097477613745525105e+00
8.902263783827550014e+00
-2.576489681066782111e+00
-1.667412646410109289e+01
1.985795562776600320e+01
-5.337030731873824152e+00
2.228419202998310311e+01
-2.921643481410442433e+01
1.004102502518429674e+01
-5.563550896547951652e+00
-3.008157256033729254e+01
-1.366301140574694273e+01
1.493415610806503935e+01
-5.090428903485387480e+01
2.398407055493061080e+01
2.601201060000695975e+01
-5.562188851102678910e+00
-3.350680478546621544e+00
-1.791974165291435384e+00
1.392334977029986476e+01
-1.825848197382055105e+01
2.015591563604709791e+01
1.699244957541631607e+01
-5.492334425373036311e+01
-1.976368828062128102e+01
1.326907224965469823e+01
-4.724850923893768595e+00
2.418960697144015626e+01
-3.554712635612767713e+01
-3.006567047914472823e+00
-2.338826731211275245e+01
-7.177137372275186067e+01
4.294206215284923189e+01
-3.255543744918787752e+01
-3.414569700589188983e+01
4.981648134185711285e+00
7.235887521036710268e+01
6.515219628654307371e-01
-1.565615890545331013e+01
-1.743863668653546029e+00
-3.063149855253257670e+00
-4.783916664442783429e+01
-3.418681541666047252e+01
4.573286278546764549e+01
-5.714556429286943739e+00
-2.106686964699736109e+01
2.757904915828373760e+01
-2.003059026971174461e+01
2.058415642283614488e+01
2.975649214556952415e+01
-3.188910193724487385e+01
-1.563717004998579796e+01
-1.938961254289480962e+01
-1.000296580292439330e+01
-9.822637214419579266e+00
-5.781061813262795113e+00
7.991448522565804069e+00
-1.905110968697881191e+01
1.584290417736691836e+01
3.235056993177667550e+01
-5.058163820140887168e+00
-1.136921619760227031e+01
8.142451225513042345e+00
3.127416000364178217e+01
2.911343824351173737e+01
5.441752076442725183e+00
-3.074387602784355522e+00
-4.833050642226069726e+00
-2.832870027074275043e+01
2.146436895003884615e+01
-1.245223215373746939e+01
1.107425372686702758e+01
-7.839853922451027302e+00
1.510484202448844826e+01
1.019915698492595624e+01
-4.492371885653381014e+01
-1.489549163711870960e+01
-4.387086143956531714e+01
-1.988740333855810150e+01
2.944451500972888880e+00
-9.592684016447918793e+00
1.822971797107130953e+01
-1.676375251775461095e+01
2.065294276424339159e+00
5.991395414823614374e+00
3.951562312366502283e+01
2.002062352606399998e+01
-1.684105240132448600e+01
-6.838128141617829669e-01
6.753451087976060307e+00
2.141116194782528481e+01
1.839965905406018010e-01
3.046691358009735495e+01
1.254483198443300651e+01
5.055476395106768450e+01
1.075883259155546057e+00
3.657109584277236536e+01
-1.508922015989509191e+01
-2.103846630624400404e+01
2.475026408044783466e+00
5.172391192784857594e+00
1.497039925367158730e+01
-7.859037097435191299e+00
-7.638621587896729181e+00
1.447900496529185332e+01
-2.702253277315992364e+01
-3.075182024801650016e+01
4.420927382916005399e+01
-3.349089540569025303e+00
-2.182098373713382244e+01
-2.249009000677105519e+00
-7.536756415820377697e+00
2.369688782027314744e+01
1.847116859805120725e+01
-1.127734883106347752e+01
4.655184240832710429e-01
-1.475110037211837266e+01
-1.967779065107896486e+01
-1.491482955950766609e+01
-5.393020590366423050e+01
1.576874429100882935e-02
-3.592819271381978297e+01
-3.106943523091253923e+01
-2.081928957499042099e+01
1.068412945215720811e+01
-2.035846951962784601e+01
1.286872127917828834e+01
-3.415836565301076178e+01
5.775032848419243692e-01
-2.309884158425817446e+01
4.788438536778542698e+00
6.263583493072090391e+00
1.859002537210290029e+01
-1.171267428065817739e+01
-8.882920841515328902e+00
1.647535179017947726e+01
3.305395120019046828e+01
1.830934960551948620e+01
4.656541497146235997e+00
-4.001567524488807948e+01
-9.489982813373927684e+00
-1.765344508046393912e+01
-3.370571315996187423e+01
2.257796362377689547e+01
-2.025381031060129544e+01
-1.827512838204299328e+00
-1.562499624541212029e+01
-5.563113476002416746e+01
2.882977402791543398e+01
-9.807313040074916444e+00
2.261818146207332347e+01
-3.982529480531370325e+01
3.759719644973202435e+01
2.040951885637639407e+00
-1.605702194819458484e+01
4.816951274495011148e+00
-1.165105255432624176e+01
-3.657909275317044262e+01
8.057002402500671678e+00
1.984794499856219829e+01
9.868075025763118902e-01
-2.019555882620716147e+01
-9.116589937996593562e+00
9.762401572184217002e+00
1.780276858857590128e+01
3.515333388173440454e+01
1.323216566680167716e+01
-1.295144075937696471e+01
5.321006465752860493e+01
1.339211371164341813e+01
2.365988338323798956e+01
-1.020147070388139809e+01
1.559109928136562928e+01
1.091654332839247843e+01
-3.458854622528062350e+01
-1.151406793381622151e+01
-2.280637264293221733e+01
-2.057066543357494481e+01
-6.728206913756366703e+00
-7.752057905672131710e+00
-2.350855562596697723e+01
-6.181018882197874120e+01
-1.610517318694531497e+01
6.973088796548665869e+00
5.057429577265224907e+00
7.728212513202436185e+00
2.590168955606961276e+01
7.825023051690504161e+00
1.812573045398605132e+01
-2.319583069313426904e+01
2.551833331333915567e+01
-2.535557221412776130e+01
-4.015847845780683656e+01
1.221821526875794461e+01
-2.407217355764788635e+01
-2.189780862891629454e+01
-8.844425944402576079e+01
-6.457623016504818736e+00
4.549479025121746645e+01
2.366332954663675281e+01
-5.739135637567869708e+00
-7.682544391935437034e+00
2.103682213241901877e+01
3.709530434429015600e+01
-2.322275231710194987e+01
-5.987591845227257181e+00
-1.897588573197444362e+01
-1.961867487673322330e+01
-1.713793093854421556e+01
7.062688643457388338e+00
3.949907139606821715e+01
-3.635676890075734491e+01
-3.127038152425612338e+01
1.822928241164362362e+00
-5.939706312717078163e+00
-7.421820750142074985e+00
-5.034103929162739632e+01
3.507306330529769411e+01
1.340644936955857247e+01
5.235373889462486829e+00
2.701534482408857230e+01
-1.829605883762506480e+01
1.726309703062067058e+01
1.550045174295578931e+01
2.016932573180554300e+00
-3.383967737005367127e+00
4.934833852462508830e+00
-8.797050831000632343e+00
2.829957998358469240e+01
-2.236441097001520006e+01
2.402375214533330450e+01
5.362385091401051795e+00
8.039187245523208958e+00
1.272283407100013619e+01
-4.852286677537503579e+01
4.709676176345169551e+00
-3.736654911545281266e+01
-2.732636155999295724e+01
-2.733146021671767301e+01
-2.784790823114684599e+01
3.112423191653306276e-01
9.344746419590933328e+00
2.779497819632126721e+01
4.833909731872225279e+00
8.014069035951337128e+00
-3.919227940319365189e+01
-1.423044445859295593e+01
1.897563934441551226e+01
-1.113055440734314061e+00
-1.932934640959160788e-02
-4.924265640419321244e+00
1.956261597989259826e+01
-5.093397781548662806e+01
6.283317648780254672e+00
1.133519097449226365e+01
2.412448101029067260e+01
2.062359794134379598e+01
-3.157894163025841294e+01
6.256059175160004315e+00
3.246349471401259734e+00
2.612091836718889226e+00
3.306425264784763840e+00
-1.050418041140608238e+01
-1.965413815722469337e+01
1.054323624039446372e+01
3.357486367877589828e+01
-2.815801498056202945e+00
6.422470500822896611e+00
9.473188047384610400e+00
-1.428995758619987555e+01
-1.514355886478210778e+01
-6.653547969476483104e+01
-2.056679560425462228e+01
-3.040677696156147647e+01
-3.736755644334067483e+00
-3.762766502204112840e+01
4.188757867464875062e+01
-1.745878311374485747e+01
-2.991690021619521644e+01
-8.630512461028263260e+01
3.704295168785688475e+01
7.431599507511180036e+00
3.382005102420961862e+00
-3.495105173638793872e+01
4.910095722027108422e+00
-1.112230235811648527e+01
-1.827945248712603998e+01
6.535272211197398207e+00
1.882076194679456194e+01
4.077749505913061512e+00
-1.181924078349197771e+01
-1.535472583790351564e-01
1.524679302854991647e+00
8.814425811943863209e+00
-3.540029310201634161e+01
4.022445828302681292e+01
-2.391288187862409131e+01
-1.668427999317271215e+01
-2.724811844743379652e+01
-5.793975677406784541e+01
5.018218501500314233e+00
-2.918369477711817694e+01
-1.063501432282454573e+01
1.820558843455000897e+01
-1.439253118651728869e+01
-1.897774410803492628e+00
-6.538354716068312200e+00
-1.121353423802929683e+01
1.769148998434236120e+00
3.023886344834012618e+01
-2.803819173755792349e+01
5.541183407549476669e+01
-1.259183914902914125e+01
1.864683064840150450e+01
-7.621449738825866405e+00
6.347091954744254139e+00
-6.088756205703248270e+00
2.445500506909445448e+01
3.416440764723554935e+01
1.066317256073682529e+01
2.566329344068514473e+01
-1.985600044270613296e+01
-3.682379069223401302e+00
-1.243262573362380863e+01
3.826922321503272428e+01
3.211564386724580800e+01
2.427983140090952929e+01
-8.525148271997466054e+00
-1.550108700839422227e+01
1.386877967987869908e+01
-1.566559672709595930e+01
-6.934162912923284239e+00
-3.217226757599320308e+00
-1.641924046641812396e+01
2.768482478105251232e+01
-4.588324578168467838e+00
2.115032690230819412e+01
1.089054271759848902e+01
9.633782471964366323e+00
-1.843764775485465179e+01
1.478447889517350688e+01
-1.021698689592435016e+01
-6.574571409824216062e+00
-1.741680220288117198e+00
-2.681870255447404361e+01
4.156947734217197876e+01
-1.482936645795864550e+01
-1.788019839540169187e+00
1.237528368987551630e+01
1.071212638373569348e+01
4.128632747955138882e+01
-9.541548936805497760e+00
4.198239283818374190e+01
3.763834405739498834e+01
-5.217472113020335200e+01
2.837831889321435597e+00
-1.036739252652105847e+01
8.731228133284403725e+00
3.329805384255479339e+00
1.103951023780984997e+01
3.471541790721958165e+01
5.435176867340619111e+01
-4.184047027378554162e+01
4.215085167851918868e+01
-5.450453578217246786e+01
-4.520920967908206478e+01
-8.020372748865639778e+00
2.610393198872884568e-02
4.051898443799714755e+01
1.996989105220842475e+01
-6.743780347920989016e+00
-4.969182159349556116e+01
3.930509821112453750e+01
-2.324659621622822669e+01
9.582812139525458406e-01
-3.978459532513625163e+00
7.009198455224785107e+01
-1.411076469393631783e+01
-5.946964880433642975e+01
1.742034506261694560e+01
-9.057367080932621661e+01
6.402355379925992906e+00
-2.031024005820505351e+01
-1.025478157930152534e+01
-1.512013135636414063e+01
-3.255974799767150785e+01
2.133439538409975000e+01
-2.116748737965707505e+01
-6.513018158922022849e+00
-4.393481845903176009e+01
-2.429981400328102836e+00
-2.909636382844190194e+01
-4.157845978969027101e+01
-6.330427509407564912e+01
5.124331983180184125e+00
-1.981550239859632256e+01
3.451299609309501193e+00
-7.853148708361970876e+00
-4.525532830156481623e+01
-3.618691452884958437e+01
-3.037346871211218513e+01
-3.156563719974766968e+01
2.967943868503953553e+01
2.846623253114444196e+00
-2.775290915726336038e+01
-1.210675590518945910e+01
-1.367710213488599891e+01
2.240502575561462351e+01
-1.730457048591450331e+01
-4.292600756728653266e+00
-1.562341182855655575e+01
-1.990158948929739324e+01
-2.252666552918022091e+01
2.057288643592254118e+01
-8.689015792518659964e+00
-5.157625840649734528e+01
4.295386184867575707e+01
2.453707894128457667e+01
1.498134270247419408e+00
-4.350966770551406171e+01
-4.170866422484215263e+01
3.819940821085197058e+00
4.096335084894633383e-01
-1.758478364191466881e+01
-2.550486178365978773e+01
1.749961990084432273e+01
-3.080727515376622705e+00
1.464534374522156668e+01
2.733501801542752219e+01
1.769608794595856693e+01
1.780388315608330174e+01
1.332084192029101288e+01
-1.162791342572649000e+01
-8.295644147468905771e+00
-1.210978716853721693e+01
-2.046452196703916115e+01
-2.383462820042126395e+01
-3.550555117198277344e+01
-2.077007061363253371e+01
-5.702070273666166145e+00
-4.288663946832230067e+01
-7.923536298499243458e+00
2.033802704149147544e+01
-4.394761925189231988e+01
1.658928353134672307e+01
1.496558556588573197e+01
-4.010896600102779530e+01
-3.163546038853326081e+01
-9.563711331213895050e+00
9.818125901139964640e+00
-2.198356733907723992e+01
4.032542917090621870e+01
3.578908993626706092e+01
-4.313006296603981582e+01
2.498174611048148108e+01
1.941999366758460610e+01
4.888645968851449197e+00
1.212874255863664530e+01
-2.388407372530330974e+01
-7.268023564362039224e+00
4.605142323439281427e+00
1.073072921568451932e+01
2.362136258640586561e+01
-2.860553461672007458e+01
-3.315716803782834177e+00
8.376139694284077564e+00
2.992364045097616554e+00
-1.659133357714231494e+01
1.219862507554139341e+01
-1.428104078816569711e+01
-1.146412021445600260e+01
6.759454423214492635e-01
-3.399294868385101154e+01
1.665391070957426223e+00
-9.472034120454509321e+00
-7.711472997191719969e+00
4.659059930330016641e+00
-3.035119213574020591e+01
3.313105047265497660e+01
-1.409434843075618460e+01
-7.446355068895837803e+01
-4.769278851645157147e+01
2.068679379457310574e+01
-2.259711615600335222e+01
-1.048806859500831479e+01
-1.466454364331920601e+01
-1.025306021401952705e+01
-5.629467296545522004e+01
-3.571613923911343136e+00
-3.484271082137871645e+01
-1.925089721136481558e+01
1.188636502349743296e+01
4.398507416330016895e+01
1.576123331816763340e+00
-5.794994220976548149e-01
3.328696774243593381e+01
-3.096194267109822817e+01
1.788992956610398011e+01
4.276083377032364297e+00
-2.664089019946914050e+01
-1.422287027320743391e+01
1.244543050029864162e+01
3.585312325296499125e-01
6.784613911963496946e+00
5.787462699975677083e+00
-1.322573488183931545e+01
-1.817150761529842384e+01
-2.799583820312255966e+01
2.753427429688827033e+01
-3.606976211874438576e+01
-2.679356557802030636e+01
6.959215261577966771e+00
-4.864378194505877673e+01
1.258604294093242970e+01
3.586779221255295624e+01
-4.024947059179133646e+00
6.487309808769396113e+00
-1.611136912822317413e+01
-1.231709555371830334e+01
5.802087865782254994e+00
2.126184403205493112e+01
-2.172988881337046863e+01
1.514547021379314629e+01
-5.941379110830325772e+00
1.678570526202207702e+00
1.297798888342539669e+01
8.359378489170637749e+00
-7.189718862629149498e+00
1.131140328331241562e-01
1.072700663289231215e+01
1.601524593316037226e+01
-4.019637384672833491e+01
1.889608305329375071e+00
2.882167360410436530e+01
-5.169881641492679591e+01
1.699441025029447871e+01
-6.527820597256162216e+01
-6.006913521548792545e+00
-8.298742476885934138e+00
-2.960742095696900833e+00
-6.799244373269146990e+00
-1.405885040969491229e+01
-5.303719567317273231e+00
6.700927023278637762e+00
-1.490522957420828476e+01
6.741891057191381265e+00
4.901715584519095614e+01
-3.391698561872365758e+01
-1.477826043177594784e+01
2.228792983976484265e+01
1.346750060249654268e+01
2.445069495542927740e+01
1.178213248042261796e+01
1.182264003860389323e+01
-9.005973649832526462e+00
-2.743021984471670294e+01
-2.528609233634782072e+01
-1.505787476292638871e+01
2.564388981938833467e+00
-2.363753242939202437e+01
-7.824416683149390650e+00
4.075166639528404744e+00
1.328525243252596511e+01
-5.718074917193384010e+00
3.333444014465540306e+01
-3.229479710214306465e+01
-2.215275165756168008e+00
-1.710654411231821825e+00
1.536451297724929077e+01
-2.194710244630638840e+01
-1.389441979324496401e+01
1.051666657278124717e+01
2.513527962827811280e+01
4.170744616164814289e+01
1.785732256699617437e+01
2.335492891878925548e+01
-1.559964713648190227e+01
3.521018204563898735e+01
3.686760875972944973e+01
-1.459255259331030175e+00
1.910814900148113793e+01
2.105082348800527825e+01
-1.313497604286294518e+01
4.723291725422910758e+00
3.387861117084207763e+01
-1.348167327906810442e+01
-5.137124604162409014e+00
-3.361174814460708404e+01
1.328477303566330647e+01
-7.159846639999884133e+00
1.096663677617746657e+01
3.277267519546882113e+00
-2.219356973462945959e+01
2.541402781419759549e+01
2.237258808368468976e+01
-1.499992634780312528e+01
1.063869474681523286e+01
-3.405917343205447878e+01
-2.960989639479918978e+01
1.377590268420692610e+01
-3.796539670766121333e+01
-1.713767933486494499e+01
2.887181112519328963e+00
4.606642902852605914e+01
-1.419135409823383043e+01
-6.834904202098300630e+00
-1.000580822201325759e+01
6.247428618967482805e+01
7.757662160301123322e+00
-2.400159351709842781e+01
3.945539485209872055e+01
3.494433613061509902e+01
1.747435288797402109e+01
4.184892054113450399e+01
4.784707491846929628e+01
-4.180194338429792822e+00
-1.543855265918352870e+01
-1.616959306327430568e+01
1.607950483147422460e+01
2.093038447557489690e+01
-3.821738737993825907e+00
-1.286162139191301890e+01
-3.401948769070997969e+01
-1.406744262438793669e+01
-2.515743489374256114e+01
1.677308961408076016e+01
9.523034995760383481e+00
3.547425506142690210e+01
4.127725806884456006e+00
-1.313221510120365565e+01
-4.713905822902656695e+00
2.196186165617801578e+01
6.981983743208388660e+00
3.029617753575098504e+01
3.103882361294512293e+01
-6.733793283927212769e+00
-6.000811163366400081e+00
-5.587110120944646496e+01
2.817564103563969269e+01
-7.029970771193916335e-01
3.014978629831252022e+01
-1.203343781882628605e+01
-3.469020074457401392e+01
1.174305390740564192e+01
4.050119479400875377e+01
-1.454551047938205954e+01
3.676484391278546582e+01
-4.048049761779381583e+01
-1.280571137164791651e+01
-4.520471891743812876e+01
1.060855533475722723e+01
4.506798822550820205e+00
2.976298407813970925e+00
-3.456350439621866144e+01
5.036033713031787329e+01
3.010724205007699084e+01
4.923193082404509369e+00
-2.863981719270722692e+01
1.204997375977876573e+01
-1.296662147556568812e+01
-6.883542889259388176e+00
-1.330460218419739249e+01
1.018806210719677097e+01
-8.023834927546829476e+00
-1.119040288014073781e+01
1.155558713246193747e+01
1.436782192525986090e+01
-4.751439469255581116e+01
1.104856441572093217e+01
3.745753291689376852e+01
2.230545536330507161e+01
-5.804422964609806002e+00
8.505321334940276756e-01
-1.945471097235474645e+01
3.215195958032938961e+01
8.638859380589877901e+00
-2.338832870766509586e+00
-4.160507013816811650e+00
5.923279144858972245e+01
-1.738579793811965146e+00
1.351494972019929719e+01
4.135595472115241478e+01
5.325944180518157367e+01
3.443481750118471041e+01
2.247219776516411116e+01
-3.678761785841012966e+01
-2.508196667257334411e+01
1.905859072866101656e+01
3.829384312874367424e+00
1.750391149087988651e+01
8.826504606877747960e+00
3.400893216687174458e+01
-4.280573961231968383e+01
-2.697077409336645815e+01
-6.370708158323793668e+00
-4.727854706787214667e+01
1.055797219166518630e+01
2.430732377924876175e+01
3.810557752815157073e+00
-1.227430122359226061e+01
1.283758581702849710e+01
7.637252383414636370e+01
1.702171880594812592e+01
8.686058819227184813e+00
-2.594580446027680409e+01
-3.310693190905101346e+01
-8.098679384458151276e+00
1.824226761897290316e+01
-3.267934817571642725e+00
1.308215482979375821e+01
1.928235317756946188e+01
-3.152101878308857863e+01
1.437151652823308723e+01
2.445716352548379291e+01
3.113702337611795201e+01
-3.644365746912228587e+00
2.577975994878954680e+00
-5.543344227232736898e+00
-2.667505968543036943e+01
-3.827685929083625638e+01
4.381709347301598712e+01
-4.259790744562707232e+00
-3.047028018948583394e+01
3.001256293351133309e+00
-1.425938504564274467e+01
5.006273930820577789e+01
-1.287548636635415278e+01
-1.976766281220903920e+01
1.917504492714795106e+01
-9.037102533684745254e+00
2.453049468340600470e+01
7.035280090587434643e-01
5.359589106257092794e+01
2.908253449051023409e+01
2.179013431283685520e+00
-2.050749248188334661e+01
1.511482312287162699e+01
-2.969619197462652238e+01
-4.836284099742542253e+00
3.376758959186852849e+01
-1.541549072380888674e+01
-2.475315507575894003e+01
-1.336806798991477763e+01
2.759195356820515599e+01
6.969080752422875946e+00
-4.567367835136276710e+01
1.830186633672533958e+01
5.119415796129203500e+00
5.064418693039655750e+00
-2.776899378353999737e+01
1.582678208617750215e+00
1.861434634825110379e+01
2.639284872468492438e+01
3.631047397871603266e+01
1.589542546216672037e+01
2.158578439218786116e+00
-2.979932427712316212e+01
-2.578969898530689875e+01
-3.807002013594349421e+01
-7.217821633328753705e+00
1.747204043218479796e+01
-1.359494020762561206e+00
2.830149140160597199e+01
-1.801082515474411139e+01
9.071712140705983529e+00
-9.566328864192854553e+00
-1.646272118968432707e+01
3.370902639493611730e+01
3.904761151429795518e+00
3.466276119007397938e+01
2.603774090626018278e+00
1.228887787347308702e+01
-9.931832417232385524e+00
3.348593664792481661e+01
-9.143836150114893258e+00
3.459686686648257847e-01
-4.307487181579813296e+01
-5.302272318786890537e+00
3.943667694873218466e+01
3.524927923794885487e+01
1.485323462815884454e+01
-9.155258392471964157e+00
3.076457480326808991e+00
-1.155950274180568726e+01
-7.620781767128931961e+00
5.099678037762907223e+01
2.775370912461028183e+00
-1.443576439320483473e+01
-5.979845154098018867e+01
-2.623895082221844888e+01
-2.119598724502259302e+01
-3.538448133661856332e+01
-3.203712956706939963e+01
-3.818474267297423808e+01
-2.533135442163971618e+01
-1.760036943686185396e+01
-2.730550469997089635e+01
2.590964595794725511e+01
-1.152637841513654848e+01
-4.882702379982958973e+01
2.217301455743066185e+01
-1.679626053761055715e+01
-4.486667226197590708e+01
5.365526512142847082e+01
-1.437342492902662272e+01
9.498452051852325440e+00
2.214776139443932834e+01
4.930218252532739598e+00
1.474073482707379412e+01
1.789837920639072877e+00
1.122558907322055433e-01
-8.198597410259495177e+00
-4.167318237916794033e+01
6.569278378497386939e+00
-6.893950479187520841e+01
3.923077086014193071e+01
-2.356452763797796024e+01
-9.795528258870461968e+00
-1.011265119588489370e+01
8.256153747668298237e+00
-9.469515958969338953e+00
1.494615655219156025e+01
-3.058580000655716447e+01
1.982284892382531893e+01
2.385378970734089421e+01
5.810117149252306490e+00
6.332196222071303282e+00
1.195222986891171502e+01
5.030890253557544156e+00
1.530271987710230519e+01
-4.386413228343570836e+00
-3.890016871230324114e+01
5.292168402662014159e+00
-1.371561095733079583e+01
-2.983294313746085891e+00
3.061132252224842887e+01
-4.452885253160708601e+01
7.573922030319977239e-01
1.164050906843243638e+00
5.089126756171594934e+00
1.738255391199814426e+01
-6.755669828743620542e+00
4.611563926430545735e+01
2.444984011239354516e+01
-8.531476745537602824e+00
-4.203642655672155115e+00
2.090049352981935726e+00
4.272452360495816492e+01
-2.942777470155539277e+01
-5.720720131089950655e+01
1.711137402715738176e+01
-6.798153391048472827e+00
-9.268327360006921367e+00
9.178739070541851675e+00
4.221201181211210951e+01
2.465373289755882524e+01
-8.913670299852782364e+00
-2.922636355070079617e+01
-4.742269958355429083e+00
1.570527241569857857e+01
-8.497292408177173684e+00
-4.153289507769136435e+01
-3.374971430440169229e+00
-5.308370479851953405e+01
-2.827354817788489072e+01
4.572120044729484789e+01
-2.903258901329604669e+01
-3.804420749078471431e+01
-2.872316604979795329e+01
-2.059914813720959614e+01
2.017083513316237031e+01
4.701011737922259215e+01
-3.691415728719420031e+00
1.444963972813570763e+01
-1.186075562694298924e+01
-3.883661936467819231e+01
2.621920430346821718e+01
-2.634448722042588997e+01
1.459354173711105318e+01
1.786718594380489833e+01
-5.905658865007097802e+00
2.109530003209118831e+01
2.304995438269929764e+01
6.347180100356106891e+01
-6.663439632083907327e+00
-2.896861172023356801e+01
-3.520191340927470947e+01
-9.595134291164896467e+00
-1.872292420784757283e+01
5.295330825915146988e+01
-2.455712693584473527e+01
6.476660678007810645e+00
2.759858598751208092e+00
-1.235579432936447120e+01
-4.755474084317165762e+01
-3.506877985506633877e+00
5.524082842680167005e+01
9.707886858892862847e+00
4.204899554554600627e+00
-3.239505432802901908e+01
-3.227444603067931439e+01
-7.878262699355431664e+00
2.580435108461671234e+01
-1.422276435609060741e+01
5.768266917345258094e+01
-2.714075481355874331e+01
1.052214736408137696e+01
-7.714630818474063290e+00
-3.641433947131017135e+01
2.409230794935581343e+00
-2.876682879625798250e+01
-4.146225154245007616e+01
6.204707008310265337e+00
1.078503541316592873e+00
2.932933389020351456e+01
1.322533007276074102e+01
-1.884429544599575124e+01
1.205095018885987201e+01
-4.906600006410292991e+01
-2.687907974252027543e+01
5.004778633172506375e+01
4.652898930182921333e+00
-5.986721101174339310e+00
-1.671743943757493867e+01
-2.451967971922272227e+00
-5.563806550237302417e+00
4.991659416672308680e+01
2.334904014549090334e+01
-6.659624875959536894e+00
-1.993948208341805639e+00
-2.207447127381207608e+01
-8.806360025639889955e+00
-3.536533221212403078e+01
2.768256023073813310e+01
3.914659455110935937e+00
5.811406341668885034e+00
1.006401446758725626e+01
-4.475622207640245875e+00
-1.153170081691374449e+01
3.039185715592364723e+00
-6.071778339777439726e+01
-8.707289433326536710e+00
-5.751943556683386305e+00
-4.357278838774320207e+00
2.705495735162195103e+01
3.647831805308855024e+01
9.733152053214212174e+00
-5.342896956054890722e+01
3.492617495220736146e+01
-1.200126044729705654e+01
-2.100933015032705953e+01
-4.891011900241340271e+01
-1.688410923372330785e+01
3.485335642746353813e+01
1.708763867357470190e+01
5.583046129566753280e+00
1.888005141755215277e+01
-3.276330665111248663e+01
-2.610102211991750210e+01
3.162105926308709059e+01
2.182014079222739156e+01
2.696535088049188289e+01
2.755268989168285998e+00
4.713223993894672503e+00
3.060903391505806326e+01
5.414112876084007553e+01
-1.173540286873438276e+01
2.156973516697223658e+01
-1.449789840481366809e+01
-2.456833956034002142e+01
-1.942178523366649756e+01
-1.952764782740700866e+01
-8.148894549824518663e+00
-2.669830084511173141e+01
-1.099699555674797580e+01
-7.613810970845193538e+01
1.903727531298832787e+01
1.241980813062690459e+01
-2.666197341452594571e+00
-2.176223454735327323e+01
-1.036472501151061465e+01
-3.080448527408768200e+01
5.506239810344993657e+00
4.518569957670382564e+01
-1.241747309576601310e+01
-9.450625600571427753e+00
1.177159540188739584e+01
-2.863449635706260921e+01
4.744800660379503654e+01
8.233121197768902277e+00
7.871998007428260280e+00
2.773494433915632840e+01
-1.364265977221919002e+00
3.138474597029960478e+01
1.058873860838762937e+01
-2.222151217590266015e+00
4.602381846874635585e+00
-3.499899680432065452e+00
3.712435723834914825e+01
4.798796757436775806e+00
1.014886929610426591e+01
-6.497050956766514673e+00
7.867442777977430524e+00
-5.169073003384914955e+01
-1.967535917347981922e+01
-2.732904531169111806e+01
2.655325885725403623e+01
-1.790904908491273773e+01
-3.364549809558354809e+01
3.238126619983114551e+01
-6.816594506839749101e+00
2.269337300386814604e+01
-5.041823199036230108e+01
1.038436072014520839e+01
2.919032378271893435e+00
3.456931043177689844e+00
-6.535624834510485925e+00
-4.069619276614730552e+00
2.839971235622509838e+01
1.010289018003561523e+00
-2.841740620634263337e+01
-1.047600505747995214e+01
1.232764669287905690e+01
-6.434824584326642594e+01
-4.922729477893867767e+01
7.383215714147297604e-01
7.852964941171926228e+00
-2.626997904739944545e+01
-1.064258130016668247e+00
5.884404777144970922e+01
1.564215302032289401e+01
-3.011157021624734398e+01
5.231509719682705395e+00
-5.195177277790890003e+00
6.970194061359237025e+00
-1.989312851104131141e+01
1.229027638184337690e+01
1.472142938048500582e+01
-3.871329543981630650e+00
6.235196998660568113e+01
-4.437739283273202773e+00
-1.762349688001705772e+01
1.326198087711327389e+01
2.398993364773343728e+01
-1.884399823806691643e+01
-1.024629943245408015e+00
5.464701025952282976e+01
-1.580660298373118167e+00
3.281980665414673126e+01
8.141788059122461618e+00
-3.913307825995744338e+00
-1.271418307693147653e+01
2.914831497194579413e+01
-3.117079389482810114e+01
-5.800490170769307952e-01
-1.014762714669510046e+01
-2.214830456756988752e+01
8.391234515072172329e+00
1.481635625936347722e+01
2.425557369188538814e+00
-2.051918192649395678e-01
-2.221258373638519856e+01
9.065415572933332555e+00
-1.840426409585475653e+00
-1.265717079656933208e+01
-1.124923853612947511e+01
9.219523086520382549e+00
-2.053392352980552005e+00
-2.108856261183288439e+01
-6.080654986546394980e+01
5.856856483522975054e+00
1.076252876551588145e+01
-2.704340081098908399e+01
-1.333428369236179378e+01
4.613165927899954966e+01
6.249351666534465721e+00
2.198435819183924878e+01
4.816475399542994751e+00
2.221048081666673113e+01
3.188251998709176860e+00
-2.172291340377599056e+01
-6.054318881460261537e+00
3.047015557070835712e+00
1.755531369785140328e+01
4.208258165885183644e+01
2.748088332700746150e+01
1.674569103643307244e+00
9.515807725925157001e+00
3.380319793983639443e+01
1.474349739133892356e+01
-3.870219059806581186e+01
-1.538993293788269057e+01
6.221467292766305945e+00
4.761575242588207857e+00
1.377559543309301660e+01
-2.891650571480766985e+01
3.956289934975217193e+00
2.412228083187270045e+01
2.671906584384002770e+01
-2.400554433583423020e+01
-1.307543330585758667e-02
-1.237305228989271200e+00
-9.477714702288352555e+00
-1.589602418093703307e+01
-8.656134250636853267e+00
-4.899466829720353189e+00
5.636547840971644519e+00
2.361606868356544453e+01
-1.725725215921127642e+01
4.518621434817163163e+01
1.830221723928383426e+01
1.494879481393408582e+01
1.975190892217659666e+01
1.513988354845153239e+01
2.029530784112755271e+01
3.055448459025113550e+01
-2.540494131895115260e+01
3.477667741533456081e+01
-6.369275022281766496e+01
1.768283278788964807e+01
-5.971669542199524017e+01
4.662854966500964338e+01
4.204747639057795539e+01
-5.268704211745074417e+00
-2.690213826624949434e+01
-2.371391448974887339e+01
-3.073640956586092443e+01
-3.538284910082370516e+01
3.158860309475980443e+01
2.349742999755108031e+01
1.335305723008966083e+01
1.583382022732831729e+01
2.496444671830261086e+01
-2.188619046631526999e+01
-9.923375006454364211e+00
3.080807781868597317e+01
-7.281406870159955247e+00
2.983057220953664057e+01
4.160493219032798606e+01
-3.226881101927638440e+00
-4.089792890733860986e+01
2.763576697118367065e+00
-1.462570843951382926e+00
-5.695745698379653277e+00
5.738115303216773100e-02
-3.642253686076929853e+01
-7.059846287276613452e+00
4.917508544332546805e+00
7.411249250328523885e+00
2.728808600936397966e+01
-2.385779064634981239e+01
3.114024998743826700e+01
-2.228679316487001927e+01
1.430554772018930976e+01
2.254728489903349953e+01
