---------------------
  #    meV     cm^-1
---------------------
  0    6.4      51.8
  1   12.1      97.9
  2   23.0     185.7
  3   27.8     223.8
  4   31.5     254.0
  5   34.0     274.5
  6   47.7     384.6
  7   61.8     498.9
  8   77.0     621.1
  9  105.4     850.1
 10  110.4     890.4
 11  126.9    1023.6
 12  143.5    1157.7
 13  146.3    1180.2
 14  159.8    1289.0
 15  172.6    1392.4
 16  176.7    1425.0
 17  181.3    1462.3
 18  183.4    1479.3
 19  184.9    1491.3
 20  202.8    1635.6
 21  360.3    2906.0
 22  370.9    2991.8
 23  381.5    3076.8
 24  385.6    3110.3
 25  397.9    3209.0
 26  426.2    3437.8
---------------------
Zero-point energy: 2.269 eV
