---------------------
  #    meV     cm^-1
---------------------
  0    6.3      51.2
  1   16.9     136.6
  2   19.3     155.7
  3   22.1     178.3
  4   23.8     191.8
  5   25.8     208.4
  6   30.0     242.0
  7   37.3     301.1
  8   42.5     342.4
  9   43.9     354.1
 10   68.1     549.6
 11   78.6     633.7
 12   82.2     663.2
 13   90.6     730.9
 14   96.6     779.5
 15   98.5     794.1
 16  137.2    1106.8
 17  153.0    1234.4
 18  171.7    1384.9
 19  177.6    1432.6
 20  190.2    1534.4
 21  197.9    1596.3
 22  376.2    3034.0
 23  397.1    3202.5
 24  413.5    3335.4
 25  430.3    3470.4
 26  472.8    3813.3
---------------------
Zero-point energy: 1.950 eV
